------- AERODYN15 BLADE DEFINITION INPUT FILE -------------------------------------
Generated with OpenFAST_IO
======  Blade Properties =================================================================
60          NumBlNds    - Number of blade nodes used in the analysis (-)
    BlSpn        BlCrvAC        BlSwpAC        BlCrvAng       BlTwist        BlChord          BlAFID       BlCb        BlCenBn      BlCenBt
     (m)           (m)            (m)            (deg)         (deg)           (m)              (-)        (-)         (m)             (m)
 0.000000000000000e+00  0.000000000000000e+00  0.000000000000000e+00  5.594465527603343e-03  1.200000000000000e+01  5.800000000000002e+00        1  0.000000000000000e+00  0.000000000000000e+00  0.000000000000000e+00
 2.341296500942128e+00  2.286085058082730e-04  1.079275884464993e-03 -1.690163935201019e+00  1.199783786804610e+01  5.800018237872075e+00        2  0.000000000000000e+00  0.000000000000000e+00  0.000000000000000e+00
 4.682593001884256e+00 -1.381114299399764e-01 -6.501627221189049e-01 -3.564759278992193e+00  1.199183500055248e+01  5.927654641662842e+00        3  0.000000000000000e+00  0.000000000000000e+00  0.000000000000000e+00
 7.023889502826385e+00 -2.909193600104659e-01 -1.370482379667984e+00 -1.658605653246882e+00  1.198271669007121e+01  6.217411899455342e+00        4  0.000000000000000e+00  0.000000000000000e+00  0.000000000000000e+00
 9.365186003768514e+00 -2.736448080010460e-01 -1.291240031343704e+00  4.625355670398180e-01  1.195886489512868e+01  6.476631684195199e+00        5  0.000000000000000e+00  0.000000000000000e+00  0.000000000000000e+00
 1.170648250471064e+01 -2.531182810643260e-01 -1.198786143634020e+00  5.084196244175518e-01  1.190618714772313e+01  6.702469138956178e+00        6  0.000000000000000e+00  0.000000000000000e+00  0.000000000000000e+00
 1.404777900565277e+01 -2.320939127627002e-01 -1.104375987844104e+00  5.083030881150741e-01  1.183108504616734e+01  6.884925865588792e+00        7  0.000000000000000e+00  0.000000000000000e+00  0.000000000000000e+00
 1.638907550659489e+01 -2.115769095745017e-01 -1.013572503286607e+00  4.965385046424329e-01  1.171534798929541e+01  7.024465668781994e+00        8  0.000000000000000e+00  0.000000000000000e+00  0.000000000000000e+00
 1.873037200753702e+01 -1.915139844828088e-01 -9.286724386001642e-01  4.757783797374875e-01  1.151245990154312e+01  7.122946562307388e+00        9  0.000000000000000e+00  0.000000000000000e+00  0.000000000000000e+00
 2.107166850847915e+01 -1.726935759912492e-01 -8.508807127450768e-01  4.606996954981591e-01  1.122706317161253e+01  7.187516839616658e+00       10  0.000000000000000e+00  0.000000000000000e+00  0.000000000000000e+00
 2.341296500942128e+01 -1.538629403262908e-01 -7.795445621306673e-01  4.774025301476172e-01  1.075577823666176e+01  7.212968731592758e+00       11  0.000000000000000e+00  0.000000000000000e+00  0.000000000000000e+00
 2.575426151036340e+01 -1.336775106028623e-01 -7.164106411131953e-01  4.603241425419913e-01  9.914737769786580e+00  7.217826582327619e+00       12  0.000000000000000e+00  0.000000000000000e+00  0.000000000000000e+00
 2.809555801130555e+01 -1.162425878691889e-01 -6.590093898317378e-01  3.608509318245587e-01  8.989769128650652e+00  7.194238633053638e+00       13  0.000000000000000e+00  0.000000000000000e+00  0.000000000000000e+00
 3.043685451224767e+01 -1.041865621953718e-01 -6.070025070298991e-01  2.510142750042320e-01  8.220368996498859e+00  7.150418984742523e+00       14  0.000000000000000e+00  0.000000000000000e+00  0.000000000000000e+00
 3.277815101318978e+01 -9.572809382576007e-02 -5.597072579486017e-01  1.604554820208031e-01  7.485491054363830e+00  7.083203925744621e+00       15  0.000000000000000e+00  0.000000000000000e+00  0.000000000000000e+00
 3.511944751413193e+01 -9.107308784324711e-02 -5.169864829846987e-01  6.446260816707788e-02  6.818713042152153e+00  6.999236559154220e+00       16  0.000000000000000e+00  0.000000000000000e+00  0.000000000000000e+00
 3.746074401507405e+01 -9.045978092784558e-02 -4.783357500660944e-01 -2.947006116463912e-02  6.276826110947493e+00  6.900759387863463e+00       17  0.000000000000000e+00  0.000000000000000e+00  0.000000000000000e+00
 3.980204051601617e+01 -9.348157756557504e-02 -4.432805793034589e-01 -1.132871822320551e-01  5.827009833493020e+00  6.788440233066710e+00       18  0.000000000000000e+00  0.000000000000000e+00  0.000000000000000e+00
 4.214333701695830e+01 -9.971835853311938e-02 -4.115086916608023e-01 -1.890955411267710e-01  5.422862649223520e+00  6.664909885807062e+00       19  0.000000000000000e+00  0.000000000000000e+00  0.000000000000000e+00
 4.448463351790042e+01 -1.089356975314300e-01 -3.826855086515308e-01 -2.658490417320591e-01  5.028116936822784e+00  6.531908303932059e+00       20  0.000000000000000e+00  0.000000000000000e+00  0.000000000000000e+00
 4.682593001884258e+01 -1.214452362572676e-01 -3.564294831515200e-01 -3.470755280523322e-01  4.652334700186758e+00  6.390303181377741e+00       21  0.000000000000000e+00  0.000000000000000e+00  0.000000000000000e+00
 4.916722651978468e+01 -1.373008496102357e-01 -3.325104020848717e-01 -4.305786590762440e-01  4.290063525216969e+00  6.242123350167069e+00       22  0.000000000000000e+00  0.000000000000000e+00  0.000000000000000e+00
 5.150852302072682e+01 -1.566346630365529e-01 -3.106752136342418e-01 -5.200021815366469e-01  3.926864257124532e+00  6.088382438973530e+00       23  0.000000000000000e+00  0.000000000000000e+00  0.000000000000000e+00
 5.384981952166895e+01 -1.797983104955461e-01 -2.907234374997603e-01 -6.153883505578779e-01  3.565516959427127e+00  5.930027134386718e+00       24  0.000000000000000e+00  0.000000000000000e+00  0.000000000000000e+00
 5.619111602261108e+01 -2.069273338930565e-01 -2.725042221044734e-01 -7.165176413942086e-01  3.205694424611279e+00  5.768519672185864e+00       25  0.000000000000000e+00  0.000000000000000e+00  0.000000000000000e+00
 5.853241252355320e+01 -2.383553817205412e-01 -2.558848117706710e-01 -8.258200597712978e-01  2.842009841259705e+00  5.604592110910278e+00       26  0.000000000000000e+00  0.000000000000000e+00  0.000000000000000e+00
 6.087370902449531e+01 -2.744165168234166e-01 -2.407554670282192e-01 -9.419929669686538e-01  2.474261495596773e+00  5.439186657601289e+00       27  0.000000000000000e+00  0.000000000000000e+00  0.000000000000000e+00
 6.321500552543746e+01 -3.153378575521414e-01 -2.270294184257055e-01 -1.066270247347804e+00  2.103450386110475e+00  5.273299026202370e+00       28  0.000000000000000e+00  0.000000000000000e+00  0.000000000000000e+00
 6.555630202637960e+01 -3.615541986427776e-01 -2.146407555685700e-01 -1.199717613171014e+00  1.728757436150133e+00  5.107511264837653e+00       29  0.000000000000000e+00  0.000000000000000e+00  0.000000000000000e+00
 6.789759852732169e+01 -4.133796128668930e-01 -2.035218937603095e-01 -1.341625489722192e+00  1.349387039958432e+00  4.942589082853666e+00       30  0.000000000000000e+00  0.000000000000000e+00  0.000000000000000e+00
 7.023889502826383e+01 -4.711907565777466e-01 -1.936106166961329e-01 -1.493048928231656e+00  9.661090600669845e-01  4.779294603708007e+00       31  0.000000000000000e+00  0.000000000000000e+00  0.000000000000000e+00
 7.258019152920599e+01 -5.353877136762260e-01 -1.848747405535584e-01 -1.653849223687071e+00  5.803486554227976e-01  4.618024940816452e+00       32  0.000000000000000e+00  0.000000000000000e+00  0.000000000000000e+00
 7.492148803014807e+01 -6.063355699092130e-01 -1.772536372470123e-01 -1.824334629026514e+00  1.917773490221631e-01  4.459489719617356e+00       33  0.000000000000000e+00  0.000000000000000e+00  0.000000000000000e+00
 7.726278453109019e+01 -6.844593077311590e-01 -1.708328637544993e-01 -2.006803204117321e+00 -1.995306125892038e-01  4.304121108230833e+00       34  0.000000000000000e+00  0.000000000000000e+00  0.000000000000000e+00
 7.960408103203233e+01 -7.703113722688272e-01 -1.651918822140085e-01 -2.198572018684267e+00 -5.908937530495818e-01  4.152261586525515e+00       35  0.000000000000000e+00  0.000000000000000e+00  0.000000000000000e+00
 8.194537753297449e+01 -8.640971757357415e-01 -1.606799011703177e-01 -2.401890127107338e+00 -9.818089952500083e-01  4.004495253724682e+00       36  0.000000000000000e+00  0.000000000000000e+00  0.000000000000000e+00
 8.428667403391660e+01 -9.665523535497162e-01 -1.570854083326922e-01 -2.617456264397176e+00 -1.373041132680195e+00  3.860915258283714e+00       37  0.000000000000000e+00  0.000000000000000e+00  0.000000000000000e+00
 8.662797053485872e+01 -1.077938750264791e+00 -1.543623953962989e-01 -2.843245477248130e+00 -1.761192015889166e+00  3.721992102503895e+00       38  0.000000000000000e+00  0.000000000000000e+00  0.000000000000000e+00
 8.896926703580084e+01 -1.198825967417637e+00 -1.524460574499691e-01 -3.083287566181263e+00 -2.144917390774081e+00  3.587865561470231e+00       39  0.000000000000000e+00  0.000000000000000e+00  0.000000000000000e+00
 9.131056353674299e+01 -1.329803957948376e+00 -1.512903585669111e-01 -3.334660615165295e+00 -2.525848245720410e+00  3.458668232644520e+00       40  0.000000000000000e+00  0.000000000000000e+00  0.000000000000000e+00
 9.365186003768511e+01 -1.471202827093337e+00 -1.508304207592006e-01 -3.599567928668426e+00 -2.900099308097183e+00  3.334611546622655e+00       41  0.000000000000000e+00  0.000000000000000e+00  0.000000000000000e+00
 9.599315653862725e+01 -1.623791163203176e+00 -1.509811203308088e-01 -3.878901745685868e+00 -3.265421028340155e+00  3.215608304266140e+00       42  0.000000000000000e+00  0.000000000000000e+00  0.000000000000000e+00
 9.833445303956940e+01 -1.787970432633178e+00 -1.516811394619907e-01 -4.170424915551942e+00 -3.624435974901921e+00  3.101728084949360e+00       43  0.000000000000000e+00  0.000000000000000e+00  0.000000000000000e+00
 1.006757495405115e+02 -1.964325205036244e+00 -1.528396085571050e-01 -4.478706708698178e+00 -3.973079708678071e+00  2.992803433494833e+00       44  0.000000000000000e+00  0.000000000000000e+00  0.000000000000000e+00
 1.030170460414536e+02 -2.153627554744935e+00 -1.543580021613700e-01 -4.800111900763492e+00 -4.308254463617197e+00  2.888673708905048e+00       45  0.000000000000000e+00  0.000000000000000e+00  0.000000000000000e+00
 1.053583425423958e+02 -2.356163601838650e+00 -1.561347427052591e-01 -5.137106576504658e+00 -4.633741340012219e+00  2.789035065043718e+00       46  0.000000000000000e+00  0.000000000000000e+00  0.000000000000000e+00
 1.076996390433379e+02 -2.572903870563943e+00 -1.580352054419263e-01 -5.491377640149836e+00 -4.945350763813684e+00  2.693506723073205e+00       47  0.000000000000000e+00  0.000000000000000e+00  0.000000000000000e+00
 1.100409355442800e+02 -2.804268814244087e+00 -1.599218930354378e-01 -5.859290397853308e+00 -5.239328965208353e+00  2.601607268915989e+00       48  0.000000000000000e+00  0.000000000000000e+00  0.000000000000000e+00
 1.123822320452222e+02 -3.050929926762735e+00 -1.615914948848190e-01 -6.246739301609689e+00 -5.522834229373866e+00  2.512527823135716e+00       49  0.000000000000000e+00  0.000000000000000e+00  0.000000000000000e+00
 1.147235285461643e+02 -3.313783177633856e+00 -1.628579167259937e-01 -6.650626336620548e+00 -5.787255124054823e+00  2.425757975357080e+00       50  0.000000000000000e+00  0.000000000000000e+00  0.000000000000000e+00
 1.170648250471064e+02 -3.593243714031193e+00 -1.634237643264619e-01 -7.071080741325110e+00 -6.026014997904923e+00  2.339831898896962e+00       51  0.000000000000000e+00  0.000000000000000e+00  0.000000000000000e+00
 1.194061215480485e+02 -3.890213162709126e+00 -1.629637544792669e-01 -7.512730644417764e+00 -6.284135513216768e+00  2.253852188960247e+00       52  0.000000000000000e+00  0.000000000000000e+00  0.000000000000000e+00
 1.217474180489906e+02 -4.205476265254970e+00 -1.610935666697556e-01 -7.977185768823913e+00 -6.493879575809051e+00  2.166141427612371e+00       53  0.000000000000000e+00  0.000000000000000e+00  0.000000000000000e+00
 1.240887145499328e+02 -4.540057714151114e+00 -1.573535723138046e-01 -8.464853813963959e+00 -6.558577802899054e+00  2.074422843013524e+00       54  0.000000000000000e+00  0.000000000000000e+00  0.000000000000000e+00
 1.264300110508749e+02 -4.894766619417799e+00 -1.509563818966689e-01 -8.965400527231042e+00 -6.559462769034082e+00  1.976704694601079e+00       55  0.000000000000000e+00  0.000000000000000e+00  0.000000000000000e+00
 1.287713075518171e+02 -5.269783626148962e+00 -1.415748752636928e-01 -9.487608209431166e+00 -6.559979611456964e+00  1.869732860765382e+00       56  0.000000000000000e+00  0.000000000000000e+00  0.000000000000000e+00
 1.311126040527591e+02 -5.666618514925504e+00 -1.269012298405210e-01 -1.006248621177247e+01 -6.557389804798274e+00  1.738801467065301e+00       57  0.000000000000000e+00  0.000000000000000e+00  0.000000000000000e+00
 1.334539005537013e+02 -6.087936089237558e+00 -1.017404749035397e-01 -1.064115441936725e+01 -6.290964472609609e+00  1.522729393417159e+00       58  0.000000000000000e+00  0.000000000000000e+00  0.000000000000000e+00
 1.357951970546434e+02 -6.531293617491492e+00 -6.014765682115499e-02 -1.123172795867990e+01 -5.702410121389193e+00  1.160512282688685e+00       59  0.000000000000000e+00  0.000000000000000e+00  0.000000000000000e+00
 1.381364935555856e+02 -6.999999999999999e+00  0.000000000000000e+00 -1.154812578137828e+01 -4.952606299546630e+00  4.000000000000001e-01       60  0.000000000000000e+00  0.000000000000000e+00  0.000000000000000e+00
