  
       RFOIL         Version 3.00
  
 Calculated polar for: OSO_2025_WT2_T33                
  
 1  Reynolds number fixed
  
 xtrf =      1.00000000 (suction)     1.00000000 (pressure)
 Rot. Parameters:  f0 =      1.00000000 c/r =      0.00000000
 Mach =      0.00000000     Re =     16.00000000 e 6     Ncrit =      9.00000000
  
             alpha                CL                CD            Re(CL)                CM             S_xtr             P_xtr               CDp            I_stag            X_stag
  ------- -------- --------- --------- -------- ------- ------- -------- 
-0.21000000E+02    -0.81457233E+00     0.14084961E+00     0.16000000E+02    -0.15487863E-01     0.54080003E+00     0.71877621E-01     0.13758501E+00      87     0.45182135E-01
-0.20000002E+02    -0.76860952E+00     0.13394395E+00     0.16000000E+02    -0.21985572E-01     0.51441789E+00     0.75865321E-01     0.13059394E+00      88     0.40837713E-01
-0.19000002E+02    -0.72284830E+00     0.12694395E+00     0.16000000E+02    -0.28158955E-01     0.49169120E+00     0.80610968E-01     0.12352256E+00      89     0.36834702E-01
-0.17000002E+02    -0.63139689E+00     0.11282662E+00     0.16000000E+02    -0.39262090E-01     0.45920405E+00     0.93033291E-01     0.10930810E+00      92     0.26666561E-01
-0.16500000E+02    -0.57461518E+00     0.11434783E+00     0.16000000E+02    -0.44565357E-01     0.45210591E+00     0.98105319E-01     0.11088856E+00      92     0.26666561E-01
-0.16000002E+02    -0.56023753E+00     0.10940593E+00     0.16000000E+02    -0.46769809E-01     0.44467533E+00     0.10217259E+00     0.10591283E+00      93     0.23817979E-01
-0.14500000E+02    -0.51889402E+00     0.95130473E-01     0.16000000E+02    -0.52767359E-01     0.43054339E+00     0.12367962E+00     0.91627814E-01      94     0.21205073E-01
-0.14000001E+02    -0.51154006E+00     0.89739315E-01     0.16000000E+02    -0.54762878E-01     0.42687944E+00     0.13398087E+00     0.86245596E-01      95     0.18808823E-01
-0.13500001E+02    -0.51255667E+00     0.83657250E-01     0.16000000E+02    -0.56702096E-01     0.42180049E+00     0.14885360E+00     0.80189146E-01      95     0.18808823E-01
-0.13000001E+02    -0.54602087E+00     0.74395023E-01     0.16000000E+02    -0.58850773E-01     0.41906288E+00     0.17588586E+00     0.71010813E-01      96     0.16611833E-01
-0.12500001E+02    -0.59383768E+00     0.64140871E-01     0.16000000E+02    -0.60881682E-01     0.41697329E+00     0.20440856E+00     0.60844451E-01      96     0.16611833E-01
-0.12000000E+02    -0.65562862E+00     0.52736081E-01     0.16000000E+02    -0.62982135E-01     0.41556787E+00     0.22836317E+00     0.49481954E-01      96     0.16611833E-01
-0.11500001E+02    -0.68767381E+00     0.44697292E-01     0.16000000E+02    -0.64572379E-01     0.41212758E+00     0.24120581E+00     0.41436657E-01      96     0.16611833E-01
-0.11000001E+02    -0.79761469E+00     0.31334788E-01     0.16000000E+02    -0.65531492E-01     0.41174263E+00     0.25948402E+00     0.28040804E-01      95     0.18808823E-01
-0.10500001E+02    -0.98620743E+00     0.79603326E-02     0.16000000E+02    -0.87762304E-01     0.41379774E+00     0.27556285E+00     0.41718557E-02      94     0.21205073E-01
-0.10000001E+02    -0.91777456E+00     0.75416937E-02     0.16000000E+02    -0.91301717E-01     0.40822914E+00     0.28496650E+00     0.37537112E-02      95     0.18808823E-01
-0.95000010E+01    -0.84966397E+00     0.72427657E-02     0.16000000E+02    -0.94454110E-01     0.40212330E+00     0.29276410E+00     0.34544854E-02      96     0.16611833E-01
-0.90000000E+01    -0.78217226E+00     0.70721000E-02     0.16000000E+02    -0.97215191E-01     0.39727360E+00     0.29698914E+00     0.32628300E-02      97     0.14598641E-01
-0.85000019E+01    -0.71466982E+00     0.69281464E-02     0.16000000E+02    -0.99887349E-01     0.39138094E+00     0.30099031E+00     0.31000027E-02      98     0.12755311E-01
-0.80000010E+01    -0.64715439E+00     0.68010702E-02     0.16000000E+02    -0.10249778E+00     0.38718039E+00     0.30527157E+00     0.29573110E-02     100     0.95301569E-02
-0.75000005E+01    -0.57980210E+00     0.67080352E-02     0.16000000E+02    -0.10499907E+00     0.38242814E+00     0.30836567E+00     0.28392836E-02     101     0.81278561E-02
-0.70000014E+01    -0.51233202E+00     0.66156955E-02     0.16000000E+02    -0.10747832E+00     0.37769893E+00     0.31104302E+00     0.27310438E-02     102     0.68541314E-02
-0.65000010E+01    -0.44517913E+00     0.65655769E-02     0.16000000E+02    -0.10981820E+00     0.37368590E+00     0.31420273E+00     0.26536551E-02     103     0.57018539E-02
-0.60000000E+01    -0.37780696E+00     0.64980141E-02     0.16000000E+02    -0.11219411E+00     0.36920160E+00     0.31683826E+00     0.25681001E-02     104     0.46647848E-02
-0.55000014E+01    -0.31043741E+00     0.64354674E-02     0.16000000E+02    -0.11453032E+00     0.36524305E+00     0.32113078E+00     0.24969303E-02     105     0.37378250E-02
-0.50000010E+01    -0.24336919E+00     0.64078635E-02     0.16000000E+02    -0.11674690E+00     0.36146045E+00     0.32317722E+00     0.24413164E-02     107     0.21980663E-02
-0.45000000E+01    -0.17619257E+00     0.63735154E-02     0.16000000E+02    -0.11895590E+00     0.35750082E+00     0.32499632E+00     0.23907940E-02     108     0.15796433E-02
-0.40000014E+01    -0.10912330E+00     0.63506020E-02     0.16000000E+02    -0.12110461E+00     0.35378161E+00     0.32655203E+00     0.23505404E-02     109     0.10605047E-02
-0.35000007E+01    -0.42348653E-01     0.63535925E-02     0.16000000E+02    -0.12315346E+00     0.35027859E+00     0.32802460E+00     0.23279577E-02     110     0.64034248E-03
-0.30000000E+01     0.24277754E-01     0.63710860E-02     0.16000000E+02    -0.12511992E+00     0.34616849E+00     0.32935122E+00     0.23214892E-02     111     0.32030090E-03
-0.25000012E+01     0.91190718E-01     0.63577644E-02     0.16000000E+02    -0.12715697E+00     0.34324160E+00     0.33147389E+00     0.22947378E-02     112     0.10796922E-03
-0.20000007E+01     0.15783438E+00     0.63632946E-02     0.16000000E+02    -0.12911449E+00     0.34007898E+00     0.33330879E+00     0.22837049E-02     114     0.15062575E-04
-0.15000000E+01     0.22436109E+00     0.63756239E-02     0.16000000E+02    -0.13101551E+00     0.33605531E+00     0.33498052E+00     0.22815601E-02     115     0.11537309E-03
-0.10000012E+01     0.29082060E+00     0.63912431E-02     0.16000000E+02    -0.13286176E+00     0.33337575E+00     0.33676258E+00     0.22863932E-02     116     0.30344969E-03
-0.50000060E+00     0.35687411E+00     0.64331726E-02     0.16000000E+02    -0.13459918E+00     0.33046174E+00     0.33818719E+00     0.23057219E-02     117     0.58610301E-03
 0.00000000E+00     0.42294431E+00     0.64649675E-02     0.16000000E+02    -0.13634197E+00     0.32646623E+00     0.34036213E+00     0.23231977E-02     118     0.97300706E-03
 0.49999887E+00     0.48917115E+00     0.64800442E-02     0.16000000E+02    -0.13808472E+00     0.32410955E+00     0.34222862E+00     0.23389412E-02     119     0.14674140E-02
 0.99999946E+00     0.55496681E+00     0.65197535E-02     0.16000000E+02    -0.13971800E+00     0.32140756E+00     0.34424978E+00     0.23698974E-02     119     0.14674140E-02
 0.14999983E+01     0.62022787E+00     0.65907585E-02     0.16000000E+02    -0.14121339E+00     0.31782827E+00     0.34569269E+00     0.24202713E-02     120     0.20708691E-02
 0.19999989E+01     0.68577516E+00     0.66326559E-02     0.16000000E+02    -0.14274822E+00     0.31515867E+00     0.34773925E+00     0.24585980E-02     121     0.27848454E-02
 0.24999995E+01     0.75104856E+00     0.66829002E-02     0.16000000E+02    -0.14422162E+00     0.31224301E+00     0.34991896E+00     0.25062100E-02     122     0.36099148E-02
 0.29999983E+01     0.81590480E+00     0.67513171E-02     0.16000000E+02    -0.14559525E+00     0.30949035E+00     0.35215023E+00     0.25675194E-02     123     0.45458898E-02
 0.34999990E+01     0.88047814E+00     0.68293102E-02     0.16000000E+02    -0.14687912E+00     0.30641678E+00     0.35386321E+00     0.26384853E-02     124     0.55926382E-02
 0.39999995E+01     0.94506949E+00     0.68949116E-02     0.16000000E+02    -0.14814362E+00     0.30390155E+00     0.35572091E+00     0.27023139E-02     125     0.67499871E-02
 0.44999986E+01     0.10092245E+01     0.69749448E-02     0.16000000E+02    -0.14932455E+00     0.30142063E+00     0.35813117E+00     0.27816775E-02     126     0.80180895E-02
 0.49999990E+01     0.10728679E+01     0.70731458E-02     0.16000000E+02    -0.15039474E+00     0.29802904E+00     0.36054611E+00     0.28750398E-02     127     0.93974452E-02
 0.54999995E+01     0.11363400E+01     0.71686707E-02     0.16000000E+02    -0.15139939E+00     0.29436019E+00     0.36242187E+00     0.29694731E-02     128     0.10889112E-01
 0.60000000E+01     0.11980546E+01     0.73500136E-02     0.16000000E+02    -0.15207724E+00     0.28668460E+00     0.36435920E+00     0.31152088E-02     129     0.12494802E-01
 0.65000010E+01     0.12595326E+01     0.75254925E-02     0.16000000E+02    -0.15270635E+00     0.28018031E+00     0.36691958E+00     0.32681553E-02     130     0.14216917E-01
 0.69999981E+01     0.13207381E+01     0.76957312E-02     0.16000000E+02    -0.15326871E+00     0.27356985E+00     0.36954153E+00     0.34232670E-02     131     0.16058823E-01
 0.74999986E+01     0.13796937E+01     0.79642925E-02     0.16000000E+02    -0.15341070E+00     0.26351473E+00     0.37154073E+00     0.36448576E-02     132     0.18024575E-01
 0.79999990E+01     0.14371333E+01     0.82814498E-02     0.16000000E+02    -0.15326956E+00     0.25162789E+00     0.37372282E+00     0.39027650E-02     133     0.20119486E-01
 0.85000000E+01     0.14941833E+01     0.85782288E-02     0.16000000E+02    -0.15305142E+00     0.24175319E+00     0.37685782E+00     0.41634273E-02     134     0.22349956E-01
 0.90000000E+01     0.15477219E+01     0.89936685E-02     0.16000000E+02    -0.15219785E+00     0.22870642E+00     0.37912276E+00     0.45175226E-02     135     0.24723656E-01
 0.94999971E+01     0.15986375E+01     0.94575891E-02     0.16000000E+02    -0.15085457E+00     0.21445894E+00     0.38113451E+00     0.49093002E-02     135     0.24723656E-01
 0.99999981E+01     0.16384969E+01     0.10285169E-01     0.16000000E+02    -0.14758600E+00     0.18906434E+00     0.38347787E+00     0.55924254E-02     136     0.27249757E-01
 0.10499999E+02     0.16664485E+01     0.11207028E-01     0.16000000E+02    -0.14212583E+00     0.16437843E+00     0.38636398E+00     0.63855173E-02     137     0.29939037E-01
 0.10999999E+02     0.16831936E+01     0.12365955E-01     0.16000000E+02    -0.13476291E+00     0.14085230E+00     0.38838556E+00     0.74267914E-02     137     0.29939037E-01
 0.11500000E+02     0.16975065E+01     0.13824527E-01     0.16000000E+02    -0.12752326E+00     0.11669239E+00     0.39027032E+00     0.87631848E-02     138     0.32803934E-01
 0.12000000E+02     0.17180591E+01     0.15117697E-01     0.16000000E+02    -0.12168556E+00     0.10313048E+00     0.39220470E+00     0.10001564E-01     139     0.35858847E-01
 0.12499997E+02     0.17325506E+01     0.16716290E-01     0.16000000E+02    -0.11543839E+00     0.91081403E-01     0.39472011E+00     0.11568006E-01     139     0.35858847E-01
 0.12999998E+02     0.17461590E+01     0.18511139E-01     0.16000000E+02    -0.10974450E+00     0.84132455E-01     0.39739406E+00     0.13375683E-01     140     0.39120480E-01
 0.13499999E+02     0.17502269E+01     0.21010838E-01     0.16000000E+02    -0.10388552E+00     0.78630142E-01     0.39933467E+00     0.15911628E-01     140     0.39120480E-01
 0.14500000E+02     0.16692014E+01     0.34810126E-01     0.16000000E+02    -0.94233744E-01     0.73451214E-01     0.40161359E+00     0.30041229E-01     140     0.39120480E-01
 0.15000001E+02     0.14073533E+01     0.65311909E-01     0.16000000E+02    -0.96106216E-01     0.79200566E-01     0.39940673E+00     0.61224066E-01     139     0.35858847E-01
 0.15499998E+02     0.13052452E+01     0.81950247E-01     0.16000000E+02    -0.10044960E+00     0.79510994E-01     0.39938203E+00     0.78130916E-01     139     0.35858847E-01
 0.15999998E+02     0.12581978E+01     0.94081089E-01     0.16000000E+02    -0.10525429E+00     0.75570635E-01     0.40017593E+00     0.90398267E-01     139     0.35858847E-01
 0.16499998E+02     0.12459989E+01     0.10209573E+00     0.16000000E+02    -0.10876928E+00     0.71791641E-01     0.40147194E+00     0.98477952E-01     139     0.35858847E-01
 0.17000000E+02     0.12283878E+01     0.11111353E+00     0.16000000E+02    -0.11334591E+00     0.66550285E-01     0.40314531E+00     0.10756486E+00     139     0.35858847E-01
 0.17500000E+02     0.12317455E+01     0.11751077E+00     0.16000000E+02    -0.11684548E+00     0.64005412E-01     0.40476581E+00     0.11401315E+00     140     0.39120480E-01
 0.18000000E+02     0.12357961E+01     0.12368449E+00     0.16000000E+02    -0.12038474E+00     0.61497737E-01     0.40732035E+00     0.12023711E+00     140     0.39120480E-01
 0.18499998E+02     0.12396028E+01     0.12990488E+00     0.16000000E+02    -0.12422569E+00     0.57353191E-01     0.40880713E+00     0.12648836E+00     140     0.39120480E-01
 0.18999998E+02     0.12483413E+01     0.13544910E+00     0.16000000E+02    -0.12790720E+00     0.54631539E-01     0.41074970E+00     0.13206959E+00     141     0.42607810E-01
 0.19499998E+02     0.12683569E+01     0.13921849E+00     0.16000000E+02    -0.13057403E+00     0.53826097E-01     0.41378400E+00     0.13586974E+00     142     0.46341963E-01
 0.20000000E+02     0.12747676E+01     0.14505935E+00     0.16000000E+02    -0.13477828E+00     0.49881399E-01     0.41470811E+00     0.14173046E+00     142     0.46341963E-01
