# ----- Rotor performance tables for the OpenFAST_IO Turbine wind turbine ----- 
# ------------ Written on Jul-23-25 using the ROSCO toolbox ------------ 

# Pitch angle vector, 20 entries - x axis (matrix columns) (deg)
-5.0   -3.158   -1.316   0.5263   2.368   4.211   6.053   7.895   9.737   11.58   13.42   15.26   17.11   18.95   20.79   22.63   24.47   26.32   28.16   30.0   
# TSR vector, 20 entries - y axis (matrix rows) (-)
2.0    2.526    3.053    3.579    4.105    4.632    5.158    5.684    6.211    6.737    7.263    7.789    8.316    8.842    9.368    9.895    10.42    10.95    11.47    12.0    
# Wind speed vector - z axis (m/s)
10.96    

# Power coefficient

0.004459   0.007507   0.010626   0.013840   0.017246   0.020870   0.024650   0.028511   0.032373   0.036310   0.040588   0.045343   0.050080   0.053962   0.056521   0.057697   0.057497   0.055988   0.053246   0.049465   
0.012817   0.018503   0.024567   0.030914   0.037420   0.043824   0.050165   0.057005   0.064874   0.072987   0.079433   0.083289   0.084628   0.083630   0.080474   0.075525   0.069162   0.061721   0.053466   0.044543   
0.027982   0.037916   0.048071   0.057873   0.067477   0.077973   0.090409   0.103107   0.112318   0.116935   0.117379   0.114188   0.108044   0.099689   0.089729   0.078594   0.066538   0.053724   0.040208   0.025938   
0.051573   0.066151   0.079980   0.094325   0.111282   0.130819   0.146628   0.154822   0.156066   0.151793   0.143419   0.132120   0.118786   0.103954   0.087980   0.071041   0.053275   0.034582   0.014850   -0.006090   
0.082447   0.101594   0.122142   0.147295   0.174800   0.193129   0.199555   0.196861   0.187993   0.174860   0.158791   0.140629   0.120911   0.099870   0.077742   0.054551   0.030182   0.004372   -0.023109   -0.051980   
0.119839   0.147581   0.182055   0.219314   0.240986   0.246074   0.240240   0.227631   0.210414   0.189939   0.167189   0.142559   0.116340   0.088717   0.059806   0.029358   -0.002955   -0.037497   -0.074106   -0.109699   
0.166913   0.211099   0.260617   0.288120   0.293841   0.286482   0.271349   0.250887   0.226695   0.199718   0.170411   0.139015   0.105829   0.070990   0.034270   -0.004790   -0.046673   -0.091599   -0.136747   -0.174914   
0.229991   0.293494   0.331296   0.341048   0.334527   0.318439   0.296187   0.269255   0.238835   0.205356   0.169158   0.130537   0.089780   0.046756   0.000910   -0.048356   -0.101609   -0.157405   -0.208171   -0.244591   
0.311403   0.365162   0.383727   0.381468   0.366953   0.344822   0.316839   0.284242   0.247632   0.207391   0.163868   0.117455   0.068286   0.015822   -0.040649   -0.101879   -0.168034   -0.233323   -0.285680   -0.318910   
0.381342   0.415099   0.421959   0.412797   0.393698   0.367202   0.334512   0.296480   0.253552   0.206174   0.154817   0.099899   0.041198   -0.022087   -0.090843   -0.165934   -0.245327   -0.317651   -0.368547   -0.399816   
0.423532   0.446695   0.448748   0.437202   0.416028   0.386549   0.349764   0.306347   0.256870   0.201929   0.142125   0.077805   0.008322   -0.067312   -0.150134   -0.240804   -0.332684   -0.408958   -0.457592   -0.489783   
0.437281   0.460787   0.465231   0.455633   0.434621   0.403343   0.362861   0.314059   0.257758   0.194762   0.125838   0.051037   -0.030594   -0.120202   -0.219014   -0.326294   -0.429369   -0.507017   -0.554304   -0.590907   
0.425506   0.454978   0.471145   0.468269   0.449736   0.417717   0.373933   0.319739   0.256317   0.184749   0.105889   0.019427   -0.075805   -0.181143   -0.297933   -0.422160   -0.534747   -0.612484   -0.660336   -0.704252   
0.403619   0.435301   0.464281   0.474554   0.461195   0.429648   0.383032   0.323469   0.252622   0.171900   0.082179   -0.017207   -0.127601   -0.250536   -0.387114   -0.528245   -0.648450   -0.726304   -0.777255   -0.830460   
0.378410   0.413762   0.447150   0.472909   0.468553   0.439034   0.390193   0.325311   0.246703   0.156198   0.054586   -0.059070   -0.186283   -0.328802   -0.486634   -0.644455   -0.770699   -0.849527   -0.906408   -0.970191   
0.349368   0.390429   0.428271   0.461670   0.471115   0.445739   0.395423   0.325291   0.238579   0.137582   0.022975   -0.106379   -0.252170   -0.416346   -0.596606   -0.770740   -0.902094   -0.983226   -1.048768   -1.124218   
0.316128   0.364465   0.407834   0.445520   0.467776   0.449560   0.398700   0.323431   0.228239   0.115973   -0.012802   -0.159364   -0.325592   -0.513493   -0.717191   -0.907097   -1.043320   -1.128446   -1.205072   -1.293385   
0.278331   0.335322   0.385311   0.427745   0.457615   0.450211   0.399989   0.319728   0.215656   0.091279   -0.052903   -0.218270   -0.406890   -0.620524   -0.848579   -1.053697   -1.195083   -1.286192   -1.376044   -1.478516   
0.235687   0.302585   0.360296   0.408403   0.443384   0.447283   0.399231   0.314169   0.200792   0.063398   -0.097499   -0.283344   -0.496410   -0.737712   -0.990984   -1.210892   -1.358103   -1.457406   -1.562452   -1.680359   
0.188012   0.265948   0.332484   0.387206   0.427240   0.440160   0.396352   0.306731   0.183595   0.032218   -0.146765   -0.354843   -0.594487   -0.865327   -1.144633   -1.379129   -1.533104   -1.642940   -1.765046   -1.899613   


#  Thrust coefficient

0.060197   0.059609   0.059131   0.058858   0.058913   0.059280   0.059867   0.060612   0.061465   0.062520   0.064041   0.066176   0.068494   0.070196   0.070853   0.070400   0.068777   0.065994   0.062105   0.057299   
0.077414   0.077958   0.079086   0.080614   0.082416   0.084285   0.086309   0.089025   0.092950   0.097433   0.100698   0.101897   0.101042   0.098154   0.093281   0.086783   0.079050   0.070396   0.061056   0.051146   
0.103307   0.106175   0.109450   0.112644   0.115988   0.120485   0.127152   0.134638   0.139490   0.140668   0.138330   0.132643   0.124172   0.113722   0.101903   0.089129   0.075608   0.061486   0.046848   0.031695   
0.139293   0.144309   0.149060   0.154746   0.163268   0.175017   0.184372   0.187662   0.185065   0.177309   0.165591   0.151196   0.135112   0.117851   0.099737   0.080924   0.061568   0.041627   0.021110   -0.000032   
0.184370   0.191140   0.199733   0.213304   0.230688   0.241256   0.241942   0.234316   0.220625   0.202793   0.182439   0.160477   0.137438   0.113524   0.088970   0.063802   0.038030   0.011548   -0.015690   -0.043239   
0.238105   0.249650   0.268646   0.292960   0.305132   0.302869   0.290268   0.270806   0.246913   0.220341   0.192242   0.162985   0.132862   0.102012   0.070560   0.038400   0.005434   -0.028445   -0.062838   -0.094733   
0.303378   0.327295   0.360319   0.375729   0.371533   0.354720   0.329919   0.299912   0.267019   0.232430   0.196629   0.159816   0.122241   0.083979   0.044963   0.005034   -0.035955   -0.077872   -0.117881   -0.149392   
0.387801   0.430309   0.452403   0.448546   0.428820   0.399213   0.363488   0.324124   0.282870   0.240182   0.196364   0.151617   0.106098   0.059773   0.012442   -0.036063   -0.085847   -0.135211   -0.177188   -0.203636   
0.499895   0.533418   0.533321   0.512713   0.479544   0.438628   0.393047   0.345014   0.295293   0.244209   0.191974   0.138796   0.084733   0.029601   -0.026798   -0.084653   -0.143595   -0.198089   -0.237556   -0.257145   
0.615326   0.623958   0.605406   0.570610   0.525725   0.474611   0.419984   0.363268   0.304823   0.244923   0.183795   0.121610   0.058306   -0.006343   -0.072567   -0.140520   -0.207792   -0.264224   -0.297841   -0.311301   
0.716102   0.704211   0.670825   0.624028   0.568797   0.508373   0.444975   0.379337   0.311786   0.242602   0.172027   0.100215   0.026988   -0.047906   -0.124687   -0.203177   -0.276979   -0.331793   -0.358418   -0.367893   
0.802417   0.775688   0.730848   0.674123   0.609768   0.540647   0.468370   0.393490   0.316393   0.237407   0.156837   0.074747   -0.009094   -0.094933   -0.183002   -0.271755   -0.349901   -0.400204   -0.420238   -0.428257   
0.878006   0.838162   0.785988   0.721660   0.649287   0.571720   0.490365   0.405887   0.318786   0.229493   0.138339   0.045322   -0.049805   -0.147300   -0.247324   -0.345425   -0.425513   -0.469694   -0.484335   -0.492704   
0.948907   0.894827   0.835778   0.766880   0.687544   0.601695   0.511078   0.416648   0.319098   0.218965   0.116638   0.012052   -0.095043   -0.204902   -0.317269   -0.423511   -0.503100   -0.540733   -0.551603   -0.561133   
1.018708   0.951411   0.881666   0.809296   0.724468   0.630612   0.530595   0.425882   0.317420   0.205928   0.091828   -0.024976   -0.144717   -0.267650   -0.392377   -0.505465   -0.582520   -0.613843   -0.622675   -0.633463   
1.088925   1.009050   0.928030   0.848163   0.759807   0.658469   0.548987   0.433664   0.313844   0.190463   0.063984   -0.065683   -0.198755   -0.335447   -0.472264   -0.590819   -0.663949   -0.689528   -0.697808   -0.709708   
1.160300   1.068012   0.975515   0.885668   0.793073   0.685223   0.566293   0.440066   0.308442   0.172640   0.033176   -0.110007   -0.257100   -0.408131   -0.556620   -0.679194   -0.747618   -0.768236   -0.777039   -0.789941   
1.233133   1.128437   1.024223   0.923698   0.823781   0.710773   0.582550   0.445146   0.301280   0.152520   -0.000541   -0.157897   -0.319703   -0.485520   -0.645192   -0.770389   -0.833756   -0.850353   -0.860394   -0.874213   
1.307573   1.190374   1.074184   0.962546   0.853191   0.734947   0.597770   0.448955   0.292417   0.130151   -0.037123   -0.209313   -0.386523   -0.567445   -0.737768   -0.864367   -0.922587   -0.936182   -0.947930   -0.962514   
1.383539   1.253848   1.125395   1.002199   0.882444   0.757445   0.611958   0.451539   0.281898   0.105574   -0.076533   -0.264218   -0.457516   -0.653757   -0.834166   -0.961163   -1.014322   -1.025923   -1.039689   -1.054797   


# Torque coefficient

0.002235   0.003763   0.005326   0.006937   0.008644   0.010461   0.012355   0.014290   0.016226   0.018199   0.020344   0.022727   0.025101   0.027047   0.028329   0.028919   0.028819   0.028062   0.026688   0.024793   
0.005086   0.007342   0.009748   0.012267   0.014848   0.017389   0.019906   0.022620   0.025742   0.028961   0.031519   0.033049   0.033580   0.033184   0.031932   0.029968   0.027443   0.024491   0.021215   0.017675   
0.009189   0.012451   0.015786   0.019005   0.022158   0.025605   0.029689   0.033859   0.036884   0.038400   0.038546   0.037498   0.035480   0.032736   0.029466   0.025809   0.021850   0.017642   0.013204   0.008518   
0.014445   0.018528   0.022402   0.026420   0.031170   0.036642   0.041070   0.043365   0.043713   0.042516   0.040171   0.037006   0.033271   0.029117   0.024643   0.019898   0.014922   0.009686   0.004159   -0.001706   
0.020132   0.024808   0.029825   0.035967   0.042683   0.047159   0.048728   0.048070   0.045905   0.042698   0.038774   0.034340   0.029525   0.024387   0.018983   0.013321   0.007370   0.001068   -0.005643   -0.012693   
0.025937   0.031942   0.039403   0.047467   0.052158   0.053259   0.051997   0.049268   0.045541   0.041110   0.036186   0.030855   0.025180   0.019202   0.012944   0.006354   -0.000640   -0.008116   -0.016039   -0.023743   
0.032440   0.041027   0.050651   0.055996   0.057108   0.055678   0.052737   0.048760   0.044058   0.038815   0.033120   0.027018   0.020568   0.013797   0.006660   -0.000931   -0.009071   -0.017802   -0.026577   -0.033995   
0.040560   0.051759   0.058426   0.060146   0.058996   0.056159   0.052234   0.047485   0.042120   0.036216   0.029832   0.023021   0.015833   0.008246   0.000161   -0.008528   -0.017919   -0.027759   -0.036712   -0.043135   
0.050264   0.058941   0.061937   0.061573   0.059230   0.055658   0.051141   0.045880   0.039970   0.033475   0.026450   0.018958   0.011022   0.002554   -0.006561   -0.016444   -0.027122   -0.037661   -0.046112   -0.051475   
0.056744   0.061767   0.062787   0.061424   0.058582   0.054640   0.049775   0.044116   0.037729   0.030679   0.023037   0.014865   0.006130   -0.003287   -0.013517   -0.024691   -0.036505   -0.047266   -0.054840   -0.059493   
0.058455   0.061652   0.061935   0.060341   0.057419   0.053350   0.048273   0.042281   0.035453   0.027870   0.019616   0.010738   0.001149   -0.009290   -0.020721   -0.033235   -0.045916   -0.056443   -0.063156   -0.067599   
0.056274   0.059299   0.059871   0.058636   0.055932   0.051907   0.046697   0.040417   0.033171   0.025064   0.016194   0.006568   -0.003937   -0.015469   -0.028185   -0.041991   -0.055256   -0.065249   -0.071334   -0.076045   
0.051293   0.054846   0.056795   0.056448   0.054214   0.050355   0.045076   0.038543   0.030898   0.022271   0.012765   0.002342   -0.009138   -0.021836   -0.035915   -0.050890   -0.064462   -0.073833   -0.079601   -0.084895   
0.045759   0.049351   0.052636   0.053801   0.052286   0.048710   0.043425   0.036672   0.028640   0.019489   0.009317   -0.001951   -0.014466   -0.028404   -0.043888   -0.059888   -0.073516   -0.082342   -0.088119   -0.094150   
0.040491   0.044273   0.047846   0.050602   0.050136   0.046978   0.041752   0.034809   0.026398   0.016714   0.005841   -0.006321   -0.019933   -0.035183   -0.052071   -0.068958   -0.082467   -0.090901   -0.096988   -0.103813   
0.035395   0.039555   0.043388   0.046772   0.047729   0.045158   0.040061   0.032955   0.024171   0.013939   0.002328   -0.010777   -0.025547   -0.042180   -0.060443   -0.078084   -0.091392   -0.099611   -0.106251   -0.113895   
0.030410   0.035059   0.039231   0.042856   0.044997   0.043245   0.038352   0.031112   0.021955   0.011156   -0.001231   -0.015330   -0.031320   -0.049395   -0.068989   -0.087257   -0.100361   -0.108550   -0.115921   -0.124416   
0.025487   0.030705   0.035283   0.039168   0.041903   0.041225   0.036627   0.029277   0.019747   0.008358   -0.004844   -0.019987   -0.037259   -0.056821   -0.077704   -0.096486   -0.109433   -0.117776   -0.126003   -0.135387   
0.020592   0.026436   0.031479   0.035682   0.038738   0.039079   0.034880   0.027449   0.017543   0.005539   -0.008518   -0.024755   -0.043371   -0.064453   -0.086581   -0.105794   -0.118656   -0.127332   -0.136510   -0.146811   
0.015706   0.022216   0.027775   0.032346   0.035690   0.036770   0.033110   0.025623   0.015337   0.002691   -0.012260   -0.029642   -0.049662   -0.072287   -0.095619   -0.115208   -0.128071   -0.137246   -0.147446   -0.158688   

