  
       RFOIL         Version 3.00
  
 Calculated polar for: OSO_2025_WT2_T24                
  
 1  Reynolds number fixed
  
 xtrf =      0.05000000 (suction)     0.05000000 (pressure)
 Rot. Parameters:  f0 =      1.00000000 c/r =      0.00000000
 Mach =      0.00000000     Re =     15.00000000 e 6     Ncrit =      3.00000000
  
             alpha                CL                CD            Re(CL)                CM             S_xtr             P_xtr               CDp            I_stag            X_stag
  ------- -------- --------- --------- -------- ------- ------- -------- 
-0.23700001E+02    -0.11016301E+01     0.13473472E+00     0.15000000E+02    -0.20137377E-01     0.99704552E+00     0.28034274E-01     0.13277188E+00      87     0.70922226E-01
-0.23600000E+02    -0.10971427E+01     0.13402814E+00     0.15000000E+02    -0.20807061E-01     0.99703163E+00     0.27880887E-01     0.13205931E+00      87     0.70922226E-01
-0.23500000E+02    -0.10936641E+01     0.13306798E+00     0.15000000E+02    -0.21878578E-01     0.99683851E+00     0.28409503E-01     0.13109784E+00      87     0.70922226E-01
-0.23400002E+02    -0.10900738E+01     0.13241582E+00     0.15000000E+02    -0.22327540E-01     0.99701309E+00     0.28277745E-01     0.13043895E+00      87     0.70922226E-01
-0.23300001E+02    -0.10860481E+01     0.13157256E+00     0.15000000E+02    -0.23249930E-01     0.99692184E+00     0.28214524E-01     0.12958850E+00      87     0.70922226E-01
-0.23100000E+02    -0.10795149E+01     0.12875222E+00     0.15000000E+02    -0.26339274E-01     0.99611378E+00     0.28331609E-01     0.12674215E+00      87     0.70922226E-01
-0.23000002E+02    -0.10773026E+01     0.12797061E+00     0.15000000E+02    -0.26853116E-01     0.99634105E+00     0.28764429E-01     0.12596007E+00      88     0.64354502E-01
-0.22900002E+02    -0.10744667E+01     0.12711702E+00     0.15000000E+02    -0.27607951E-01     0.99635911E+00     0.29116651E-01     0.12510620E+00      88     0.64354502E-01
-0.22800001E+02    -0.10680461E+01     0.12624386E+00     0.15000000E+02    -0.28890271E-01     0.99571985E+00     0.29115198E-01     0.12422670E+00      88     0.64354502E-01
-0.22700001E+02    -0.10635819E+01     0.12533109E+00     0.15000000E+02    -0.29891105E-01     0.99534506E+00     0.29287124E-01     0.12330879E+00      88     0.64354502E-01
-0.22400002E+02    -0.10574663E+01     0.12214980E+00     0.15000000E+02    -0.32369938E-01     0.99567759E+00     0.29541219E-01     0.12010283E+00      88     0.64354502E-01
-0.22300001E+02    -0.10527674E+01     0.12135747E+00     0.15000000E+02    -0.33155855E-01     0.99394745E+00     0.29674500E-01     0.11930614E+00      88     0.64354502E-01
-0.22200001E+02    -0.10492907E+01     0.12065235E+00     0.15000000E+02    -0.33626437E-01     0.99256098E+00     0.29794181E-01     0.11859737E+00      88     0.64354502E-01
-0.22100000E+02    -0.10446388E+01     0.11997274E+00     0.15000000E+02    -0.34224965E-01     0.99213493E+00     0.29746260E-01     0.11791234E+00      88     0.64354502E-01
-0.22000000E+02    -0.10411206E+01     0.11916738E+00     0.15000000E+02    -0.34878492E-01     0.99201167E+00     0.30008012E-01     0.11710456E+00      88     0.64354502E-01
-0.21800001E+02    -0.10365387E+01     0.11676184E+00     0.15000000E+02    -0.36804643E-01     0.98776305E+00     0.29917758E-01     0.11466524E+00      88     0.64354502E-01
-0.21500002E+02    -0.10287803E+01     0.11506362E+00     0.15000000E+02    -0.36483090E-01     0.57393456E+00     0.30500935E-01     0.11170436E+00      89     0.58118239E-01
-0.21400000E+02    -0.10237129E+01     0.11447668E+00     0.15000000E+02    -0.37033450E-01     0.55331439E+00     0.30357067E-01     0.11106680E+00      89     0.58118239E-01
-0.21300001E+02    -0.10192326E+01     0.11380363E+00     0.15000000E+02    -0.37577447E-01     0.55088133E+00     0.30389745E-01     0.11038331E+00      89     0.58118239E-01
-0.21200001E+02    -0.10160002E+01     0.11301534E+00     0.15000000E+02    -0.38187973E-01     0.54946262E+00     0.31089397E-01     0.10959136E+00      89     0.58118239E-01
-0.21100002E+02    -0.10118380E+01     0.11223548E+00     0.15000000E+02    -0.38824774E-01     0.54691154E+00     0.30994581E-01     0.10879638E+00      89     0.58118239E-01
-0.21000000E+02    -0.10110247E+01     0.11080141E+00     0.15000000E+02    -0.39883565E-01     0.54517686E+00     0.30842310E-01     0.10734257E+00      89     0.58118239E-01
-0.20900000E+02    -0.10064641E+01     0.11012876E+00     0.15000000E+02    -0.40386423E-01     0.54248345E+00     0.30730404E-01     0.10665909E+00      89     0.58118239E-01
-0.20800001E+02    -0.10019994E+01     0.10946341E+00     0.15000000E+02    -0.40903848E-01     0.53996855E+00     0.30951468E-01     0.10598532E+00      89     0.58118239E-01
-0.20700003E+02    -0.99816334E+00     0.10873193E+00     0.15000000E+02    -0.41471038E-01     0.53793037E+00     0.31504288E-01     0.10524890E+00      89     0.58118239E-01
-0.20600000E+02    -0.99361134E+00     0.10808570E+00     0.15000000E+02    -0.41982420E-01     0.53525871E+00     0.31559210E-01     0.10459337E+00      89     0.58118239E-01
-0.20500000E+02    -0.98924476E+00     0.10737487E+00     0.15000000E+02    -0.42483635E-01     0.53214085E+00     0.31735275E-01     0.10386992E+00      90     0.52246086E-01
-0.20400002E+02    -0.98362625E+00     0.10680582E+00     0.15000000E+02    -0.42971592E-01     0.51736104E+00     0.31377688E-01     0.10325921E+00      90     0.52246086E-01
-0.20300001E+02    -0.98069972E+00     0.10593948E+00     0.15000000E+02    -0.43602176E-01     0.52839136E+00     0.31812202E-01     0.10241723E+00      90     0.52246086E-01
-0.20200001E+02    -0.98061061E+00     0.10450775E+00     0.15000000E+02    -0.44590577E-01     0.51405537E+00     0.31987607E-01     0.10094047E+00      90     0.52246086E-01
-0.20100000E+02    -0.97575521E+00     0.10379611E+00     0.15000000E+02    -0.45108728E-01     0.52370268E+00     0.32002278E-01     0.10024533E+00      90     0.52246086E-01
-0.20000002E+02    -0.97146803E+00     0.10316705E+00     0.15000000E+02    -0.45571316E-01     0.51024026E+00     0.32134775E-01     0.99583760E-01      90     0.52246086E-01
-0.19900000E+02    -0.96683007E+00     0.10250796E+00     0.15000000E+02    -0.46060465E-01     0.50833309E+00     0.32297000E-01     0.98918043E-01      90     0.52246086E-01
-0.19800001E+02    -0.96170610E+00     0.10191450E+00     0.15000000E+02    -0.46485797E-01     0.50597745E+00     0.32253496E-01     0.98312058E-01      90     0.52246086E-01
-0.19700001E+02    -0.95725346E+00     0.10126244E+00     0.15000000E+02    -0.46967726E-01     0.50357562E+00     0.32423884E-01     0.97653732E-01      90     0.52246086E-01
-0.19600000E+02    -0.95288068E+00     0.10060082E+00     0.15000000E+02    -0.47427803E-01     0.49279836E+00     0.32581534E-01     0.96963458E-01      90     0.52246086E-01
-0.19500000E+02    -0.94870174E+00     0.99835351E-01     0.15000000E+02    -0.47978781E-01     0.50143045E+00     0.32685541E-01     0.96215792E-01      90     0.52246086E-01
-0.19400002E+02    -0.94630486E+00     0.98813780E-01     0.15000000E+02    -0.48634779E-01     0.49903250E+00     0.32774400E-01     0.95180020E-01      90     0.52246086E-01
-0.19300001E+02    -0.94352889E+00     0.97800098E-01     0.15000000E+02    -0.49337778E-01     0.48747054E+00     0.32789472E-01     0.94129533E-01      90     0.52246086E-01
-0.19200001E+02    -0.93689561E+00     0.97308129E-01     0.15000000E+02    -0.49932390E-01     0.50000001E-01     0.32840598E-01     0.93005754E-01      91     0.46763554E-01
-0.19100000E+02    -0.93233967E+00     0.96687913E-01     0.15000000E+02    -0.50354362E-01     0.50000001E-01     0.33041131E-01     0.92380024E-01      91     0.46763554E-01
-0.19000002E+02    -0.92731714E+00     0.96088432E-01     0.15000000E+02    -0.50770439E-01     0.50000001E-01     0.33096261E-01     0.91773033E-01      91     0.46763554E-01
-0.18900002E+02    -0.92222083E+00     0.95494509E-01     0.15000000E+02    -0.51172458E-01     0.50000001E-01     0.33093017E-01     0.91171093E-01      91     0.46763554E-01
-0.18800001E+02    -0.91835761E+00     0.94814211E-01     0.15000000E+02    -0.51609561E-01     0.50000001E-01     0.33747740E-01     0.90489268E-01      91     0.46763554E-01
-0.18700001E+02    -0.91262507E+00     0.94238609E-01     0.15000000E+02    -0.52014597E-01     0.50000001E-01     0.33301234E-01     0.89901268E-01      91     0.46763554E-01
-0.18600000E+02    -0.90899533E+00     0.93490660E-01     0.15000000E+02    -0.52490842E-01     0.50000001E-01     0.33882551E-01     0.89149393E-01      91     0.46763554E-01
-0.18400000E+02    -0.90304023E+00     0.91531321E-01     0.15000000E+02    -0.53729888E-01     0.50000001E-01     0.33748008E-01     0.87163389E-01      91     0.46763554E-01
-0.18300001E+02    -0.89850295E+00     0.90864182E-01     0.15000000E+02    -0.54139785E-01     0.50000001E-01     0.34218792E-01     0.86492047E-01      91     0.46763554E-01
-0.18200001E+02    -0.89273649E+00     0.90322629E-01     0.15000000E+02    -0.54502320E-01     0.50000001E-01     0.33815213E-01     0.85939534E-01      91     0.46763554E-01
-0.18100002E+02    -0.88790053E+00     0.89711979E-01     0.15000000E+02    -0.54881882E-01     0.50000001E-01     0.34150168E-01     0.85323118E-01      92     0.41686684E-01
-0.18000000E+02    -0.88268870E+00     0.89134835E-01     0.15000000E+02    -0.55247150E-01     0.50000001E-01     0.34122821E-01     0.84738769E-01      92     0.41686684E-01
-0.17900000E+02    -0.87841487E+00     0.88519588E-01     0.15000000E+02    -0.55616580E-01     0.50000001E-01     0.34672525E-01     0.84120601E-01      92     0.41686684E-01
-0.17800001E+02    -0.87352920E+00     0.87893285E-01     0.15000000E+02    -0.56014054E-01     0.50000001E-01     0.34795631E-01     0.83487153E-01      92     0.41686684E-01
-0.17700001E+02    -0.86907202E+00     0.87218583E-01     0.15000000E+02    -0.56413107E-01     0.50000001E-01     0.34906279E-01     0.82804829E-01      92     0.41686684E-01
-0.17600000E+02    -0.86690295E+00     0.86150527E-01     0.15000000E+02    -0.57051610E-01     0.50000001E-01     0.35032667E-01     0.81724733E-01      92     0.41686684E-01
-0.17500000E+02    -0.86355859E+00     0.85269779E-01     0.15000000E+02    -0.57572715E-01     0.50000001E-01     0.35127785E-01     0.80834292E-01      92     0.41686684E-01
-0.17400002E+02    -0.85879672E+00     0.84669881E-01     0.15000000E+02    -0.57910919E-01     0.50000001E-01     0.35349485E-01     0.80229767E-01      92     0.41686684E-01
-0.17300001E+02    -0.85368520E+00     0.84087104E-01     0.15000000E+02    -0.58253180E-01     0.50000001E-01     0.35455830E-01     0.79640575E-01      92     0.41686684E-01
-0.17200001E+02    -0.84856331E+00     0.83511606E-01     0.15000000E+02    -0.58586005E-01     0.50000001E-01     0.35535607E-01     0.79059020E-01      92     0.41686684E-01
-0.17100000E+02    -0.84346974E+00     0.82932718E-01     0.15000000E+02    -0.58922347E-01     0.50000001E-01     0.35629261E-01     0.78474186E-01      92     0.41686684E-01
-0.17000002E+02    -0.83853728E+00     0.82336113E-01     0.15000000E+02    -0.59265945E-01     0.50000001E-01     0.35803191E-01     0.77871516E-01      93     0.37020490E-01
-0.16900000E+02    -0.83360744E+00     0.81730917E-01     0.15000000E+02    -0.59607267E-01     0.50000001E-01     0.35897821E-01     0.77259921E-01      93     0.37020490E-01
-0.16800001E+02    -0.82893831E+00     0.81060186E-01     0.15000000E+02    -0.59980843E-01     0.50000001E-01     0.35953231E-01     0.76581091E-01      93     0.37020490E-01
-0.16700001E+02    -0.82688850E+00     0.79970568E-01     0.15000000E+02    -0.60591634E-01     0.50000001E-01     0.36053941E-01     0.75478606E-01      93     0.37020490E-01
-0.16600000E+02    -0.82328725E+00     0.79151295E-01     0.15000000E+02    -0.61028481E-01     0.50000001E-01     0.36256850E-01     0.74651435E-01      93     0.37020490E-01
-0.16500000E+02    -0.81797522E+00     0.78613430E-01     0.15000000E+02    -0.61332367E-01     0.50000001E-01     0.36292508E-01     0.74106619E-01      93     0.37020490E-01
-0.16400002E+02    -0.81289667E+00     0.78042448E-01     0.15000000E+02    -0.61633024E-01     0.50000001E-01     0.36468331E-01     0.73530257E-01      93     0.37020490E-01
-0.16300001E+02    -0.80761135E+00     0.77483371E-01     0.15000000E+02    -0.61937362E-01     0.50000001E-01     0.36595248E-01     0.72965086E-01      93     0.37020490E-01
-0.16200001E+02    -0.80232644E+00     0.76927051E-01     0.15000000E+02    -0.62234178E-01     0.50000001E-01     0.36704578E-01     0.72402559E-01      93     0.37020490E-01
-0.16100000E+02    -0.79701686E+00     0.76366909E-01     0.15000000E+02    -0.62528186E-01     0.50000001E-01     0.36775734E-01     0.71835853E-01      93     0.37020490E-01
-0.16000002E+02    -0.79204732E+00     0.75771779E-01     0.15000000E+02    -0.62835857E-01     0.50000001E-01     0.36970142E-01     0.71234681E-01      93     0.37020490E-01
-0.15900001E+02    -0.78790969E+00     0.75079031E-01     0.15000000E+02    -0.63189521E-01     0.50000001E-01     0.37533496E-01     0.70537418E-01      94     0.32759186E-01
-0.15800000E+02    -0.78411275E+00     0.74235767E-01     0.15000000E+02    -0.63644521E-01     0.50000001E-01     0.37208661E-01     0.69680192E-01      94     0.32759186E-01
-0.15700001E+02    -0.78122336E+00     0.73297203E-01     0.15000000E+02    -0.64131945E-01     0.50000001E-01     0.37283022E-01     0.68730026E-01      94     0.32759186E-01
-0.15600002E+02    -0.77598691E+00     0.72763540E-01     0.15000000E+02    -0.64408526E-01     0.50000001E-01     0.37500858E-01     0.68190791E-01      94     0.32759186E-01
-0.15500001E+02    -0.77124190E+00     0.72177634E-01     0.15000000E+02    -0.64687587E-01     0.50000001E-01     0.38107894E-01     0.67602105E-01      94     0.32759186E-01
-0.15400001E+02    -0.76594454E+00     0.71624815E-01     0.15000000E+02    -0.64956941E-01     0.50000001E-01     0.38287956E-01     0.67043751E-01      94     0.32759186E-01
-0.15300001E+02    -0.76049161E+00     0.71085550E-01     0.15000000E+02    -0.65220572E-01     0.50000001E-01     0.38335767E-01     0.66498131E-01      94     0.32759186E-01
-0.15200001E+02    -0.75531775E+00     0.70531286E-01     0.15000000E+02    -0.65491587E-01     0.50000001E-01     0.38507864E-01     0.65938726E-01      94     0.32759186E-01
-0.15100001E+02    -0.75029278E+00     0.69933377E-01     0.15000000E+02    -0.65772258E-01     0.50000001E-01     0.38674314E-01     0.65335073E-01      94     0.32759186E-01
-0.15000001E+02    -0.74551988E+00     0.69323950E-01     0.15000000E+02    -0.66074699E-01     0.50000001E-01     0.38795464E-01     0.64718738E-01      94     0.32759186E-01
-0.14900000E+02    -0.74322134E+00     0.68323642E-01     0.15000000E+02    -0.66569760E-01     0.50000001E-01     0.38921587E-01     0.63706726E-01      95     0.28887654E-01
-0.14800000E+02    -0.73969251E+00     0.67518055E-01     0.15000000E+02    -0.66961974E-01     0.50000001E-01     0.39071694E-01     0.62892519E-01      95     0.28887654E-01
-0.14700002E+02    -0.73441821E+00     0.66963196E-01     0.15000000E+02    -0.67209266E-01     0.50000001E-01     0.39186202E-01     0.62332019E-01      95     0.28887654E-01
-0.14600000E+02    -0.72899735E+00     0.66433914E-01     0.15000000E+02    -0.67454316E-01     0.50000001E-01     0.39279126E-01     0.61796971E-01      95     0.28887654E-01
-0.14500000E+02    -0.72372633E+00     0.65894656E-01     0.15000000E+02    -0.67696802E-01     0.50000001E-01     0.39460279E-01     0.61252926E-01      95     0.28887654E-01
-0.14400001E+02    -0.71831846E+00     0.65365843E-01     0.15000000E+02    -0.67940965E-01     0.50000001E-01     0.39572492E-01     0.60718562E-01      95     0.28887654E-01
-0.14300001E+02    -0.71309817E+00     0.64817861E-01     0.15000000E+02    -0.68185657E-01     0.50000001E-01     0.39744601E-01     0.60165424E-01      95     0.28887654E-01
-0.14200001E+02    -0.70785761E+00     0.64265721E-01     0.15000000E+02    -0.68441518E-01     0.50000001E-01     0.39843086E-01     0.59606854E-01      95     0.28887654E-01
-0.14100001E+02    -0.70324153E+00     0.63622601E-01     0.15000000E+02    -0.68729199E-01     0.50000001E-01     0.40013455E-01     0.58957040E-01      95     0.28887654E-01
-0.14000001E+02    -0.70200807E+00     0.62858522E-01     0.15000000E+02    -0.69269828E-01     0.50000001E-01     0.40132225E-01     0.58178712E-01      95     0.28887654E-01
-0.13900002E+02    -0.69754899E+00     0.62462430E-01     0.15000000E+02    -0.69536589E-01     0.50000001E-01     0.40741507E-01     0.57779796E-01      95     0.28887654E-01
-0.13800001E+02    -0.69138950E+00     0.62146816E-01     0.15000000E+02    -0.69752701E-01     0.50000001E-01     0.40370151E-01     0.57454322E-01      96     0.25384178E-01
-0.13700001E+02    -0.68655580E+00     0.61763115E-01     0.15000000E+02    -0.69981441E-01     0.50000001E-01     0.41057978E-01     0.57068896E-01      96     0.25384178E-01
-0.13600001E+02    -0.68103123E+00     0.61417617E-01     0.15000000E+02    -0.70196494E-01     0.50000001E-01     0.41207369E-01     0.56717660E-01      96     0.25384178E-01
-0.13500001E+02    -0.67552662E+00     0.61052032E-01     0.15000000E+02    -0.70419140E-01     0.50000001E-01     0.41409060E-01     0.56346416E-01      96     0.25384178E-01
-0.13400001E+02    -0.67008048E+00     0.60657807E-01     0.15000000E+02    -0.70645683E-01     0.50000001E-01     0.41547697E-01     0.55946097E-01      96     0.25384178E-01
-0.13300000E+02    -0.66492766E+00     0.60244206E-01     0.15000000E+02    -0.70892788E-01     0.50000001E-01     0.41737940E-01     0.55526417E-01      96     0.25384178E-01
-0.13200001E+02    -0.66073042E+00     0.59706002E-01     0.15000000E+02    -0.71198598E-01     0.50000001E-01     0.41855194E-01     0.54979678E-01      96     0.25384178E-01
-0.13100000E+02    -0.65892392E+00     0.58950711E-01     0.15000000E+02    -0.71670756E-01     0.50000001E-01     0.41994169E-01     0.54211449E-01      96     0.25384178E-01
-0.13000001E+02    -0.65343380E+00     0.58546707E-01     0.15000000E+02    -0.71881674E-01     0.50000001E-01     0.42153761E-01     0.53802144E-01      96     0.25384178E-01
-0.12900001E+02    -0.64797801E+00     0.58142539E-01     0.15000000E+02    -0.72082900E-01     0.50000001E-01     0.42351115E-01     0.53392760E-01      97     0.22222305E-01
-0.12800001E+02    -0.64238507E+00     0.57749242E-01     0.15000000E+02    -0.72286256E-01     0.50000001E-01     0.42490773E-01     0.52994266E-01      97     0.22222305E-01
-0.12700001E+02    -0.63680285E+00     0.57347350E-01     0.15000000E+02    -0.72488420E-01     0.50000001E-01     0.42594776E-01     0.52587185E-01      97     0.22222305E-01
-0.12600001E+02    -0.63142508E+00     0.56941103E-01     0.15000000E+02    -0.72697304E-01     0.50000001E-01     0.42802889E-01     0.52176379E-01      97     0.22222305E-01
-0.12500001E+02    -0.62617755E+00     0.56499988E-01     0.15000000E+02    -0.72917745E-01     0.50000001E-01     0.42941645E-01     0.51729772E-01      97     0.22222305E-01
-0.12400002E+02    -0.62167919E+00     0.55965848E-01     0.15000000E+02    -0.73176935E-01     0.50000001E-01     0.43107003E-01     0.51189218E-01      97     0.22222305E-01
-0.12300001E+02    -0.62054664E+00     0.55077024E-01     0.15000000E+02    -0.73660187E-01     0.50000001E-01     0.43198254E-01     0.50286468E-01      97     0.22222305E-01
-0.12200001E+02    -0.61508137E+00     0.54666542E-01     0.15000000E+02    -0.73859051E-01     0.50000001E-01     0.43371931E-01     0.49871139E-01      97     0.22222305E-01
-0.12100001E+02    -0.60961813E+00     0.54245498E-01     0.15000000E+02    -0.74050069E-01     0.50000001E-01     0.43562472E-01     0.49445733E-01      97     0.22222305E-01
-0.12000000E+02    -0.60394460E+00     0.53833880E-01     0.15000000E+02    -0.74232616E-01     0.50000001E-01     0.43666098E-01     0.49028538E-01      98     0.19374071E-01
-0.11900001E+02    -0.59828889E+00     0.53416960E-01     0.15000000E+02    -0.74417412E-01     0.50000001E-01     0.43798599E-01     0.48606433E-01      98     0.19374071E-01
-0.11800000E+02    -0.59290540E+00     0.52974794E-01     0.15000000E+02    -0.74611418E-01     0.50000001E-01     0.44038381E-01     0.48159741E-01      98     0.19374071E-01
-0.11700001E+02    -0.58759665E+00     0.52511968E-01     0.15000000E+02    -0.74816041E-01     0.50000001E-01     0.44194210E-01     0.47691241E-01      98     0.19374071E-01
-0.11600000E+02    -0.58318776E+00     0.51965684E-01     0.15000000E+02    -0.75075306E-01     0.50000001E-01     0.44360355E-01     0.47137663E-01      98     0.19374071E-01
-0.11500001E+02    -0.58191222E+00     0.51077008E-01     0.15000000E+02    -0.75515091E-01     0.50000001E-01     0.44551171E-01     0.46236049E-01      98     0.19374071E-01
-0.11400001E+02    -0.57621622E+00     0.50659243E-01     0.15000000E+02    -0.75693548E-01     0.50000001E-01     0.44665068E-01     0.45812838E-01      98     0.19374071E-01
-0.11300001E+02    -0.57059854E+00     0.50233144E-01     0.15000000E+02    -0.75867951E-01     0.50000001E-01     0.44878732E-01     0.45382004E-01      98     0.19374071E-01
-0.11200001E+02    -0.56486678E+00     0.49814224E-01     0.15000000E+02    -0.76037660E-01     0.50000001E-01     0.45028627E-01     0.44957705E-01      99     0.16811348E-01
-0.11100001E+02    -0.55922925E+00     0.49386509E-01     0.15000000E+02    -0.76209813E-01     0.50000001E-01     0.45228150E-01     0.44524975E-01      99     0.16811348E-01
-0.11000001E+02    -0.55453622E+00     0.48895232E-01     0.15000000E+02    -0.76404020E-01     0.50000001E-01     0.46141200E-01     0.44032119E-01      99     0.16811348E-01
-0.10900001E+02    -0.54853821E+00     0.48459250E-01     0.15000000E+02    -0.76594174E-01     0.50000001E-01     0.45543041E-01     0.43585967E-01      99     0.16811348E-01
-0.10800001E+02    -0.54898971E+00     0.47431730E-01     0.15000000E+02    -0.77071302E-01     0.50000001E-01     0.46450850E-01     0.42548280E-01      99     0.16811348E-01
-0.10700001E+02    -0.54250461E+00     0.47046177E-01     0.15000000E+02    -0.77231482E-01     0.50000001E-01     0.45892235E-01     0.42153172E-01      99     0.16811348E-01
-0.10600001E+02    -0.53813148E+00     0.46541948E-01     0.15000000E+02    -0.77407882E-01     0.50000001E-01     0.46909239E-01     0.41650027E-01      99     0.16811348E-01
-0.10500001E+02    -0.53251958E+00     0.46118744E-01     0.15000000E+02    -0.77565558E-01     0.50000001E-01     0.47064129E-01     0.41222259E-01      99     0.16811348E-01
-0.10400002E+02    -0.52707326E+00     0.45680698E-01     0.15000000E+02    -0.77726752E-01     0.50000001E-01     0.47243677E-01     0.40779974E-01      99     0.16811348E-01
-0.10300000E+02    -0.52199680E+00     0.45204252E-01     0.15000000E+02    -0.77904470E-01     0.50000001E-01     0.47518965E-01     0.40299270E-01     100     0.14507390E-01
-0.10200001E+02    -0.51752067E+00     0.44660632E-01     0.15000000E+02    -0.78117780E-01     0.50000001E-01     0.47689907E-01     0.39749403E-01     100     0.14507390E-01
-0.10100000E+02    -0.51684386E+00     0.43727629E-01     0.15000000E+02    -0.78540556E-01     0.50000001E-01     0.47803417E-01     0.38802594E-01     100     0.14507390E-01
-0.10000001E+02    -0.51144576E+00     0.43270472E-01     0.15000000E+02    -0.78698717E-01     0.50000001E-01     0.48018426E-01     0.38341232E-01     100     0.14507390E-01
-0.99000006E+01    -0.50598979E+00     0.42831257E-01     0.15000000E+02    -0.78845963E-01     0.50000001E-01     0.48242826E-01     0.37897829E-01     100     0.14507390E-01
-0.98000011E+01    -0.50051999E+00     0.42404752E-01     0.15000000E+02    -0.78994125E-01     0.50000001E-01     0.48438225E-01     0.37466832E-01     100     0.14507390E-01
-0.97000008E+01    -0.49505356E+00     0.41955281E-01     0.15000000E+02    -0.79149663E-01     0.50000001E-01     0.48580159E-01     0.37012111E-01     100     0.14507390E-01
-0.96000013E+01    -0.49038196E+00     0.41432410E-01     0.15000000E+02    -0.79333834E-01     0.50000001E-01     0.48892219E-01     0.36484119E-01     100     0.14507390E-01
-0.95000010E+01    -0.49045214E+00     0.40446777E-01     0.15000000E+02    -0.79761311E-01     0.50000001E-01     0.48986662E-01     0.35483625E-01     100     0.14507390E-01
-0.94000006E+01    -0.48504451E+00     0.40013827E-01     0.15000000E+02    -0.79906248E-01     0.50000001E-01     0.49126144E-01     0.35045244E-01     101     0.12437641E-01
-0.93000011E+01    -0.48040944E+00     0.39527129E-01     0.15000000E+02    -0.80051497E-01     0.50000001E-01     0.50000001E-01     0.34557056E-01     101     0.12437641E-01
-0.91999998E+01    -0.47474065E+00     0.39092205E-01     0.15000000E+02    -0.80187291E-01     0.50000001E-01     0.50000001E-01     0.34116473E-01     101     0.12437641E-01
-0.91000013E+01    -0.46928629E+00     0.38656324E-01     0.15000000E+02    -0.80329679E-01     0.50000001E-01     0.50000001E-01     0.33674333E-01     101     0.12437641E-01
-0.90000000E+01    -0.46458286E+00     0.38141295E-01     0.15000000E+02    -0.80502376E-01     0.50000001E-01     0.50000001E-01     0.33152226E-01     101     0.12437641E-01
-0.89000015E+01    -0.46481287E+00     0.37171312E-01     0.15000000E+02    -0.80897599E-01     0.50000001E-01     0.50000001E-01     0.32167077E-01     101     0.12437641E-01
-0.88000002E+01    -0.45937815E+00     0.36735747E-01     0.15000000E+02    -0.81022888E-01     0.50000001E-01     0.50000001E-01     0.31725887E-01     101     0.12437641E-01
-0.87000017E+01    -0.45391515E+00     0.36304124E-01     0.15000000E+02    -0.81143849E-01     0.50000001E-01     0.50000001E-01     0.31288590E-01     101     0.12437641E-01
-0.86000004E+01    -0.44856963E+00     0.35856195E-01     0.15000000E+02    -0.81271067E-01     0.50000001E-01     0.50000001E-01     0.30834522E-01     102     0.10580092E-01
-0.85000019E+01    -0.44374931E+00     0.35367500E-01     0.15000000E+02    -0.81410609E-01     0.50000001E-01     0.50000001E-01     0.30339476E-01     102     0.10580092E-01
-0.84000006E+01    -0.44526652E+00     0.34326985E-01     0.15000000E+02    -0.81806220E-01     0.50000001E-01     0.50000001E-01     0.29283047E-01     102     0.10580092E-01
-0.83000011E+01    -0.44029155E+00     0.33867840E-01     0.15000000E+02    -0.81917562E-01     0.50000001E-01     0.50000001E-01     0.28817944E-01     102     0.10580092E-01
-0.82000008E+01    -0.43528378E+00     0.33420403E-01     0.15000000E+02    -0.82025312E-01     0.50000001E-01     0.50000001E-01     0.28364882E-01     102     0.10580092E-01
-0.81000013E+01    -0.43049830E+00     0.32946099E-01     0.15000000E+02    -0.82135186E-01     0.50000001E-01     0.50000001E-01     0.27884543E-01     102     0.10580092E-01
-0.80000010E+01    -0.42679325E+00     0.32392267E-01     0.15000000E+02    -0.82275115E-01     0.50000001E-01     0.50000001E-01     0.27323458E-01     102     0.10580092E-01
-0.79000001E+01    -0.42941695E+00     0.31326707E-01     0.15000000E+02    -0.82604930E-01     0.50000001E-01     0.50000001E-01     0.26242413E-01     102     0.10580092E-01
-0.78000011E+01    -0.42522001E+00     0.30843653E-01     0.15000000E+02    -0.82685880E-01     0.50000001E-01     0.50000001E-01     0.25753375E-01     102     0.10580092E-01
-0.77000003E+01    -0.42147660E+00     0.30326003E-01     0.15000000E+02    -0.82765333E-01     0.50000001E-01     0.50000001E-01     0.25229268E-01     103     0.89153098E-02
-0.76000009E+01    -0.42075208E+00     0.29580060E-01     0.15000000E+02    -0.82894742E-01     0.50000001E-01     0.50000001E-01     0.24473675E-01     103     0.89153098E-02
-0.75000005E+01    -0.42519090E+00     0.28501114E-01     0.15000000E+02    -0.83015829E-01     0.50000001E-01     0.50000001E-01     0.23380388E-01     103     0.89153098E-02
-0.74000010E+01    -0.42464134E+00     0.27865592E-01     0.15000000E+02    -0.82840137E-01     0.50000001E-01     0.50000001E-01     0.22738183E-01     103     0.89153098E-02
-0.73000002E+01    -0.44527021E+00     0.26284195E-01     0.15000000E+02    -0.82226574E-01     0.50000001E-01     0.50000001E-01     0.21134002E-01     103     0.89153098E-02
-0.72000012E+01    -0.44001332E+00     0.25535204E-01     0.15000000E+02    -0.83484605E-01     0.50000001E-01     0.50000001E-01     0.20371012E-01     103     0.89153098E-02
-0.71000004E+01    -0.43529215E+00     0.24130464E-01     0.15000000E+02    -0.86529769E-01     0.50000001E-01     0.50000001E-01     0.18936004E-01     103     0.89153098E-02
-0.70000014E+01    -0.42518327E+00     0.23421824E-01     0.15000000E+02    -0.88397540E-01     0.50000001E-01     0.50000001E-01     0.18211652E-01     103     0.89153098E-02
-0.69000006E+01    -0.41341177E+00     0.22132671E-01     0.15000000E+02    -0.92103034E-01     0.50000001E-01     0.50000001E-01     0.16890688E-01     103     0.89153098E-02
-0.68000016E+01    -0.40051675E+00     0.21531068E-01     0.15000000E+02    -0.94044358E-01     0.50000001E-01     0.50000001E-01     0.16273918E-01     103     0.89153098E-02
-0.67000008E+01    -0.38489452E+00     0.20358032E-01     0.15000000E+02    -0.97923420E-01     0.50000001E-01     0.50000001E-01     0.15068545E-01     104     0.74266298E-02
-0.66000018E+01    -0.37052882E+00     0.19832952E-01     0.15000000E+02    -0.99853851E-01     0.50000001E-01     0.50000001E-01     0.14528794E-01     104     0.74266298E-02
-0.65000010E+01    -0.35523736E+00     0.19221123E-01     0.15000000E+02    -0.10214185E+00     0.50000001E-01     0.50000001E-01     0.13899089E-01     104     0.74266298E-02
-0.64000001E+01    -0.33730146E+00     0.18298781E-01     0.15000000E+02    -0.10566017E+00     0.50000001E-01     0.50000001E-01     0.12947899E-01     104     0.74266298E-02
-0.63000011E+01    -0.32144946E+00     0.17805200E-01     0.15000000E+02    -0.10772642E+00     0.50000001E-01     0.50000001E-01     0.12437953E-01     105     0.60997931E-02
-0.62000003E+01    -0.30204692E+00     0.16921546E-01     0.15000000E+02    -0.11136420E+00     0.50000001E-01     0.50000001E-01     0.11523713E-01     105     0.60997931E-02
-0.61000009E+01    -0.28571743E+00     0.16480828E-01     0.15000000E+02    -0.11336811E+00     0.50000001E-01     0.50000001E-01     0.11066845E-01     105     0.60997931E-02
-0.60000000E+01    -0.26758665E+00     0.15880572E-01     0.15000000E+02    -0.11607032E+00     0.50000001E-01     0.50000001E-01     0.10443532E-01     105     0.60997931E-02
-0.59000010E+01    -0.24906136E+00     0.15288283E-01     0.15000000E+02    -0.11881812E+00     0.50000001E-01     0.50000001E-01     0.98269787E-02     106     0.49227113E-02
-0.58000002E+01    -0.23057650E+00     0.14738504E-01     0.15000000E+02    -0.12145271E+00     0.50000001E-01     0.50000001E-01     0.92533492E-02     106     0.49227113E-02
-0.57000012E+01    -0.21223126E+00     0.14229720E-01     0.15000000E+02    -0.12395602E+00     0.50000001E-01     0.50000001E-01     0.87210778E-02     106     0.49227113E-02
-0.56000004E+01    -0.19300054E+00     0.13668320E-01     0.15000000E+02    -0.12673551E+00     0.50000001E-01     0.50000001E-01     0.81319679E-02     106     0.49227113E-02
-0.55000014E+01    -0.17552501E+00     0.13269130E-01     0.15000000E+02    -0.12880675E+00     0.50000001E-01     0.50000001E-01     0.77112871E-02     107     0.38855695E-02
-0.54000006E+01    -0.15736715E+00     0.12825173E-01     0.15000000E+02    -0.13109791E+00     0.50000001E-01     0.50000001E-01     0.72418586E-02     107     0.38855695E-02
-0.53000016E+01    -0.13949056E+00     0.12409014E-01     0.15000000E+02    -0.13325912E+00     0.50000001E-01     0.50000001E-01     0.67997533E-02     107     0.38855695E-02
-0.52000008E+01    -0.12207153E+00     0.12031623E-01     0.15000000E+02    -0.13523500E+00     0.50000001E-01     0.50000001E-01     0.63963793E-02     107     0.38855695E-02
-0.51000013E+01    -0.10490000E+00     0.11671541E-01     0.15000000E+02    -0.13711143E+00     0.50000001E-01     0.50000001E-01     0.60086981E-02     108     0.29804131E-02
-0.50000010E+01    -0.87457113E-01     0.11284303E-01     0.15000000E+02    -0.13907784E+00     0.50000001E-01     0.50000001E-01     0.55888169E-02     108     0.29804131E-02
-0.49000015E+01    -0.71811050E-01     0.11044360E-01     0.15000000E+02    -0.14038962E+00     0.50000001E-01     0.50000001E-01     0.53261817E-02     108     0.29804131E-02
-0.48000007E+01    -0.58084443E-01     0.10962150E-01     0.15000000E+02    -0.14101017E+00     0.50000001E-01     0.50000001E-01     0.52348305E-02     108     0.29804131E-02
-0.47000003E+01    -0.44529993E-01     0.10893411E-01     0.15000000E+02    -0.14156672E+00     0.50000001E-01     0.50000001E-01     0.51580127E-02     109     0.22007464E-02
-0.46000009E+01    -0.31051682E-01     0.10831229E-01     0.15000000E+02    -0.14209366E+00     0.50000001E-01     0.50000001E-01     0.50882534E-02     109     0.22007464E-02
-0.45000000E+01    -0.17647579E-01     0.10774531E-01     0.15000000E+02    -0.14259560E+00     0.50000001E-01     0.50000001E-01     0.50242301E-02     109     0.22007464E-02
-0.44000010E+01    -0.42989543E-02     0.10722049E-01     0.15000000E+02    -0.14307548E+00     0.50000001E-01     0.50000001E-01     0.49648024E-02     109     0.22007464E-02
-0.43000002E+01     0.89976592E-02     0.10673387E-01     0.15000000E+02    -0.14353587E+00     0.50000001E-01     0.50000001E-01     0.49095387E-02     110     0.15419117E-02
-0.42000012E+01     0.22250418E-01     0.10628412E-01     0.15000000E+02    -0.14398010E+00     0.50000001E-01     0.50000001E-01     0.48580277E-02     110     0.15419117E-02
-0.41000004E+01     0.35461821E-01     0.10586429E-01     0.15000000E+02    -0.14441010E+00     0.50000001E-01     0.50000001E-01     0.48097968E-02     110     0.15419117E-02
-0.40000014E+01     0.48636969E-01     0.10547045E-01     0.15000000E+02    -0.14482677E+00     0.50000001E-01     0.50000001E-01     0.47644340E-02     110     0.15419117E-02
-0.39000006E+01     0.61784010E-01     0.10510379E-01     0.15000000E+02    -0.14523070E+00     0.50000001E-01     0.50000001E-01     0.47218758E-02     110     0.15419117E-02
-0.38000014E+01     0.74898116E-01     0.10475970E-01     0.15000000E+02    -0.14562391E+00     0.50000001E-01     0.50000001E-01     0.46817386E-02     111     0.10009136E-02
-0.37000005E+01     0.87983429E-01     0.10443802E-01     0.15000000E+02    -0.14600687E+00     0.50000001E-01     0.50000001E-01     0.46439613E-02     111     0.10009136E-02
-0.36000016E+01     0.10104336E+00     0.10413473E-01     0.15000000E+02    -0.14638038E+00     0.50000001E-01     0.50000001E-01     0.46081743E-02     111     0.10009136E-02
-0.35000007E+01     0.11408211E+00     0.10385208E-01     0.15000000E+02    -0.14674470E+00     0.50000001E-01     0.50000001E-01     0.45746090E-02     111     0.10009136E-02
-0.34000015E+01     0.12709434E+00     0.10358674E-01     0.15000000E+02    -0.14710104E+00     0.50000001E-01     0.50000001E-01     0.45427526E-02     112     0.57556073E-03
-0.33000009E+01     0.14008723E+00     0.10333831E-01     0.15000000E+02    -0.14744912E+00     0.50000001E-01     0.50000001E-01     0.45128358E-02     112     0.57556073E-03
-0.32000017E+01     0.15305941E+00     0.10310354E-01     0.15000000E+02    -0.14779004E+00     0.50000001E-01     0.50000001E-01     0.44843447E-02     112     0.57556073E-03
-0.31000009E+01     0.16601244E+00     0.10288608E-01     0.15000000E+02    -0.14812376E+00     0.50000001E-01     0.50000001E-01     0.44577317E-02     112     0.57556073E-03
-0.30000000E+01     0.17894548E+00     0.10268474E-01     0.15000000E+02    -0.14845039E+00     0.50000001E-01     0.50000001E-01     0.44327429E-02     113     0.26492128E-03
-0.29000010E+01     0.19186375E+00     0.10249428E-01     0.15000000E+02    -0.14877076E+00     0.50000001E-01     0.50000001E-01     0.44089765E-02     113     0.26492128E-03
-0.28000002E+01     0.20476151E+00     0.10231794E-01     0.15000000E+02    -0.14908504E+00     0.50000001E-01     0.50000001E-01     0.43867454E-02     113     0.26492128E-03
-0.27000012E+01     0.21764505E+00     0.10215451E-01     0.15000000E+02    -0.14939298E+00     0.50000001E-01     0.50000001E-01     0.43658651E-02     113     0.26492128E-03
-0.26000004E+01     0.23050924E+00     0.10200316E-01     0.15000000E+02    -0.14969580E+00     0.50000001E-01     0.50000001E-01     0.43462743E-02     113     0.26492128E-03
-0.25000012E+01     0.24335940E+00     0.10186424E-01     0.15000000E+02    -0.14999284E+00     0.50000001E-01     0.50000001E-01     0.43280604E-02     114     0.74709220E-04
-0.24000003E+01     0.25619519E+00     0.10173677E-01     0.15000000E+02    -0.15028401E+00     0.50000001E-01     0.50000001E-01     0.43109972E-02     114     0.74709220E-04
-0.23000014E+01     0.26901403E+00     0.10162126E-01     0.15000000E+02    -0.15056992E+00     0.50000001E-01     0.50000001E-01     0.42951978E-02     114     0.74709220E-04
-0.22000005E+01     0.28181678E+00     0.10151660E-01     0.15000000E+02    -0.15085143E+00     0.50000001E-01     0.50000001E-01     0.42806156E-02     114     0.74709220E-04
-0.21000013E+01     0.29460990E+00     0.10142107E-01     0.15000000E+02    -0.15112744E+00     0.50000001E-01     0.50000001E-01     0.42670490E-02     115     0.21237647E-05
-0.20000007E+01     0.30738321E+00     0.10133757E-01     0.15000000E+02    -0.15139966E+00     0.50000001E-01     0.50000001E-01     0.42546969E-02     115     0.21237647E-05
-0.19000015E+01     0.32014760E+00     0.10126241E-01     0.15000000E+02    -0.15166572E+00     0.50000001E-01     0.50000001E-01     0.42432416E-02     115     0.21237647E-05
-0.18000008E+01     0.33289593E+00     0.10119868E-01     0.15000000E+02    -0.15192811E+00     0.50000001E-01     0.50000001E-01     0.42330530E-02     115     0.21237647E-05
-0.17000016E+01     0.34562945E+00     0.10114358E-01     0.15000000E+02    -0.15218599E+00     0.50000001E-01     0.50000001E-01     0.42237649E-02     115     0.21237647E-05
-0.16000009E+01     0.35835233E+00     0.10109835E-01     0.15000000E+02    -0.15243907E+00     0.50000001E-01     0.50000001E-01     0.42155613E-02     116     0.28969960E-04
-0.15000000E+01     0.37106168E+00     0.10106263E-01     0.15000000E+02    -0.15268773E+00     0.50000001E-01     0.50000001E-01     0.42083287E-02     116     0.28969960E-04
-0.14000009E+01     0.38375467E+00     0.10103577E-01     0.15000000E+02    -0.15293273E+00     0.50000001E-01     0.50000001E-01     0.42020855E-02     116     0.28969960E-04
-0.13000002E+01     0.39643952E+00     0.10101833E-01     0.15000000E+02    -0.15317318E+00     0.50000001E-01     0.50000001E-01     0.41968320E-02     116     0.28969960E-04
-0.12000011E+01     0.40910798E+00     0.10100905E-01     0.15000000E+02    -0.15340930E+00     0.50000001E-01     0.50000001E-01     0.41925386E-02     117     0.14431638E-03
-0.11000003E+01     0.42176527E+00     0.10100883E-01     0.15000000E+02    -0.15364197E+00     0.50000001E-01     0.50000001E-01     0.41890987E-02     117     0.14431638E-03
-0.10000012E+01     0.43440902E+00     0.10101673E-01     0.15000000E+02    -0.15387088E+00     0.50000001E-01     0.50000001E-01     0.41866060E-02     117     0.14431638E-03
-0.90000039E+00     0.44704035E+00     0.10103344E-01     0.15000000E+02    -0.15409487E+00     0.50000001E-01     0.50000001E-01     0.41849841E-02     117     0.14431638E-03
-0.80000126E+00     0.45966196E+00     0.10105699E-01     0.15000000E+02    -0.15431578E+00     0.50000001E-01     0.50000001E-01     0.41841925E-02     117     0.14431638E-03
-0.70000046E+00     0.47226760E+00     0.10108924E-01     0.15000000E+02    -0.15453279E+00     0.50000001E-01     0.50000001E-01     0.41843606E-02     118     0.34258093E-03
-0.60000139E+00     0.48486176E+00     0.10113047E-01     0.15000000E+02    -0.15474586E+00     0.50000001E-01     0.50000001E-01     0.41854349E-02     118     0.34258093E-03
-0.50000060E+00     0.49744356E+00     0.10117910E-01     0.15000000E+02    -0.15495485E+00     0.50000001E-01     0.50000001E-01     0.41872896E-02     118     0.34258093E-03
-0.40000150E+00     0.51001281E+00     0.10123566E-01     0.15000000E+02    -0.15516043E+00     0.50000001E-01     0.50000001E-01     0.41900198E-02     118     0.34258093E-03
-0.30000070E+00     0.52256811E+00     0.10129956E-01     0.15000000E+02    -0.15536268E+00     0.50000001E-01     0.50000001E-01     0.41935151E-02     118     0.34258093E-03
-0.20000160E+00     0.53511453E+00     0.10137105E-01     0.15000000E+02    -0.15556070E+00     0.50000001E-01     0.50000001E-01     0.41979249E-02     119     0.63133589E-03
-0.10000080E+00     0.54764432E+00     0.10145178E-01     0.15000000E+02    -0.15575573E+00     0.50000001E-01     0.50000001E-01     0.42032204E-02     119     0.63133589E-03
 0.00000000E+00     0.56016546E+00     0.10153721E-01     0.15000000E+02    -0.15594675E+00     0.50000001E-01     0.50000001E-01     0.42090849E-02     119     0.63133589E-03
 0.99999093E-01     0.57267326E+00     0.10163207E-01     0.15000000E+02    -0.15613399E+00     0.50000001E-01     0.50000001E-01     0.42159292E-02     119     0.63133589E-03
 0.19999990E+00     0.58516794E+00     0.10173340E-01     0.15000000E+02    -0.15631790E+00     0.50000001E-01     0.50000001E-01     0.42234752E-02     119     0.63133589E-03
 0.29999900E+00     0.59764928E+00     0.10184227E-01     0.15000000E+02    -0.15649851E+00     0.50000001E-01     0.50000001E-01     0.42319824E-02     120     0.10182067E-02
 0.39999980E+00     0.61012053E+00     0.10195869E-01     0.15000000E+02    -0.15667531E+00     0.50000001E-01     0.50000001E-01     0.42411201E-02     120     0.10182067E-02
 0.49999887E+00     0.62257588E+00     0.10208200E-01     0.15000000E+02    -0.15684925E+00     0.50000001E-01     0.50000001E-01     0.42510475E-02     120     0.10182067E-02
 0.59999967E+00     0.63501847E+00     0.10221206E-01     0.15000000E+02    -0.15701932E+00     0.50000001E-01     0.50000001E-01     0.42616944E-02     120     0.10182067E-02
 0.69999880E+00     0.64745396E+00     0.10234840E-01     0.15000000E+02    -0.15718558E+00     0.50000001E-01     0.50000001E-01     0.42731976E-02     121     0.15063530E-02
 0.79999959E+00     0.65987247E+00     0.10249440E-01     0.15000000E+02    -0.15734887E+00     0.50000001E-01     0.50000001E-01     0.42855307E-02     121     0.15063530E-02
 0.89999866E+00     0.67227548E+00     0.10264697E-01     0.15000000E+02    -0.15750894E+00     0.50000001E-01     0.50000001E-01     0.42985943E-02     121     0.15063530E-02
 0.99999946E+00     0.68466842E+00     0.10280517E-01     0.15000000E+02    -0.15766525E+00     0.50000001E-01     0.50000001E-01     0.43122931E-02     121     0.15063530E-02
 0.10999986E+01     0.69704962E+00     0.10296964E-01     0.15000000E+02    -0.15781817E+00     0.50000001E-01     0.50000001E-01     0.43267058E-02     121     0.15063530E-02
 0.11999993E+01     0.70941710E+00     0.10314112E-01     0.15000000E+02    -0.15796772E+00     0.50000001E-01     0.50000001E-01     0.43419846E-02     122     0.20985133E-02
 0.12999984E+01     0.72177041E+00     0.10332011E-01     0.15000000E+02    -0.15811417E+00     0.50000001E-01     0.50000001E-01     0.43579321E-02     122     0.20985133E-02
 0.13999993E+01     0.73411280E+00     0.10350752E-01     0.15000000E+02    -0.15825665E+00     0.50000001E-01     0.50000001E-01     0.43747611E-02     122     0.20985133E-02
 0.14999983E+01     0.74644089E+00     0.10369983E-01     0.15000000E+02    -0.15839611E+00     0.50000001E-01     0.50000001E-01     0.43921573E-02     122     0.20985133E-02
 0.15999992E+01     0.75875634E+00     0.10390003E-01     0.15000000E+02    -0.15853216E+00     0.50000001E-01     0.50000001E-01     0.44104126E-02     122     0.20985133E-02
 0.16999999E+01     0.77105635E+00     0.10410397E-01     0.15000000E+02    -0.15866473E+00     0.50000001E-01     0.50000001E-01     0.44292221E-02     123     0.27974360E-02
 0.17999990E+01     0.78334498E+00     0.10431835E-01     0.15000000E+02    -0.15879348E+00     0.50000001E-01     0.50000001E-01     0.44489875E-02     123     0.27974360E-02
 0.18999999E+01     0.79562044E+00     0.10453778E-01     0.15000000E+02    -0.15891938E+00     0.50000001E-01     0.50000001E-01     0.44693244E-02     123     0.27974360E-02
 0.19999989E+01     0.80788004E+00     0.10476419E-01     0.15000000E+02    -0.15904230E+00     0.50000001E-01     0.50000001E-01     0.44903825E-02     123     0.27974360E-02
 0.20999997E+01     0.82012630E+00     0.10499672E-01     0.15000000E+02    -0.15916108E+00     0.50000001E-01     0.50000001E-01     0.45121466E-02     123     0.27974360E-02
 0.21999989E+01     0.83235937E+00     0.10523545E-01     0.15000000E+02    -0.15927693E+00     0.50000001E-01     0.50000001E-01     0.45347689E-02     124     0.36052344E-02
 0.22999997E+01     0.84457940E+00     0.10548174E-01     0.15000000E+02    -0.15938902E+00     0.50000001E-01     0.50000001E-01     0.45580138E-02     124     0.36052344E-02
 0.23999987E+01     0.85678095E+00     0.10573334E-01     0.15000000E+02    -0.15949857E+00     0.50000001E-01     0.50000001E-01     0.45818551E-02     124     0.36052344E-02
 0.24999995E+01     0.86897331E+00     0.10599304E-01     0.15000000E+02    -0.15960389E+00     0.50000001E-01     0.50000001E-01     0.46065543E-02     124     0.36052344E-02
 0.25999987E+01     0.88114876E+00     0.10625900E-01     0.15000000E+02    -0.15970580E+00     0.50000001E-01     0.50000001E-01     0.46319286E-02     124     0.36052344E-02
 0.26999993E+01     0.89330935E+00     0.10653116E-01     0.15000000E+02    -0.15980496E+00     0.50000001E-01     0.50000001E-01     0.46579940E-02     124     0.36052344E-02
 0.27999985E+01     0.90545565E+00     0.10680642E-01     0.15000000E+02    -0.15990004E+00     0.50000001E-01     0.50000001E-01     0.46845586E-02     125     0.45235301E-02
 0.28999994E+01     0.91758931E+00     0.10709509E-01     0.15000000E+02    -0.15999138E+00     0.50000001E-01     0.50000001E-01     0.47123721E-02     125     0.45235301E-02
 0.29999983E+01     0.92970431E+00     0.10738612E-01     0.15000000E+02    -0.16008042E+00     0.50000001E-01     0.50000001E-01     0.47404822E-02     125     0.45235301E-02
 0.30999992E+01     0.94180590E+00     0.10768410E-01     0.15000000E+02    -0.16016544E+00     0.50000001E-01     0.50000001E-01     0.47693760E-02     125     0.45235301E-02
 0.31999984E+01     0.95389235E+00     0.10798874E-01     0.15000000E+02    -0.16024666E+00     0.50000001E-01     0.50000001E-01     0.47989269E-02     125     0.45235301E-02
 0.32999990E+01     0.96596360E+00     0.10829946E-01     0.15000000E+02    -0.16032518E+00     0.50000001E-01     0.50000001E-01     0.48294021E-02     126     0.55540195E-02
 0.33999999E+01     0.97801769E+00     0.10861713E-01     0.15000000E+02    -0.16039972E+00     0.50000001E-01     0.50000001E-01     0.48603872E-02     126     0.55540195E-02
 0.34999990E+01     0.99006087E+00     0.10894176E-01     0.15000000E+02    -0.16047052E+00     0.50000001E-01     0.50000001E-01     0.48921420E-02     126     0.55540195E-02
 0.35999999E+01     0.10020863E+01     0.10927286E-01     0.15000000E+02    -0.16053751E+00     0.50000001E-01     0.50000001E-01     0.49245954E-02     126     0.55540195E-02
 0.36999989E+01     0.10140920E+01     0.10960999E-01     0.15000000E+02    -0.16060206E+00     0.50000001E-01     0.50000001E-01     0.49577137E-02     126     0.55540195E-02
 0.37999997E+01     0.10260853E+01     0.10995045E-01     0.15000000E+02    -0.16066211E+00     0.50000001E-01     0.50000001E-01     0.49914345E-02     127     0.66984380E-02
 0.38999987E+01     0.10380608E+01     0.11030348E-01     0.15000000E+02    -0.16071884E+00     0.50000001E-01     0.50000001E-01     0.50262413E-02     127     0.66984380E-02
 0.39999995E+01     0.10500170E+01     0.11066073E-01     0.15000000E+02    -0.16077258E+00     0.50000001E-01     0.50000001E-01     0.50615384E-02     127     0.66984380E-02
 0.40999985E+01     0.10619605E+01     0.11102418E-01     0.15000000E+02    -0.16082191E+00     0.50000001E-01     0.50000001E-01     0.50975094E-02     127     0.66984380E-02
 0.41999993E+01     0.10738882E+01     0.11139467E-01     0.15000000E+02    -0.16086729E+00     0.50000001E-01     0.50000001E-01     0.51342291E-02     127     0.66984380E-02
 0.42999988E+01     0.10857943E+01     0.11176542E-01     0.15000000E+02    -0.16090982E+00     0.50000001E-01     0.50000001E-01     0.51712845E-02     128     0.79589644E-02
 0.43999991E+01     0.10976857E+01     0.11215378E-01     0.15000000E+02    -0.16094883E+00     0.50000001E-01     0.50000001E-01     0.52099219E-02     128     0.79589644E-02
 0.44999986E+01     0.11095582E+01     0.11254329E-01     0.15000000E+02    -0.16098297E+00     0.50000001E-01     0.50000001E-01     0.52486826E-02     128     0.79589644E-02
 0.45999994E+01     0.11214144E+01     0.11293530E-01     0.15000000E+02    -0.16101421E+00     0.50000001E-01     0.50000001E-01     0.52878135E-02     128     0.79589644E-02
 0.47000003E+01     0.11332533E+01     0.11333638E-01     0.15000000E+02    -0.16104141E+00     0.50000001E-01     0.50000001E-01     0.53279148E-02     128     0.79589644E-02
 0.47999973E+01     0.11450715E+01     0.11374610E-01     0.15000000E+02    -0.16106552E+00     0.50000001E-01     0.50000001E-01     0.53691389E-02     129     0.93380893E-02
 0.48999982E+01     0.11568727E+01     0.11416237E-01     0.15000000E+02    -0.16108494E+00     0.50000001E-01     0.50000001E-01     0.54108468E-02     129     0.93380893E-02
 0.49999990E+01     0.11686587E+01     0.11458451E-01     0.15000000E+02    -0.16110054E+00     0.50000001E-01     0.50000001E-01     0.54532294E-02     129     0.93380893E-02
 0.50999999E+01     0.11804193E+01     0.11501594E-01     0.15000000E+02    -0.16111304E+00     0.50000001E-01     0.50000001E-01     0.54965112E-02     129     0.93380893E-02
 0.52000008E+01     0.11921653E+01     0.11545121E-01     0.15000000E+02    -0.16112062E+00     0.50000001E-01     0.50000001E-01     0.55403011E-02     129     0.93380893E-02
 0.52999978E+01     0.12038904E+01     0.11589395E-01     0.15000000E+02    -0.16112459E+00     0.50000001E-01     0.50000001E-01     0.55851582E-02     130     0.10838998E-01
 0.53999987E+01     0.12155972E+01     0.11634525E-01     0.15000000E+02    -0.16112459E+00     0.50000001E-01     0.50000001E-01     0.56306436E-02     130     0.10838998E-01
 0.54999995E+01     0.12272826E+01     0.11680119E-01     0.15000000E+02    -0.16112092E+00     0.50000001E-01     0.50000001E-01     0.56766998E-02     130     0.10838998E-01
 0.56000004E+01     0.12389479E+01     0.11726520E-01     0.15000000E+02    -0.16111298E+00     0.50000001E-01     0.50000001E-01     0.57235579E-02     130     0.10838998E-01
 0.56999979E+01     0.12505924E+01     0.11773516E-01     0.15000000E+02    -0.16110133E+00     0.50000001E-01     0.50000001E-01     0.57711336E-02     130     0.10838998E-01
 0.57999988E+01     0.12622175E+01     0.11821190E-01     0.15000000E+02    -0.16108519E+00     0.50000001E-01     0.50000001E-01     0.58193938E-02     130     0.10838998E-01
 0.58999996E+01     0.12738204E+01     0.11869785E-01     0.15000000E+02    -0.16106468E+00     0.50000001E-01     0.50000001E-01     0.58689252E-02     131     0.12465740E-01
 0.60000000E+01     0.12854061E+01     0.11918905E-01     0.15000000E+02    -0.16103962E+00     0.50000001E-01     0.50000001E-01     0.59187729E-02     131     0.12465740E-01
 0.60999975E+01     0.12969652E+01     0.11968640E-01     0.15000000E+02    -0.16101135E+00     0.50000001E-01     0.50000001E-01     0.59693195E-02     131     0.12465740E-01
 0.61999984E+01     0.13085048E+01     0.12019321E-01     0.15000000E+02    -0.16097786E+00     0.50000001E-01     0.50000001E-01     0.60208137E-02     131     0.12465740E-01
 0.62999992E+01     0.13200198E+01     0.12070558E-01     0.15000000E+02    -0.16094077E+00     0.50000001E-01     0.50000001E-01     0.60729804E-02     131     0.12465740E-01
 0.64000001E+01     0.13315173E+01     0.12122502E-01     0.15000000E+02    -0.16089861E+00     0.50000001E-01     0.50000001E-01     0.61261798E-02     132     0.14223367E-01
 0.65000010E+01     0.13429891E+01     0.12175253E-01     0.15000000E+02    -0.16085197E+00     0.50000001E-01     0.50000001E-01     0.61799427E-02     132     0.14223367E-01
 0.65999980E+01     0.13544326E+01     0.12228841E-01     0.15000000E+02    -0.16080108E+00     0.50000001E-01     0.50000001E-01     0.62345942E-02     132     0.14223367E-01
 0.66999989E+01     0.13656118E+01     0.12300632E-01     0.15000000E+02    -0.16070142E+00     0.49183685E-01     0.50000001E-01     0.63027511E-02     132     0.14223367E-01
 0.67999997E+01     0.13767328E+01     0.12375354E-01     0.15000000E+02    -0.16059102E+00     0.48332796E-01     0.50000001E-01     0.63732904E-02     132     0.14223367E-01
 0.69000006E+01     0.13878754E+01     0.12447234E-01     0.15000000E+02    -0.16048445E+00     0.47439389E-01     0.50000001E-01     0.64420081E-02     132     0.14223367E-01
 0.69999981E+01     0.13990571E+01     0.12514752E-01     0.15000000E+02    -0.16038473E+00     0.46601593E-01     0.50000001E-01     0.65060183E-02     133     0.16118005E-01
 0.70999990E+01     0.14101909E+01     0.12584756E-01     0.15000000E+02    -0.16027662E+00     0.45872085E-01     0.50000001E-01     0.65738196E-02     133     0.16118005E-01
 0.71999998E+01     0.14204966E+01     0.12710752E-01     0.15000000E+02    -0.16001917E+00     0.42854212E-01     0.50000001E-01     0.66836630E-02     133     0.16118005E-01
 0.73000002E+01     0.14315445E+01     0.12784387E-01     0.15000000E+02    -0.15989453E+00     0.42150866E-01     0.50000001E-01     0.67552077E-02     133     0.16118005E-01
 0.73999977E+01     0.14425808E+01     0.12856953E-01     0.15000000E+02    -0.15976779E+00     0.41405737E-01     0.50000001E-01     0.68244725E-02     133     0.16118005E-01
 0.74999986E+01     0.14535854E+01     0.12930316E-01     0.15000000E+02    -0.15963629E+00     0.40828325E-01     0.50000001E-01     0.68965917E-02     134     0.18157382E-01
 0.75999994E+01     0.14645419E+01     0.13005892E-01     0.15000000E+02    -0.15949516E+00     0.40257163E-01     0.50000001E-01     0.69705551E-02     134     0.18157382E-01
 0.77000003E+01     0.14754051E+01     0.13086517E-01     0.15000000E+02    -0.15933712E+00     0.39622679E-01     0.50000001E-01     0.70488802E-02     134     0.18157382E-01
 0.77999973E+01     0.14862270E+01     0.13168252E-01     0.15000000E+02    -0.15917255E+00     0.39077085E-01     0.50000001E-01     0.71283309E-02     134     0.18157382E-01
 0.78999982E+01     0.14969826E+01     0.13253183E-01     0.15000000E+02    -0.15899530E+00     0.38487822E-01     0.50000001E-01     0.72105937E-02     134     0.18157382E-01
 0.79999990E+01     0.15077405E+01     0.13336861E-01     0.15000000E+02    -0.15881740E+00     0.37897971E-01     0.50000001E-01     0.72921123E-02     134     0.18157382E-01
 0.81000004E+01     0.15180225E+01     0.13449227E-01     0.15000000E+02    -0.15855481E+00     0.35707783E-01     0.50000001E-01     0.73945173E-02     135     0.20350950E-01
 0.82000008E+01     0.15286925E+01     0.13535043E-01     0.15000000E+02    -0.15836178E+00     0.35175625E-01     0.50000001E-01     0.74785915E-02     135     0.20350950E-01
 0.82999983E+01     0.15393567E+01     0.13619465E-01     0.15000000E+02    -0.15816869E+00     0.34791276E-01     0.50000001E-01     0.75619798E-02     135     0.20350950E-01
 0.83999987E+01     0.15498588E+01     0.13713404E-01     0.15000000E+02    -0.15794520E+00     0.34211762E-01     0.50000001E-01     0.76531596E-02     135     0.20350950E-01
 0.85000000E+01     0.15604064E+01     0.13802672E-01     0.15000000E+02    -0.15772994E+00     0.33771150E-01     0.50000001E-01     0.77409381E-02     135     0.20350950E-01
 0.86000004E+01     0.15704468E+01     0.13921141E-01     0.15000000E+02    -0.15742607E+00     0.31858947E-01     0.50000001E-01     0.78507187E-02     136     0.22710007E-01
 0.86999979E+01     0.15809238E+01     0.14011150E-01     0.15000000E+02    -0.15719838E+00     0.31435065E-01     0.50000001E-01     0.79399412E-02     136     0.22710007E-01
 0.87999983E+01     0.15919292E+01     0.14067943E-01     0.15000000E+02    -0.15706424E+00     0.32337409E-01     0.50000001E-01     0.80032460E-02     136     0.22710007E-01
 0.88999996E+01     0.16016959E+01     0.14198075E-01     0.15000000E+02    -0.15671037E+00     0.30686563E-01     0.50000001E-01     0.81251822E-02     136     0.22710007E-01
 0.90000000E+01     0.16119512E+01     0.14296117E-01     0.15000000E+02    -0.15644367E+00     0.30283000E-01     0.50000001E-01     0.82218582E-02     136     0.22710007E-01
 0.90999975E+01     0.16221926E+01     0.14393683E-01     0.15000000E+02    -0.15617497E+00     0.29927546E-01     0.50000001E-01     0.83185220E-02     136     0.22710007E-01
 0.91999989E+01     0.16323735E+01     0.14493849E-01     0.15000000E+02    -0.15589395E+00     0.29472355E-01     0.50000001E-01     0.84179826E-02     137     0.25248373E-01
 0.92999992E+01     0.16425830E+01     0.14589242E-01     0.15000000E+02    -0.15561980E+00     0.29101815E-01     0.50000001E-01     0.85135289E-02     137     0.25248373E-01
 0.94000006E+01     0.16527362E+01     0.14687341E-01     0.15000000E+02    -0.15533479E+00     0.28716994E-01     0.50000001E-01     0.86108474E-02     137     0.25248373E-01
 0.94999971E+01     0.16628371E+01     0.14786129E-01     0.15000000E+02    -0.15504086E+00     0.28415767E-01     0.50000001E-01     0.87099206E-02     137     0.25248373E-01
 0.95999985E+01     0.16728554E+01     0.14887939E-01     0.15000000E+02    -0.15473238E+00     0.28086122E-01     0.50000001E-01     0.88119432E-02     137     0.25248373E-01
 0.96999989E+01     0.16828208E+01     0.14989696E-01     0.15000000E+02    -0.15441443E+00     0.27806779E-01     0.50000001E-01     0.89142369E-02     137     0.25248373E-01
 0.98000002E+01     0.16918215E+01     0.15144545E-01     0.15000000E+02    -0.15392663E+00     0.26449384E-01     0.50000001E-01     0.90615973E-02     138     0.27982686E-01
 0.99000006E+01     0.17015860E+01     0.15253713E-01     0.15000000E+02    -0.15357439E+00     0.26169889E-01     0.50000001E-01     0.91709420E-02     138     0.27982686E-01
 0.99999981E+01     0.17112560E+01     0.15366497E-01     0.15000000E+02    -0.15320307E+00     0.25787368E-01     0.50000001E-01     0.92837438E-02     138     0.27982686E-01
 0.10099998E+02     0.17209454E+01     0.15476072E-01     0.15000000E+02    -0.15283667E+00     0.25495950E-01     0.50000001E-01     0.93942247E-02     138     0.27982686E-01
 0.10200000E+02     0.17305363E+01     0.15588506E-01     0.15000000E+02    -0.15245293E+00     0.25191501E-01     0.50000001E-01     0.95068552E-02     138     0.27982686E-01
 0.10300000E+02     0.17400299E+01     0.15702585E-01     0.15000000E+02    -0.15205263E+00     0.24929829E-01     0.50000001E-01     0.96219480E-02     138     0.27982686E-01
 0.10399998E+02     0.17494009E+01     0.15819408E-01     0.15000000E+02    -0.15163018E+00     0.24679830E-01     0.50000001E-01     0.97399373E-02     138     0.27982686E-01
 0.10499999E+02     0.17586191E+01     0.15938841E-01     0.15000000E+02    -0.15117817E+00     0.24446001E-01     0.50000001E-01     0.98611340E-02     139     0.30932982E-01
 0.10599999E+02     0.17676281E+01     0.16061371E-01     0.15000000E+02    -0.15068617E+00     0.24200434E-01     0.50000001E-01     0.99850157E-02     139     0.30932982E-01
 0.10700000E+02     0.17754663E+01     0.16234782E-01     0.15000000E+02    -0.14998776E+00     0.23185955E-01     0.50000001E-01     0.10153567E-01     139     0.30932982E-01
 0.10799997E+02     0.17851069E+01     0.16319649E-01     0.15000000E+02    -0.14960562E+00     0.23749821E-01     0.50000001E-01     0.10246158E-01     139     0.30932982E-01
 0.10899999E+02     0.17936600E+01     0.16451770E-01     0.15000000E+02    -0.14903076E+00     0.23570491E-01     0.50000001E-01     0.10380082E-01     139     0.30932982E-01
 0.10999999E+02     0.18009818E+01     0.16636562E-01     0.15000000E+02    -0.14824098E+00     0.22408893E-01     0.50000001E-01     0.10560147E-01     139     0.30932982E-01
 0.11100000E+02     0.18093508E+01     0.16771264E-01     0.15000000E+02    -0.14763494E+00     0.22232501E-01     0.50000001E-01     0.10697920E-01     140     0.34123309E-01
 0.11200001E+02     0.18174148E+01     0.16913401E-01     0.15000000E+02    -0.14697264E+00     0.22003029E-01     0.50000001E-01     0.10841958E-01     140     0.34123309E-01
 0.11299998E+02     0.18252897E+01     0.17059509E-01     0.15000000E+02    -0.14627689E+00     0.21789024E-01     0.50000001E-01     0.10990811E-01     140     0.34123309E-01
 0.11399999E+02     0.18330399E+01     0.17208375E-01     0.15000000E+02    -0.14555968E+00     0.21623682E-01     0.50000001E-01     0.11142727E-01     140     0.34123309E-01
 0.11500000E+02     0.18406245E+01     0.17363360E-01     0.15000000E+02    -0.14481618E+00     0.21432428E-01     0.50000001E-01     0.11300739E-01     140     0.34123309E-01
 0.11600000E+02     0.18479191E+01     0.17525544E-01     0.15000000E+02    -0.14401719E+00     0.21249358E-01     0.50000001E-01     0.11466269E-01     140     0.34123309E-01
 0.11699998E+02     0.18505574E+01     0.17736623E-01     0.15000000E+02    -0.14228693E+00     0.21144710E-01     0.50000001E-01     0.11685025E-01     140     0.34123309E-01
 0.11799999E+02     0.18529937E+01     0.17970864E-01     0.15000000E+02    -0.14052823E+00     0.20960309E-01     0.50000001E-01     0.11926266E-01     140     0.34123309E-01
 0.11900000E+02     0.18592777E+01     0.18165175E-01     0.15000000E+02    -0.13954915E+00     0.20823779E-01     0.50000001E-01     0.12125509E-01     141     0.37582316E-01
 0.12000000E+02     0.18656142E+01     0.18370161E-01     0.15000000E+02    -0.13859770E+00     0.20649265E-01     0.50000001E-01     0.12334427E-01     141     0.37582316E-01
 0.12099998E+02     0.18719962E+01     0.18582892E-01     0.15000000E+02    -0.13766456E+00     0.20415368E-01     0.50000001E-01     0.12550740E-01     141     0.37582316E-01
 0.12199999E+02     0.18786212E+01     0.18792747E-01     0.15000000E+02    -0.13678649E+00     0.20254744E-01     0.50000001E-01     0.12764351E-01     141     0.37582316E-01
 0.12299999E+02     0.18852074E+01     0.19006381E-01     0.15000000E+02    -0.13590632E+00     0.20139810E-01     0.50000001E-01     0.12982484E-01     141     0.37582316E-01
 0.12400001E+02     0.18914739E+01     0.19233013E-01     0.15000000E+02    -0.13497710E+00     0.19968035E-01     0.50000001E-01     0.13213815E-01     141     0.37582316E-01
 0.12499997E+02     0.18978522E+01     0.19460985E-01     0.15000000E+02    -0.13407417E+00     0.19818524E-01     0.50000001E-01     0.13446726E-01     141     0.37582316E-01
 0.12599998E+02     0.19031601E+01     0.19742783E-01     0.15000000E+02    -0.13300616E+00     0.18951209E-01     0.50000001E-01     0.13729455E-01     141     0.37582316E-01
 0.12699999E+02     0.19102010E+01     0.19943437E-01     0.15000000E+02    -0.13222633E+00     0.19364543E-01     0.50000001E-01     0.13939443E-01     142     0.41344337E-01
 0.12800000E+02     0.19150963E+01     0.20246677E-01     0.15000000E+02    -0.13110405E+00     0.18689074E-01     0.50000001E-01     0.14245466E-01     142     0.41344337E-01
 0.12900001E+02     0.19222343E+01     0.20453693E-01     0.15000000E+02    -0.13035831E+00     0.19127626E-01     0.50000001E-01     0.14461474E-01     142     0.41344337E-01
 0.12999998E+02     0.19268194E+01     0.20780258E-01     0.15000000E+02    -0.12920773E+00     0.18458720E-01     0.50000001E-01     0.14791284E-01     142     0.41344337E-01
 0.13099999E+02     0.19321092E+01     0.21076793E-01     0.15000000E+02    -0.12817739E+00     0.18300734E-01     0.50000001E-01     0.15094206E-01     142     0.41344337E-01
 0.13200000E+02     0.19375279E+01     0.21375448E-01     0.15000000E+02    -0.12718379E+00     0.18157693E-01     0.50000001E-01     0.15399157E-01     142     0.41344337E-01
 0.13300000E+02     0.19426835E+01     0.21692641E-01     0.15000000E+02    -0.12615892E+00     0.18039009E-01     0.50000001E-01     0.15723161E-01     142     0.41344337E-01
 0.13399998E+02     0.19474995E+01     0.22022909E-01     0.15000000E+02    -0.12508924E+00     0.17921770E-01     0.50000001E-01     0.16060825E-01     142     0.41344337E-01
 0.13499999E+02     0.19525203E+01     0.22356905E-01     0.15000000E+02    -0.12407054E+00     0.17804246E-01     0.50000001E-01     0.16402056E-01     142     0.41344337E-01
 0.13599999E+02     0.19570280E+01     0.22722447E-01     0.15000000E+02    -0.12298158E+00     0.17707057E-01     0.50000001E-01     0.16775779E-01     143     0.45449886E-01
 0.13700001E+02     0.19615089E+01     0.23086920E-01     0.15000000E+02    -0.12190773E+00     0.17621584E-01     0.50000001E-01     0.17148821E-01     143     0.45449886E-01
 0.13799997E+02     0.19657769E+01     0.23479708E-01     0.15000000E+02    -0.12081809E+00     0.17452203E-01     0.50000001E-01     0.17549302E-01     143     0.45449886E-01
 0.13899999E+02     0.19697145E+01     0.23888621E-01     0.15000000E+02    -0.11969361E+00     0.17377611E-01     0.50000001E-01     0.17967954E-01     143     0.45449886E-01
 0.13999999E+02     0.19736397E+01     0.24311000E-01     0.15000000E+02    -0.11859570E+00     0.17203318E-01     0.50000001E-01     0.18398941E-01     143     0.45449886E-01
 0.14100000E+02     0.19771408E+01     0.24759404E-01     0.15000000E+02    -0.11744850E+00     0.17115485E-01     0.50000001E-01     0.18857721E-01     143     0.45449886E-01
 0.14199998E+02     0.19806178E+01     0.25225934E-01     0.15000000E+02    -0.11632796E+00     0.16955478E-01     0.50000001E-01     0.19334201E-01     143     0.45449886E-01
 0.14299998E+02     0.19838984E+01     0.25704574E-01     0.15000000E+02    -0.11520081E+00     0.16934371E-01     0.50000001E-01     0.19824419E-01     143     0.45449886E-01
 0.14400000E+02     0.19867995E+01     0.26218725E-01     0.15000000E+02    -0.11405244E+00     0.16761623E-01     0.50000001E-01     0.20349463E-01     143     0.45449886E-01
 0.14500000E+02     0.20009255E+01     0.26674239E-01     0.15000000E+02    -0.11511695E+00     0.16611256E-01     0.40352073E+00     0.21141211E-01     144     0.49946301E-01
 0.14600000E+02     0.20032053E+01     0.27258966E-01     0.15000000E+02    -0.11392375E+00     0.16562944E-01     0.40387261E+00     0.21737758E-01     144     0.49946301E-01
 0.14699998E+02     0.20048149E+01     0.27887538E-01     0.15000000E+02    -0.11269125E+00     0.16365517E-01     0.40430126E+00     0.22378536E-01     144     0.49946301E-01
 0.14799999E+02     0.20043015E+01     0.28674515E-01     0.15000000E+02    -0.11125958E+00     0.15840249E-01     0.40459436E+00     0.23177840E-01     144     0.49946301E-01
 0.14900000E+02     0.20056064E+01     0.29366337E-01     0.15000000E+02    -0.11008843E+00     0.15823636E-01     0.40493676E+00     0.23884149E-01     144     0.49946301E-01
 0.15000001E+02     0.20082521E+01     0.29969798E-01     0.15000000E+02    -0.10910618E+00     0.16190080E-01     0.40552393E+00     0.24504609E-01     144     0.49946301E-01
 0.15099998E+02     0.20053990E+01     0.30986276E-01     0.15000000E+02    -0.10763390E+00     0.15642142E-01     0.40759709E+00     0.25542291E-01     144     0.49946301E-01
 0.15199999E+02     0.20079436E+01     0.31637009E-01     0.15000000E+02    -0.10674851E+00     0.16059456E-01     0.40798289E+00     0.26211563E-01     144     0.49946301E-01
 0.15299999E+02     0.20027049E+01     0.32866623E-01     0.15000000E+02    -0.10524724E+00     0.15515519E-01     0.40816817E+00     0.27463745E-01     144     0.49946301E-01
 0.15400001E+02     0.20041776E+01     0.33626679E-01     0.15000000E+02    -0.10439219E+00     0.15949260E-01     0.40679979E+00     0.28242216E-01     144     0.49946301E-01
 0.15499998E+02     0.19967132E+01     0.35090048E-01     0.15000000E+02    -0.10302438E+00     0.15410332E-01     0.40883115E+00     0.29738531E-01     144     0.49946301E-01
 0.15599998E+02     0.19902754E+01     0.36526490E-01     0.15000000E+02    -0.10191302E+00     0.15295493E-01     0.40901357E+00     0.31208031E-01     144     0.49946301E-01
 0.15699999E+02     0.19895008E+01     0.37518036E-01     0.15000000E+02    -0.10124288E+00     0.15733767E-01     0.40931603E+00     0.32229267E-01     144     0.49946301E-01
 0.15800000E+02     0.19809641E+01     0.39176479E-01     0.15000000E+02    -0.10037594E+00     0.15665848E-01     0.40947112E+00     0.33928480E-01     144     0.49946301E-01
 0.15899998E+02     0.19716452E+01     0.40899489E-01     0.15000000E+02    -0.99716589E-01     0.15689299E-01     0.40978467E+00     0.35696786E-01     144     0.49946301E-01
 0.15999998E+02     0.19580927E+01     0.43033868E-01     0.15000000E+02    -0.99244945E-01     0.15697971E-01     0.40977356E+00     0.37887290E-01     144     0.49946301E-01
 0.16099998E+02     0.19293686E+01     0.46555739E-01     0.15000000E+02    -0.99186510E-01     0.15244663E-01     0.40968236E+00     0.41498613E-01     144     0.49946301E-01
 0.16200001E+02     0.19068030E+01     0.49569193E-01     0.15000000E+02    -0.99561594E-01     0.15341741E-01     0.40966517E+00     0.44594556E-01     144     0.49946301E-01
 0.16300001E+02     0.18669212E+01     0.54161105E-01     0.15000000E+02    -0.10078268E+00     0.15363353E-01     0.40924680E+00     0.49312379E-01     144     0.49946301E-01
 0.16399998E+02     0.18406762E+01     0.57340939E-01     0.15000000E+02    -0.10175384E+00     0.15935235E-01     0.40912130E+00     0.52587714E-01     144     0.49946301E-01
 0.16600000E+02     0.16673496E+01     0.73871396E-01     0.15000000E+02    -0.10584411E+00     0.16643191E-01     0.50000001E-01     0.69169469E-01     143     0.45449886E-01
 0.16700001E+02     0.16222181E+01     0.80154754E-01     0.15000000E+02    -0.10814361E+00     0.16893325E-01     0.50000001E-01     0.75562112E-01     143     0.45449886E-01
 0.16799997E+02     0.15980049E+01     0.84176779E-01     0.15000000E+02    -0.10977852E+00     0.17058890E-01     0.50000001E-01     0.79649828E-01     143     0.45449886E-01
 0.16900000E+02     0.15766758E+01     0.88017456E-01     0.15000000E+02    -0.11153258E+00     0.16960042E-01     0.50000001E-01     0.83548702E-01     142     0.41344337E-01
 0.17000000E+02     0.15597593E+01     0.91428645E-01     0.15000000E+02    -0.11321437E+00     0.16964853E-01     0.50000001E-01     0.87011285E-01     142     0.41344337E-01
