  
       RFOIL         Version 3.00
  
 Calculated polar for: OSO_2025_WT2_T27                
  
 1  Reynolds number fixed
  
 xtrf =      1.00000000 (suction)     1.00000000 (pressure)
 Rot. Parameters:  f0 =      1.00000000 c/r =      0.00000000
 Mach =      0.00000000     Re =     12.00000000 e 6     Ncrit =      9.00000000
  
             alpha                CL                CD            Re(CL)                CM             S_xtr             P_xtr               CDp            I_stag            X_stag
  ------- -------- --------- --------- -------- ------- ------- -------- 
-0.23900000E+02    -0.10214245E+01     0.14761341E+00     0.12000000E+02    -0.83269905E-02     0.99808812E+00     0.34099720E-01     0.14561729E+00      88     0.75073726E-01
-0.23800001E+02    -0.10148852E+01     0.14692421E+00     0.12000000E+02    -0.93195112E-02     0.99804223E+00     0.33760741E-01     0.14491801E+00      89     0.67752108E-01
-0.23700001E+02    -0.10108154E+01     0.14630736E+00     0.12000000E+02    -0.98887067E-02     0.99803197E+00     0.33928130E-01     0.14429764E+00      89     0.67752108E-01
-0.23600000E+02    -0.10060343E+01     0.14549102E+00     0.12000000E+02    -0.11007045E-01     0.99798775E+00     0.34252856E-01     0.14348307E+00      89     0.67752108E-01
-0.23500000E+02    -0.10014423E+01     0.14474717E+00     0.12000000E+02    -0.11903615E-01     0.99795139E+00     0.34386311E-01     0.14273819E+00      89     0.67752108E-01
-0.22800001E+02    -0.97480333E+00     0.13880351E+00     0.12000000E+02    -0.18088810E-01     0.99775583E+00     0.35880540E-01     0.13677099E+00      89     0.67752108E-01
-0.22700001E+02    -0.96958059E+00     0.13810354E+00     0.12000000E+02    -0.18938482E-01     0.99772078E+00     0.36081269E-01     0.13606943E+00      89     0.67752108E-01
-0.22600002E+02    -0.96465898E+00     0.13740964E+00     0.12000000E+02    -0.19673647E-01     0.99769175E+00     0.36223527E-01     0.13537231E+00      89     0.67752108E-01
-0.22500000E+02    -0.96075809E+00     0.13676015E+00     0.12000000E+02    -0.20217381E-01     0.99768662E+00     0.36272578E-01     0.13471892E+00      90     0.60823578E-01
-0.22400002E+02    -0.95543748E+00     0.13597290E+00     0.12000000E+02    -0.21153569E-01     0.99763894E+00     0.36368184E-01     0.13392726E+00      90     0.60823578E-01
-0.22300001E+02    -0.95177960E+00     0.13499814E+00     0.12000000E+02    -0.22123570E-01     0.99760622E+00     0.36616556E-01     0.13294390E+00      90     0.60823578E-01
-0.22200001E+02    -0.94968694E+00     0.13369748E+00     0.12000000E+02    -0.23201268E-01     0.99757540E+00     0.36571894E-01     0.13163099E+00      90     0.60823578E-01
-0.22100000E+02    -0.94498396E+00     0.13301668E+00     0.12000000E+02    -0.23975030E-01     0.99754399E+00     0.37243526E-01     0.13094826E+00      90     0.60823578E-01
-0.22000000E+02    -0.93915027E+00     0.13227585E+00     0.12000000E+02    -0.24958082E-01     0.99748093E+00     0.37397020E-01     0.13020581E+00      90     0.60823578E-01
-0.21900002E+02    -0.93550020E+00     0.13167623E+00     0.12000000E+02    -0.25355196E-01     0.99749011E+00     0.37706293E-01     0.12960680E+00      90     0.60823578E-01
-0.21800001E+02    -0.92991245E+00     0.13094658E+00     0.12000000E+02    -0.26267506E-01     0.99743664E+00     0.37930615E-01     0.12887557E+00      90     0.60823578E-01
-0.21700001E+02    -0.92408586E+00     0.13029011E+00     0.12000000E+02    -0.27019523E-01     0.99739444E+00     0.37649091E-01     0.12821238E+00      90     0.60823578E-01
-0.21600000E+02    -0.91874641E+00     0.12948598E+00     0.12000000E+02    -0.28072620E-01     0.99732125E+00     0.38094074E-01     0.12741004E+00      90     0.60823578E-01
-0.21500002E+02    -0.91457456E+00     0.12869033E+00     0.12000000E+02    -0.28801436E-01     0.99729389E+00     0.38334750E-01     0.12661375E+00      90     0.60823578E-01
-0.21400000E+02    -0.91262299E+00     0.12770590E+00     0.12000000E+02    -0.29488720E-01     0.99729514E+00     0.38647283E-01     0.12562422E+00      90     0.60823578E-01
-0.21300001E+02    -0.90968663E+00     0.12638877E+00     0.12000000E+02    -0.30859577E-01     0.99721205E+00     0.38987942E-01     0.12430003E+00      91     0.54339148E-01
-0.21200001E+02    -0.90361434E+00     0.12554526E+00     0.12000000E+02    -0.31966586E-01     0.99711144E+00     0.39328806E-01     0.12345773E+00      91     0.54339148E-01
-0.21100002E+02    -0.89882845E+00     0.12498678E+00     0.12000000E+02    -0.32363515E-01     0.99712116E+00     0.39178900E-01     0.12289338E+00      91     0.54339148E-01
-0.21000000E+02    -0.89401883E+00     0.12429934E+00     0.12000000E+02    -0.33083938E-01     0.99708152E+00     0.39542358E-01     0.12220774E+00      91     0.54339148E-01
-0.20900000E+02    -0.88662940E+00     0.12354435E+00     0.12000000E+02    -0.34207568E-01     0.99695712E+00     0.39407097E-01     0.12144725E+00      91     0.54339148E-01
-0.20800001E+02    -0.88088143E+00     0.12275115E+00     0.12000000E+02    -0.35236470E-01     0.99685758E+00     0.39968181E-01     0.12065700E+00      91     0.54339148E-01
-0.20700003E+02    -0.87553108E+00     0.12208585E+00     0.12000000E+02    -0.35975195E-01     0.99679703E+00     0.40117584E-01     0.11998945E+00      91     0.54339148E-01
-0.20600000E+02    -0.87015152E+00     0.12128863E+00     0.12000000E+02    -0.36828734E-01     0.99673539E+00     0.40407062E-01     0.11918965E+00      91     0.54339148E-01
-0.20500000E+02    -0.86685926E+00     0.12057028E+00     0.12000000E+02    -0.37198238E-01     0.99677211E+00     0.40499322E-01     0.11846668E+00      91     0.54339148E-01
-0.20400002E+02    -0.86330676E+00     0.11905650E+00     0.12000000E+02    -0.38742512E-01     0.99661714E+00     0.40741295E-01     0.11693773E+00      91     0.54339148E-01
-0.20300001E+02    -0.85565352E+00     0.11821452E+00     0.12000000E+02    -0.40045816E-01     0.99642128E+00     0.40821418E-01     0.11609192E+00      91     0.54339148E-01
-0.20200001E+02    -0.85162920E+00     0.11763400E+00     0.12000000E+02    -0.40400367E-01     0.99645275E+00     0.41132219E-01     0.11550876E+00      92     0.48335075E-01
-0.20100000E+02    -0.84519380E+00     0.11695770E+00     0.12000000E+02    -0.41213091E-01     0.99635285E+00     0.40973309E-01     0.11482771E+00      92     0.48335075E-01
-0.20000002E+02    -0.84010178E+00     0.11623138E+00     0.12000000E+02    -0.41982878E-01     0.99626827E+00     0.41611943E-01     0.11410467E+00      92     0.48335075E-01
-0.19900000E+02    -0.83313191E+00     0.11549751E+00     0.12000000E+02    -0.43018281E-01     0.99602449E+00     0.41805580E-01     0.11336730E+00      92     0.48335075E-01
-0.19800001E+02    -0.82796186E+00     0.11477250E+00     0.12000000E+02    -0.43774463E-01     0.99589372E+00     0.42321108E-01     0.11264475E+00      92     0.48335075E-01
-0.19700001E+02    -0.82283604E+00     0.11402190E+00     0.12000000E+02    -0.44560678E-01     0.99574280E+00     0.42700108E-01     0.11189564E+00      92     0.48335075E-01
-0.19600000E+02    -0.81769633E+00     0.11319912E+00     0.12000000E+02    -0.45435295E-01     0.99552220E+00     0.42947046E-01     0.11107216E+00      92     0.48335075E-01
-0.19500000E+02    -0.81357306E+00     0.11217855E+00     0.12000000E+02    -0.46354719E-01     0.99530733E+00     0.43001253E-01     0.11004425E+00      92     0.48335075E-01
-0.19400002E+02    -0.81278902E+00     0.11108825E+00     0.12000000E+02    -0.46725918E-01     0.99377847E+00     0.43326408E-01     0.10894696E+00      92     0.48335075E-01
-0.19300001E+02    -0.80839640E+00     0.11046397E+00     0.12000000E+02    -0.47056165E-01     0.99223536E+00     0.43447558E-01     0.10832068E+00      92     0.48335075E-01
-0.19200001E+02    -0.80406129E+00     0.10979734E+00     0.12000000E+02    -0.47523804E-01     0.99143034E+00     0.43932952E-01     0.10765661E+00      92     0.48335075E-01
-0.19100000E+02    -0.79882741E+00     0.10920026E+00     0.12000000E+02    -0.47990631E-01     0.99165392E+00     0.43985166E-01     0.10705797E+00      92     0.48335075E-01
-0.18900002E+02    -0.78850436E+00     0.10788230E+00     0.12000000E+02    -0.49082261E-01     0.98658299E+00     0.44585243E-01     0.10573421E+00      93     0.42829528E-01
-0.18800001E+02    -0.78907877E+00     0.10780206E+00     0.12000000E+02    -0.47312714E-01     0.64140165E+00     0.44751085E-01     0.10447365E+00      93     0.42829528E-01
-0.18700001E+02    -0.78432643E+00     0.10718130E+00     0.12000000E+02    -0.47771655E-01     0.62805557E+00     0.45245472E-01     0.10381546E+00      93     0.42829528E-01
-0.18600000E+02    -0.77934527E+00     0.10651822E+00     0.12000000E+02    -0.48255444E-01     0.61771202E+00     0.45239672E-01     0.10311782E+00      93     0.42829528E-01
-0.18500002E+02    -0.77583897E+00     0.10563147E+00     0.12000000E+02    -0.48840739E-01     0.59894514E+00     0.45326330E-01     0.10217182E+00      93     0.42829528E-01
-0.18400000E+02    -0.77386850E+00     0.10450201E+00     0.12000000E+02    -0.49558237E-01     0.59229147E+00     0.46021026E-01     0.10101456E+00      93     0.42829528E-01
-0.18300001E+02    -0.76873004E+00     0.10387236E+00     0.12000000E+02    -0.50014012E-01     0.59316778E+00     0.46102397E-01     0.10038453E+00      93     0.42829528E-01
-0.18200001E+02    -0.76370472E+00     0.10325036E+00     0.12000000E+02    -0.50450947E-01     0.57927519E+00     0.46411507E-01     0.99723458E-01      93     0.42829528E-01
-0.18100002E+02    -0.75906760E+00     0.10263734E+00     0.12000000E+02    -0.50875049E-01     0.57482964E+00     0.46950158E-01     0.99102587E-01      93     0.42829528E-01
-0.18000000E+02    -0.75430334E+00     0.10199792E+00     0.12000000E+02    -0.51345419E-01     0.57514656E+00     0.47348555E-01     0.98465987E-01      93     0.42829528E-01
-0.17900000E+02    -0.74871951E+00     0.10144065E+00     0.12000000E+02    -0.51749464E-01     0.56988662E+00     0.47237545E-01     0.97888149E-01      93     0.42829528E-01
-0.17800001E+02    -0.74416894E+00     0.10078526E+00     0.12000000E+02    -0.52194260E-01     0.56528127E+00     0.47716841E-01     0.97221613E-01      94     0.37822437E-01
-0.17700001E+02    -0.73994738E+00     0.10010672E+00     0.12000000E+02    -0.52634530E-01     0.55578959E+00     0.48115022E-01     0.96518405E-01      94     0.37822437E-01
-0.17600000E+02    -0.73576581E+00     0.99334851E-01     0.12000000E+02    -0.53150304E-01     0.55227864E+00     0.48396092E-01     0.95733777E-01      94     0.37822437E-01
-0.17500000E+02    -0.73476565E+00     0.98010018E-01     0.12000000E+02    -0.53881057E-01     0.54926580E+00     0.48661459E-01     0.94391875E-01      94     0.37822437E-01
-0.17400002E+02    -0.73017234E+00     0.97379528E-01     0.12000000E+02    -0.54316171E-01     0.54625666E+00     0.49190141E-01     0.93754798E-01      94     0.37822437E-01
-0.17300001E+02    -0.72443140E+00     0.96818551E-01     0.12000000E+02    -0.54711521E-01     0.54260343E+00     0.48954282E-01     0.93176462E-01      94     0.37822437E-01
-0.17200001E+02    -0.71962386E+00     0.96206173E-01     0.12000000E+02    -0.55129051E-01     0.53921258E+00     0.49602028E-01     0.92556521E-01      94     0.37822437E-01
-0.17100000E+02    -0.71427375E+00     0.95633015E-01     0.12000000E+02    -0.55510797E-01     0.53295028E+00     0.49755216E-01     0.91965467E-01      94     0.37822437E-01
-0.17000002E+02    -0.70909375E+00     0.95033243E-01     0.12000000E+02    -0.55899605E-01     0.53363943E+00     0.50363414E-01     0.91367379E-01      94     0.37822437E-01
-0.16900000E+02    -0.70370013E+00     0.94452888E-01     0.12000000E+02    -0.56282982E-01     0.53051710E+00     0.50200682E-01     0.90773351E-01      94     0.37822437E-01
-0.16800001E+02    -0.69867796E+00     0.93838468E-01     0.12000000E+02    -0.56692790E-01     0.52733052E+00     0.50805956E-01     0.90146735E-01      95     0.33297669E-01
-0.16700001E+02    -0.69435972E+00     0.93125343E-01     0.12000000E+02    -0.57132106E-01     0.52215314E+00     0.51391274E-01     0.89420572E-01      95     0.33297669E-01
-0.16600000E+02    -0.69072413E+00     0.92241839E-01     0.12000000E+02    -0.57639297E-01     0.52300280E+00     0.51492654E-01     0.88531457E-01      95     0.33297669E-01
-0.16500000E+02    -0.68836159E+00     0.91161296E-01     0.12000000E+02    -0.58242027E-01     0.51788443E+00     0.51773261E-01     0.87428555E-01      95     0.33297669E-01
-0.16400002E+02    -0.68399191E+00     0.90460241E-01     0.12000000E+02    -0.58642209E-01     0.51552409E+00     0.52559841E-01     0.86723864E-01      95     0.33297669E-01
-0.16300001E+02    -0.67866582E+00     0.89906551E-01     0.12000000E+02    -0.59003618E-01     0.51280779E+00     0.52693646E-01     0.86160764E-01      95     0.33297669E-01
-0.16200001E+02    -0.67407495E+00     0.89249246E-01     0.12000000E+02    -0.59379648E-01     0.51117045E+00     0.53275000E-01     0.85503437E-01      95     0.33297669E-01
-0.16100000E+02    -0.66933054E+00     0.88652395E-01     0.12000000E+02    -0.59741881E-01     0.50914991E+00     0.53732876E-01     0.84904209E-01      95     0.33297669E-01
-0.16000002E+02    -0.66363448E+00     0.88090636E-01     0.12000000E+02    -0.60098182E-01     0.50715172E+00     0.53701133E-01     0.84332779E-01      95     0.33297669E-01
-0.15900001E+02    -0.65910405E+00     0.87412558E-01     0.12000000E+02    -0.60479868E-01     0.50522566E+00     0.54323409E-01     0.83650574E-01      95     0.33297669E-01
-0.15800000E+02    -0.65436405E+00     0.86761571E-01     0.12000000E+02    -0.60864881E-01     0.50312626E+00     0.54726295E-01     0.82991339E-01      95     0.33297669E-01
-0.15700001E+02    -0.65084869E+00     0.85894667E-01     0.12000000E+02    -0.61333012E-01     0.50095767E+00     0.55047248E-01     0.82112767E-01      96     0.29227415E-01
-0.15600002E+02    -0.64860195E+00     0.84774688E-01     0.12000000E+02    -0.61913870E-01     0.49931845E+00     0.55307671E-01     0.80978706E-01      96     0.29227415E-01
-0.15500001E+02    -0.64328629E+00     0.84194265E-01     0.12000000E+02    -0.62266342E-01     0.49760589E+00     0.55629220E-01     0.80392942E-01      96     0.29227415E-01
-0.15400001E+02    -0.63796258E+00     0.83611712E-01     0.12000000E+02    -0.62604152E-01     0.49587786E+00     0.56161735E-01     0.79803526E-01      96     0.29227415E-01
-0.15300001E+02    -0.63254201E+00     0.83037958E-01     0.12000000E+02    -0.62932901E-01     0.49418771E+00     0.56363430E-01     0.79223208E-01      96     0.29227415E-01
-0.15200001E+02    -0.62741101E+00     0.82443394E-01     0.12000000E+02    -0.63267462E-01     0.49239981E+00     0.56929328E-01     0.78623310E-01      96     0.29227415E-01
-0.15100001E+02    -0.62243557E+00     0.81842914E-01     0.12000000E+02    -0.63597567E-01     0.48854801E+00     0.57505719E-01     0.78010939E-01      96     0.29227415E-01
-0.15000001E+02    -0.61734289E+00     0.81231885E-01     0.12000000E+02    -0.63933581E-01     0.48877713E+00     0.57846941E-01     0.77400208E-01      96     0.29227415E-01
-0.14900000E+02    -0.61299443E+00     0.80538139E-01     0.12000000E+02    -0.64299233E-01     0.48689586E+00     0.58459722E-01     0.76702915E-01      96     0.29227415E-01
-0.14800000E+02    -0.60959053E+00     0.79643607E-01     0.12000000E+02    -0.64740658E-01     0.48413053E+00     0.58801599E-01     0.75798228E-01      96     0.29227415E-01
-0.14700002E+02    -0.60862845E+00     0.78481533E-01     0.12000000E+02    -0.65280773E-01     0.48279142E+00     0.59600178E-01     0.74629113E-01      97     0.25576653E-01
-0.14600000E+02    -0.60305488E+00     0.77913851E-01     0.12000000E+02    -0.65597326E-01     0.48131579E+00     0.59634756E-01     0.74054174E-01      97     0.25576653E-01
-0.14500000E+02    -0.59844339E+00     0.77278659E-01     0.12000000E+02    -0.65921485E-01     0.47982013E+00     0.60482364E-01     0.73417276E-01      97     0.25576653E-01
-0.14400001E+02    -0.59308118E+00     0.76707907E-01     0.12000000E+02    -0.66223465E-01     0.47840476E+00     0.60807325E-01     0.72840303E-01      97     0.25576653E-01
-0.14300001E+02    -0.58784115E+00     0.76122642E-01     0.12000000E+02    -0.66535078E-01     0.47681820E+00     0.61360359E-01     0.72249569E-01      97     0.25576653E-01
-0.14200001E+02    -0.58237535E+00     0.75551368E-01     0.12000000E+02    -0.66845484E-01     0.47516674E+00     0.61627526E-01     0.71671709E-01      97     0.25576653E-01
-0.14100001E+02    -0.57726181E+00     0.74944302E-01     0.12000000E+02    -0.67152195E-01     0.47358069E+00     0.62186901E-01     0.71058318E-01      97     0.25576653E-01
-0.14000001E+02    -0.57268214E+00     0.74258842E-01     0.12000000E+02    -0.67492694E-01     0.47235796E+00     0.62772363E-01     0.70368752E-01      97     0.25576653E-01
-0.13900002E+02    -0.57207203E+00     0.72960429E-01     0.12000000E+02    -0.68073429E-01     0.47144490E+00     0.63292965E-01     0.69056973E-01      97     0.25576653E-01
-0.13800001E+02    -0.56737018E+00     0.72332285E-01     0.12000000E+02    -0.68384260E-01     0.47009099E+00     0.63937522E-01     0.68426132E-01      97     0.25576653E-01
-0.13700001E+02    -0.56254035E+00     0.71724981E-01     0.12000000E+02    -0.68680033E-01     0.46890938E+00     0.64522207E-01     0.67816935E-01      98     0.22307370E-01
-0.13600001E+02    -0.55760098E+00     0.71120948E-01     0.12000000E+02    -0.68968341E-01     0.46762621E+00     0.65034226E-01     0.67210063E-01      98     0.22307370E-01
-0.13500001E+02    -0.55281311E+00     0.70514441E-01     0.12000000E+02    -0.69255166E-01     0.46641180E+00     0.65640889E-01     0.66601492E-01      98     0.22307370E-01
-0.13400001E+02    -0.54779595E+00     0.69918424E-01     0.12000000E+02    -0.69540627E-01     0.46495318E+00     0.66142641E-01     0.66000596E-01      98     0.22307370E-01
-0.13300000E+02    -0.54304796E+00     0.69270059E-01     0.12000000E+02    -0.69834098E-01     0.46187145E+00     0.66768527E-01     0.65343767E-01      98     0.22307370E-01
-0.13200001E+02    -0.53855479E+00     0.68579063E-01     0.12000000E+02    -0.70154697E-01     0.46072638E+00     0.67249455E-01     0.64647965E-01      98     0.22307370E-01
-0.13100000E+02    -0.53846794E+00     0.67267768E-01     0.12000000E+02    -0.70700891E-01     0.45990139E+00     0.68085521E-01     0.63325040E-01      98     0.22307370E-01
-0.13000001E+02    -0.53290004E+00     0.66716991E-01     0.12000000E+02    -0.70977993E-01     0.45879343E+00     0.68232775E-01     0.62768780E-01      98     0.22307370E-01
-0.12900001E+02    -0.52758068E+00     0.66142835E-01     0.12000000E+02    -0.71250558E-01     0.45764780E+00     0.68801783E-01     0.62190078E-01      98     0.22307370E-01
-0.12800001E+02    -0.52316689E+00     0.65517165E-01     0.12000000E+02    -0.71521774E-01     0.45661911E+00     0.70307709E-01     0.61565712E-01      99     0.19381767E-01
-0.12700001E+02    -0.51833522E+00     0.64909950E-01     0.12000000E+02    -0.71786910E-01     0.45557949E+00     0.71067423E-01     0.60957331E-01      99     0.19381767E-01
-0.12600001E+02    -0.51374739E+00     0.64548612E-01     0.12000000E+02    -0.72057091E-01     0.45444989E+00     0.71782790E-01     0.60594369E-01      99     0.19381767E-01
-0.12500001E+02    -0.50943792E+00     0.64151615E-01     0.12000000E+02    -0.72349295E-01     0.45335943E+00     0.72460741E-01     0.60194526E-01      99     0.19381767E-01
-0.12400002E+02    -0.50677925E+00     0.63572533E-01     0.12000000E+02    -0.72717175E-01     0.45221183E+00     0.73126644E-01     0.59607517E-01      99     0.19381767E-01
-0.12300001E+02    -0.50511038E+00     0.62851198E-01     0.12000000E+02    -0.73152736E-01     0.45115724E+00     0.73670238E-01     0.58875166E-01      99     0.19381767E-01
-0.12200001E+02    -0.50008625E+00     0.62468428E-01     0.12000000E+02    -0.73409118E-01     0.44975844E+00     0.74334964E-01     0.58488883E-01      99     0.19381767E-01
-0.12100001E+02    -0.49492598E+00     0.62069148E-01     0.12000000E+02    -0.73660381E-01     0.44860923E+00     0.75043269E-01     0.58087215E-01      99     0.19381767E-01
-0.12000000E+02    -0.48974663E+00     0.61666910E-01     0.12000000E+02    -0.73911861E-01     0.44773746E+00     0.75925082E-01     0.57683446E-01      99     0.19381767E-01
-0.11900001E+02    -0.48476550E+00     0.61260391E-01     0.12000000E+02    -0.74156649E-01     0.44675153E+00     0.76884493E-01     0.57275172E-01     100     0.16763927E-01
-0.11800000E+02    -0.48034698E+00     0.60770139E-01     0.12000000E+02    -0.74425220E-01     0.44473755E+00     0.77932090E-01     0.56781128E-01     100     0.16763927E-01
-0.11600000E+02    -0.47700167E+00     0.59264202E-01     0.12000000E+02    -0.75202264E-01     0.44303128E+00     0.79446532E-01     0.55261299E-01     100     0.16763927E-01
-0.11500001E+02    -0.47245118E+00     0.58801774E-01     0.12000000E+02    -0.75442351E-01     0.44200420E+00     0.80280498E-01     0.54796863E-01     100     0.16763927E-01
-0.11400001E+02    -0.46776691E+00     0.58322631E-01     0.12000000E+02    -0.75679094E-01     0.44100836E+00     0.81191570E-01     0.54315846E-01     100     0.16763927E-01
-0.11300001E+02    -0.46370563E+00     0.57795543E-01     0.12000000E+02    -0.75923122E-01     0.43997025E+00     0.82900651E-01     0.53789746E-01     100     0.16763927E-01
-0.11200001E+02    -0.45905909E+00     0.57323579E-01     0.12000000E+02    -0.76170817E-01     0.43875954E+00     0.84224522E-01     0.53315219E-01     100     0.16763927E-01
-0.11100001E+02    -0.45547277E+00     0.56727514E-01     0.12000000E+02    -0.76453194E-01     0.43761250E+00     0.85412718E-01     0.52716229E-01     100     0.16763927E-01
-0.11000001E+02    -0.45651919E+00     0.55676505E-01     0.12000000E+02    -0.76916784E-01     0.43672299E+00     0.86510323E-01     0.51655307E-01     100     0.16763927E-01
-0.10900001E+02    -0.45244101E+00     0.55133786E-01     0.12000000E+02    -0.77152185E-01     0.43602556E+00     0.87568298E-01     0.51114790E-01     101     0.14421528E-01
-0.10800001E+02    -0.44823533E+00     0.54620937E-01     0.12000000E+02    -0.77383362E-01     0.43520254E+00     0.88769302E-01     0.50604101E-01     101     0.14421528E-01
-0.10700001E+02    -0.44375378E+00     0.54113943E-01     0.12000000E+02    -0.77609695E-01     0.43432212E+00     0.89949027E-01     0.50097264E-01     101     0.14421528E-01
-0.10600001E+02    -0.43950176E+00     0.53564504E-01     0.12000000E+02    -0.77847891E-01     0.43353179E+00     0.91227740E-01     0.49547978E-01     101     0.14421528E-01
-0.10500001E+02    -0.43801659E+00     0.52728593E-01     0.12000000E+02    -0.78202069E-01     0.43277273E+00     0.92692733E-01     0.48705198E-01     101     0.14421528E-01
-0.10400002E+02    -0.43754438E+00     0.51870048E-01     0.12000000E+02    -0.78550972E-01     0.43206868E+00     0.94215028E-01     0.47841720E-01     101     0.14421528E-01
-0.10300000E+02    -0.43414465E+00     0.51256482E-01     0.12000000E+02    -0.78776993E-01     0.43124929E+00     0.95708966E-01     0.47231212E-01     101     0.14421528E-01
-0.10200001E+02    -0.43042615E+00     0.50702374E-01     0.12000000E+02    -0.78996032E-01     0.43034494E+00     0.97176626E-01     0.46677835E-01     101     0.14421528E-01
-0.10100000E+02    -0.42673257E+00     0.50103635E-01     0.12000000E+02    -0.79223290E-01     0.42945009E+00     0.98638512E-01     0.46077304E-01     101     0.14421528E-01
-0.10000001E+02    -0.42866814E+00     0.48942350E-01     0.12000000E+02    -0.79672419E-01     0.42876187E+00     0.99896148E-01     0.44903003E-01     102     0.12325595E-01
-0.99000006E+01    -0.42598951E+00     0.48314959E-01     0.12000000E+02    -0.79895489E-01     0.42782593E+00     0.10234654E+00     0.44277310E-01     102     0.12325595E-01
-0.98000011E+01    -0.42359930E+00     0.47663722E-01     0.12000000E+02    -0.80105461E-01     0.42690983E+00     0.10436010E+00     0.43630723E-01     102     0.12325595E-01
-0.97000008E+01    -0.42083639E+00     0.47007743E-01     0.12000000E+02    -0.80325648E-01     0.42598429E+00     0.10624354E+00     0.42976636E-01     102     0.12325595E-01
-0.96000013E+01    -0.42396298E+00     0.45773849E-01     0.12000000E+02    -0.80755159E-01     0.42424971E+00     0.10789003E+00     0.41728370E-01     102     0.12325595E-01
-0.95000010E+01    -0.42628151E+00     0.44812106E-01     0.12000000E+02    -0.80993459E-01     0.42448932E+00     0.11301374E+00     0.40786669E-01     102     0.12325595E-01
-0.94000006E+01    -0.42094663E+00     0.44365339E-01     0.12000000E+02    -0.81171319E-01     0.42296460E+00     0.11319058E+00     0.40333513E-01     102     0.12325595E-01
-0.93000011E+01    -0.42007533E+00     0.43561567E-01     0.12000000E+02    -0.81406929E-01     0.42227286E+00     0.11569481E+00     0.39532647E-01     102     0.12325595E-01
-0.91999998E+01    -0.43003666E+00     0.41939080E-01     0.12000000E+02    -0.81820473E-01     0.42192587E+00     0.12117240E+00     0.37916176E-01     102     0.12325595E-01
-0.91000013E+01    -0.42465329E+00     0.41474398E-01     0.12000000E+02    -0.81997827E-01     0.42118791E+00     0.12125722E+00     0.37445635E-01     102     0.12325595E-01
-0.90000000E+01    -0.43741807E+00     0.39618958E-01     0.12000000E+02    -0.82416303E-01     0.42086491E+00     0.12675533E+00     0.35594422E-01     102     0.12325595E-01
-0.89000015E+01    -0.44119859E+00     0.38584013E-01     0.12000000E+02    -0.82587264E-01     0.42023849E+00     0.13116603E+00     0.34569189E-01     102     0.12325595E-01
-0.88000002E+01    -0.45087668E+00     0.36960598E-01     0.12000000E+02    -0.82943410E-01     0.41986063E+00     0.13362397E+00     0.32932591E-01     102     0.12325595E-01
-0.87000017E+01    -0.45604032E+00     0.35821889E-01     0.12000000E+02    -0.83082147E-01     0.41930899E+00     0.13833959E+00     0.31805325E-01     102     0.12325595E-01
-0.86000004E+01    -0.46894190E+00     0.34080371E-01     0.12000000E+02    -0.83328672E-01     0.41889733E+00     0.14016870E+00     0.30046813E-01     102     0.12325595E-01
-0.85000019E+01    -0.48380098E+00     0.32223728E-01     0.12000000E+02    -0.83474547E-01     0.41863859E+00     0.14180051E+00     0.28170392E-01     102     0.12325595E-01
-0.84000006E+01    -0.49441114E+00     0.30792333E-01     0.12000000E+02    -0.83397657E-01     0.41820630E+00     0.14475600E+00     0.26732596E-01     102     0.12325595E-01
-0.83000011E+01    -0.51771921E+00     0.28532064E-01     0.12000000E+02    -0.82973674E-01     0.41807878E+00     0.14401105E+00     0.24437068E-01     102     0.12325595E-01
-0.82000008E+01    -0.54732078E+00     0.26103962E-01     0.12000000E+02    -0.81852458E-01     0.41810411E+00     0.14021522E+00     0.21955155E-01     102     0.12325595E-01
-0.80000010E+01    -0.47728220E+00     0.78007705E-02     0.12000000E+02    -0.13040864E+00     0.41488516E+00     0.27570719E+00     0.37305453E-02     103     0.10451236E-01
-0.79000001E+01    -0.46357563E+00     0.76677194E-02     0.12000000E+02    -0.13112541E+00     0.41360930E+00     0.28355768E+00     0.36217719E-02     103     0.10451236E-01
-0.78000011E+01    -0.45019615E+00     0.75853975E-02     0.12000000E+02    -0.13169208E+00     0.41263565E+00     0.28766814E+00     0.35512233E-02     103     0.10451236E-01
-0.77000003E+01    -0.43702617E+00     0.75344769E-02     0.12000000E+02    -0.13216586E+00     0.41185042E+00     0.29125124E+00     0.35077538E-02     103     0.10451236E-01
-0.76000009E+01    -0.42378330E+00     0.74744294E-02     0.12000000E+02    -0.13266900E+00     0.41096207E+00     0.29422536E+00     0.34554549E-02     103     0.10451236E-01
-0.75000005E+01    -0.41051456E+00     0.74110394E-02     0.12000000E+02    -0.13318539E+00     0.41006061E+00     0.29922059E+00     0.34035910E-02     104     0.87768603E-02
-0.74000010E+01    -0.39727977E+00     0.73516071E-02     0.12000000E+02    -0.13369267E+00     0.40840667E+00     0.30289793E+00     0.33521228E-02     104     0.87768603E-02
-0.73000002E+01    -0.38427609E+00     0.73256087E-02     0.12000000E+02    -0.13409628E+00     0.40744829E+00     0.30461761E+00     0.33244276E-02     104     0.87768603E-02
-0.72000012E+01    -0.37133011E+00     0.73071043E-02     0.12000000E+02    -0.13447686E+00     0.40650523E+00     0.30623215E+00     0.33019874E-02     104     0.87768603E-02
-0.71000004E+01    -0.35841995E+00     0.72935601E-02     0.12000000E+02    -0.13484153E+00     0.40554360E+00     0.30766022E+00     0.32837135E-02     104     0.87768603E-02
-0.70000014E+01    -0.34544045E+00     0.72723851E-02     0.12000000E+02    -0.13523237E+00     0.40453759E+00     0.30916432E+00     0.32599415E-02     105     0.72842813E-02
-0.69000006E+01    -0.33245358E+00     0.72508063E-02     0.12000000E+02    -0.13562347E+00     0.40342382E+00     0.31043711E+00     0.32365494E-02     105     0.72842813E-02
-0.68000016E+01    -0.31948113E+00     0.72316392E-02     0.12000000E+02    -0.13600846E+00     0.40231958E+00     0.31163087E+00     0.32155141E-02     105     0.72842813E-02
-0.67000008E+01    -0.30644152E+00     0.72054286E-02     0.12000000E+02    -0.13641548E+00     0.40134084E+00     0.31400865E+00     0.31922525E-02     105     0.72842813E-02
-0.66000018E+01    -0.29349154E+00     0.71913283E-02     0.12000000E+02    -0.13678254E+00     0.40062666E+00     0.31586817E+00     0.31774137E-02     105     0.72842813E-02
-0.65000010E+01    -0.28054440E+00     0.71785250E-02     0.12000000E+02    -0.13714628E+00     0.39984158E+00     0.31688064E+00     0.31616874E-02     106     0.59582922E-02
-0.64000001E+01    -0.26752871E+00     0.71575018E-02     0.12000000E+02    -0.13753782E+00     0.39905202E+00     0.31846032E+00     0.31422558E-02     106     0.59582922E-02
-0.63000011E+01    -0.25458121E+00     0.71447482E-02     0.12000000E+02    -0.13790248E+00     0.39824542E+00     0.31932917E+00     0.31274855E-02     106     0.59582922E-02
-0.62000003E+01    -0.24165590E+00     0.71339943E-02     0.12000000E+02    -0.13826063E+00     0.39740643E+00     0.32011929E+00     0.31136912E-02     106     0.59582922E-02
-0.61000009E+01    -0.22874959E+00     0.71260850E-02     0.12000000E+02    -0.13860944E+00     0.39661366E+00     0.32084826E+00     0.31016478E-02     106     0.59582922E-02
-0.60000000E+01    -0.21586922E+00     0.71178060E-02     0.12000000E+02    -0.13896367E+00     0.39501369E+00     0.32256499E+00     0.30878708E-02     107     0.47860891E-02
-0.59000010E+01    -0.20305777E+00     0.71203439E-02     0.12000000E+02    -0.13927723E+00     0.39408574E+00     0.32233211E+00     0.30805366E-02     107     0.47860891E-02
-0.58000002E+01    -0.19018181E+00     0.71151149E-02     0.12000000E+02    -0.13961764E+00     0.39314476E+00     0.32382661E+00     0.30712308E-02     107     0.47860891E-02
-0.57000012E+01    -0.17730260E+00     0.71104793E-02     0.12000000E+02    -0.13995576E+00     0.39219415E+00     0.32516584E+00     0.30614948E-02     107     0.47860891E-02
-0.56000004E+01    -0.16441458E+00     0.71057007E-02     0.12000000E+02    -0.14029427E+00     0.39112338E+00     0.32582077E+00     0.30517550E-02     108     0.37573036E-02
-0.55000014E+01    -0.15151103E+00     0.70997230E-02     0.12000000E+02    -0.14063708E+00     0.39018947E+00     0.32655764E+00     0.30434178E-02     108     0.37573036E-02
-0.54000006E+01    -0.13858429E+00     0.70925956E-02     0.12000000E+02    -0.14098151E+00     0.38959029E+00     0.32718050E+00     0.30347938E-02     108     0.37573036E-02
-0.53000016E+01    -0.12559356E+00     0.70781489E-02     0.12000000E+02    -0.14135428E+00     0.38887754E+00     0.32862216E+00     0.30233995E-02     108     0.37573036E-02
-0.52000008E+01    -0.11269648E+00     0.70742518E-02     0.12000000E+02    -0.14168914E+00     0.38817170E+00     0.32916102E+00     0.30165580E-02     108     0.37573036E-02
-0.51000013E+01    -0.99820673E-01     0.70721386E-02     0.12000000E+02    -0.14201772E+00     0.38739902E+00     0.32967874E+00     0.30104741E-02     109     0.28634572E-02
-0.50000010E+01    -0.86920604E-01     0.70674191E-02     0.12000000E+02    -0.14235628E+00     0.38667285E+00     0.33084008E+00     0.30042198E-02     109     0.28634572E-02
-0.49000015E+01    -0.74078076E-01     0.70683826E-02     0.12000000E+02    -0.14267282E+00     0.38593125E+00     0.33131152E+00     0.29999479E-02     109     0.28634572E-02
-0.48000007E+01    -0.61250459E-01     0.70709051E-02     0.12000000E+02    -0.14298533E+00     0.38513753E+00     0.33176881E+00     0.29964508E-02     109     0.28634572E-02
-0.47000003E+01    -0.48449952E-01     0.70752217E-02     0.12000000E+02    -0.14329027E+00     0.38434508E+00     0.33279777E+00     0.29948223E-02     110     0.20977957E-02
-0.46000009E+01    -0.35669297E-01     0.70820013E-02     0.12000000E+02    -0.14358678E+00     0.38355571E+00     0.33309823E+00     0.29917941E-02     110     0.20977957E-02
-0.45000000E+01    -0.22840962E-01     0.70823645E-02     0.12000000E+02    -0.14391130E+00     0.38193446E+00     0.33413863E+00     0.29857289E-02     110     0.20977957E-02
-0.44000010E+01    -0.99370740E-02     0.70777317E-02     0.12000000E+02    -0.14425112E+00     0.38101089E+00     0.33541071E+00     0.29803733E-02     110     0.20977957E-02
-0.43000002E+01     0.29787067E-02     0.70723486E-02     0.12000000E+02    -0.14459325E+00     0.38011360E+00     0.33665448E+00     0.29755882E-02     111     0.14551239E-02
-0.42000012E+01     0.15828123E-01     0.70736110E-02     0.12000000E+02    -0.14490925E+00     0.37919790E+00     0.33709079E+00     0.29742001E-02     111     0.14551239E-02
-0.41000004E+01     0.28746791E-01     0.70691179E-02     0.12000000E+02    -0.14524536E+00     0.37865153E+00     0.33812615E+00     0.29714731E-02     111     0.14551239E-02
-0.40000014E+01     0.41604478E-01     0.70706783E-02     0.12000000E+02    -0.14555871E+00     0.37800434E+00     0.33854181E+00     0.29702350E-02     111     0.14551239E-02
-0.39000006E+01     0.54472014E-01     0.70705735E-02     0.12000000E+02    -0.14587779E+00     0.37738320E+00     0.33955804E+00     0.29695896E-02     111     0.14551239E-02
-0.38000014E+01     0.67303620E-01     0.70738597E-02     0.12000000E+02    -0.14618450E+00     0.37670887E+00     0.34046125E+00     0.29704669E-02     112     0.93188853E-03
-0.37000005E+01     0.80057688E-01     0.70831520E-02     0.12000000E+02    -0.14646553E+00     0.37599647E+00     0.34156021E+00     0.29753726E-02     112     0.93188853E-03
-0.36000016E+01     0.92825659E-01     0.70918291E-02     0.12000000E+02    -0.14675055E+00     0.37530756E+00     0.34173831E+00     0.29777172E-02     112     0.93188853E-03
-0.35000007E+01     0.10562500E+00     0.70978859E-02     0.12000000E+02    -0.14704686E+00     0.37460205E+00     0.34212384E+00     0.29761018E-02     112     0.93188853E-03
-0.34000015E+01     0.11845014E+00     0.71015861E-02     0.12000000E+02    -0.14735338E+00     0.37389988E+00     0.34264174E+00     0.29757894E-02     113     0.52511692E-03
-0.33000009E+01     0.13125522E+00     0.71068699E-02     0.12000000E+02    -0.14765422E+00     0.37317124E+00     0.34313336E+00     0.29766955E-02     113     0.52511692E-03
-0.32000017E+01     0.14405967E+00     0.71124067E-02     0.12000000E+02    -0.14795420E+00     0.37243629E+00     0.34365535E+00     0.29779817E-02     113     0.52511692E-03
-0.31000009E+01     0.15685743E+00     0.71184835E-02     0.12000000E+02    -0.14825158E+00     0.37165082E+00     0.34411496E+00     0.29797629E-02     113     0.52511692E-03
-0.30000000E+01     0.16960116E+00     0.71277586E-02     0.12000000E+02    -0.14853814E+00     0.37004012E+00     0.34455547E+00     0.29815137E-02     113     0.52511692E-03
-0.29000010E+01     0.18240038E+00     0.71338643E-02     0.12000000E+02    -0.14883341E+00     0.36919990E+00     0.34499419E+00     0.29841899E-02     114     0.23333222E-03
-0.28000002E+01     0.19520697E+00     0.71398150E-02     0.12000000E+02    -0.14912878E+00     0.36841255E+00     0.34540620E+00     0.29886425E-02     114     0.23333222E-03
-0.27000012E+01     0.20803934E+00     0.71442053E-02     0.12000000E+02    -0.14942808E+00     0.36788949E+00     0.34579757E+00     0.29921294E-02     114     0.23333222E-03
-0.26000004E+01     0.22086012E+00     0.71492041E-02     0.12000000E+02    -0.14972454E+00     0.36732638E+00     0.34619987E+00     0.29958254E-02     114     0.23333222E-03
-0.25000012E+01     0.23366527E+00     0.71557593E-02     0.12000000E+02    -0.15001638E+00     0.36672676E+00     0.34657636E+00     0.30004540E-02     115     0.60354974E-04
-0.24000003E+01     0.24645880E+00     0.71629081E-02     0.12000000E+02    -0.15030442E+00     0.36609456E+00     0.34694701E+00     0.30052215E-02     115     0.60354974E-04
-0.23000014E+01     0.25923797E+00     0.71710325E-02     0.12000000E+02    -0.15058896E+00     0.36547518E+00     0.34731007E+00     0.30105943E-02     115     0.60354974E-04
-0.22000005E+01     0.27201399E+00     0.71789916E-02     0.12000000E+02    -0.15087429E+00     0.36484689E+00     0.34795642E+00     0.30165841E-02     115     0.60354974E-04
-0.21000013E+01     0.28476128E+00     0.71891365E-02     0.12000000E+02    -0.15115057E+00     0.36418903E+00     0.34830487E+00     0.30228025E-02     116     0.43318187E-06
-0.20000007E+01     0.29749507E+00     0.72003365E-02     0.12000000E+02    -0.15142229E+00     0.36352929E+00     0.34865683E+00     0.30295765E-02     116     0.43318187E-06
-0.19000015E+01     0.31021696E+00     0.72121648E-02     0.12000000E+02    -0.15169129E+00     0.36286017E+00     0.34902468E+00     0.30366471E-02     116     0.43318187E-06
-0.18000008E+01     0.32292515E+00     0.72247079E-02     0.12000000E+02    -0.15195698E+00     0.36219776E+00     0.34935835E+00     0.30441512E-02     116     0.43318187E-06
-0.17000016E+01     0.33562008E+00     0.72384425E-02     0.12000000E+02    -0.15221786E+00     0.36147571E+00     0.34966394E+00     0.30522244E-02     117     0.38301725E-04
-0.16000009E+01     0.34831023E+00     0.72520645E-02     0.12000000E+02    -0.15247716E+00     0.36070415E+00     0.34994692E+00     0.30602380E-02     117     0.38301725E-04
-0.15000000E+01     0.36094448E+00     0.72694132E-02     0.12000000E+02    -0.15272409E+00     0.35926598E+00     0.35021800E+00     0.30692229E-02     117     0.38301725E-04
-0.14000009E+01     0.37361431E+00     0.72841188E-02     0.12000000E+02    -0.15297671E+00     0.35841319E+00     0.35044685E+00     0.30783624E-02     117     0.38301725E-04
-0.13000002E+01     0.38631615E+00     0.72973929E-02     0.12000000E+02    -0.15323278E+00     0.35780099E+00     0.35062486E+00     0.30891453E-02     117     0.38301725E-04
-0.12000011E+01     0.39910164E+00     0.73052300E-02     0.12000000E+02    -0.15351325E+00     0.35730824E+00     0.35117212E+00     0.30948683E-02     118     0.16620255E-03
-0.11000003E+01     0.41187108E+00     0.73140915E-02     0.12000000E+02    -0.15379043E+00     0.35676572E+00     0.35171866E+00     0.31035482E-02     118     0.16620255E-03
-0.10000012E+01     0.42462316E+00     0.73242127E-02     0.12000000E+02    -0.15406322E+00     0.35621226E+00     0.35227400E+00     0.31132465E-02     118     0.16620255E-03
-0.90000039E+00     0.43736118E+00     0.73350272E-02     0.12000000E+02    -0.15433207E+00     0.35564145E+00     0.35274956E+00     0.31231386E-02     118     0.16620255E-03
-0.80000126E+00     0.45008388E+00     0.73468294E-02     0.12000000E+02    -0.15459752E+00     0.35501933E+00     0.35322472E+00     0.31337822E-02     119     0.38239817E-03
-0.70000046E+00     0.46279946E+00     0.73589622E-02     0.12000000E+02    -0.15486181E+00     0.35443354E+00     0.35373634E+00     0.31449231E-02     119     0.38239817E-03
-0.60000139E+00     0.47549975E+00     0.73720054E-02     0.12000000E+02    -0.15512171E+00     0.35383028E+00     0.35419345E+00     0.31563966E-02     119     0.38239817E-03
-0.50000060E+00     0.48818329E+00     0.73860642E-02     0.12000000E+02    -0.15537709E+00     0.35323307E+00     0.35457313E+00     0.31682085E-02     119     0.38239817E-03
-0.40000150E+00     0.50087279E+00     0.73996051E-02     0.12000000E+02    -0.15563697E+00     0.35259917E+00     0.35530654E+00     0.31810263E-02     119     0.38239817E-03
-0.30000070E+00     0.51352376E+00     0.74156425E-02     0.12000000E+02    -0.15588410E+00     0.35194635E+00     0.35568446E+00     0.31939256E-02     120     0.69524674E-03
-0.20000160E+00     0.52616304E+00     0.74319742E-02     0.12000000E+02    -0.15612930E+00     0.35129058E+00     0.35609123E+00     0.32070535E-02     120     0.69524674E-03
-0.10000080E+00     0.53880322E+00     0.74485634E-02     0.12000000E+02    -0.15637298E+00     0.35063487E+00     0.35648766E+00     0.32206001E-02     120     0.69524674E-03
 0.00000000E+00     0.55143327E+00     0.74656717E-02     0.12000000E+02    -0.15661258E+00     0.34990683E+00     0.35685480E+00     0.32344265E-02     120     0.69524674E-03
 0.99999093E-01     0.56399655E+00     0.74861837E-02     0.12000000E+02    -0.15684053E+00     0.34847146E+00     0.35723835E+00     0.32486329E-02     120     0.69524674E-03
 0.19999990E+00     0.57661188E+00     0.75039756E-02     0.12000000E+02    -0.15707557E+00     0.34769499E+00     0.35759291E+00     0.32632942E-02     121     0.11120313E-02
 0.29999900E+00     0.58929467E+00     0.75175795E-02     0.12000000E+02    -0.15732299E+00     0.34727505E+00     0.35798314E+00     0.32787728E-02     121     0.11120313E-02
 0.39999980E+00     0.60195547E+00     0.75327405E-02     0.12000000E+02    -0.15756401E+00     0.34681392E+00     0.35832897E+00     0.32934737E-02     121     0.11120313E-02
 0.49999887E+00     0.61459160E+00     0.75488258E-02     0.12000000E+02    -0.15780102E+00     0.34630683E+00     0.35866293E+00     0.33083814E-02     121     0.11120313E-02
 0.59999967E+00     0.62721080E+00     0.75659365E-02     0.12000000E+02    -0.15803197E+00     0.34577006E+00     0.35898259E+00     0.33239126E-02     122     0.16372061E-02
 0.69999880E+00     0.63981110E+00     0.75840182E-02     0.12000000E+02    -0.15825865E+00     0.34524113E+00     0.35925868E+00     0.33398150E-02     122     0.16372061E-02
 0.79999959E+00     0.65239191E+00     0.76030195E-02     0.12000000E+02    -0.15848082E+00     0.34468979E+00     0.35948026E+00     0.33561178E-02     122     0.16372061E-02
 0.89999866E+00     0.66498017E+00     0.76216771E-02     0.12000000E+02    -0.15870588E+00     0.34411860E+00     0.35988337E+00     0.33707973E-02     122     0.16372061E-02
 0.99999946E+00     0.67759007E+00     0.76394626E-02     0.12000000E+02    -0.15893941E+00     0.34357029E+00     0.36044478E+00     0.33879108E-02     122     0.16372061E-02
 0.10999986E+01     0.69017422E+00     0.76583354E-02     0.12000000E+02    -0.15916796E+00     0.34297675E+00     0.36097142E+00     0.34056427E-02     123     0.22752350E-02
 0.11999993E+01     0.70275009E+00     0.76780180E-02     0.12000000E+02    -0.15939283E+00     0.34239572E+00     0.36150673E+00     0.34240345E-02     123     0.22752350E-02
 0.12999984E+01     0.71530813E+00     0.76982975E-02     0.12000000E+02    -0.15961500E+00     0.34179273E+00     0.36207104E+00     0.34427876E-02     123     0.22752350E-02
 0.13999993E+01     0.72785747E+00     0.77191731E-02     0.12000000E+02    -0.15983430E+00     0.34118894E+00     0.36255470E+00     0.34620515E-02     123     0.22752350E-02
 0.14999983E+01     0.74039894E+00     0.77402289E-02     0.12000000E+02    -0.16005188E+00     0.34056261E+00     0.36304271E+00     0.34816805E-02     123     0.22752350E-02
 0.15999992E+01     0.75286829E+00     0.77651264E-02     0.12000000E+02    -0.16025472E+00     0.33926955E+00     0.36346385E+00     0.35018586E-02     124     0.30308000E-02
 0.16999999E+01     0.76542222E+00     0.77854362E-02     0.12000000E+02    -0.16047628E+00     0.33854544E+00     0.36426446E+00     0.35229512E-02     124     0.30308000E-02
 0.17999990E+01     0.77794027E+00     0.78075454E-02     0.12000000E+02    -0.16068646E+00     0.33783901E+00     0.36469987E+00     0.35438514E-02     124     0.30308000E-02
 0.18999999E+01     0.79050589E+00     0.78268116E-02     0.12000000E+02    -0.16090454E+00     0.33731514E+00     0.36511025E+00     0.35658455E-02     124     0.30308000E-02
 0.19999989E+01     0.80308831E+00     0.78451084E-02     0.12000000E+02    -0.16112463E+00     0.33690429E+00     0.36553079E+00     0.35860976E-02     124     0.30308000E-02
 0.20999997E+01     0.81564307E+00     0.78648580E-02     0.12000000E+02    -0.16133809E+00     0.33643353E+00     0.36593202E+00     0.36070761E-02     125     0.39082086E-02
 0.21999989E+01     0.82817960E+00     0.78854850E-02     0.12000000E+02    -0.16154730E+00     0.33597055E+00     0.36632669E+00     0.36282842E-02     125     0.39082086E-02
 0.22999997E+01     0.84069288E+00     0.79070739E-02     0.12000000E+02    -0.16175248E+00     0.33544618E+00     0.36673647E+00     0.36499919E-02     125     0.39082086E-02
 0.23999987E+01     0.85318899E+00     0.79293931E-02     0.12000000E+02    -0.16195290E+00     0.33491975E+00     0.36713552E+00     0.36720559E-02     125     0.39082086E-02
 0.24999995E+01     0.86566675E+00     0.79524117E-02     0.12000000E+02    -0.16214918E+00     0.33439517E+00     0.36751866E+00     0.36944123E-02     125     0.39082086E-02
 0.25999987E+01     0.87812001E+00     0.79767006E-02     0.12000000E+02    -0.16233943E+00     0.33384618E+00     0.36787701E+00     0.37176297E-02     126     0.49119266E-02
 0.26999993E+01     0.89055139E+00     0.80014942E-02     0.12000000E+02    -0.16252495E+00     0.33330694E+00     0.36819232E+00     0.37406185E-02     126     0.49119266E-02
 0.27999985E+01     0.90296680E+00     0.80272537E-02     0.12000000E+02    -0.16270655E+00     0.33278203E+00     0.36845183E+00     0.37641791E-02     126     0.49119266E-02
 0.28999994E+01     0.91534412E+00     0.80544138E-02     0.12000000E+02    -0.16288005E+00     0.33221692E+00     0.36868897E+00     0.37881592E-02     126     0.49119266E-02
 0.29999983E+01     0.92777151E+00     0.80800327E-02     0.12000000E+02    -0.16306734E+00     0.33166355E+00     0.36926150E+00     0.38112709E-02     126     0.49119266E-02
 0.30999992E+01     0.94009608E+00     0.81106760E-02     0.12000000E+02    -0.16323695E+00     0.33055040E+00     0.36985496E+00     0.38377191E-02     127     0.60465392E-02
 0.31999984E+01     0.95250458E+00     0.81372550E-02     0.12000000E+02    -0.16342069E+00     0.32994193E+00     0.37046868E+00     0.38643060E-02     127     0.60465392E-02
 0.32999990E+01     0.96489638E+00     0.81644570E-02     0.12000000E+02    -0.16360018E+00     0.32921362E+00     0.37101451E+00     0.38910108E-02     127     0.60465392E-02
 0.33999999E+01     0.97715449E+00     0.81976429E-02     0.12000000E+02    -0.16375552E+00     0.32755488E+00     0.37156090E+00     0.39205910E-02     127     0.60465392E-02
 0.34999990E+01     0.98962235E+00     0.82204435E-02     0.12000000E+02    -0.16394879E+00     0.32651174E+00     0.37206247E+00     0.39457502E-02     127     0.60465392E-02
 0.35999999E+01     0.10017661E+01     0.82594706E-02     0.12000000E+02    -0.16408727E+00     0.32348353E+00     0.37293443E+00     0.39760517E-02     128     0.73172259E-02
 0.36999989E+01     0.10141205E+01     0.82877185E-02     0.12000000E+02    -0.16425754E+00     0.32289845E+00     0.37341371E+00     0.40044533E-02     128     0.73172259E-02
 0.37999997E+01     0.10262499E+01     0.83266180E-02     0.12000000E+02    -0.16438785E+00     0.32126871E+00     0.37386230E+00     0.40350989E-02     128     0.73172259E-02
 0.38999987E+01     0.10385422E+01     0.83576590E-02     0.12000000E+02    -0.16454534E+00     0.32054245E+00     0.37430015E+00     0.40645534E-02     128     0.73172259E-02
 0.39999995E+01     0.10508285E+01     0.83885361E-02     0.12000000E+02    -0.16470090E+00     0.31978303E+00     0.37473723E+00     0.40941057E-02     128     0.73172259E-02
 0.40999985E+01     0.10629090E+01     0.84286565E-02     0.12000000E+02    -0.16481972E+00     0.31701693E+00     0.37517872E+00     0.41258303E-02     128     0.73172259E-02
 0.41999993E+01     0.10751441E+01     0.84614931E-02     0.12000000E+02    -0.16496496E+00     0.31545329E+00     0.37562245E+00     0.41560214E-02     129     0.87298052E-02
 0.42999988E+01     0.10873345E+01     0.84961066E-02     0.12000000E+02    -0.16510154E+00     0.31414911E+00     0.37603348E+00     0.41870810E-02     129     0.87298052E-02
 0.43999991E+01     0.10995697E+01     0.85281786E-02     0.12000000E+02    -0.16524450E+00     0.31339934E+00     0.37645805E+00     0.42177252E-02     129     0.87298052E-02
 0.44999986E+01     0.11117640E+01     0.85621569E-02     0.12000000E+02    -0.16537963E+00     0.31262320E+00     0.37686637E+00     0.42493790E-02     129     0.87298052E-02
 0.45999994E+01     0.11236802E+01     0.86095007E-02     0.12000000E+02    -0.16546477E+00     0.31065491E+00     0.37722838E+00     0.42849840E-02     129     0.87298052E-02
 0.47000003E+01     0.11356286E+01     0.86546615E-02     0.12000000E+02    -0.16555361E+00     0.30846176E+00     0.37755877E+00     0.43202266E-02     130     0.10290815E-01
 0.47999973E+01     0.11478487E+01     0.86862268E-02     0.12000000E+02    -0.16568945E+00     0.30761844E+00     0.37784138E+00     0.43513528E-02     130     0.10290815E-01
 0.48999982E+01     0.11599154E+01     0.87253293E-02     0.12000000E+02    -0.16580033E+00     0.30563262E+00     0.37824193E+00     0.43836525E-02     130     0.10290815E-01
 0.49999990E+01     0.11720901E+01     0.87596336E-02     0.12000000E+02    -0.16593294E+00     0.30468628E+00     0.37888220E+00     0.44178134E-02     130     0.10290815E-01
 0.50999999E+01     0.11839517E+01     0.88092694E-02     0.12000000E+02    -0.16600972E+00     0.30251241E+00     0.37947699E+00     0.44578472E-02     130     0.10290815E-01
 0.52000008E+01     0.11959870E+01     0.88503668E-02     0.12000000E+02    -0.16611589E+00     0.30140695E+00     0.38010198E+00     0.44959760E-02     131     0.12008118E-01
 0.52999978E+01     0.12080233E+01     0.88911904E-02     0.12000000E+02    -0.16622183E+00     0.30025992E+00     0.38069195E+00     0.45340764E-02     131     0.12008118E-01
 0.53999987E+01     0.12200804E+01     0.89304456E-02     0.12000000E+02    -0.16633081E+00     0.29902968E+00     0.38125068E+00     0.45717368E-02     131     0.12008118E-01
 0.54999995E+01     0.12320949E+01     0.89712087E-02     0.12000000E+02    -0.16643223E+00     0.29702699E+00     0.38175088E+00     0.46088318E-02     131     0.12008118E-01
 0.56000004E+01     0.12441759E+01     0.90094153E-02     0.12000000E+02    -0.16654767E+00     0.29581255E+00     0.38266236E+00     0.46482636E-02     131     0.12008118E-01
 0.56999979E+01     0.12554169E+01     0.90879230E-02     0.12000000E+02    -0.16651103E+00     0.29145676E+00     0.38314664E+00     0.47029909E-02     131     0.12008118E-01
 0.57999988E+01     0.12672879E+01     0.91346428E-02     0.12000000E+02    -0.16658440E+00     0.28977212E+00     0.38361782E+00     0.47448445E-02     132     0.13890646E-01
 0.58999996E+01     0.12789546E+01     0.91909003E-02     0.12000000E+02    -0.16662148E+00     0.28636247E+00     0.38407245E+00     0.47890600E-02     132     0.13890646E-01
 0.60000000E+01     0.12907603E+01     0.92404569E-02     0.12000000E+02    -0.16668162E+00     0.28464088E+00     0.38453284E+00     0.48332755E-02     132     0.13890646E-01
 0.60999975E+01     0.13029631E+01     0.92699723E-02     0.12000000E+02    -0.16681135E+00     0.28487524E+00     0.38503417E+00     0.48688711E-02     132     0.13890646E-01
 0.61999984E+01     0.13137378E+01     0.93690511E-02     0.12000000E+02    -0.16668743E+00     0.27869335E+00     0.38544646E+00     0.49329852E-02     132     0.13890646E-01
 0.62999992E+01     0.13254360E+01     0.94225239E-02     0.12000000E+02    -0.16672646E+00     0.27648619E+00     0.38590440E+00     0.49801073E-02     132     0.13890646E-01
 0.64000001E+01     0.13368789E+01     0.94881700E-02     0.12000000E+02    -0.16671906E+00     0.27398109E+00     0.38632527E+00     0.50341175E-02     133     0.15949279E-01
 0.65000010E+01     0.13482331E+01     0.95577408E-02     0.12000000E+02    -0.16669519E+00     0.27115661E+00     0.38670200E+00     0.50896793E-02     133     0.15949279E-01
 0.65999980E+01     0.13593388E+01     0.96392613E-02     0.12000000E+02    -0.16662665E+00     0.26642564E+00     0.38705671E+00     0.51489077E-02     133     0.15949279E-01
 0.66999989E+01     0.13697258E+01     0.97563108E-02     0.12000000E+02    -0.16642928E+00     0.25968710E+00     0.38735044E+00     0.52270466E-02     133     0.15949279E-01
 0.67999997E+01     0.13795929E+01     0.99009657E-02     0.12000000E+02    -0.16614217E+00     0.25101924E+00     0.38788530E+00     0.53225169E-02     133     0.15949279E-01
 0.69000006E+01     0.13900946E+01     0.10014173E-01     0.12000000E+02    -0.16596831E+00     0.24559505E+00     0.38851258E+00     0.54100025E-02     133     0.15949279E-01
 0.69999981E+01     0.14005376E+01     0.10129703E-01     0.12000000E+02    -0.16578336E+00     0.23922417E+00     0.38913444E+00     0.54947203E-02     134     0.18196480E-01
 0.70999990E+01     0.14104619E+01     0.10271710E-01     0.12000000E+02    -0.16550644E+00     0.23171109E+00     0.38976195E+00     0.55965330E-02     134     0.18196480E-01
 0.71999998E+01     0.14181845E+01     0.10530300E-01     0.12000000E+02    -0.16483617E+00     0.21706843E+00     0.39027995E+00     0.57689450E-02     134     0.18196480E-01
 0.75999994E+01     0.14340512E+01     0.12372781E-01     0.12000000E+02    -0.15946534E+00     0.11692952E+00     0.39249271E+00     0.70640980E-02     134     0.18196480E-01
 0.77000003E+01     0.14423828E+01     0.12587027E-01     0.12000000E+02    -0.15889806E+00     0.10835662E+00     0.39300027E+00     0.72337869E-02     135     0.20647235E-01
 0.77999973E+01     0.14511012E+01     0.12777760E-01     0.12000000E+02    -0.15839744E+00     0.10131221E+00     0.39347407E+00     0.73871529E-02     135     0.20647235E-01
 0.78999982E+01     0.14583960E+01     0.13036764E-01     0.12000000E+02    -0.15764192E+00     0.90897985E-01     0.39391348E+00     0.75914706E-02     135     0.20647235E-01
 0.79999990E+01     0.14677432E+01     0.13184917E-01     0.12000000E+02    -0.15725172E+00     0.86715512E-01     0.39437383E+00     0.77164737E-02     135     0.20647235E-01
 0.81000004E+01     0.14767883E+01     0.13344301E-01     0.12000000E+02    -0.15680709E+00     0.82452670E-01     0.39481977E+00     0.78510344E-02     135     0.20647235E-01
 0.82000008E+01     0.14862604E+01     0.13479793E-01     0.12000000E+02    -0.15643762E+00     0.79447888E-01     0.39529061E+00     0.79724668E-02     135     0.20647235E-01
 0.82999983E+01     0.14951912E+01     0.13638513E-01     0.12000000E+02    -0.15597130E+00     0.76100402E-01     0.39572570E+00     0.81117144E-02     135     0.20647235E-01
 0.83999987E+01     0.15046930E+01     0.13766662E-01     0.12000000E+02    -0.15560502E+00     0.73414795E-01     0.39613762E+00     0.82261981E-02     136     0.23319028E-01
 0.85000000E+01     0.15138402E+01     0.13907968E-01     0.12000000E+02    -0.15517437E+00     0.71106851E-01     0.39655048E+00     0.83542746E-02     136     0.23319028E-01
 0.86000004E+01     0.15227419E+01     0.14057131E-01     0.12000000E+02    -0.15469855E+00     0.68546355E-01     0.39688799E+00     0.84881410E-02     136     0.23319028E-01
 0.86999979E+01     0.15320953E+01     0.14183062E-01     0.12000000E+02    -0.15430306E+00     0.66562556E-01     0.39724728E+00     0.86019393E-02     136     0.23319028E-01
 0.87999983E+01     0.15411748E+01     0.14319359E-01     0.12000000E+02    -0.15386122E+00     0.64764604E-01     0.39793193E+00     0.87298751E-02     136     0.23319028E-01
 0.88999996E+01     0.15491679E+01     0.14502268E-01     0.12000000E+02    -0.15322292E+00     0.61427858E-01     0.39853787E+00     0.88939592E-02     136     0.23319028E-01
 0.90000000E+01     0.15583262E+01     0.14630986E-01     0.12000000E+02    -0.15279551E+00     0.59846845E-01     0.39917964E+00     0.90161022E-02     136     0.23319028E-01
 0.90999975E+01     0.15673115E+01     0.14766032E-01     0.12000000E+02    -0.15233757E+00     0.58527362E-01     0.39979878E+00     0.91462377E-02     137     0.26232461E-01
 0.91999989E+01     0.15759648E+01     0.14914043E-01     0.12000000E+02    -0.15181863E+00     0.57199955E-01     0.40043283E+00     0.92871599E-02     137     0.26232461E-01
 0.92999992E+01     0.15844791E+01     0.15065369E-01     0.12000000E+02    -0.15127541E+00     0.55815987E-01     0.40095830E+00     0.94311694E-02     137     0.26232461E-01
 0.94000006E+01     0.15931805E+01     0.15205688E-01     0.12000000E+02    -0.15076424E+00     0.54395724E-01     0.40152898E+00     0.95676612E-02     137     0.26232461E-01
 0.94999971E+01     0.16018440E+01     0.15344966E-01     0.12000000E+02    -0.15024740E+00     0.53338733E-01     0.40245488E+00     0.97046010E-02     137     0.26232461E-01
 0.95999985E+01     0.16102543E+01     0.15493042E-01     0.12000000E+02    -0.14968297E+00     0.52338738E-01     0.40299970E+00     0.98492717E-02     137     0.26232461E-01
 0.96999989E+01     0.16182505E+01     0.15655961E-01     0.12000000E+02    -0.14904492E+00     0.51270105E-01     0.40348485E+00     0.10006621E-01     137     0.26232461E-01
 0.98000002E+01     0.16254176E+01     0.15851798E-01     0.12000000E+02    -0.14825782E+00     0.49375132E-01     0.40398610E+00     0.10191664E-01     138     0.29411485E-01
 0.99000006E+01     0.16322461E+01     0.16022844E-01     0.12000000E+02    -0.14737624E+00     0.48347250E-01     0.40445811E+00     0.10361536E-01     138     0.29411485E-01
 0.99999981E+01     0.16355560E+01     0.16242400E-01     0.12000000E+02    -0.14577377E+00     0.47729395E-01     0.40485021E+00     0.10584095E-01     138     0.29411485E-01
 0.10099998E+02     0.16420718E+01     0.16414853E-01     0.12000000E+02    -0.14482516E+00     0.47666412E-01     0.40530545E+00     0.10760346E-01     138     0.29411485E-01
 0.10200000E+02     0.16481602E+01     0.16631745E-01     0.12000000E+02    -0.14382714E+00     0.46381168E-01     0.40570813E+00     0.10972553E-01     138     0.29411485E-01
 0.10300000E+02     0.16546450E+01     0.16841317E-01     0.12000000E+02    -0.14291249E+00     0.45596331E-01     0.40614218E+00     0.11179027E-01     138     0.29411485E-01
 0.10399998E+02     0.16613953E+01     0.17048361E-01     0.12000000E+02    -0.14205784E+00     0.44958442E-01     0.40651691E+00     0.11383202E-01     138     0.29411485E-01
 0.10499999E+02     0.16681043E+01     0.17264111E-01     0.12000000E+02    -0.14120312E+00     0.44019256E-01     0.40682486E+00     0.11594549E-01     138     0.29411485E-01
 0.10599999E+02     0.16751806E+01     0.17468290E-01     0.12000000E+02    -0.14042240E+00     0.43304831E-01     0.40733799E+00     0.11797432E-01     139     0.32884005E-01
 0.10700000E+02     0.16821010E+01     0.17679716E-01     0.12000000E+02    -0.13961928E+00     0.42530425E-01     0.40800828E+00     0.12010092E-01     139     0.32884005E-01
 0.10799997E+02     0.16891258E+01     0.17892135E-01     0.12000000E+02    -0.13884054E+00     0.42007636E-01     0.40864807E+00     0.12224109E-01     139     0.32884005E-01
 0.10899999E+02     0.16961251E+01     0.18110821E-01     0.12000000E+02    -0.13806915E+00     0.41474011E-01     0.40934291E+00     0.12444358E-01     139     0.32884005E-01
 0.10999999E+02     0.17027327E+01     0.18348390E-01     0.12000000E+02    -0.13723266E+00     0.40907431E-01     0.40995678E+00     0.12682781E-01     139     0.32884005E-01
 0.11100000E+02     0.17090968E+01     0.18597519E-01     0.12000000E+02    -0.13636103E+00     0.40407591E-01     0.41103107E+00     0.12934932E-01     139     0.32884005E-01
 0.11200001E+02     0.17152405E+01     0.18859481E-01     0.12000000E+02    -0.13545911E+00     0.39836716E-01     0.41109473E+00     0.13195383E-01     139     0.32884005E-01
 0.11299998E+02     0.17214373E+01     0.19126993E-01     0.12000000E+02    -0.13457701E+00     0.39210897E-01     0.41161999E+00     0.13463341E-01     139     0.32884005E-01
 0.11399999E+02     0.17274634E+01     0.19402979E-01     0.12000000E+02    -0.13367122E+00     0.38581457E-01     0.41254920E+00     0.13743106E-01     140     0.36681708E-01
 0.11500000E+02     0.17336960E+01     0.19672835E-01     0.12000000E+02    -0.13280770E+00     0.38083378E-01     0.41308531E+00     0.14016001E-01     140     0.36681708E-01
 0.11600000E+02     0.17399991E+01     0.19945635E-01     0.12000000E+02    -0.13196588E+00     0.37518170E-01     0.41361189E+00     0.14292431E-01     140     0.36681708E-01
 0.11699998E+02     0.17453833E+01     0.20267921E-01     0.12000000E+02    -0.13098261E+00     0.36747400E-01     0.41412225E+00     0.14616027E-01     140     0.36681708E-01
 0.11799999E+02     0.17510017E+01     0.20574935E-01     0.12000000E+02    -0.13004583E+00     0.36378857E-01     0.41455442E+00     0.14926640E-01     140     0.36681708E-01
 0.11900000E+02     0.17566521E+01     0.20892946E-01     0.12000000E+02    -0.12912689E+00     0.35949860E-01     0.41503325E+00     0.15247056E-01     140     0.36681708E-01
 0.12000000E+02     0.17616838E+01     0.21241486E-01     0.12000000E+02    -0.12811887E+00     0.35561636E-01     0.41547775E+00     0.15598584E-01     140     0.36681708E-01
 0.12099998E+02     0.17663720E+01     0.21616589E-01     0.12000000E+02    -0.12706895E+00     0.35128005E-01     0.41592276E+00     0.15976209E-01     140     0.36681708E-01
 0.12199999E+02     0.17714393E+01     0.21979004E-01     0.12000000E+02    -0.12609537E+00     0.34732018E-01     0.41635054E+00     0.16341332E-01     140     0.36681708E-01
 0.12299999E+02     0.17758378E+01     0.22375932E-01     0.12000000E+02    -0.12502700E+00     0.34272324E-01     0.41673699E+00     0.16742118E-01     140     0.36681708E-01
 0.12400001E+02     0.17805799E+01     0.22770794E-01     0.12000000E+02    -0.12403110E+00     0.33874080E-01     0.41704011E+00     0.17141854E-01     141     0.40840175E-01
 0.12499997E+02     0.17851193E+01     0.23178356E-01     0.12000000E+02    -0.12302200E+00     0.33440247E-01     0.41760224E+00     0.17554224E-01     141     0.40840175E-01
 0.12599998E+02     0.17895203E+01     0.23606347E-01     0.12000000E+02    -0.12201110E+00     0.33129506E-01     0.41829383E+00     0.17991401E-01     141     0.40840175E-01
 0.12699999E+02     0.17938641E+01     0.24043160E-01     0.12000000E+02    -0.12101244E+00     0.32785326E-01     0.41897896E+00     0.18436093E-01     141     0.40840175E-01
 0.12800000E+02     0.17976638E+01     0.24518523E-01     0.12000000E+02    -0.11995029E+00     0.32552108E-01     0.41951355E+00     0.18920340E-01     141     0.40840175E-01
 0.12900001E+02     0.18013746E+01     0.25008257E-01     0.12000000E+02    -0.11890751E+00     0.32213826E-01     0.42015639E+00     0.19418597E-01     141     0.40840175E-01
 0.12999998E+02     0.18042952E+01     0.25555782E-01     0.12000000E+02    -0.11777607E+00     0.31941026E-01     0.42075107E+00     0.19976266E-01     141     0.40840175E-01
 0.13099999E+02     0.18072771E+01     0.26118308E-01     0.12000000E+02    -0.11668649E+00     0.31685334E-01     0.42128703E+00     0.20549063E-01     141     0.40840175E-01
 0.13200000E+02     0.18095372E+01     0.26720606E-01     0.12000000E+02    -0.11553677E+00     0.31405289E-01     0.42180488E+00     0.21162234E-01     141     0.40840175E-01
 0.13300000E+02     0.18100876E+01     0.27451249E-01     0.12000000E+02    -0.11421549E+00     0.30914666E-01     0.42228231E+00     0.21903343E-01     141     0.40840175E-01
 0.13399998E+02     0.18127370E+01     0.28069751E-01     0.12000000E+02    -0.11319242E+00     0.30913198E-01     0.42327070E+00     0.22537608E-01     141     0.40840175E-01
 0.13499999E+02     0.18135430E+01     0.28811743E-01     0.12000000E+02    -0.11200180E+00     0.30628620E-01     0.42371821E+00     0.23293424E-01     142     0.45398347E-01
 0.13599999E+02     0.18125439E+01     0.29701753E-01     0.12000000E+02    -0.11067398E+00     0.29996015E-01     0.42401981E+00     0.24197115E-01     142     0.45398347E-01
 0.13700001E+02     0.18124318E+01     0.30552611E-01     0.12000000E+02    -0.10950986E+00     0.29795796E-01     0.42453679E+00     0.25065975E-01     142     0.45398347E-01
 0.13799997E+02     0.18124762E+01     0.31374283E-01     0.12000000E+02    -0.10843701E+00     0.29884120E-01     0.42493439E+00     0.25908291E-01     142     0.45398347E-01
 0.13899999E+02     0.18096915E+01     0.32476228E-01     0.12000000E+02    -0.10718459E+00     0.29268023E-01     0.42528525E+00     0.27030883E-01     142     0.45398347E-01
 0.13999999E+02     0.18073485E+01     0.33528246E-01     0.12000000E+02    -0.10608540E+00     0.29136317E-01     0.42572582E+00     0.28109176E-01     142     0.45398347E-01
 0.14100000E+02     0.18032732E+01     0.34723796E-01     0.12000000E+02    -0.10497651E+00     0.29019026E-01     0.42603666E+00     0.29333688E-01     142     0.45398347E-01
 0.14199998E+02     0.17978023E+01     0.36062203E-01     0.12000000E+02    -0.10392003E+00     0.28902693E-01     0.42630094E+00     0.30705053E-01     142     0.45398347E-01
 0.14299998E+02     0.17903010E+01     0.37561353E-01     0.12000000E+02    -0.10293747E+00     0.28839322E-01     0.42658821E+00     0.32243222E-01     142     0.45398347E-01
 0.14400000E+02     0.17799509E+01     0.39339591E-01     0.12000000E+02    -0.10205866E+00     0.28742926E-01     0.42675525E+00     0.34068119E-01     142     0.45398347E-01
 0.14500000E+02     0.17650520E+01     0.41527744E-01     0.12000000E+02    -0.10136918E+00     0.28674481E-01     0.42684516E+00     0.36316320E-01     142     0.45398347E-01
 0.14600000E+02     0.17467840E+01     0.44081338E-01     0.12000000E+02    -0.10103545E+00     0.28801728E-01     0.42695323E+00     0.38942315E-01     142     0.45398347E-01
 0.14699998E+02     0.17165619E+01     0.47831766E-01     0.12000000E+02    -0.10124458E+00     0.28860770E-01     0.42681774E+00     0.42798590E-01     142     0.45398347E-01
 0.15199999E+02     0.14545552E+01     0.73958792E-01     0.12000000E+02    -0.10514913E+00     0.31975046E-01     0.42380297E+00     0.69644541E-01     141     0.40840175E-01
 0.15299999E+02     0.14313183E+01     0.77585541E-01     0.12000000E+02    -0.10592765E+00     0.32157209E-01     0.42307043E+00     0.73333368E-01     140     0.36681708E-01
 0.15400001E+02     0.14128441E+01     0.80849320E-01     0.12000000E+02    -0.10679293E+00     0.32162711E-01     0.42301702E+00     0.76650999E-01     140     0.36681708E-01
 0.15499998E+02     0.14053491E+01     0.82765549E-01     0.12000000E+02    -0.10723656E+00     0.31768236E-01     0.42330319E+00     0.78591526E-01     140     0.36681708E-01
 0.15599998E+02     0.13904185E+01     0.85789196E-01     0.12000000E+02    -0.10829516E+00     0.31610984E-01     0.42343089E+00     0.81661940E-01     140     0.36681708E-01
 0.15699999E+02     0.13895603E+01     0.87076738E-01     0.12000000E+02    -0.10862324E+00     0.31840216E-01     0.42423427E+00     0.82970440E-01     140     0.36681708E-01
 0.15800000E+02     0.13784422E+01     0.89799233E-01     0.12000000E+02    -0.10968760E+00     0.31783830E-01     0.42385688E+00     0.85732237E-01     140     0.36681708E-01
 0.15899998E+02     0.13748399E+01     0.91412626E-01     0.12000000E+02    -0.11021155E+00     0.31283673E-01     0.42416537E+00     0.87359816E-01     140     0.36681708E-01
 0.15999998E+02     0.13682003E+01     0.93622476E-01     0.12000000E+02    -0.11111785E+00     0.31379741E-01     0.42487472E+00     0.89605324E-01     141     0.40840175E-01
 0.16099998E+02     0.13654094E+01     0.95244721E-01     0.12000000E+02    -0.11174560E+00     0.31220477E-01     0.42528167E+00     0.91245972E-01     141     0.40840175E-01
 0.16200001E+02     0.13643475E+01     0.96567415E-01     0.12000000E+02    -0.11220188E+00     0.30905280E-01     0.42551547E+00     0.92579588E-01     141     0.40840175E-01
 0.16300001E+02     0.13581308E+01     0.98793007E-01     0.12000000E+02    -0.11322811E+00     0.30841136E-01     0.42522109E+00     0.94835654E-01     141     0.40840175E-01
 0.16399998E+02     0.13576841E+01     0.10012164E+00     0.12000000E+02    -0.11375385E+00     0.30832838E-01     0.42618546E+00     0.96181594E-01     141     0.40840175E-01
 0.16499998E+02     0.13567827E+01     0.10145869E+00     0.12000000E+02    -0.11427828E+00     0.30203504E-01     0.42640808E+00     0.97526044E-01     141     0.40840175E-01
 0.16600000E+02     0.13535074E+01     0.10322947E+00     0.12000000E+02    -0.11509246E+00     0.29869488E-01     0.42657065E+00     0.99316135E-01     141     0.40840175E-01
 0.16700001E+02     0.13510464E+01     0.10494982E+00     0.12000000E+02    -0.11593342E+00     0.29647179E-01     0.42681754E+00     0.10105710E+00     141     0.40840175E-01
 0.16799997E+02     0.13526435E+01     0.10599923E+00     0.12000000E+02    -0.11635536E+00     0.29725390E-01     0.42717674E+00     0.10211723E+00     141     0.40840175E-01
 0.16900000E+02     0.13542421E+01     0.10702354E+00     0.12000000E+02    -0.11677352E+00     0.29542509E-01     0.42763785E+00     0.10314947E+00     141     0.40840175E-01
 0.17000000E+02     0.13499975E+01     0.10903583E+00     0.12000000E+02    -0.11784390E+00     0.28885035E-01     0.42815951E+00     0.10518697E+00     141     0.40840175E-01
 0.17100000E+02     0.13502057E+01     0.11035557E+00     0.12000000E+02    -0.11849798E+00     0.28781917E-01     0.42812702E+00     0.10652100E+00     141     0.40840175E-01
 0.17199997E+02     0.13524131E+01     0.11134417E+00     0.12000000E+02    -0.11894535E+00     0.28765950E-01     0.42905739E+00     0.10752137E+00     141     0.40840175E-01
 0.17299999E+02     0.13541716E+01     0.11237177E+00     0.12000000E+02    -0.11942942E+00     0.28472552E-01     0.42937106E+00     0.10855707E+00     141     0.40840175E-01
 0.17400000E+02     0.13555547E+01     0.11342479E+00     0.12000000E+02    -0.11991003E+00     0.28147843E-01     0.42989224E+00     0.10961846E+00     141     0.40840175E-01
 0.17500000E+02     0.13526640E+01     0.11536740E+00     0.12000000E+02    -0.12103658E+00     0.28319854E-01     0.43032667E+00     0.11158982E+00     141     0.40840175E-01
 0.17599997E+02     0.13527066E+01     0.11665509E+00     0.12000000E+02    -0.12168782E+00     0.27640518E-01     0.43120396E+00     0.11288568E+00     141     0.40840175E-01
