  
       RFOIL         Version 3.00
  
 Calculated polar for: OSO_2025_WT2_T33                
  
 1  Reynolds number fixed
  
 xtrf =      0.05000000 (suction)     0.05000000 (pressure)
 Rot. Parameters:  f0 =      1.00000000 c/r =      0.00000000
 Mach =      0.00000000     Re =     10.00000000 e 6     Ncrit =      3.00000000
  
             alpha                CL                CD            Re(CL)                CM             S_xtr             P_xtr               CDp            I_stag            X_stag
  ------- -------- --------- --------- -------- ------- ------- -------- 
-0.23600000E+02    -0.87915736E+00     0.16359749E+00     0.10000000E+02     0.69530848E-02     0.49545106E+00     0.50000001E-01     0.15991099E+00      85     0.54956943E-01
-0.23500000E+02    -0.87413663E+00     0.16301601E+00     0.10000000E+02     0.62895454E-02     0.47959110E+00     0.50000001E-01     0.15928252E+00      85     0.54956943E-01
-0.23400002E+02    -0.86869460E+00     0.16246270E+00     0.10000000E+02     0.54764682E-02     0.47705901E+00     0.50000001E-01     0.15871745E+00      85     0.54956943E-01
-0.23300001E+02    -0.86365277E+00     0.16195723E+00     0.10000000E+02     0.48103165E-02     0.48351181E+00     0.50000001E-01     0.15822457E+00      85     0.54956943E-01
-0.23200001E+02    -0.85823357E+00     0.16134839E+00     0.10000000E+02     0.39995140E-02     0.47741073E+00     0.50000001E-01     0.15759405E+00      85     0.54956943E-01
-0.23100000E+02    -0.85300100E+00     0.16076773E+00     0.10000000E+02     0.32631247E-02     0.46722451E+00     0.50000001E-01     0.15698214E+00      85     0.54956943E-01
-0.23000002E+02    -0.84795505E+00     0.16025062E+00     0.10000000E+02     0.25890537E-02     0.47343463E+00     0.50000001E-01     0.15647565E+00      85     0.54956943E-01
-0.22900002E+02    -0.84323949E+00     0.15953954E+00     0.10000000E+02     0.18130457E-02     0.47124559E+00     0.50000001E-01     0.15575396E+00      85     0.54956943E-01
-0.22800001E+02    -0.83642256E+00     0.15839875E+00     0.10000000E+02     0.68217702E-03     0.50000001E-01     0.50000001E-01     0.15396033E+00      86     0.49884733E-01
-0.22700001E+02    -0.83194363E+00     0.15759534E+00     0.10000000E+02    -0.16383338E-03     0.50000001E-01     0.50000001E-01     0.15314586E+00      86     0.49884733E-01
-0.22600002E+02    -0.82986200E+00     0.15636170E+00     0.10000000E+02    -0.12663632E-02     0.50000001E-01     0.50000001E-01     0.15189523E+00      86     0.49884733E-01
-0.22500000E+02    -0.82432044E+00     0.15586847E+00     0.10000000E+02    -0.19636564E-02     0.50000001E-01     0.50000001E-01     0.15139325E+00      86     0.49884733E-01
-0.22400002E+02    -0.81931525E+00     0.15530656E+00     0.10000000E+02    -0.26028790E-02     0.50000001E-01     0.50000001E-01     0.15082259E+00      86     0.49884733E-01
-0.22300001E+02    -0.81391263E+00     0.15476187E+00     0.10000000E+02    -0.33169612E-02     0.50000001E-01     0.50000001E-01     0.15026964E+00      86     0.49884733E-01
-0.22200001E+02    -0.80833811E+00     0.15421742E+00     0.10000000E+02    -0.40494716E-02     0.50000001E-01     0.50000001E-01     0.14971648E+00      86     0.49884733E-01
-0.22100000E+02    -0.80322689E+00     0.15366563E+00     0.10000000E+02    -0.47120913E-02     0.50000001E-01     0.50000001E-01     0.14915626E+00      86     0.49884733E-01
-0.22000000E+02    -0.79772305E+00     0.15311578E+00     0.10000000E+02    -0.54020160E-02     0.50000001E-01     0.50000001E-01     0.14859743E+00      86     0.49884733E-01
-0.21900002E+02    -0.79271913E+00     0.15256536E+00     0.10000000E+02    -0.60397573E-02     0.50000001E-01     0.50000001E-01     0.14803876E+00      86     0.49884733E-01
-0.21800001E+02    -0.78741872E+00     0.15195315E+00     0.10000000E+02    -0.68017826E-02     0.50000001E-01     0.50000001E-01     0.14741789E+00      87     0.45182135E-01
-0.21700001E+02    -0.78282529E+00     0.15128043E+00     0.10000000E+02    -0.75299586E-02     0.50000001E-01     0.50000001E-01     0.14673519E+00      87     0.45182135E-01
-0.21600000E+02    -0.77903718E+00     0.15026645E+00     0.10000000E+02    -0.84074689E-02     0.50000001E-01     0.50000001E-01     0.14570691E+00      87     0.45182135E-01
-0.21500002E+02    -0.77569962E+00     0.14929590E+00     0.10000000E+02    -0.92956014E-02     0.50000001E-01     0.50000001E-01     0.14472313E+00      87     0.45182135E-01
-0.21400000E+02    -0.77009541E+00     0.14880706E+00     0.10000000E+02    -0.99440180E-02     0.50000001E-01     0.50000001E-01     0.14422609E+00      87     0.45182135E-01
-0.21300001E+02    -0.76484281E+00     0.14821018E+00     0.10000000E+02    -0.10658346E-01     0.50000001E-01     0.50000001E-01     0.14362061E+00      87     0.45182135E-01
-0.21200001E+02    -0.75949985E+00     0.14764734E+00     0.10000000E+02    -0.11283427E-01     0.50000001E-01     0.50000001E-01     0.14304934E+00      87     0.45182135E-01
-0.21100002E+02    -0.75408751E+00     0.14712559E+00     0.10000000E+02    -0.11904206E-01     0.50000001E-01     0.50000001E-01     0.14252019E+00      87     0.45182135E-01
-0.21000000E+02    -0.74839652E+00     0.14653769E+00     0.10000000E+02    -0.12643844E-01     0.50000001E-01     0.50000001E-01     0.14192291E+00      88     0.40837713E-01
-0.20900000E+02    -0.74297065E+00     0.14597404E+00     0.10000000E+02    -0.13261350E-01     0.50000001E-01     0.50000001E-01     0.14135064E+00      88     0.40837713E-01
-0.20800001E+02    -0.73754966E+00     0.14541453E+00     0.10000000E+02    -0.13900247E-01     0.50000001E-01     0.50000001E-01     0.14078344E+00      88     0.40837713E-01
-0.20700003E+02    -0.73222655E+00     0.14479691E+00     0.10000000E+02    -0.14540522E-01     0.50000001E-01     0.50000001E-01     0.14015649E+00      88     0.40837713E-01
-0.20600000E+02    -0.72728217E+00     0.14413401E+00     0.10000000E+02    -0.15257732E-01     0.50000001E-01     0.50000001E-01     0.13948546E+00      88     0.40837713E-01
-0.14700002E+02    -0.41442141E+00     0.10624991E+00     0.10000000E+02    -0.48780832E-01     0.50000001E-01     0.50000001E-01     0.10110350E+00      95     0.18808823E-01
-0.14600000E+02    -0.40853500E+00     0.10570303E+00     0.10000000E+02    -0.49195331E-01     0.50000001E-01     0.50000001E-01     0.10054978E+00      96     0.16611833E-01
-0.14500000E+02    -0.40254432E+00     0.10512140E+00     0.10000000E+02    -0.49640343E-01     0.50000001E-01     0.50000001E-01     0.99962115E-01      96     0.16611833E-01
-0.14400001E+02    -0.39640898E+00     0.10460401E+00     0.10000000E+02    -0.50086252E-01     0.50000001E-01     0.50000001E-01     0.99438451E-01      96     0.16611833E-01
-0.14300001E+02    -0.39057171E+00     0.10401043E+00     0.10000000E+02    -0.50473239E-01     0.50000001E-01     0.50000001E-01     0.98838374E-01      96     0.16611833E-01
-0.14200001E+02    -0.38455904E+00     0.10349382E+00     0.10000000E+02    -0.50910722E-01     0.50000001E-01     0.50000001E-01     0.98315395E-01      96     0.16611833E-01
-0.14100001E+02    -0.37853405E+00     0.10293289E+00     0.10000000E+02    -0.51341571E-01     0.50000001E-01     0.50000001E-01     0.97747579E-01      96     0.16611833E-01
-0.14000001E+02    -0.37300745E+00     0.10229666E+00     0.10000000E+02    -0.51793326E-01     0.50000001E-01     0.50000001E-01     0.97104274E-01      97     0.14598641E-01
-0.13900002E+02    -0.36775097E+00     0.10163485E+00     0.10000000E+02    -0.52221429E-01     0.50000001E-01     0.50000001E-01     0.96434906E-01      97     0.14598641E-01
-0.13800001E+02    -0.36487380E+00     0.10054101E+00     0.10000000E+02    -0.52805137E-01     0.50000001E-01     0.50000001E-01     0.95327631E-01      97     0.14598641E-01
-0.13700001E+02    -0.35893613E+00     0.99961869E-01     0.10000000E+02    -0.53236041E-01     0.50000001E-01     0.50000001E-01     0.94742104E-01      97     0.14598641E-01
-0.13600001E+02    -0.35298884E+00     0.99366307E-01     0.10000000E+02    -0.53630665E-01     0.50000001E-01     0.50000001E-01     0.94140179E-01      97     0.14598641E-01
-0.13500001E+02    -0.34701127E+00     0.98812677E-01     0.10000000E+02    -0.54021735E-01     0.50000001E-01     0.50000001E-01     0.93580633E-01      97     0.14598641E-01
-0.13400001E+02    -0.34101197E+00     0.98274581E-01     0.10000000E+02    -0.54409266E-01     0.50000001E-01     0.50000001E-01     0.93036339E-01      97     0.14598641E-01
-0.13300000E+02    -0.33488753E+00     0.97717866E-01     0.10000000E+02    -0.54825578E-01     0.50000001E-01     0.50000001E-01     0.92473730E-01      97     0.14598641E-01
-0.13200001E+02    -0.32886854E+00     0.97174801E-01     0.10000000E+02    -0.55195853E-01     0.50000001E-01     0.50000001E-01     0.91924421E-01      98     0.12755311E-01
-0.13100000E+02    -0.32292944E+00     0.96628897E-01     0.10000000E+02    -0.55572491E-01     0.50000001E-01     0.50000001E-01     0.91372713E-01      98     0.12755311E-01
-0.13000001E+02    -0.31699499E+00     0.96036807E-01     0.10000000E+02    -0.55986989E-01     0.50000001E-01     0.50000001E-01     0.90774156E-01      98     0.12755311E-01
-0.12900001E+02    -0.31138390E+00     0.95425643E-01     0.10000000E+02    -0.56385420E-01     0.50000001E-01     0.50000001E-01     0.90156063E-01      98     0.12755311E-01
-0.12800001E+02    -0.30696702E+00     0.94614126E-01     0.10000000E+02    -0.56846160E-01     0.50000001E-01     0.50000001E-01     0.89335017E-01      98     0.12755311E-01
-0.12700001E+02    -0.30314422E+00     0.93703397E-01     0.10000000E+02    -0.57351060E-01     0.50000001E-01     0.50000001E-01     0.88413395E-01      98     0.12755311E-01
-0.12600001E+02    -0.29721013E+00     0.93144193E-01     0.10000000E+02    -0.57710070E-01     0.50000001E-01     0.50000001E-01     0.87848343E-01      98     0.12755311E-01
-0.12500001E+02    -0.29096794E+00     0.92595428E-01     0.10000000E+02    -0.58102529E-01     0.50000001E-01     0.50000001E-01     0.87293513E-01      99     0.11069483E-01
-0.12400002E+02    -0.28493020E+00     0.92046119E-01     0.10000000E+02    -0.58461934E-01     0.50000001E-01     0.50000001E-01     0.86738579E-01      99     0.11069483E-01
-0.12300001E+02    -0.27886915E+00     0.91508344E-01     0.10000000E+02    -0.58812920E-01     0.50000001E-01     0.50000001E-01     0.86195052E-01      99     0.11069483E-01
-0.12200001E+02    -0.27269325E+00     0.90971388E-01     0.10000000E+02    -0.59185442E-01     0.50000001E-01     0.50000001E-01     0.85652366E-01      99     0.11069483E-01
-0.12100001E+02    -0.26669070E+00     0.90424664E-01     0.10000000E+02    -0.59532430E-01     0.50000001E-01     0.50000001E-01     0.85100316E-01      99     0.11069483E-01
-0.12000000E+02    -0.26076102E+00     0.89856341E-01     0.10000000E+02    -0.59888653E-01     0.50000001E-01     0.50000001E-01     0.84526032E-01      99     0.11069483E-01
-0.11900001E+02    -0.25492406E+00     0.89271478E-01     0.10000000E+02    -0.60258083E-01     0.50000001E-01     0.50000001E-01     0.83934784E-01     100     0.95301569E-02
-0.11800000E+02    -0.24971150E+00     0.88579290E-01     0.10000000E+02    -0.60647011E-01     0.50000001E-01     0.50000001E-01     0.83235122E-01     100     0.95301569E-02
-0.11700001E+02    -0.24675135E+00     0.87525286E-01     0.10000000E+02    -0.61139259E-01     0.50000001E-01     0.50000001E-01     0.82168646E-01     100     0.95301569E-02
-0.11600000E+02    -0.24082859E+00     0.86957976E-01     0.10000000E+02    -0.61494399E-01     0.50000001E-01     0.50000001E-01     0.81595503E-01     100     0.95301569E-02
-0.11500001E+02    -0.23472604E+00     0.86419545E-01     0.10000000E+02    -0.61834879E-01     0.50000001E-01     0.50000001E-01     0.81051618E-01     100     0.95301569E-02
-0.11400001E+02    -0.22864357E+00     0.85883707E-01     0.10000000E+02    -0.62159494E-01     0.50000001E-01     0.50000001E-01     0.80510333E-01     100     0.95301569E-02
-0.11300001E+02    -0.22241083E+00     0.85348599E-01     0.10000000E+02    -0.62510297E-01     0.50000001E-01     0.50000001E-01     0.79969645E-01     101     0.81278561E-02
-0.11200001E+02    -0.21631326E+00     0.84817775E-01     0.10000000E+02    -0.62832355E-01     0.50000001E-01     0.50000001E-01     0.79433545E-01     101     0.81278561E-02
-0.11100001E+02    -0.21021689E+00     0.84282815E-01     0.10000000E+02    -0.63159309E-01     0.50000001E-01     0.50000001E-01     0.78893296E-01     101     0.81278561E-02
-0.11000001E+02    -0.20419545E+00     0.83746932E-01     0.10000000E+02    -0.63480236E-01     0.50000001E-01     0.50000001E-01     0.78352027E-01     101     0.81278561E-02
-0.10900001E+02    -0.19823717E+00     0.83152026E-01     0.10000000E+02    -0.63832626E-01     0.50000001E-01     0.50000001E-01     0.77751234E-01     101     0.81278561E-02
-0.10800001E+02    -0.19274710E+00     0.82528375E-01     0.10000000E+02    -0.64178795E-01     0.50000001E-01     0.50000001E-01     0.77120982E-01     101     0.81278561E-02
-0.10700001E+02    -0.18991779E+00     0.81473581E-01     0.10000000E+02    -0.64633854E-01     0.50000001E-01     0.50000001E-01     0.76053865E-01     102     0.68541314E-02
-0.10600001E+02    -0.18420283E+00     0.80871388E-01     0.10000000E+02    -0.64958729E-01     0.50000001E-01     0.50000001E-01     0.75445637E-01     102     0.68541314E-02
-0.10500001E+02    -0.17814776E+00     0.80336802E-01     0.10000000E+02    -0.65260679E-01     0.50000001E-01     0.50000001E-01     0.74905753E-01     102     0.68541314E-02
-0.10400002E+02    -0.17195816E+00     0.79799645E-01     0.10000000E+02    -0.65585352E-01     0.50000001E-01     0.50000001E-01     0.74363515E-01     102     0.68541314E-02
-0.10300000E+02    -0.16578774E+00     0.79279326E-01     0.10000000E+02    -0.65886326E-01     0.50000001E-01     0.50000001E-01     0.73838219E-01     102     0.68541314E-02
-0.10200001E+02    -0.15962787E+00     0.78755170E-01     0.10000000E+02    -0.66181511E-01     0.50000001E-01     0.50000001E-01     0.73309064E-01     102     0.68541314E-02
-0.10100000E+02    -0.15347449E+00     0.78225985E-01     0.10000000E+02    -0.66484280E-01     0.50000001E-01     0.50000001E-01     0.72774708E-01     103     0.57018539E-02
-0.10000001E+02    -0.14741673E+00     0.77677540E-01     0.10000000E+02    -0.66791676E-01     0.50000001E-01     0.50000001E-01     0.72221078E-01     103     0.57018539E-02
-0.99000006E+01    -0.14160447E+00     0.77101536E-01     0.10000000E+02    -0.67105412E-01     0.50000001E-01     0.50000001E-01     0.71639284E-01     103     0.57018539E-02
-0.98000011E+01    -0.13627374E+00     0.76460332E-01     0.10000000E+02    -0.67411259E-01     0.50000001E-01     0.50000001E-01     0.70991658E-01     103     0.57018539E-02
-0.97000008E+01    -0.13347393E+00     0.75423755E-01     0.10000000E+02    -0.67846514E-01     0.50000001E-01     0.50000001E-01     0.69942832E-01     103     0.57018539E-02
-0.96000013E+01    -0.12746495E+00     0.74881047E-01     0.10000000E+02    -0.68136275E-01     0.50000001E-01     0.50000001E-01     0.69395021E-01     103     0.57018539E-02
-0.95000010E+01    -0.12133008E+00     0.74356839E-01     0.10000000E+02    -0.68419009E-01     0.50000001E-01     0.50000001E-01     0.68865784E-01     103     0.57018539E-02
-0.94000006E+01    -0.11511946E+00     0.73837832E-01     0.10000000E+02    -0.68705581E-01     0.50000001E-01     0.50000001E-01     0.68341978E-01     104     0.46647848E-02
-0.93000011E+01    -0.10895524E+00     0.73322229E-01     0.10000000E+02    -0.68977952E-01     0.50000001E-01     0.50000001E-01     0.67821667E-01     104     0.46647848E-02
-0.91999998E+01    -0.10280833E+00     0.72801515E-01     0.10000000E+02    -0.69242783E-01     0.50000001E-01     0.50000001E-01     0.67296334E-01     104     0.46647848E-02
-0.91000013E+01    -0.96699834E-01     0.72270662E-01     0.10000000E+02    -0.69523372E-01     0.50000001E-01     0.50000001E-01     0.66760689E-01     104     0.46647848E-02
-0.90000000E+01    -0.90738565E-01     0.71730204E-01     0.10000000E+02    -0.69796592E-01     0.50000001E-01     0.50000001E-01     0.66215068E-01     104     0.46647848E-02
-0.89000015E+01    -0.85076652E-01     0.71122497E-01     0.10000000E+02    -0.70091754E-01     0.50000001E-01     0.50000001E-01     0.65601483E-01     104     0.46647848E-02
-0.88000002E+01    -0.81988245E-01     0.70175581E-01     0.10000000E+02    -0.70452251E-01     0.50000001E-01     0.50000001E-01     0.64643569E-01     105     0.37378250E-02
-0.87000017E+01    -0.76850563E-01     0.69491044E-01     0.10000000E+02    -0.70764147E-01     0.50000001E-01     0.50000001E-01     0.63952230E-01     105     0.37378250E-02
-0.86000004E+01    -0.70722520E-01     0.68988502E-01     0.10000000E+02    -0.71022145E-01     0.50000001E-01     0.50000001E-01     0.63444912E-01     105     0.37378250E-02
-0.85000019E+01    -0.64596832E-01     0.68475299E-01     0.10000000E+02    -0.71272455E-01     0.50000001E-01     0.50000001E-01     0.62927298E-01     105     0.37378250E-02
-0.84000006E+01    -0.58420748E-01     0.67950435E-01     0.10000000E+02    -0.71525425E-01     0.50000001E-01     0.50000001E-01     0.62397916E-01     105     0.37378250E-02
-0.83000011E+01    -0.52260689E-01     0.67444108E-01     0.10000000E+02    -0.71771659E-01     0.50000001E-01     0.50000001E-01     0.61887156E-01     105     0.37378250E-02
-0.82000008E+01    -0.46155524E-01     0.66935226E-01     0.10000000E+02    -0.72019227E-01     0.50000001E-01     0.50000001E-01     0.61373618E-01     106     0.29167181E-02
-0.81000013E+01    -0.40189639E-01     0.66402197E-01     0.10000000E+02    -0.72271772E-01     0.50000001E-01     0.50000001E-01     0.60835775E-01     106     0.29167181E-02
-0.80000010E+01    -0.34599133E-01     0.65814964E-01     0.10000000E+02    -0.72535947E-01     0.50000001E-01     0.50000001E-01     0.60242832E-01     106     0.29167181E-02
-0.79000001E+01    -0.31473070E-01     0.64849526E-01     0.10000000E+02    -0.72872743E-01     0.50000001E-01     0.50000001E-01     0.59266772E-01     106     0.29167181E-02
-0.78000011E+01    -0.26518976E-01     0.64212546E-01     0.10000000E+02    -0.73148005E-01     0.50000001E-01     0.50000001E-01     0.58623031E-01     106     0.29167181E-02
-0.77000003E+01    -0.20500075E-01     0.63697986E-01     0.10000000E+02    -0.73373049E-01     0.50000001E-01     0.50000001E-01     0.58103796E-01     106     0.29167181E-02
-0.76000009E+01    -0.14325355E-01     0.63193120E-01     0.10000000E+02    -0.73609710E-01     0.50000001E-01     0.50000001E-01     0.57594620E-01     107     0.21980663E-02
-0.75000005E+01    -0.81725456E-02     0.62694624E-01     0.10000000E+02    -0.73836759E-01     0.50000001E-01     0.50000001E-01     0.57091873E-01     107     0.21980663E-02
-0.74000010E+01    -0.20522294E-02     0.62190548E-01     0.10000000E+02    -0.74058563E-01     0.50000001E-01     0.50000001E-01     0.56583568E-01     107     0.21980663E-02
-0.73000002E+01     0.40065530E-02     0.61694015E-01     0.10000000E+02    -0.74283399E-01     0.50000001E-01     0.50000001E-01     0.56082696E-01     107     0.21980663E-02
-0.72000012E+01     0.98397648E-02     0.61150659E-01     0.10000000E+02    -0.74516214E-01     0.50000001E-01     0.50000001E-01     0.55534430E-01     107     0.21980663E-02
-0.71000004E+01     0.14920130E-01     0.60511697E-01     0.10000000E+02    -0.74755117E-01     0.50000001E-01     0.50000001E-01     0.54889217E-01     107     0.21980663E-02
-0.70000014E+01     0.17237566E-01     0.59517983E-01     0.10000000E+02    -0.75077586E-01     0.50000001E-01     0.50000001E-01     0.53883627E-01     108     0.15796433E-02
-0.69000006E+01     0.23226645E-01     0.59006196E-01     0.10000000E+02    -0.75290874E-01     0.50000001E-01     0.50000001E-01     0.53367306E-01     108     0.15796433E-02
-0.68000016E+01     0.29284947E-01     0.58508355E-01     0.10000000E+02    -0.75498074E-01     0.50000001E-01     0.50000001E-01     0.52865297E-01     108     0.15796433E-02
-0.67000008E+01     0.35365775E-01     0.58018915E-01     0.10000000E+02    -0.75698160E-01     0.50000001E-01     0.50000001E-01     0.52371770E-01     108     0.15796433E-02
-0.66000018E+01     0.41461822E-01     0.57528976E-01     0.10000000E+02    -0.75902537E-01     0.50000001E-01     0.50000001E-01     0.51877759E-01     108     0.15796433E-02
-0.65000010E+01     0.47462799E-01     0.57049483E-01     0.10000000E+02    -0.76097943E-01     0.50000001E-01     0.50000001E-01     0.51394187E-01     108     0.15796433E-02
-0.64000001E+01     0.53281490E-01     0.56524072E-01     0.10000000E+02    -0.76304264E-01     0.50000001E-01     0.50000001E-01     0.50864093E-01     109     0.10605047E-02
-0.63000011E+01     0.58437571E-01     0.55921249E-01     0.10000000E+02    -0.76518759E-01     0.50000001E-01     0.50000001E-01     0.50255422E-01     109     0.10605047E-02
-0.62000003E+01     0.60282711E-01     0.54914556E-01     0.10000000E+02    -0.76812886E-01     0.50000001E-01     0.50000001E-01     0.49236346E-01     109     0.10605047E-02
-0.61000009E+01     0.66169381E-01     0.54408986E-01     0.10000000E+02    -0.76999344E-01     0.50000001E-01     0.50000001E-01     0.48726466E-01     109     0.10605047E-02
-0.60000000E+01     0.72157331E-01     0.53937897E-01     0.10000000E+02    -0.77182084E-01     0.50000001E-01     0.50000001E-01     0.48251480E-01     109     0.10605047E-02
-0.59000010E+01     0.78175694E-01     0.53460982E-01     0.10000000E+02    -0.77361256E-01     0.50000001E-01     0.50000001E-01     0.47770653E-01     109     0.10605047E-02
-0.58000002E+01     0.84149994E-01     0.52982725E-01     0.10000000E+02    -0.77536091E-01     0.50000001E-01     0.50000001E-01     0.47288436E-01     109     0.10605047E-02
-0.57000012E+01     0.90005703E-01     0.52491840E-01     0.10000000E+02    -0.77710181E-01     0.50000001E-01     0.50000001E-01     0.46793357E-01     110     0.64034248E-03
-0.56000004E+01     0.95516503E-01     0.51967029E-01     0.10000000E+02    -0.77889353E-01     0.50000001E-01     0.50000001E-01     0.46263818E-01     110     0.64034248E-03
-0.55000014E+01     0.99400744E-01     0.51228844E-01     0.10000000E+02    -0.78105114E-01     0.50000001E-01     0.50000001E-01     0.45517698E-01     110     0.64034248E-03
-0.54000006E+01     0.10223398E+00     0.50397970E-01     0.10000000E+02    -0.78334600E-01     0.50000001E-01     0.50000001E-01     0.44676919E-01     110     0.64034248E-03
-0.53000016E+01     0.10805128E+00     0.49927548E-01     0.10000000E+02    -0.78491740E-01     0.50000001E-01     0.50000001E-01     0.44202588E-01     110     0.64034248E-03
-0.52000008E+01     0.11393477E+00     0.49460839E-01     0.10000000E+02    -0.78644946E-01     0.50000001E-01     0.50000001E-01     0.43732133E-01     110     0.64034248E-03
-0.51000013E+01     0.11981407E+00     0.48998725E-01     0.10000000E+02    -0.78795895E-01     0.50000001E-01     0.50000001E-01     0.43266241E-01     111     0.32030090E-03
-0.50000010E+01     0.12558565E+00     0.48515156E-01     0.10000000E+02    -0.78948438E-01     0.50000001E-01     0.50000001E-01     0.42778730E-01     111     0.32030090E-03
-0.49000015E+01     0.13100252E+00     0.48014395E-01     0.10000000E+02    -0.79096891E-01     0.50000001E-01     0.50000001E-01     0.42273477E-01     111     0.32030090E-03
-0.48000007E+01     0.13492760E+00     0.47333557E-01     0.10000000E+02    -0.79273045E-01     0.50000001E-01     0.50000001E-01     0.41585386E-01     111     0.32030090E-03
-0.47000003E+01     0.13699481E+00     0.46473127E-01     0.10000000E+02    -0.79472929E-01     0.50000001E-01     0.50000001E-01     0.40714364E-01     111     0.32030090E-03
-0.46000009E+01     0.14266387E+00     0.46002980E-01     0.10000000E+02    -0.79604611E-01     0.50000001E-01     0.50000001E-01     0.40240429E-01     111     0.32030090E-03
-0.45000000E+01     0.14837421E+00     0.45543913E-01     0.10000000E+02    -0.79731658E-01     0.50000001E-01     0.50000001E-01     0.39777711E-01     111     0.32030090E-03
-0.44000010E+01     0.15400834E+00     0.45096025E-01     0.10000000E+02    -0.79849564E-01     0.50000001E-01     0.50000001E-01     0.39326254E-01     112     0.10796922E-03
-0.43000002E+01     0.15947111E+00     0.44615790E-01     0.10000000E+02    -0.79971209E-01     0.50000001E-01     0.50000001E-01     0.38842004E-01     112     0.10796922E-03
-0.42000012E+01     0.16428642E+00     0.44072684E-01     0.10000000E+02    -0.80097318E-01     0.50000001E-01     0.50000001E-01     0.38293809E-01     112     0.10796922E-03
-0.41000004E+01     0.16448961E+00     0.43065652E-01     0.10000000E+02    -0.80283657E-01     0.50000001E-01     0.50000001E-01     0.37273612E-01     112     0.10796922E-03
-0.40000014E+01     0.16986251E+00     0.42601999E-01     0.10000000E+02    -0.80383889E-01     0.50000001E-01     0.50000001E-01     0.36806159E-01     112     0.10796922E-03
-0.39000006E+01     0.17529501E+00     0.42154398E-01     0.10000000E+02    -0.80477461E-01     0.50000001E-01     0.50000001E-01     0.36354989E-01     112     0.10796922E-03
-0.38000014E+01     0.18069556E+00     0.41704189E-01     0.10000000E+02    -0.80567263E-01     0.50000001E-01     0.50000001E-01     0.35901193E-01     112     0.10796922E-03
-0.37000005E+01     0.18585555E+00     0.41243065E-01     0.10000000E+02    -0.80650911E-01     0.50000001E-01     0.50000001E-01     0.35436273E-01     113     0.97485645E-05
-0.36000016E+01     0.19021955E+00     0.40696934E-01     0.10000000E+02    -0.80741100E-01     0.50000001E-01     0.50000001E-01     0.34884956E-01     113     0.97485645E-05
-0.35000007E+01     0.18969195E+00     0.39694939E-01     0.10000000E+02    -0.80870315E-01     0.50000001E-01     0.50000001E-01     0.33869620E-01     113     0.97485645E-05
-0.34000015E+01     0.19472301E+00     0.39239138E-01     0.10000000E+02    -0.80931149E-01     0.50000001E-01     0.50000001E-01     0.33410195E-01     113     0.97485645E-05
-0.33000009E+01     0.19975293E+00     0.38794983E-01     0.10000000E+02    -0.80981992E-01     0.50000001E-01     0.50000001E-01     0.32962505E-01     113     0.97485645E-05
-0.32000017E+01     0.20460749E+00     0.38346000E-01     0.10000000E+02    -0.81024595E-01     0.50000001E-01     0.50000001E-01     0.32509964E-01     113     0.97485645E-05
-0.31000009E+01     0.20891725E+00     0.37845485E-01     0.10000000E+02    -0.81067927E-01     0.50000001E-01     0.50000001E-01     0.32004941E-01     113     0.97485645E-05
-0.30000000E+01     0.20685972E+00     0.36791209E-01     0.10000000E+02    -0.81128679E-01     0.50000001E-01     0.50000001E-01     0.30936196E-01     113     0.97485645E-05
-0.29000010E+01     0.21126103E+00     0.36334060E-01     0.10000000E+02    -0.81136696E-01     0.50000001E-01     0.50000001E-01     0.30475397E-01     114     0.15062575E-04
-0.28000002E+01     0.21570876E+00     0.35885513E-01     0.10000000E+02    -0.81137776E-01     0.50000001E-01     0.50000001E-01     0.30023314E-01     114     0.15062575E-04
-0.27000012E+01     0.21983373E+00     0.35424303E-01     0.10000000E+02    -0.81124291E-01     0.50000001E-01     0.50000001E-01     0.29558301E-01     114     0.15062575E-04
-0.26000004E+01     0.22272743E+00     0.34867775E-01     0.10000000E+02    -0.81098489E-01     0.50000001E-01     0.50000001E-01     0.28996266E-01     114     0.15062575E-04
-0.25000012E+01     0.21943648E+00     0.33840258E-01     0.10000000E+02    -0.81035629E-01     0.50000001E-01     0.50000001E-01     0.27954636E-01     114     0.15062575E-04
-0.24000003E+01     0.22288311E+00     0.33378914E-01     0.10000000E+02    -0.80958828E-01     0.50000001E-01     0.50000001E-01     0.27489565E-01     114     0.15062575E-04
-0.23000014E+01     0.22602665E+00     0.32899730E-01     0.10000000E+02    -0.80869213E-01     0.50000001E-01     0.50000001E-01     0.27006354E-01     114     0.15062575E-04
-0.22000005E+01     0.22698829E+00     0.32284211E-01     0.10000000E+02    -0.80733068E-01     0.50000001E-01     0.50000001E-01     0.26384361E-01     114     0.15062575E-04
-0.21000013E+01     0.22115400E+00     0.31240238E-01     0.10000000E+02    -0.80465525E-01     0.50000001E-01     0.50000001E-01     0.25326071E-01     114     0.15062575E-04
-0.20000007E+01     0.22264606E+00     0.30735908E-01     0.10000000E+02    -0.80246039E-01     0.50000001E-01     0.50000001E-01     0.24817493E-01     114     0.15062575E-04
-0.19000015E+01     0.22130300E+00     0.30077703E-01     0.10000000E+02    -0.79936936E-01     0.50000001E-01     0.50000001E-01     0.24152426E-01     115     0.11537309E-03
-0.18000008E+01     0.20927382E+00     0.28874757E-01     0.10000000E+02    -0.79258867E-01     0.50000001E-01     0.50000001E-01     0.22933066E-01     115     0.11537309E-03
-0.17000016E+01     0.20401959E+00     0.28133994E-01     0.10000000E+02    -0.78643590E-01     0.50000001E-01     0.50000001E-01     0.22184758E-01     115     0.11537309E-03
-0.16000009E+01     0.17689826E+00     0.26452672E-01     0.10000000E+02    -0.76927416E-01     0.50000001E-01     0.50000001E-01     0.20481590E-01     114     0.15062575E-04
-0.15000000E+01     0.74007489E-01     0.20182390E-01     0.10000000E+02    -0.75782284E-01     0.50000001E-01     0.50000001E-01     0.14084586E-01     114     0.15062575E-04
-0.14000009E+01     0.86812600E-01     0.18625004E-01     0.10000000E+02    -0.80558054E-01     0.50000001E-01     0.50000001E-01     0.12478705E-01     114     0.15062575E-04
-0.13000002E+01     0.10585188E+00     0.17304299E-01     0.10000000E+02    -0.85764088E-01     0.50000001E-01     0.50000001E-01     0.11109594E-01     114     0.15062575E-04
-0.12000011E+01     0.12960847E+00     0.16048923E-01     0.10000000E+02    -0.91615021E-01     0.50000001E-01     0.50000001E-01     0.97996928E-02     114     0.15062575E-04
-0.11000003E+01     0.15517168E+00     0.14986792E-01     0.10000000E+02    -0.97242095E-01     0.50000001E-01     0.50000001E-01     0.86814752E-02     115     0.11537309E-03
-0.10000012E+01     0.19190331E+00     0.13423359E-01     0.10000000E+02    -0.10624511E+00     0.50000001E-01     0.50000001E-01     0.70001087E-02     115     0.11537309E-03
-0.90000039E+00     0.20720708E+00     0.13281759E-01     0.10000000E+02    -0.10745994E+00     0.50000001E-01     0.50000001E-01     0.68455939E-02     115     0.11537309E-03
-0.80000126E+00     0.22157249E+00     0.13193956E-01     0.10000000E+02    -0.10834772E+00     0.50000001E-01     0.50000001E-01     0.67498083E-02     115     0.11537309E-03
-0.70000046E+00     0.23572442E+00     0.13119167E-01     0.10000000E+02    -0.10915615E+00     0.50000001E-01     0.50000001E-01     0.66681141E-02     116     0.30344969E-03
-0.60000139E+00     0.24971201E+00     0.13054227E-01     0.10000000E+02    -0.10990502E+00     0.50000001E-01     0.50000001E-01     0.65969024E-02     116     0.30344969E-03
-0.50000060E+00     0.26357064E+00     0.12996831E-01     0.10000000E+02    -0.11060867E+00     0.50000001E-01     0.50000001E-01     0.65338239E-02     116     0.30344969E-03
-0.40000150E+00     0.27733123E+00     0.12945665E-01     0.10000000E+02    -0.11127412E+00     0.50000001E-01     0.50000001E-01     0.64774118E-02     116     0.30344969E-03
-0.30000070E+00     0.29099950E+00     0.12899806E-01     0.10000000E+02    -0.11190688E+00     0.50000001E-01     0.50000001E-01     0.64266720E-02     116     0.30344969E-03
-0.20000160E+00     0.30459356E+00     0.12858511E-01     0.10000000E+02    -0.11251213E+00     0.50000001E-01     0.50000001E-01     0.63808472E-02     117     0.58610301E-03
-0.10000080E+00     0.31811774E+00     0.12821190E-01     0.10000000E+02    -0.11309318E+00     0.50000001E-01     0.50000001E-01     0.63391775E-02     117     0.58610301E-03
 0.00000000E+00     0.33158565E+00     0.12787300E-01     0.10000000E+02    -0.11365279E+00     0.50000001E-01     0.50000001E-01     0.63012517E-02     117     0.58610301E-03
 0.99999093E-01     0.34499708E+00     0.12756680E-01     0.10000000E+02    -0.11419251E+00     0.50000001E-01     0.50000001E-01     0.62667523E-02     117     0.58610301E-03
 0.19999990E+00     0.35835657E+00     0.12728922E-01     0.10000000E+02    -0.11471517E+00     0.50000001E-01     0.50000001E-01     0.62353350E-02     117     0.58610301E-03
 0.29999900E+00     0.37167123E+00     0.12703867E-01     0.10000000E+02    -0.11522084E+00     0.50000001E-01     0.50000001E-01     0.62068575E-02     118     0.97300706E-03
 0.39999980E+00     0.38494277E+00     0.12681282E-01     0.10000000E+02    -0.11571112E+00     0.50000001E-01     0.50000001E-01     0.61809001E-02     118     0.97300706E-03
 0.49999887E+00     0.39816856E+00     0.12661017E-01     0.10000000E+02    -0.11618762E+00     0.50000001E-01     0.50000001E-01     0.61574588E-02     118     0.97300706E-03
 0.59999967E+00     0.41135538E+00     0.12642907E-01     0.10000000E+02    -0.11665030E+00     0.50000001E-01     0.50000001E-01     0.61362786E-02     118     0.97300706E-03
 0.69999880E+00     0.42450601E+00     0.12626825E-01     0.10000000E+02    -0.11710022E+00     0.50000001E-01     0.50000001E-01     0.61172657E-02     118     0.97300706E-03
 0.79999959E+00     0.43761876E+00     0.12612677E-01     0.10000000E+02    -0.11753859E+00     0.50000001E-01     0.50000001E-01     0.61003314E-02     118     0.97300706E-03
 0.89999866E+00     0.45069620E+00     0.12600314E-01     0.10000000E+02    -0.11796516E+00     0.50000001E-01     0.50000001E-01     0.60853763E-02     119     0.14674140E-02
 0.99999946E+00     0.46373925E+00     0.12589803E-01     0.10000000E+02    -0.11838049E+00     0.50000001E-01     0.50000001E-01     0.60722549E-02     119     0.14674140E-02
 0.10999986E+01     0.47674817E+00     0.12580908E-01     0.10000000E+02    -0.11878540E+00     0.50000001E-01     0.50000001E-01     0.60608899E-02     119     0.14674140E-02
 0.11999993E+01     0.48972273E+00     0.12573601E-01     0.10000000E+02    -0.11917995E+00     0.50000001E-01     0.50000001E-01     0.60512181E-02     119     0.14674140E-02
 0.12999984E+01     0.50266582E+00     0.12567868E-01     0.10000000E+02    -0.11956466E+00     0.50000001E-01     0.50000001E-01     0.60432353E-02     119     0.14674140E-02
 0.13999993E+01     0.51557809E+00     0.12563630E-01     0.10000000E+02    -0.11993978E+00     0.50000001E-01     0.50000001E-01     0.60369265E-02     120     0.20708691E-02
 0.14999983E+01     0.52845490E+00     0.12560914E-01     0.10000000E+02    -0.12030489E+00     0.50000001E-01     0.50000001E-01     0.60321065E-02     120     0.20708691E-02
 0.15999992E+01     0.54130232E+00     0.12559538E-01     0.10000000E+02    -0.12066091E+00     0.50000001E-01     0.50000001E-01     0.60287407E-02     120     0.20708691E-02
 0.16999999E+01     0.55412072E+00     0.12559574E-01     0.10000000E+02    -0.12100760E+00     0.50000001E-01     0.50000001E-01     0.60268478E-02     120     0.20708691E-02
 0.17999990E+01     0.56690353E+00     0.12560895E-01     0.10000000E+02    -0.12134616E+00     0.50000001E-01     0.50000001E-01     0.60263490E-02     120     0.20708691E-02
 0.18999999E+01     0.57965696E+00     0.12563560E-01     0.10000000E+02    -0.12167538E+00     0.50000001E-01     0.50000001E-01     0.60273958E-02     121     0.27848454E-02
 0.19999989E+01     0.59237969E+00     0.12567472E-01     0.10000000E+02    -0.12199602E+00     0.50000001E-01     0.50000001E-01     0.60296557E-02     121     0.27848454E-02
 0.20999997E+01     0.60507005E+00     0.12572627E-01     0.10000000E+02    -0.12230826E+00     0.50000001E-01     0.50000001E-01     0.60332222E-02     121     0.27848454E-02
 0.21999989E+01     0.61773038E+00     0.12578961E-01     0.10000000E+02    -0.12261201E+00     0.50000001E-01     0.50000001E-01     0.60380679E-02     121     0.27848454E-02
 0.22999997E+01     0.63035995E+00     0.12586546E-01     0.10000000E+02    -0.12290730E+00     0.50000001E-01     0.50000001E-01     0.60442076E-02     121     0.27848454E-02
 0.23999987E+01     0.64295542E+00     0.12595326E-01     0.10000000E+02    -0.12319461E+00     0.50000001E-01     0.50000001E-01     0.60517765E-02     122     0.36099148E-02
 0.24999995E+01     0.65552193E+00     0.12605231E-01     0.10000000E+02    -0.12347323E+00     0.50000001E-01     0.50000001E-01     0.60604014E-02     122     0.36099148E-02
 0.25999987E+01     0.66805458E+00     0.12616269E-01     0.10000000E+02    -0.12374378E+00     0.50000001E-01     0.50000001E-01     0.60702572E-02     122     0.36099148E-02
 0.26999993E+01     0.68055522E+00     0.12628417E-01     0.10000000E+02    -0.12400637E+00     0.50000001E-01     0.50000001E-01     0.60813022E-02     122     0.36099148E-02
 0.27999985E+01     0.69302589E+00     0.12641761E-01     0.10000000E+02    -0.12425982E+00     0.50000001E-01     0.50000001E-01     0.60935593E-02     122     0.36099148E-02
 0.28999994E+01     0.70546079E+00     0.12656108E-01     0.10000000E+02    -0.12450608E+00     0.50000001E-01     0.50000001E-01     0.61069736E-02     122     0.36099148E-02
 0.29999983E+01     0.71786499E+00     0.12671620E-01     0.10000000E+02    -0.12474355E+00     0.50000001E-01     0.50000001E-01     0.61216536E-02     123     0.45458898E-02
 0.30999992E+01     0.73023093E+00     0.12688139E-01     0.10000000E+02    -0.12497331E+00     0.50000001E-01     0.50000001E-01     0.61373841E-02     123     0.45458898E-02
 0.31999984E+01     0.74256599E+00     0.12705730E-01     0.10000000E+02    -0.12519450E+00     0.50000001E-01     0.50000001E-01     0.61541968E-02     123     0.45458898E-02
 0.32999990E+01     0.75486648E+00     0.12724361E-01     0.10000000E+02    -0.12540752E+00     0.50000001E-01     0.50000001E-01     0.61721643E-02     123     0.45458898E-02
 0.33999999E+01     0.76713336E+00     0.12744056E-01     0.10000000E+02    -0.12561223E+00     0.50000001E-01     0.50000001E-01     0.61912481E-02     123     0.45458898E-02
 0.34999990E+01     0.77936089E+00     0.12764746E-01     0.10000000E+02    -0.12580909E+00     0.50000001E-01     0.50000001E-01     0.62115770E-02     124     0.55926382E-02
 0.35999999E+01     0.79155368E+00     0.12786603E-01     0.10000000E+02    -0.12599656E+00     0.50000001E-01     0.50000001E-01     0.62329248E-02     124     0.55926382E-02
 0.36999989E+01     0.80370760E+00     0.12809427E-01     0.10000000E+02    -0.12617619E+00     0.50000001E-01     0.50000001E-01     0.62553319E-02     124     0.55926382E-02
 0.37999997E+01     0.81582665E+00     0.12833211E-01     0.10000000E+02    -0.12634674E+00     0.50000001E-01     0.50000001E-01     0.62788026E-02     124     0.55926382E-02
 0.38999987E+01     0.82790303E+00     0.12858059E-01     0.10000000E+02    -0.12650912E+00     0.50000001E-01     0.50000001E-01     0.63033965E-02     124     0.55926382E-02
 0.39999995E+01     0.83994269E+00     0.12883943E-01     0.10000000E+02    -0.12666240E+00     0.50000001E-01     0.50000001E-01     0.63291006E-02     124     0.55926382E-02
 0.40999985E+01     0.85194218E+00     0.12910840E-01     0.10000000E+02    -0.12680715E+00     0.50000001E-01     0.50000001E-01     0.63560097E-02     125     0.67499871E-02
 0.41999993E+01     0.86390197E+00     0.12938754E-01     0.10000000E+02    -0.12694241E+00     0.50000001E-01     0.50000001E-01     0.63838917E-02     125     0.67499871E-02
 0.42999988E+01     0.87581569E+00     0.12967646E-01     0.10000000E+02    -0.12706871E+00     0.50000001E-01     0.50000001E-01     0.64128069E-02     125     0.67499871E-02
 0.43999991E+01     0.88768911E+00     0.12997528E-01     0.10000000E+02    -0.12718606E+00     0.50000001E-01     0.50000001E-01     0.64427871E-02     125     0.67499871E-02
 0.44999986E+01     0.89951622E+00     0.13028552E-01     0.10000000E+02    -0.12729347E+00     0.50000001E-01     0.50000001E-01     0.64739506E-02     125     0.67499871E-02
 0.45999994E+01     0.91129953E+00     0.13060522E-01     0.10000000E+02    -0.12739125E+00     0.50000001E-01     0.50000001E-01     0.65063289E-02     126     0.80180895E-02
 0.47000003E+01     0.92303610E+00     0.13093512E-01     0.10000000E+02    -0.12747979E+00     0.50000001E-01     0.50000001E-01     0.65396396E-02     126     0.80180895E-02
 0.47999973E+01     0.93472379E+00     0.13127462E-01     0.10000000E+02    -0.12755802E+00     0.50000001E-01     0.50000001E-01     0.65740170E-02     126     0.80180895E-02
 0.48999982E+01     0.94636238E+00     0.13162498E-01     0.10000000E+02    -0.12762606E+00     0.50000001E-01     0.50000001E-01     0.66094934E-02     126     0.80180895E-02
 0.49999990E+01     0.95795161E+00     0.13198586E-01     0.10000000E+02    -0.12768330E+00     0.50000001E-01     0.50000001E-01     0.66461251E-02     126     0.80180895E-02
 0.50999999E+01     0.96948636E+00     0.13235620E-01     0.10000000E+02    -0.12773035E+00     0.50000001E-01     0.50000001E-01     0.66839773E-02     127     0.93974452E-02
 0.52000008E+01     0.98096979E+00     0.13273825E-01     0.10000000E+02    -0.12776613E+00     0.50000001E-01     0.50000001E-01     0.67228666E-02     127     0.93974452E-02
 0.52999978E+01     0.99239373E+00     0.13313004E-01     0.10000000E+02    -0.12779048E+00     0.50000001E-01     0.50000001E-01     0.67628082E-02     127     0.93974452E-02
 0.53999987E+01     0.10037613E+01     0.13353210E-01     0.10000000E+02    -0.12780355E+00     0.50000001E-01     0.50000001E-01     0.68038804E-02     127     0.93974452E-02
 0.54999995E+01     0.10150696E+01     0.13394484E-01     0.10000000E+02    -0.12780485E+00     0.50000001E-01     0.50000001E-01     0.68460973E-02     127     0.93974452E-02
 0.56000004E+01     0.10263169E+01     0.13436861E-01     0.10000000E+02    -0.12779394E+00     0.50000001E-01     0.50000001E-01     0.68895323E-02     127     0.93974452E-02
 0.56999979E+01     0.10374938E+01     0.13480406E-01     0.10000000E+02    -0.12776946E+00     0.50000001E-01     0.50000001E-01     0.69342856E-02     128     0.10889112E-01
 0.57999988E+01     0.10486110E+01     0.13524834E-01     0.10000000E+02    -0.12773255E+00     0.50000001E-01     0.50000001E-01     0.69800313E-02     128     0.10889112E-01
 0.58999996E+01     0.10596529E+01     0.13570640E-01     0.10000000E+02    -0.12768166E+00     0.50000001E-01     0.50000001E-01     0.70270859E-02     128     0.10889112E-01
 0.60000000E+01     0.10706207E+01     0.13617402E-01     0.10000000E+02    -0.12761682E+00     0.50000001E-01     0.50000001E-01     0.70752474E-02     128     0.10889112E-01
 0.60999975E+01     0.10815109E+01     0.13665348E-01     0.10000000E+02    -0.12753670E+00     0.50000001E-01     0.50000001E-01     0.71246075E-02     128     0.10889112E-01
 0.61999984E+01     0.10922902E+01     0.13714289E-01     0.10000000E+02    -0.12743558E+00     0.50000001E-01     0.50000001E-01     0.71751196E-02     128     0.10889112E-01
 0.62999992E+01     0.11029620E+01     0.13764272E-01     0.10000000E+02    -0.12731232E+00     0.50000001E-01     0.50000001E-01     0.72269812E-02     129     0.12494802E-01
 0.64000001E+01     0.11135167E+01     0.13815109E-01     0.10000000E+02    -0.12716858E+00     0.50000001E-01     0.50000001E-01     0.72796619E-02     129     0.12494802E-01
 0.65000010E+01     0.11239091E+01     0.13866836E-01     0.10000000E+02    -0.12699242E+00     0.50000001E-01     0.50000001E-01     0.73333387E-02     129     0.12494802E-01
 0.65999980E+01     0.11341288E+01     0.13919435E-01     0.10000000E+02    -0.12678409E+00     0.50000001E-01     0.50000001E-01     0.73880102E-02     129     0.12494802E-01
 0.66999989E+01     0.11442091E+01     0.13973266E-01     0.10000000E+02    -0.12654841E+00     0.50000001E-01     0.50000001E-01     0.74440599E-02     129     0.12494802E-01
 0.67999997E+01     0.11541764E+01     0.14028343E-01     0.10000000E+02    -0.12629275E+00     0.50000001E-01     0.50000001E-01     0.75017414E-02     130     0.14216917E-01
 0.69000006E+01     0.11640071E+01     0.14085000E-01     0.10000000E+02    -0.12601072E+00     0.50000001E-01     0.50000001E-01     0.75608492E-02     130     0.14216917E-01
 0.69999981E+01     0.11734395E+01     0.14141968E-01     0.10000000E+02    -0.12565351E+00     0.50000001E-01     0.50000001E-01     0.76206154E-02     130     0.14216917E-01
 0.70999990E+01     0.11797464E+01     0.14189677E-01     0.10000000E+02    -0.12468117E+00     0.50000001E-01     0.50000001E-01     0.76731769E-02     130     0.14216917E-01
 0.71999998E+01     0.11824555E+01     0.14228486E-01     0.10000000E+02    -0.12300851E+00     0.50000001E-01     0.50000001E-01     0.77191298E-02     130     0.14216917E-01
 0.73000002E+01     0.11878616E+01     0.14281098E-01     0.10000000E+02    -0.12187500E+00     0.50000001E-01     0.50000001E-01     0.77773058E-02     130     0.14216917E-01
 0.73999977E+01     0.11941841E+01     0.14345031E-01     0.10000000E+02    -0.12092651E+00     0.50000001E-01     0.50000001E-01     0.78462940E-02     130     0.14216917E-01
 0.74999986E+01     0.12021784E+01     0.14423545E-01     0.10000000E+02    -0.12031205E+00     0.50000001E-01     0.50000001E-01     0.79291575E-02     131     0.16058823E-01
 0.75999994E+01     0.12111830E+01     0.14510626E-01     0.10000000E+02    -0.11989442E+00     0.50000001E-01     0.50000001E-01     0.80197332E-02     131     0.16058823E-01
 0.77000003E+01     0.12204877E+01     0.14600280E-01     0.10000000E+02    -0.11953770E+00     0.50000001E-01     0.50000001E-01     0.81127249E-02     131     0.16058823E-01
 0.77999973E+01     0.12298665E+01     0.14691997E-01     0.10000000E+02    -0.11919961E+00     0.50000001E-01     0.50000001E-01     0.82078110E-02     131     0.16058823E-01
 0.78999982E+01     0.12390782E+01     0.14787969E-01     0.10000000E+02    -0.11883467E+00     0.50000001E-01     0.50000001E-01     0.83073173E-02     131     0.16058823E-01
 0.79999990E+01     0.12481716E+01     0.14887007E-01     0.10000000E+02    -0.11845132E+00     0.50000001E-01     0.50000001E-01     0.84101334E-02     131     0.16058823E-01
 0.81000004E+01     0.12572423E+01     0.14987769E-01     0.10000000E+02    -0.11806612E+00     0.50000001E-01     0.50000001E-01     0.85149594E-02     132     0.18024575E-01
 0.82000008E+01     0.12663178E+01     0.15089146E-01     0.10000000E+02    -0.11768726E+00     0.50000001E-01     0.50000001E-01     0.86202631E-02     132     0.18024575E-01
 0.82999983E+01     0.12753811E+01     0.15191567E-01     0.10000000E+02    -0.11730926E+00     0.50000001E-01     0.50000001E-01     0.87266602E-02     132     0.18024575E-01
 0.83999987E+01     0.12842088E+01     0.15298463E-01     0.10000000E+02    -0.11689211E+00     0.50000001E-01     0.50000001E-01     0.88377073E-02     132     0.18024575E-01
 0.85000000E+01     0.12928126E+01     0.15409380E-01     0.10000000E+02    -0.11644004E+00     0.50000001E-01     0.50000001E-01     0.89532044E-02     132     0.18024575E-01
 0.86000004E+01     0.13013773E+01     0.15522555E-01     0.10000000E+02    -0.11598662E+00     0.50000001E-01     0.50000001E-01     0.90710893E-02     132     0.18024575E-01
 0.86999979E+01     0.13099860E+01     0.15636699E-01     0.10000000E+02    -0.11554313E+00     0.50000001E-01     0.50000001E-01     0.91901505E-02     133     0.20119486E-01
 0.87999983E+01     0.13185374E+01     0.15752925E-01     0.10000000E+02    -0.11509705E+00     0.50000001E-01     0.50000001E-01     0.93110576E-02     133     0.20119486E-01
 0.88999996E+01     0.13267339E+01     0.15875965E-01     0.10000000E+02    -0.11459368E+00     0.50000001E-01     0.50000001E-01     0.94393194E-02     133     0.20119486E-01
 0.90000000E+01     0.13347675E+01     0.16003804E-01     0.10000000E+02    -0.11406775E+00     0.50000001E-01     0.50000001E-01     0.95725954E-02     133     0.20119486E-01
 0.90999975E+01     0.13428799E+01     0.16132677E-01     0.10000000E+02    -0.11356211E+00     0.50000001E-01     0.50000001E-01     0.97068455E-02     133     0.20119486E-01
 0.91999989E+01     0.13510611E+01     0.16262474E-01     0.10000000E+02    -0.11307367E+00     0.50000001E-01     0.50000001E-01     0.98421816E-02     133     0.20119486E-01
 0.92999992E+01     0.13588403E+01     0.16401542E-01     0.10000000E+02    -0.11252426E+00     0.50000001E-01     0.50000001E-01     0.99870097E-02     133     0.20119486E-01
 0.94000006E+01     0.13663579E+01     0.16547158E-01     0.10000000E+02    -0.11193837E+00     0.50000001E-01     0.50000001E-01     0.10139126E-01     134     0.22349956E-01
 0.94999971E+01     0.13739802E+01     0.16693866E-01     0.10000000E+02    -0.11137868E+00     0.50000001E-01     0.50000001E-01     0.10292117E-01     134     0.22349956E-01
 0.95999985E+01     0.13816950E+01     0.16842574E-01     0.10000000E+02    -0.11084171E+00     0.50000001E-01     0.50000001E-01     0.10446956E-01     134     0.22349956E-01
 0.96999989E+01     0.13889034E+01     0.17003566E-01     0.10000000E+02    -0.11022963E+00     0.50000001E-01     0.50000001E-01     0.10614773E-01     134     0.22349956E-01
 0.98000002E+01     0.13959059E+01     0.17171122E-01     0.10000000E+02    -0.10959534E+00     0.50000001E-01     0.50000001E-01     0.10789480E-01     134     0.22349956E-01
 0.99000006E+01     0.14031194E+01     0.17339276E-01     0.10000000E+02    -0.10900346E+00     0.50000001E-01     0.50000001E-01     0.10964542E-01     134     0.22349956E-01
 0.99999981E+01     0.14101149E+01     0.17516622E-01     0.10000000E+02    -0.10838864E+00     0.50000001E-01     0.50000001E-01     0.11149498E-01     135     0.24723656E-01
 0.10099998E+02     0.14165841E+01     0.17708292E-01     0.10000000E+02    -0.10770465E+00     0.50000001E-01     0.50000001E-01     0.11349089E-01     135     0.24723656E-01
 0.10200000E+02     0.14232688E+01     0.17898992E-01     0.10000000E+02    -0.10706329E+00     0.50000001E-01     0.50000001E-01     0.11547698E-01     135     0.24723656E-01
 0.10300000E+02     0.14297912E+01     0.18100820E-01     0.10000000E+02    -0.10641193E+00     0.50000001E-01     0.50000001E-01     0.11757609E-01     135     0.24723656E-01
 0.10399998E+02     0.14357182E+01     0.18320234E-01     0.10000000E+02    -0.10568760E+00     0.50000001E-01     0.50000001E-01     0.11986051E-01     135     0.24723656E-01
 0.10499999E+02     0.14419801E+01     0.18537501E-01     0.10000000E+02    -0.10502631E+00     0.50000001E-01     0.50000001E-01     0.12211939E-01     135     0.24723656E-01
 0.10599999E+02     0.14477192E+01     0.18774461E-01     0.10000000E+02    -0.10430561E+00     0.50000001E-01     0.50000001E-01     0.12458419E-01     135     0.24723656E-01
 0.10700000E+02     0.14531527E+01     0.19026626E-01     0.10000000E+02    -0.10356122E+00     0.50000001E-01     0.50000001E-01     0.12720637E-01     135     0.24723656E-01
 0.10799997E+02     0.14588424E+01     0.19279765E-01     0.10000000E+02    -0.10286981E+00     0.50000001E-01     0.50000001E-01     0.12983698E-01     136     0.27249757E-01
 0.10899999E+02     0.14635718E+01     0.19568745E-01     0.10000000E+02    -0.10207303E+00     0.50000001E-01     0.50000001E-01     0.13283821E-01     136     0.27249757E-01
 0.10999999E+02     0.14687570E+01     0.19852933E-01     0.10000000E+02    -0.10135756E+00     0.50000001E-01     0.50000001E-01     0.13578753E-01     136     0.27249757E-01
 0.11100000E+02     0.14729238E+01     0.20179473E-01     0.10000000E+02    -0.10053831E+00     0.50000001E-01     0.50000001E-01     0.13917754E-01     136     0.27249757E-01
 0.11200001E+02     0.14775383E+01     0.20501547E-01     0.10000000E+02    -0.99802747E-01     0.50000001E-01     0.50000001E-01     0.14251796E-01     136     0.27249757E-01
 0.11299998E+02     0.14809581E+01     0.20878695E-01     0.10000000E+02    -0.98957084E-01     0.50000001E-01     0.50000001E-01     0.14642704E-01     136     0.27249757E-01
 0.11399999E+02     0.14848480E+01     0.21252375E-01     0.10000000E+02    -0.98198742E-01     0.50000001E-01     0.50000001E-01     0.15029680E-01     136     0.27249757E-01
 0.11500000E+02     0.14874444E+01     0.21692354E-01     0.10000000E+02    -0.97337455E-01     0.50000001E-01     0.50000001E-01     0.15485418E-01     136     0.27249757E-01
 0.11600000E+02     0.14901601E+01     0.22147844E-01     0.10000000E+02    -0.96535556E-01     0.50000001E-01     0.50000001E-01     0.15957056E-01     137     0.29939037E-01
 0.11699998E+02     0.14923604E+01     0.22641759E-01     0.10000000E+02    -0.95727473E-01     0.50000001E-01     0.50000001E-01     0.16467776E-01     137     0.29939037E-01
 0.11799999E+02     0.14931974E+01     0.23225039E-01     0.10000000E+02    -0.94853856E-01     0.50000001E-01     0.50000001E-01     0.17070675E-01     137     0.29939037E-01
 0.11900000E+02     0.14936596E+01     0.23860464E-01     0.10000000E+02    -0.94020814E-01     0.50000001E-01     0.50000001E-01     0.17727150E-01     137     0.29939037E-01
 0.12000000E+02     0.14932736E+01     0.24569213E-01     0.10000000E+02    -0.93195818E-01     0.50000001E-01     0.50000001E-01     0.18458609E-01     137     0.29939037E-01
 0.12099998E+02     0.14917943E+01     0.25382003E-01     0.10000000E+02    -0.92387207E-01     0.50000001E-01     0.50000001E-01     0.19297019E-01     137     0.29939037E-01
 0.12199999E+02     0.14888052E+01     0.26338847E-01     0.10000000E+02    -0.91599166E-01     0.50000001E-01     0.50000001E-01     0.20283200E-01     137     0.29939037E-01
 0.12299999E+02     0.14840337E+01     0.27475644E-01     0.10000000E+02    -0.90855308E-01     0.50000001E-01     0.50000001E-01     0.21453537E-01     137     0.29939037E-01
 0.12400001E+02     0.14781762E+01     0.28771065E-01     0.10000000E+02    -0.90228282E-01     0.50000001E-01     0.50000001E-01     0.22786018E-01     137     0.29939037E-01
 0.12499997E+02     0.14667448E+01     0.30607361E-01     0.10000000E+02    -0.89661561E-01     0.50000001E-01     0.50000001E-01     0.24672976E-01     137     0.29939037E-01
 0.12599998E+02     0.14515501E+01     0.32931138E-01     0.10000000E+02    -0.89343086E-01     0.50000001E-01     0.50000001E-01     0.27057873E-01     137     0.29939037E-01
 0.12699999E+02     0.14308188E+01     0.35962492E-01     0.10000000E+02    -0.89339703E-01     0.50000001E-01     0.50000001E-01     0.30164396E-01     137     0.29939037E-01
 0.12800000E+02     0.13940557E+01     0.40827170E-01     0.10000000E+02    -0.89837283E-01     0.50000001E-01     0.50000001E-01     0.35141878E-01     137     0.29939037E-01
 0.12900001E+02     0.13385636E+01     0.47647059E-01     0.10000000E+02    -0.90636909E-01     0.50000001E-01     0.50000001E-01     0.42107839E-01     137     0.29939037E-01
 0.12999998E+02     0.12303528E+01     0.59023708E-01     0.10000000E+02    -0.91417246E-01     0.50000001E-01     0.50000001E-01     0.53711560E-01     136     0.27249757E-01
 0.13099999E+02     0.11654685E+01     0.65942347E-01     0.10000000E+02    -0.91998689E-01     0.50000001E-01     0.50000001E-01     0.60759466E-01     135     0.24723656E-01
 0.13200000E+02     0.11365318E+01     0.69785625E-01     0.10000000E+02    -0.92671819E-01     0.50000001E-01     0.50000001E-01     0.64670004E-01     135     0.24723656E-01
 0.13300000E+02     0.11142788E+01     0.73192418E-01     0.10000000E+02    -0.93512148E-01     0.50000001E-01     0.50000001E-01     0.68134062E-01     135     0.24723656E-01
 0.13399998E+02     0.10965732E+01     0.76290987E-01     0.10000000E+02    -0.94459958E-01     0.50000001E-01     0.50000001E-01     0.71283028E-01     135     0.24723656E-01
 0.13499999E+02     0.10940516E+01     0.77665918E-01     0.10000000E+02    -0.94826639E-01     0.50000001E-01     0.50000001E-01     0.72677985E-01     135     0.24723656E-01
 0.13599999E+02     0.10809716E+01     0.80459833E-01     0.10000000E+02    -0.95841803E-01     0.50000001E-01     0.50000001E-01     0.75515971E-01     135     0.24723656E-01
 0.13700001E+02     0.10799694E+01     0.81744872E-01     0.10000000E+02    -0.96281730E-01     0.50000001E-01     0.50000001E-01     0.76818623E-01     135     0.24723656E-01
 0.13799997E+02     0.10798303E+01     0.82937479E-01     0.10000000E+02    -0.96673094E-01     0.50000001E-01     0.50000001E-01     0.78027576E-01     135     0.24723656E-01
 0.13899999E+02     0.10697454E+01     0.85522629E-01     0.10000000E+02    -0.97750559E-01     0.50000001E-01     0.50000001E-01     0.80652386E-01     135     0.24723656E-01
 0.13999999E+02     0.10704341E+01     0.86666130E-01     0.10000000E+02    -0.98172478E-01     0.50000001E-01     0.50000001E-01     0.81810758E-01     135     0.24723656E-01
 0.14100000E+02     0.10714815E+01     0.87772027E-01     0.10000000E+02    -0.98596886E-01     0.50000001E-01     0.50000001E-01     0.82931004E-01     136     0.27249757E-01
 0.14199998E+02     0.10634003E+01     0.90232141E-01     0.10000000E+02    -0.99712864E-01     0.50000001E-01     0.50000001E-01     0.85427485E-01     135     0.24723656E-01
 0.14299998E+02     0.10649329E+01     0.91303855E-01     0.10000000E+02    -0.10016762E+00     0.50000001E-01     0.50000001E-01     0.86512998E-01     136     0.27249757E-01
 0.14400000E+02     0.10669192E+01     0.92334799E-01     0.10000000E+02    -0.10057635E+00     0.50000001E-01     0.50000001E-01     0.87557100E-01     136     0.27249757E-01
 0.14500000E+02     0.10615294E+01     0.94460219E-01     0.10000000E+02    -0.10159940E+00     0.50000001E-01     0.50000001E-01     0.89712471E-01     136     0.27249757E-01
 0.14600000E+02     0.10624449E+01     0.95677264E-01     0.10000000E+02    -0.10214749E+00     0.50000001E-01     0.50000001E-01     0.90945952E-01     136     0.27249757E-01
 0.14699998E+02     0.10648644E+01     0.96660018E-01     0.10000000E+02    -0.10259479E+00     0.50000001E-01     0.50000001E-01     0.91941409E-01     136     0.27249757E-01
 0.14799999E+02     0.10674080E+01     0.97635515E-01     0.10000000E+02    -0.10304468E+00     0.50000001E-01     0.50000001E-01     0.92928641E-01     136     0.27249757E-01
 0.14900000E+02     0.10693038E+01     0.98720565E-01     0.10000000E+02    -0.10355988E+00     0.50000001E-01     0.50000001E-01     0.94028227E-01     136     0.27249757E-01
 0.15000001E+02     0.10649834E+01     0.10082688E+00     0.10000000E+02    -0.10465747E+00     0.50000001E-01     0.50000001E-01     0.96163593E-01     136     0.27249757E-01
 0.15099998E+02     0.10678008E+01     0.10180227E+00     0.10000000E+02    -0.10515378E+00     0.50000001E-01     0.50000001E-01     0.97150855E-01     136     0.27249757E-01
 0.15199999E+02     0.10709399E+01     0.10270099E+00     0.10000000E+02    -0.10557977E+00     0.50000001E-01     0.50000001E-01     0.98061055E-01     136     0.27249757E-01
 0.15299999E+02     0.10737760E+01     0.10361499E+00     0.10000000E+02    -0.10599900E+00     0.50000001E-01     0.50000001E-01     0.98986126E-01     136     0.27249757E-01
 0.15400001E+02     0.10708097E+01     0.10554674E+00     0.10000000E+02    -0.10706606E+00     0.50000001E-01     0.50000001E-01     0.10094467E+00     137     0.29939037E-01
 0.15499998E+02     0.10729173E+01     0.10665639E+00     0.10000000E+02    -0.10765614E+00     0.50000001E-01     0.50000001E-01     0.10206924E+00     137     0.29939037E-01
 0.15599998E+02     0.10761251E+01     0.10757305E+00     0.10000000E+02    -0.10814016E+00     0.50000001E-01     0.50000001E-01     0.10299667E+00     137     0.29939037E-01
 0.15699999E+02     0.10797240E+01     0.10842794E+00     0.10000000E+02    -0.10857981E+00     0.50000001E-01     0.50000001E-01     0.10386188E+00     137     0.29939037E-01
 0.15800000E+02     0.10831910E+01     0.10930151E+00     0.10000000E+02    -0.10903772E+00     0.50000001E-01     0.50000001E-01     0.10474597E+00     137     0.29939037E-01
 0.15899998E+02     0.10824733E+01     0.11084107E+00     0.10000000E+02    -0.10992464E+00     0.50000001E-01     0.50000001E-01     0.10630622E+00     137     0.29939037E-01
 0.15999998E+02     0.10834500E+01     0.11222826E+00     0.10000000E+02    -0.11073273E+00     0.50000001E-01     0.50000001E-01     0.10771129E+00     137     0.29939037E-01
 0.20000000E+02     0.12021128E+01     0.15331036E+00     0.10000000E+02    -0.14135003E+00     0.36060251E-01     0.38816401E+00     0.14961763E+00     142     0.46341963E-01
 0.20100000E+02     0.11954328E+01     0.15279344E+00     0.10000000E+02    -0.13943237E+00     0.35887159E-01     0.50000001E-01     0.14864469E+00     141     0.42607810E-01
 0.20199997E+02     0.11957318E+01     0.15423411E+00     0.10000000E+02    -0.14065398E+00     0.35509221E-01     0.50000001E-01     0.15010110E+00     141     0.42607810E-01
 0.20299999E+02     0.12058928E+01     0.15682058E+00     0.10000000E+02    -0.14424244E+00     0.34091573E-01     0.39041892E+00     0.15314767E+00     142     0.46341963E-01
 0.20400000E+02     0.12102593E+01     0.15755717E+00     0.10000000E+02    -0.14494418E+00     0.34142476E-01     0.39398503E+00     0.15390044E+00     142     0.46341963E-01
 0.20500000E+02     0.12139721E+01     0.15832406E+00     0.10000000E+02    -0.14561874E+00     0.33676747E-01     0.39156345E+00     0.15466177E+00     142     0.46341963E-01
 0.20599998E+02     0.12183142E+01     0.15899421E+00     0.10000000E+02    -0.14619796E+00     0.33759534E-01     0.39231610E+00     0.15533888E+00     142     0.46341963E-01
 0.20699999E+02     0.12230639E+01     0.15962687E+00     0.10000000E+02    -0.14672700E+00     0.33813599E-01     0.39358220E+00     0.15598246E+00     142     0.46341963E-01
 0.20799999E+02     0.12259125E+01     0.16040044E+00     0.10000000E+02    -0.14744103E+00     0.33085983E-01     0.39276701E+00     0.15675171E+00     142     0.46341963E-01
 0.20900000E+02     0.12302111E+01     0.16114891E+00     0.10000000E+02    -0.14822093E+00     0.33154227E-01     0.39280382E+00     0.15750603E+00     142     0.46341963E-01
 0.21000000E+02     0.12307453E+01     0.16284309E+00     0.10000000E+02    -0.14961815E+00     0.33190753E-01     0.39400390E+00     0.15922569E+00     142     0.46341963E-01
 0.21099998E+02     0.12325282E+01     0.16370298E+00     0.10000000E+02    -0.15046898E+00     0.32013930E-01     0.39386851E+00     0.16008142E+00     142     0.46341963E-01
 0.21199999E+02     0.12382051E+01     0.16432519E+00     0.10000000E+02    -0.15093081E+00     0.32934029E-01     0.39536986E+00     0.16072308E+00     143     0.50346751E-01
 0.21299999E+02     0.12429554E+01     0.16498129E+00     0.10000000E+02    -0.15159191E+00     0.33095345E-01     0.39577883E+00     0.16138707E+00     143     0.50346751E-01
 0.21400000E+02     0.12469417E+01     0.16564126E+00     0.10000000E+02    -0.15221776E+00     0.32937154E-01     0.39683542E+00     0.16205308E+00     143     0.50346751E-01
 0.21499998E+02     0.12494457E+01     0.16648562E+00     0.10000000E+02    -0.15301277E+00     0.31690188E-01     0.39719197E+00     0.16289355E+00     143     0.50346751E-01
 0.21599998E+02     0.12525009E+01     0.16721651E+00     0.10000000E+02    -0.15369858E+00     0.31331424E-01     0.39551461E+00     0.16362008E+00     143     0.50346751E-01
 0.21699999E+02     0.12524972E+01     0.16890772E+00     0.10000000E+02    -0.15532969E+00     0.30666851E-01     0.39688450E+00     0.16533022E+00     143     0.50346751E-01
 0.21800001E+02     0.12582432E+01     0.16955426E+00     0.10000000E+02    -0.15589269E+00     0.31744950E-01     0.39871991E+00     0.16600050E+00     143     0.50346751E-01
 0.21899998E+02     0.12594225E+01     0.17061356E+00     0.10000000E+02    -0.15693399E+00     0.30516932E-01     0.39915058E+00     0.16705318E+00     143     0.50346751E-01
 0.21999998E+02     0.12663063E+01     0.17098099E+00     0.10000000E+02    -0.15723509E+00     0.31749982E-01     0.39870813E+00     0.16743693E+00     143     0.50346751E-01
 0.22099998E+02     0.12677306E+01     0.17183056E+00     0.10000000E+02    -0.15823354E+00     0.30542830E-01     0.39644003E+00     0.16827144E+00     143     0.50346751E-01
 0.22200001E+02     0.12724460E+01     0.17251481E+00     0.10000000E+02    -0.15891363E+00     0.30568440E-01     0.40035951E+00     0.16897020E+00     143     0.50346751E-01
 0.22299997E+02     0.12770455E+01     0.17307132E+00     0.10000000E+02    -0.15939090E+00     0.30797502E-01     0.39767429E+00     0.16952904E+00     143     0.50346751E-01
 0.22500000E+02     0.12809442E+01     0.17543802E+00     0.10000000E+02    -0.16179578E+00     0.30080525E-01     0.39937463E+00     0.17191713E+00     144     0.54647654E-01
 0.22600000E+02     0.12827861E+01     0.17641450E+00     0.10000000E+02    -0.16269439E+00     0.29659245E-01     0.40178889E+00     0.17290321E+00     144     0.54647654E-01
 0.22700001E+02     0.12879384E+01     0.17699474E+00     0.10000000E+02    -0.16336004E+00     0.30081207E-01     0.40129969E+00     0.17349024E+00     144     0.54647654E-01
 0.22799997E+02     0.12924367E+01     0.17756394E+00     0.10000000E+02    -0.16401987E+00     0.30151278E-01     0.40437263E+00     0.17407705E+00     144     0.54647654E-01
 0.22900000E+02     0.12962964E+01     0.17828448E+00     0.10000000E+02    -0.16466305E+00     0.30262526E-01     0.40260935E+00     0.17479506E+00     144     0.54647654E-01
 0.23000000E+02     0.12995239E+01     0.17903678E+00     0.10000000E+02    -0.16558102E+00     0.29236067E-01     0.40210178E+00     0.17554380E+00     144     0.54647654E-01
 0.23100000E+02     0.13026208E+01     0.17978616E+00     0.10000000E+02    -0.16647735E+00     0.28506221E-01     0.40293196E+00     0.17629433E+00     144     0.54647654E-01
 0.23199997E+02     0.13073524E+01     0.18042646E+00     0.10000000E+02    -0.16706392E+00     0.28869532E-01     0.40369266E+00     0.17694716E+00     145     0.59272032E-01
 0.23299999E+02     0.13015643E+01     0.18266761E+00     0.10000000E+02    -0.16945432E+00     0.26060715E-01     0.40356651E+00     0.17918180E+00     145     0.59272032E-01
 0.23400000E+02     0.13080122E+01     0.18300828E+00     0.10000000E+02    -0.16977520E+00     0.27497491E-01     0.40499043E+00     0.17954716E+00     145     0.59272032E-01
 0.23500000E+02     0.13130374E+01     0.18354917E+00     0.10000000E+02    -0.17030895E+00     0.27933650E-01     0.39419162E+00     0.18007092E+00     145     0.59272032E-01
 0.23599998E+02     0.13170013E+01     0.18436189E+00     0.10000000E+02    -0.17129366E+00     0.27563611E-01     0.40758726E+00     0.18092069E+00     145     0.59272032E-01
 0.23699999E+02     0.13222042E+01     0.18489642E+00     0.10000000E+02    -0.17188013E+00     0.28177287E-01     0.40530515E+00     0.18145922E+00     145     0.59272032E-01
 0.23799999E+02     0.13252794E+01     0.18567027E+00     0.10000000E+02    -0.17286173E+00     0.27580652E-01     0.40449980E+00     0.18222608E+00     145     0.59272032E-01
 0.23900000E+02     0.13291252E+01     0.18623745E+00     0.10000000E+02    -0.17363679E+00     0.27389295E-01     0.40582591E+00     0.18280165E+00     145     0.59272032E-01
 0.24000000E+02     0.13323878E+01     0.18713568E+00     0.10000000E+02    -0.17445201E+00     0.27224528E-01     0.40775201E+00     0.18370810E+00     145     0.59272032E-01
