  
       RFOIL         Version 3.00
  
 Calculated polar for: OSO_2025_WT2_T21                
  
 1  Reynolds number fixed
  
 xtrf =      1.00000000 (suction)     1.00000000 (pressure)
 Rot. Parameters:  f0 =      1.00000000 c/r =      0.00000000
 Mach =      0.00000000     Re =     15.00000000 e 6     Ncrit =      9.00000000
  
             alpha                CL                CD            Re(CL)                CM             S_xtr             P_xtr               CDp            I_stag            X_stag
  ------- -------- --------- --------- -------- ------- ------- -------- 
-0.22300001E+02    -0.10566682E+01     0.89293703E-01     0.15000000E+02    -0.69162674E-01     0.72809708E+00     0.85788667E-02     0.86638317E-01      96     0.83475739E-01
-0.22200001E+02    -0.10628045E+01     0.86432815E-01     0.15000000E+02    -0.71575269E-01     0.72453105E+00     0.85797226E-02     0.83733775E-01      96     0.83475739E-01
-0.22100000E+02    -0.10675334E+01     0.84026232E-01     0.15000000E+02    -0.73597305E-01     0.72076017E+00     0.86391838E-02     0.81288159E-01      96     0.83475739E-01
-0.22000000E+02    -0.10687652E+01     0.82240462E-01     0.15000000E+02    -0.75074784E-01     0.71631414E+00     0.85895974E-02     0.79462945E-01      96     0.83475739E-01
-0.21900002E+02    -0.10740861E+01     0.79814583E-01     0.15000000E+02    -0.77071063E-01     0.71308261E+00     0.86554755E-02     0.77000134E-01      96     0.83475739E-01
-0.21800001E+02    -0.10759996E+01     0.78051373E-01     0.15000000E+02    -0.78477435E-01     0.70934904E+00     0.87158037E-02     0.75206727E-01      96     0.83475739E-01
-0.21700001E+02    -0.10792457E+01     0.76062299E-01     0.15000000E+02    -0.80063418E-01     0.70570171E+00     0.87518673E-02     0.73180422E-01      96     0.83475739E-01
-0.21600000E+02    -0.10795951E+01     0.74576885E-01     0.15000000E+02    -0.81232443E-01     0.70230961E+00     0.87553021E-02     0.71668878E-01      96     0.83475739E-01
-0.21500002E+02    -0.10824831E+01     0.72746001E-01     0.15000000E+02    -0.82674496E-01     0.69930363E+00     0.88071395E-02     0.69807380E-01      96     0.83475739E-01
-0.21400000E+02    -0.10825329E+01     0.71371570E-01     0.15000000E+02    -0.83730318E-01     0.69552654E+00     0.88180387E-02     0.68402156E-01      96     0.83475739E-01
-0.21300001E+02    -0.10848613E+01     0.69664858E-01     0.15000000E+02    -0.85030943E-01     0.69272727E+00     0.88471556E-02     0.66667572E-01      96     0.83475739E-01
-0.21200001E+02    -0.10839391E+01     0.68490073E-01     0.15000000E+02    -0.85897774E-01     0.68956977E+00     0.88724671E-02     0.65471619E-01      96     0.83475739E-01
-0.21100002E+02    -0.10867002E+01     0.67051455E-01     0.15000000E+02    -0.87207854E-01     0.68680865E+00     0.89145433E-02     0.64002164E-01      96     0.83475739E-01
-0.21000000E+02    -0.10853584E+01     0.66308975E-01     0.15000000E+02    -0.87983243E-01     0.68011636E+00     0.89428723E-02     0.63229121E-01      96     0.83475739E-01
-0.20900000E+02    -0.10851388E+01     0.65401144E-01     0.15000000E+02    -0.88888533E-01     0.67746615E+00     0.89592654E-02     0.62297713E-01      97     0.75851202E-01
-0.20800001E+02    -0.10859286E+01     0.64382315E-01     0.15000000E+02    -0.89874201E-01     0.67836642E+00     0.89823361E-02     0.61263260E-01      97     0.75851202E-01
-0.20700003E+02    -0.10848080E+01     0.63585937E-01     0.15000000E+02    -0.90613164E-01     0.67207718E+00     0.90469765E-02     0.60436394E-01      97     0.75851202E-01
-0.20600000E+02    -0.10854694E+01     0.62574700E-01     0.15000000E+02    -0.91556691E-01     0.66984379E+00     0.90858210E-02     0.59403226E-01      97     0.75851202E-01
-0.20500000E+02    -0.10848768E+01     0.61697308E-01     0.15000000E+02    -0.92335247E-01     0.66745692E+00     0.91213454E-02     0.58505520E-01      97     0.75851202E-01
-0.20400002E+02    -0.10826116E+01     0.60992073E-01     0.15000000E+02    -0.92934005E-01     0.66487956E+00     0.91380198E-02     0.57780933E-01      97     0.75851202E-01
-0.20300001E+02    -0.10819548E+01     0.60112506E-01     0.15000000E+02    -0.93697608E-01     0.66230381E+00     0.91678016E-02     0.56878217E-01      97     0.75851202E-01
-0.20200001E+02    -0.10812699E+01     0.59220210E-01     0.15000000E+02    -0.94453372E-01     0.66011721E+00     0.91757169E-02     0.55966411E-01      97     0.75851202E-01
-0.20100000E+02    -0.10790609E+01     0.58529139E-01     0.15000000E+02    -0.94999559E-01     0.65789330E+00     0.92314053E-02     0.55260468E-01      97     0.75851202E-01
-0.20000002E+02    -0.10772016E+01     0.57791237E-01     0.15000000E+02    -0.95596664E-01     0.65569067E+00     0.92657581E-02     0.54504596E-01      97     0.75851202E-01
-0.19900000E+02    -0.10776286E+01     0.56795176E-01     0.15000000E+02    -0.96417569E-01     0.65349990E+00     0.93281688E-02     0.53485367E-01      97     0.75851202E-01
-0.19800001E+02    -0.10744138E+01     0.56192774E-01     0.15000000E+02    -0.96871525E-01     0.65098542E+00     0.93342382E-02     0.52865960E-01      97     0.75851202E-01
-0.19700001E+02    -0.10716552E+01     0.55540666E-01     0.15000000E+02    -0.97349979E-01     0.64897430E+00     0.93706511E-02     0.52199852E-01      97     0.75851202E-01
-0.19600000E+02    -0.10695851E+01     0.54801211E-01     0.15000000E+02    -0.97919852E-01     0.64464897E+00     0.93883052E-02     0.51437132E-01      97     0.75851202E-01
-0.19500000E+02    -0.10688757E+01     0.53959534E-01     0.15000000E+02    -0.98576747E-01     0.64515883E+00     0.94353361E-02     0.50582871E-01      97     0.75851202E-01
-0.19400002E+02    -0.10653808E+01     0.53379212E-01     0.15000000E+02    -0.98985791E-01     0.64034444E+00     0.94738435E-02     0.49979378E-01      97     0.75851202E-01
-0.19300001E+02    -0.10622914E+01     0.52761737E-01     0.15000000E+02    -0.99413902E-01     0.63852733E+00     0.95284116E-02     0.49349252E-01      97     0.75851202E-01
-0.19200001E+02    -0.10598688E+01     0.52080322E-01     0.15000000E+02    -0.99917762E-01     0.63679725E+00     0.95375376E-02     0.48652813E-01      97     0.75851202E-01
-0.19100000E+02    -0.10584114E+01     0.51306453E-01     0.15000000E+02    -0.10049282E+00     0.63500184E+00     0.95713604E-02     0.47860280E-01      98     0.68454914E-01
-0.19000002E+02    -0.10545646E+01     0.50772548E-01     0.15000000E+02    -0.10084868E+00     0.63313347E+00     0.95941331E-02     0.47312371E-01      98     0.68454914E-01
-0.18900002E+02    -0.10507511E+01     0.50230712E-01     0.15000000E+02    -0.10121064E+00     0.63095766E+00     0.96360855E-02     0.46755865E-01      98     0.68454914E-01
-0.18800001E+02    -0.10474249E+01     0.49622551E-01     0.15000000E+02    -0.10161562E+00     0.62907302E+00     0.96629225E-02     0.46133287E-01      98     0.68454914E-01
-0.18700001E+02    -0.10459021E+01     0.48862688E-01     0.15000000E+02    -0.10215957E+00     0.62752706E+00     0.96735172E-02     0.45357112E-01      98     0.68454914E-01
-0.18600000E+02    -0.10419792E+01     0.48352551E-01     0.15000000E+02    -0.10250215E+00     0.62581372E+00     0.96910987E-02     0.44834647E-01      98     0.68454914E-01
-0.18500002E+02    -0.10374650E+01     0.47860835E-01     0.15000000E+02    -0.10280362E+00     0.62409401E+00     0.97159259E-02     0.44331510E-01      98     0.68454914E-01
-0.18400000E+02    -0.10334421E+01     0.47347814E-01     0.15000000E+02    -0.10313750E+00     0.62006342E+00     0.97214263E-02     0.43797571E-01      98     0.68454914E-01
-0.18300001E+02    -0.10300415E+01     0.46758682E-01     0.15000000E+02    -0.10352530E+00     0.61845136E+00     0.97349379E-02     0.43194644E-01      98     0.68454914E-01
-0.18200001E+02    -0.10276095E+01     0.46089571E-01     0.15000000E+02    -0.10398515E+00     0.61695176E+00     0.97428532E-02     0.42510968E-01      98     0.68454914E-01
-0.18100002E+02    -0.10228343E+01     0.45645319E-01     0.15000000E+02    -0.10425286E+00     0.61541933E+00     0.97504640E-02     0.42056680E-01      98     0.68454914E-01
-0.18000000E+02    -0.10191032E+01     0.45121551E-01     0.15000000E+02    -0.10454639E+00     0.61387336E+00     0.98125748E-02     0.41517790E-01      98     0.68454914E-01
-0.17900000E+02    -0.10154644E+01     0.44606011E-01     0.15000000E+02    -0.10486057E+00     0.61229956E+00     0.99131549E-02     0.40989440E-01      98     0.68454914E-01
-0.17800001E+02    -0.10134122E+01     0.43927480E-01     0.15000000E+02    -0.10527401E+00     0.61067510E+00     0.99506667E-02     0.40293783E-01      98     0.68454914E-01
-0.17700001E+02    -0.10103344E+01     0.43361314E-01     0.15000000E+02    -0.10561682E+00     0.60881460E+00     0.10040280E-01     0.39713651E-01      98     0.68454914E-01
-0.17600000E+02    -0.10058734E+01     0.42909350E-01     0.15000000E+02    -0.10586049E+00     0.60739881E+00     0.10107663E-01     0.39251145E-01      99     0.61320473E-01
-0.17500000E+02    -0.10019528E+01     0.42410091E-01     0.15000000E+02    -0.10611539E+00     0.60602182E+00     0.10176118E-01     0.38742434E-01      99     0.61320473E-01
-0.17400002E+02    -0.99807447E+00     0.41907195E-01     0.15000000E+02    -0.10640381E+00     0.60459971E+00     0.10249727E-01     0.38229167E-01      99     0.61320473E-01
-0.17300001E+02    -0.99591589E+00     0.41262221E-01     0.15000000E+02    -0.10679560E+00     0.60326499E+00     0.10316110E-01     0.37570216E-01      99     0.61320473E-01
-0.17200001E+02    -0.99157012E+00     0.40803481E-01     0.15000000E+02    -0.10703698E+00     0.60177284E+00     0.10367246E-01     0.37100226E-01      99     0.61320473E-01
-0.17100000E+02    -0.98691618E+00     0.40366318E-01     0.15000000E+02    -0.10725247E+00     0.60019267E+00     0.10431333E-01     0.36652423E-01      99     0.61320473E-01
-0.17000002E+02    -0.98239070E+00     0.39917752E-01     0.15000000E+02    -0.10747705E+00     0.59843856E+00     0.10491922E-01     0.36193721E-01      99     0.61320473E-01
-0.16900000E+02    -0.97834313E+00     0.39430778E-01     0.15000000E+02    -0.10773341E+00     0.59710717E+00     0.10550563E-01     0.35696749E-01      99     0.61320473E-01
-0.16800001E+02    -0.97578251E+00     0.38832344E-01     0.15000000E+02    -0.10807487E+00     0.59585148E+00     0.10648197E-01     0.35087496E-01      99     0.61320473E-01
-0.16700001E+02    -0.97095567E+00     0.38410284E-01     0.15000000E+02    -0.10828568E+00     0.59459102E+00     0.10667485E-01     0.34656577E-01      99     0.61320473E-01
-0.16600000E+02    -0.96619362E+00     0.37985325E-01     0.15000000E+02    -0.10847072E+00     0.59326190E+00     0.10740491E-01     0.34224082E-01      99     0.61320473E-01
-0.16500000E+02    -0.96126795E+00     0.37570860E-01     0.15000000E+02    -0.10866541E+00     0.59195656E+00     0.10788987E-01     0.33800934E-01      99     0.61320473E-01
-0.16400002E+02    -0.95713800E+00     0.37105512E-01     0.15000000E+02    -0.10889217E+00     0.58897239E+00     0.10871256E-01     0.33320695E-01      99     0.61320473E-01
-0.16300001E+02    -0.95394117E+00     0.36550920E-01     0.15000000E+02    -0.10918572E+00     0.58740437E+00     0.10923577E-01     0.32753527E-01      99     0.61320473E-01
-0.16200001E+02    -0.94925958E+00     0.36123496E-01     0.15000000E+02    -0.10938941E+00     0.58624250E+00     0.10978969E-01     0.32318890E-01      99     0.61320473E-01
-0.16100000E+02    -0.94389236E+00     0.35744034E-01     0.15000000E+02    -0.10955078E+00     0.58506328E+00     0.11013255E-01     0.31931791E-01     100     0.54487012E-01
-0.16000002E+02    -0.93884766E+00     0.35340857E-01     0.15000000E+02    -0.10971547E+00     0.58385527E+00     0.11078081E-01     0.31522047E-01     100     0.54487012E-01
-0.15900001E+02    -0.93411595E+00     0.34923058E-01     0.15000000E+02    -0.10990445E+00     0.58265293E+00     0.11165326E-01     0.31096825E-01     100     0.54487012E-01
-0.15800000E+02    -0.93024737E+00     0.34419429E-01     0.15000000E+02    -0.11015162E+00     0.58143497E+00     0.11223820E-01     0.30582443E-01     100     0.54487012E-01
-0.15700001E+02    -0.92579746E+00     0.33966333E-01     0.15000000E+02    -0.11036906E+00     0.58015490E+00     0.11263794E-01     0.30118490E-01     100     0.54487012E-01
-0.15600002E+02    -0.92026776E+00     0.33606593E-01     0.15000000E+02    -0.11050802E+00     0.57875502E+00     0.11340227E-01     0.29750761E-01     100     0.54487012E-01
-0.15500001E+02    -0.91471714E+00     0.33232514E-01     0.15000000E+02    -0.11065625E+00     0.57602870E+00     0.11399525E-01     0.29366016E-01     100     0.54487012E-01
-0.15400001E+02    -0.90943706E+00     0.32850284E-01     0.15000000E+02    -0.11081524E+00     0.57490170E+00     0.11474437E-01     0.28977420E-01     100     0.54487012E-01
-0.15300001E+02    -0.90471548E+00     0.32414448E-01     0.15000000E+02    -0.11101209E+00     0.57380915E+00     0.11519441E-01     0.28533204E-01     100     0.54487012E-01
-0.15200001E+02    -0.90070468E+00     0.31923007E-01     0.15000000E+02    -0.11124397E+00     0.57271492E+00     0.11576455E-01     0.28031930E-01     100     0.54487012E-01
-0.15100001E+02    -0.89485276E+00     0.31578828E-01     0.15000000E+02    -0.11137968E+00     0.57154542E+00     0.11609985E-01     0.27680475E-01     100     0.54487012E-01
-0.15000001E+02    -0.88892084E+00     0.31229353E-01     0.15000000E+02    -0.11150889E+00     0.57031524E+00     0.11675131E-01     0.27323248E-01     100     0.54487012E-01
-0.14900000E+02    -0.88303763E+00     0.30868428E-01     0.15000000E+02    -0.11165307E+00     0.56903958E+00     0.11711139E-01     0.26953503E-01     100     0.54487012E-01
-0.14800000E+02    -0.87764323E+00     0.30487938E-01     0.15000000E+02    -0.11181834E+00     0.56771845E+00     0.11739353E-01     0.26563887E-01     100     0.54487012E-01
-0.14700002E+02    -0.87312174E+00     0.30022813E-01     0.15000000E+02    -0.11203540E+00     0.56631607E+00     0.11769206E-01     0.26087202E-01     101     0.47999002E-01
-0.14600000E+02    -0.86763662E+00     0.29649695E-01     0.15000000E+02    -0.11219146E+00     0.56532663E+00     0.11781896E-01     0.25707323E-01     101     0.47999002E-01
-0.14500000E+02    -0.86186105E+00     0.29301442E-01     0.15000000E+02    -0.11230610E+00     0.56428683E+00     0.11988997E-01     0.25352055E-01     101     0.47999002E-01
-0.14400001E+02    -0.85595572E+00     0.28957948E-01     0.15000000E+02    -0.11243556E+00     0.56324071E+00     0.11907023E-01     0.25001213E-01     101     0.47999002E-01
-0.14300001E+02    -0.85116410E+00     0.28541021E-01     0.15000000E+02    -0.11257506E+00     0.56218535E+00     0.12179211E-01     0.24579298E-01     101     0.47999002E-01
-0.14200001E+02    -0.84685004E+00     0.28088728E-01     0.15000000E+02    -0.11277583E+00     0.56111997E+00     0.12243849E-01     0.24117481E-01     101     0.47999002E-01
-0.14100001E+02    -0.84139419E+00     0.27693493E-01     0.15000000E+02    -0.11293412E+00     0.56007034E+00     0.12210040E-01     0.23712754E-01     101     0.47999002E-01
-0.14000001E+02    -0.83594161E+00     0.27329430E-01     0.15000000E+02    -0.11304662E+00     0.55888206E+00     0.12430657E-01     0.23344014E-01     101     0.47999002E-01
-0.13900002E+02    -0.83009255E+00     0.26982812E-01     0.15000000E+02    -0.11317136E+00     0.55624366E+00     0.12527426E-01     0.22986785E-01     101     0.47999002E-01
-0.13800001E+02    -0.82489932E+00     0.26585095E-01     0.15000000E+02    -0.11332596E+00     0.55527556E+00     0.12646209E-01     0.22584323E-01     101     0.47999002E-01
-0.13700001E+02    -0.82068390E+00     0.26104437E-01     0.15000000E+02    -0.11354060E+00     0.55433291E+00     0.12723939E-01     0.22096481E-01     101     0.47999002E-01
-0.13600001E+02    -0.81519353E+00     0.25715724E-01     0.15000000E+02    -0.11369579E+00     0.55335355E+00     0.12853807E-01     0.21703865E-01     101     0.47999002E-01
-0.13500001E+02    -0.80907983E+00     0.25366727E-01     0.15000000E+02    -0.11383088E+00     0.55238330E+00     0.12924683E-01     0.21350779E-01     101     0.47999002E-01
-0.13400001E+02    -0.80310464E+00     0.25005629E-01     0.15000000E+02    -0.11398946E+00     0.55136722E+00     0.12997687E-01     0.20983530E-01     102     0.41903831E-01
-0.13300000E+02    -0.79792333E+00     0.24569640E-01     0.15000000E+02    -0.11420054E+00     0.55039406E+00     0.13098054E-01     0.20541761E-01     102     0.41903831E-01
-0.13200001E+02    -0.79300946E+00     0.24098743E-01     0.15000000E+02    -0.11445314E+00     0.54931736E+00     0.13178443E-01     0.20062339E-01     102     0.41903831E-01
-0.13100000E+02    -0.78641462E+00     0.23752831E-01     0.15000000E+02    -0.11462888E+00     0.54820418E+00     0.13233900E-01     0.19710448E-01     102     0.41903831E-01
-0.13000001E+02    -0.77986979E+00     0.23390656E-01     0.15000000E+02    -0.11482053E+00     0.54700804E+00     0.13321267E-01     0.19342842E-01     102     0.41903831E-01
-0.12900001E+02    -0.77372378E+00     0.22990802E-01     0.15000000E+02    -0.11505008E+00     0.54571241E+00     0.13446040E-01     0.18937837E-01     102     0.41903831E-01
-0.12800001E+02    -0.76811087E+00     0.22521894E-01     0.15000000E+02    -0.11535479E+00     0.54485571E+00     0.13512221E-01     0.18462390E-01     102     0.41903831E-01
-0.12700001E+02    -0.76193494E+00     0.22125999E-01     0.15000000E+02    -0.11553603E+00     0.54392952E+00     0.13622291E-01     0.18062430E-01     102     0.41903831E-01
-0.12600001E+02    -0.75819886E+00     0.21753887E-01     0.15000000E+02    -0.11525661E+00     0.54305041E+00     0.13665831E-01     0.17685277E-01     102     0.41903831E-01
-0.12500001E+02    -0.75167084E+00     0.21372005E-01     0.15000000E+02    -0.11554273E+00     0.54116374E+00     0.13799815E-01     0.17295288E-01     102     0.41903831E-01
-0.12400002E+02    -0.74274975E+00     0.20945543E-01     0.15000000E+02    -0.11632176E+00     0.54013371E+00     0.13858382E-01     0.16860478E-01     102     0.41903831E-01
-0.12300001E+02    -0.73310989E+00     0.20570433E-01     0.15000000E+02    -0.11709741E+00     0.53909725E+00     0.13952029E-01     0.16477734E-01     102     0.41903831E-01
-0.12200001E+02    -0.72288442E+00     0.20261584E-01     0.15000000E+02    -0.11777080E+00     0.53797895E+00     0.14023559E-01     0.16162341E-01     102     0.41903831E-01
-0.12100001E+02    -0.71228153E+00     0.19948928E-01     0.15000000E+02    -0.11850414E+00     0.53675216E+00     0.14072619E-01     0.15841771E-01     103     0.36247686E-01
-0.12000000E+02    -0.70163363E+00     0.19588526E-01     0.15000000E+02    -0.11938483E+00     0.53546977E+00     0.14214097E-01     0.15472501E-01     103     0.36247686E-01
-0.11900001E+02    -0.69049984E+00     0.19175721E-01     0.15000000E+02    -0.12048981E+00     0.53454173E+00     0.14381453E-01     0.15053827E-01     103     0.36247686E-01
-0.11800000E+02    -0.67913008E+00     0.18819619E-01     0.15000000E+02    -0.12148257E+00     0.53364801E+00     0.14554208E-01     0.14693810E-01     103     0.36247686E-01
-0.11700001E+02    -0.66740978E+00     0.18501652E-01     0.15000000E+02    -0.12242444E+00     0.53270882E+00     0.14737789E-01     0.14372727E-01     103     0.36247686E-01
-0.11600000E+02    -0.65534776E+00     0.18140348E-01     0.15000000E+02    -0.12354399E+00     0.53175241E+00     0.15096960E-01     0.14010147E-01     103     0.36247686E-01
-0.11500001E+02    -0.64304709E+00     0.17766519E-01     0.15000000E+02    -0.12472009E+00     0.53077972E+00     0.15276605E-01     0.13631896E-01     103     0.36247686E-01
-0.11400001E+02    -0.63030297E+00     0.17390480E-01     0.15000000E+02    -0.12598714E+00     0.52976698E+00     0.15424183E-01     0.13249844E-01     103     0.36247686E-01
-0.11300001E+02    -0.61760879E+00     0.17076669E-01     0.15000000E+02    -0.12706904E+00     0.52774727E+00     0.15599946E-01     0.12928037E-01     103     0.36247686E-01
-0.11200001E+02    -0.60472411E+00     0.16768694E-01     0.15000000E+02    -0.12816800E+00     0.52657533E+00     0.15768062E-01     0.12614811E-01     104     0.31069152E-01
-0.11100001E+02    -0.59147573E+00     0.16450997E-01     0.15000000E+02    -0.12935892E+00     0.52531922E+00     0.15918298E-01     0.12291661E-01     104     0.31069152E-01
-0.11000001E+02    -0.57779634E+00     0.16098978E-01     0.15000000E+02    -0.13069668E+00     0.52441394E+00     0.16105767E-01     0.11935228E-01     104     0.31069152E-01
-0.10900001E+02    -0.56427389E+00     0.15799170E-01     0.15000000E+02    -0.13187438E+00     0.52354509E+00     0.16286684E-01     0.11631874E-01     104     0.31069152E-01
-0.10800001E+02    -0.55075157E+00     0.15531768E-01     0.15000000E+02    -0.13296069E+00     0.52263045E+00     0.16438942E-01     0.11360872E-01     104     0.31069152E-01
-0.10700001E+02    -0.53704381E+00     0.15263224E-01     0.15000000E+02    -0.13408172E+00     0.52171850E+00     0.16567403E-01     0.11087487E-01     104     0.31069152E-01
-0.10600001E+02    -0.52319127E+00     0.14989472E-01     0.15000000E+02    -0.13524118E+00     0.52078646E+00     0.16649336E-01     0.10807181E-01     104     0.31069152E-01
-0.10500001E+02    -0.50886297E+00     0.14672071E-01     0.15000000E+02    -0.13659200E+00     0.51983130E+00     0.16863769E-01     0.10480920E-01     104     0.31069152E-01
-0.10400002E+02    -0.49464750E+00     0.14398653E-01     0.15000000E+02    -0.13782246E+00     0.51885462E+00     0.17128889E-01     0.10202366E-01     104     0.31069152E-01
-0.10300000E+02    -0.48029435E+00     0.14122556E-01     0.15000000E+02    -0.13907579E+00     0.51781660E+00     0.17397501E-01     0.99199973E-02     105     0.26392410E-01
-0.10200001E+02    -0.46558246E+00     0.13820811E-01     0.15000000E+02    -0.14045355E+00     0.51670301E+00     0.17666774E-01     0.96126227E-02     105     0.26392410E-01
-0.10100000E+02    -0.45065096E+00     0.13517739E-01     0.15000000E+02    -0.14188147E+00     0.51460385E+00     0.17931376E-01     0.93021244E-02     105     0.26392410E-01
-0.10000001E+02    -0.43589017E+00     0.13252165E-01     0.15000000E+02    -0.14318046E+00     0.51378429E+00     0.18176898E-01     0.90349577E-02     105     0.26392410E-01
-0.99000006E+01    -0.42097718E+00     0.12978728E-01     0.15000000E+02    -0.14451857E+00     0.51295370E+00     0.18402638E-01     0.87586418E-02     105     0.26392410E-01
-0.98000011E+01    -0.40569380E+00     0.12686462E-01     0.15000000E+02    -0.14596973E+00     0.51206988E+00     0.18666063E-01     0.84622027E-02     105     0.26392410E-01
-0.97000008E+01    -0.39080775E+00     0.12438927E-01     0.15000000E+02    -0.14723873E+00     0.51118135E+00     0.18916856E-01     0.82105780E-02     105     0.26392410E-01
-0.96000013E+01    -0.37598974E+00     0.12206833E-01     0.15000000E+02    -0.14846179E+00     0.51029068E+00     0.19118562E-01     0.79724789E-02     106     0.22223158E-01
-0.95000010E+01    -0.36093482E+00     0.11961313E-01     0.15000000E+02    -0.14975704E+00     0.50936097E+00     0.19338911E-01     0.77201519E-02     106     0.22223158E-01
-0.94000006E+01    -0.34619263E+00     0.11750020E-01     0.15000000E+02    -0.15091862E+00     0.50842243E+00     0.19627362E-01     0.74999160E-02     106     0.22223158E-01
-0.93000011E+01    -0.33107176E+00     0.11513825E-01     0.15000000E+02    -0.15220280E+00     0.50742078E+00     0.20006264E-01     0.72576073E-02     106     0.22223158E-01
-0.91999998E+01    -0.31566474E+00     0.11265080E-01     0.15000000E+02    -0.15356869E+00     0.50638026E+00     0.20362692E-01     0.70023453E-02     106     0.22223158E-01
-0.91000013E+01    -0.30043265E+00     0.11035640E-01     0.15000000E+02    -0.15485480E+00     0.50521487E+00     0.20694314E-01     0.67672958E-02     106     0.22223158E-01
-0.90000000E+01    -0.28503266E+00     0.10801723E-01     0.15000000E+02    -0.15618210E+00     0.50436115E+00     0.21030780E-01     0.65299757E-02     106     0.22223158E-01
-0.89000015E+01    -0.26948830E+00     0.10561517E-01     0.15000000E+02    -0.15755038E+00     0.50285822E+00     0.21357303E-01     0.62845275E-02     106     0.22223158E-01
-0.88000002E+01    -0.25417817E+00     0.10343648E-01     0.15000000E+02    -0.15882212E+00     0.50201941E+00     0.21690980E-01     0.60620205E-02     107     0.18548056E-01
-0.87000017E+01    -0.23883690E+00     0.10128519E-01     0.15000000E+02    -0.16009440E+00     0.50119257E+00     0.22017593E-01     0.58413302E-02     107     0.18548056E-01
-0.86000004E+01    -0.22381666E+00     0.99379858E-02     0.15000000E+02    -0.16125058E+00     0.50032759E+00     0.22326505E-01     0.56445384E-02     107     0.18548056E-01
-0.85000019E+01    -0.20881058E+00     0.97522652E-02     0.15000000E+02    -0.16239490E+00     0.49946398E+00     0.22616008E-01     0.54511186E-02     107     0.18548056E-01
-0.84000006E+01    -0.19418053E+00     0.95942207E-02     0.15000000E+02    -0.16340728E+00     0.49857539E+00     0.22816174E-01     0.52827862E-02     107     0.18548056E-01
-0.83000011E+01    -0.17881869E+00     0.93909884E-02     0.15000000E+02    -0.16465588E+00     0.49765098E+00     0.23536518E-01     0.50721457E-02     107     0.18548056E-01
-0.82000008E+01    -0.16387810E+00     0.92182942E-02     0.15000000E+02    -0.16575655E+00     0.49667460E+00     0.23759931E-01     0.48902305E-02     107     0.18548056E-01
-0.81000013E+01    -0.14833516E+00     0.90098726E-02     0.15000000E+02    -0.16704822E+00     0.49558741E+00     0.24481768E-01     0.46751481E-02     108     0.15338226E-01
-0.80000010E+01    -0.13344899E+00     0.88455975E-02     0.15000000E+02    -0.16811787E+00     0.49461368E+00     0.24641091E-01     0.45023491E-02     108     0.15338226E-01
-0.79000001E+01    -0.11796761E+00     0.86459666E-02     0.15000000E+02    -0.16937108E+00     0.49391645E+00     0.25297964E-01     0.42983303E-02     108     0.15338226E-01
-0.78000011E+01    -0.10346396E+00     0.85080918E-02     0.15000000E+02    -0.17030613E+00     0.49317318E+00     0.25662538E-01     0.41552656E-02     108     0.15338226E-01
-0.77000003E+01    -0.89677826E-01     0.84142210E-02     0.15000000E+02    -0.17101201E+00     0.49171841E+00     0.26077727E-01     0.40565459E-02     108     0.15338226E-01
-0.76000009E+01    -0.76260328E-01     0.83417706E-02     0.15000000E+02    -0.17159759E+00     0.49096176E+00     0.26402159E-01     0.39813644E-02     108     0.15338226E-01
-0.75000005E+01    -0.62873915E-01     0.82721272E-02     0.15000000E+02    -0.17217085E+00     0.49015749E+00     0.26782181E-01     0.39068228E-02     108     0.15338226E-01
-0.74000010E+01    -0.49422953E-01     0.81985407E-02     0.15000000E+02    -0.17276180E+00     0.48937187E+00     0.27275164E-01     0.38304948E-02     109     0.12555218E-01
-0.73000002E+01    -0.35994370E-01     0.81266994E-02     0.15000000E+02    -0.17334841E+00     0.48857313E+00     0.27875653E-01     0.37571904E-02     109     0.12555218E-01
-0.72000012E+01    -0.22589168E-01     0.80565093E-02     0.15000000E+02    -0.17392603E+00     0.48767111E+00     0.28365986E-01     0.36857561E-02     109     0.12555218E-01
-0.71000004E+01    -0.91178333E-02     0.79817595E-02     0.15000000E+02    -0.17452487E+00     0.48678550E+00     0.29064000E-01     0.36122319E-02     109     0.12555218E-01
-0.70000014E+01     0.40685111E-02     0.79261065E-02     0.15000000E+02    -0.17503019E+00     0.48583150E+00     0.29301390E-01     0.35540904E-02     109     0.12555218E-01
-0.69000006E+01     0.17349381E-01     0.78638913E-02     0.15000000E+02    -0.17556646E+00     0.48480678E+00     0.30014489E-01     0.34921542E-02     109     0.12555218E-01
-0.68000016E+01     0.30482214E-01     0.78108376E-02     0.15000000E+02    -0.17604978E+00     0.48416594E+00     0.30431893E-01     0.34396122E-02     109     0.12555218E-01
-0.67000008E+01     0.43564361E-01     0.77616274E-02     0.15000000E+02    -0.17651725E+00     0.48352212E+00     0.30834217E-01     0.33879341E-02     110     0.10156807E-01
-0.66000018E+01     0.56728110E-01     0.77072913E-02     0.15000000E+02    -0.17700912E+00     0.48282042E+00     0.31566184E-01     0.33344487E-02     110     0.10156807E-01
-0.65000010E+01     0.69852985E-01     0.76557817E-02     0.15000000E+02    -0.17749023E+00     0.48212430E+00     0.32135904E-01     0.32839356E-02     110     0.10156807E-01
-0.64000001E+01     0.83011203E-01     0.76025100E-02     0.15000000E+02    -0.17798018E+00     0.48140529E+00     0.32779239E-01     0.32325061E-02     110     0.10156807E-01
-0.63000011E+01     0.96087560E-01     0.75555430E-02     0.15000000E+02    -0.17845525E+00     0.47997054E+00     0.33370569E-01     0.31839386E-02     110     0.10156807E-01
-0.62000003E+01     0.10914835E+00     0.75094202E-02     0.15000000E+02    -0.17891866E+00     0.47922093E+00     0.33977035E-01     0.31380663E-02     110     0.10156807E-01
-0.61000009E+01     0.12218756E+00     0.74646045E-02     0.15000000E+02    -0.17937708E+00     0.47845218E+00     0.34847606E-01     0.30932124E-02     111     0.81014242E-02
-0.60000000E+01     0.13506490E+00     0.74310331E-02     0.15000000E+02    -0.17978542E+00     0.47761872E+00     0.35305485E-01     0.30556507E-02     111     0.81014242E-02
-0.59000010E+01     0.14801173E+00     0.73932027E-02     0.15000000E+02    -0.18021140E+00     0.47676826E+00     0.36027916E-01     0.30167499E-02     111     0.81014242E-02
-0.58000002E+01     0.16096090E+00     0.73550590E-02     0.15000000E+02    -0.18063864E+00     0.47586015E+00     0.36806922E-01     0.29786690E-02     111     0.81014242E-02
-0.57000012E+01     0.17394899E+00     0.73144697E-02     0.15000000E+02    -0.18107709E+00     0.47492510E+00     0.37605438E-01     0.29397877E-02     111     0.81014242E-02
-0.56000004E+01     0.18694752E+00     0.72723902E-02     0.15000000E+02    -0.18151402E+00     0.47431016E+00     0.38275238E-01     0.29017227E-02     111     0.81014242E-02
-0.55000014E+01     0.19992329E+00     0.72319596E-02     0.15000000E+02    -0.18194614E+00     0.47366440E+00     0.39019801E-01     0.28643967E-02     112     0.63508647E-02
-0.54000006E+01     0.21277981E+00     0.72002783E-02     0.15000000E+02    -0.18234803E+00     0.47238958E+00     0.39639384E-01     0.28324365E-02     112     0.63508647E-02
-0.53000016E+01     0.22567825E+00     0.71648736E-02     0.15000000E+02    -0.18275405E+00     0.47234118E+00     0.40577061E-01     0.27996530E-02     112     0.63508647E-02
-0.52000008E+01     0.23849538E+00     0.71371305E-02     0.15000000E+02    -0.18314396E+00     0.47102699E+00     0.41556783E-01     0.27705748E-02     112     0.63508647E-02
-0.51000013E+01     0.25134522E+00     0.71067698E-02     0.15000000E+02    -0.18353987E+00     0.47031924E+00     0.42496581E-01     0.27415515E-02     112     0.63508647E-02
-0.50000010E+01     0.26422840E+00     0.70740310E-02     0.15000000E+02    -0.18394880E+00     0.46959135E+00     0.43467544E-01     0.27113957E-02     112     0.63508647E-02
-0.49000015E+01     0.27708951E+00     0.70433146E-02     0.15000000E+02    -0.18435149E+00     0.46886131E+00     0.44347797E-01     0.26827385E-02     112     0.63508647E-02
-0.48000007E+01     0.28988689E+00     0.70170742E-02     0.15000000E+02    -0.18473485E+00     0.46807110E+00     0.45187168E-01     0.26565897E-02     113     0.48715551E-02
-0.47000003E+01     0.30267215E+00     0.69915988E-02     0.15000000E+02    -0.18511650E+00     0.46731114E+00     0.46358537E-01     0.26323474E-02     113     0.48715551E-02
-0.46000009E+01     0.31540737E+00     0.69698999E-02     0.15000000E+02    -0.18548051E+00     0.46641901E+00     0.47406342E-01     0.26090266E-02     113     0.48715551E-02
-0.45000000E+01     0.32816139E+00     0.69468087E-02     0.15000000E+02    -0.18584964E+00     0.46556565E+00     0.48458148E-01     0.25870455E-02     113     0.48715551E-02
-0.44000010E+01     0.34096688E+00     0.69199000E-02     0.15000000E+02    -0.18623354E+00     0.46478221E+00     0.49575843E-01     0.25642640E-02     113     0.48715551E-02
-0.43000002E+01     0.35378599E+00     0.68914499E-02     0.15000000E+02    -0.18661940E+00     0.46423578E+00     0.50547373E-01     0.25408473E-02     114     0.36345050E-02
-0.42000012E+01     0.36655679E+00     0.68666143E-02     0.15000000E+02    -0.18699132E+00     0.46360958E+00     0.51501799E-01     0.25197743E-02     114     0.36345050E-02
-0.41000004E+01     0.37928456E+00     0.68448377E-02     0.15000000E+02    -0.18735278E+00     0.46296826E+00     0.52517314E-01     0.25008111E-02     114     0.36345050E-02
-0.40000014E+01     0.39193162E+00     0.68297009E-02     0.15000000E+02    -0.18769525E+00     0.46169865E+00     0.53544804E-01     0.24838704E-02     114     0.36345050E-02
-0.39000006E+01     0.40461576E+00     0.68119471E-02     0.15000000E+02    -0.18804474E+00     0.46105233E+00     0.54794453E-01     0.24677995E-02     114     0.36345050E-02
-0.38000014E+01     0.41733932E+00     0.67915558E-02     0.15000000E+02    -0.18840742E+00     0.46037728E+00     0.56240868E-01     0.24510212E-02     114     0.36345050E-02
-0.37000005E+01     0.43013254E+00     0.67665353E-02     0.15000000E+02    -0.18879376E+00     0.45968634E+00     0.58113243E-01     0.24321950E-02     115     0.26149573E-02
-0.36000016E+01     0.44279018E+00     0.67511145E-02     0.15000000E+02    -0.18914002E+00     0.45899746E+00     0.59290659E-01     0.24183947E-02     115     0.26149573E-02
-0.35000007E+01     0.45540485E+00     0.67386706E-02     0.15000000E+02    -0.18947563E+00     0.45825216E+00     0.60480684E-01     0.24052984E-02     115     0.26149573E-02
-0.34000015E+01     0.46801007E+00     0.67270030E-02     0.15000000E+02    -0.18980676E+00     0.45747656E+00     0.61900016E-01     0.23941114E-02     115     0.26149573E-02
-0.33000009E+01     0.48064464E+00     0.67135389E-02     0.15000000E+02    -0.19014660E+00     0.45665723E+00     0.63416839E-01     0.23829248E-02     115     0.26149573E-02
-0.32000017E+01     0.49332121E+00     0.66970494E-02     0.15000000E+02    -0.19049990E+00     0.45580384E+00     0.64938314E-01     0.23709112E-02     115     0.26149573E-02
-0.31000009E+01     0.50603861E+00     0.66777165E-02     0.15000000E+02    -0.19086489E+00     0.45501226E+00     0.67144714E-01     0.23584212E-02     116     0.17916226E-02
-0.30000000E+01     0.51866412E+00     0.66633937E-02     0.15000000E+02    -0.19120008E+00     0.45449951E+00     0.68508312E-01     0.23482819E-02     116     0.17916226E-02
-0.29000010E+01     0.53127319E+00     0.66509373E-02     0.15000000E+02    -0.19152828E+00     0.45392275E+00     0.70278734E-01     0.23386902E-02     116     0.17916226E-02
-0.28000002E+01     0.54391474E+00     0.66361492E-02     0.15000000E+02    -0.19187024E+00     0.45332706E+00     0.72209768E-01     0.23297090E-02     116     0.17916226E-02
-0.27000012E+01     0.55653328E+00     0.66244053E-02     0.15000000E+02    -0.19221060E+00     0.45210055E+00     0.73984489E-01     0.23220084E-02     116     0.17916226E-02
-0.26000004E+01     0.56918579E+00     0.66094017E-02     0.15000000E+02    -0.19256067E+00     0.45146418E+00     0.76621741E-01     0.23135892E-02     117     0.11454731E-02
-0.25000012E+01     0.58173579E+00     0.66014766E-02     0.15000000E+02    -0.19287995E+00     0.45082822E+00     0.78786120E-01     0.23078984E-02     117     0.11454731E-02
-0.24000003E+01     0.59431678E+00     0.65922542E-02     0.15000000E+02    -0.19320941E+00     0.45017144E+00     0.81105947E-01     0.23032874E-02     117     0.11454731E-02
-0.23000014E+01     0.60690832E+00     0.65823845E-02     0.15000000E+02    -0.19354464E+00     0.44946545E+00     0.83228305E-01     0.22984934E-02     117     0.11454731E-02
-0.22000005E+01     0.61945164E+00     0.65757432E-02     0.15000000E+02    -0.19386704E+00     0.44879869E+00     0.85234277E-01     0.22951835E-02     117     0.11454731E-02
-0.21000013E+01     0.63195616E+00     0.65714377E-02     0.15000000E+02    -0.19417985E+00     0.44810438E+00     0.87587290E-01     0.22929329E-02     118     0.65983500E-03
-0.20000007E+01     0.64449197E+00     0.65656872E-02     0.15000000E+02    -0.19449897E+00     0.44727764E+00     0.90388574E-01     0.22910954E-02     118     0.65983500E-03
-0.19000015E+01     0.65716100E+00     0.65509621E-02     0.15000000E+02    -0.19485964E+00     0.44649312E+00     0.94609857E-01     0.22872705E-02     118     0.65983500E-03
-0.18000008E+01     0.66966110E+00     0.65470939E-02     0.15000000E+02    -0.19517115E+00     0.44566625E+00     0.97255409E-01     0.22870335E-02     118     0.65983500E-03
-0.17000016E+01     0.68224919E+00     0.65368954E-02     0.15000000E+02    -0.19550543E+00     0.44504488E+00     0.10103196E+00     0.22858842E-02     118     0.65983500E-03
-0.16000009E+01     0.69485974E+00     0.65249722E-02     0.15000000E+02    -0.19584483E+00     0.44454482E+00     0.10425874E+00     0.22836654E-02     119     0.32014173E-03
-0.15000000E+01     0.70748490E+00     0.65132491E-02     0.15000000E+02    -0.19619435E+00     0.44342929E+00     0.11073136E+00     0.22833771E-02     119     0.32014173E-03
-0.14000009E+01     0.72010052E+00     0.65018488E-02     0.15000000E+02    -0.19654064E+00     0.44283369E+00     0.11497422E+00     0.22829021E-02     119     0.32014173E-03
-0.13000002E+01     0.73263544E+00     0.64959629E-02     0.15000000E+02    -0.19686469E+00     0.44218028E+00     0.11988112E+00     0.22854875E-02     119     0.32014173E-03
-0.12000011E+01     0.74526525E+00     0.64843325E-02     0.15000000E+02    -0.19721667E+00     0.44158122E+00     0.12540206E+00     0.22863587E-02     119     0.32014173E-03
-0.11000003E+01     0.75785327E+00     0.64757937E-02     0.15000000E+02    -0.19755827E+00     0.44095403E+00     0.13222766E+00     0.22899550E-02     120     0.10680849E-03
-0.10000012E+01     0.77049094E+00     0.64646192E-02     0.15000000E+02    -0.19791722E+00     0.44030598E+00     0.13976222E+00     0.22938065E-02     120     0.10680849E-03
-0.90000039E+00     0.78322339E+00     0.64479071E-02     0.15000000E+02    -0.19830556E+00     0.43966132E+00     0.15032256E+00     0.22954424E-02     120     0.10680849E-03
-0.80000126E+00     0.80420250E+00     0.59531820E-02     0.15000000E+02    -0.20115086E+00     0.43892953E+00     0.34581408E+00     0.22182344E-02     120     0.10680849E-03
-0.70000046E+00     0.81776154E+00     0.59009958E-02     0.15000000E+02    -0.20179449E+00     0.43819433E+00     0.37667084E+00     0.22348992E-02     120     0.10680849E-03
-0.60000139E+00     0.83041191E+00     0.58979727E-02     0.15000000E+02    -0.20216300E+00     0.43746382E+00     0.38741127E+00     0.22521708E-02     121     0.68437912E-05
-0.50000060E+00     0.84286577E+00     0.59074149E-02     0.15000000E+02    -0.20248134E+00     0.43591911E+00     0.39557070E+00     0.22708101E-02     121     0.68437912E-05
-0.40000150E+00     0.85552591E+00     0.59042256E-02     0.15000000E+02    -0.20284931E+00     0.43535298E+00     0.40678728E+00     0.22932612E-02     121     0.68437912E-05
-0.30000070E+00     0.86793453E+00     0.59129307E-02     0.15000000E+02    -0.20314068E+00     0.43483931E+00     0.41075662E+00     0.23105822E-02     121     0.68437912E-05
-0.20000160E+00     0.88024682E+00     0.59264684E-02     0.15000000E+02    -0.20340507E+00     0.43427277E+00     0.41427293E+00     0.23280990E-02     121     0.68437912E-05
-0.10000080E+00     0.89256167E+00     0.59404587E-02     0.15000000E+02    -0.20367138E+00     0.43373027E+00     0.41741702E+00     0.23473939E-02     122     0.29858100E-04
 0.00000000E+00     0.90492135E+00     0.59531592E-02     0.15000000E+02    -0.20395462E+00     0.43311083E+00     0.42173651E+00     0.23681987E-02     122     0.29858100E-04
 0.99999093E-01     0.91715133E+00     0.59715109E-02     0.15000000E+02    -0.20419995E+00     0.43252870E+00     0.42393082E+00     0.23871996E-02     122     0.29858100E-04
 0.19999990E+00     0.92948353E+00     0.59858277E-02     0.15000000E+02    -0.20447890E+00     0.43192962E+00     0.42870024E+00     0.24101965E-02     122     0.29858100E-04
 0.29999900E+00     0.94169158E+00     0.60056937E-02     0.15000000E+02    -0.20472327E+00     0.43133736E+00     0.43022287E+00     0.24305345E-02     122     0.29858100E-04
 0.39999980E+00     0.95389098E+00     0.60263206E-02     0.15000000E+02    -0.20496559E+00     0.43072850E+00     0.43253115E+00     0.24520478E-02     123     0.20689871E-03
 0.49999887E+00     0.96595305E+00     0.60559656E-02     0.15000000E+02    -0.20518088E+00     0.42948434E+00     0.43387434E+00     0.24752549E-02     123     0.20689871E-03
 0.59999967E+00     0.97821283E+00     0.60749613E-02     0.15000000E+02    -0.20544653E+00     0.42881802E+00     0.43846551E+00     0.25009767E-02     123     0.20689871E-03
 0.69999880E+00     0.99035954E+00     0.60983142E-02     0.15000000E+02    -0.20567915E+00     0.42810380E+00     0.43956745E+00     0.25233054E-02     123     0.20689871E-03
 0.79999959E+00     0.10024977E+01     0.61219316E-02     0.15000000E+02    -0.20590980E+00     0.42735699E+00     0.44059402E+00     0.25455512E-02     123     0.20689871E-03
 0.89999866E+00     0.10146220E+01     0.61456966E-02     0.15000000E+02    -0.20613763E+00     0.42656600E+00     0.44158429E+00     0.25677346E-02     124     0.56264474E-03
 0.99999946E+00     0.10267507E+01     0.61685862E-02     0.15000000E+02    -0.20636608E+00     0.42587233E+00     0.44255310E+00     0.25901948E-02     124     0.56264474E-03
 0.10999986E+01     0.10389256E+01     0.61882925E-02     0.15000000E+02    -0.20660345E+00     0.42539629E+00     0.44484472E+00     0.26117370E-02     124     0.56264474E-03
 0.11999993E+01     0.10511310E+01     0.62074349E-02     0.15000000E+02    -0.20685290E+00     0.42486677E+00     0.44702759E+00     0.26354347E-02     124     0.56264474E-03
 0.12999984E+01     0.10632797E+01     0.62292633E-02     0.15000000E+02    -0.20708781E+00     0.42432529E+00     0.44790843E+00     0.26585080E-02     124     0.56264474E-03
 0.13999993E+01     0.10754135E+01     0.62516620E-02     0.15000000E+02    -0.20732085E+00     0.42375615E+00     0.44870934E+00     0.26820533E-02     125     0.10895970E-02
 0.14999983E+01     0.10875659E+01     0.62734950E-02     0.15000000E+02    -0.20756172E+00     0.42317602E+00     0.45077837E+00     0.27076302E-02     125     0.10895970E-02
 0.15999992E+01     0.10996032E+01     0.63023050E-02     0.15000000E+02    -0.20777978E+00     0.42204291E+00     0.45238492E+00     0.27344406E-02     125     0.10895970E-02
 0.16999999E+01     0.11116568E+01     0.63287956E-02     0.15000000E+02    -0.20799735E+00     0.42143631E+00     0.45297790E+00     0.27588634E-02     125     0.10895970E-02
 0.17999990E+01     0.11236868E+01     0.63566719E-02     0.15000000E+02    -0.20821124E+00     0.42081463E+00     0.45357221E+00     0.27841947E-02     125     0.10895970E-02
 0.18999999E+01     0.11357539E+01     0.63833776E-02     0.15000000E+02    -0.20843808E+00     0.42018133E+00     0.45634225E+00     0.28122200E-02     126     0.17883774E-02
 0.19999989E+01     0.11477814E+01     0.64116879E-02     0.15000000E+02    -0.20865497E+00     0.41954011E+00     0.45705739E+00     0.28390759E-02     126     0.17883774E-02
 0.20999997E+01     0.11598972E+01     0.64378022E-02     0.15000000E+02    -0.20889995E+00     0.41882381E+00     0.46063459E+00     0.28724044E-02     126     0.17883774E-02
 0.21999989E+01     0.11719065E+01     0.64665051E-02     0.15000000E+02    -0.20911288E+00     0.41812891E+00     0.46113274E+00     0.28993411E-02     126     0.17883774E-02
 0.22999997E+01     0.11839137E+01     0.64950376E-02     0.15000000E+02    -0.20932718E+00     0.41734889E+00     0.46200162E+00     0.29266353E-02     126     0.17883774E-02
 0.23999987E+01     0.11958758E+01     0.65260702E-02     0.15000000E+02    -0.20953228E+00     0.41608262E+00     0.46247542E+00     0.29549734E-02     126     0.17883774E-02
 0.24999995E+01     0.12079204E+01     0.65507316E-02     0.15000000E+02    -0.20975263E+00     0.41558364E+00     0.46294641E+00     0.29807605E-02     127     0.26592987E-02
 0.25999987E+01     0.12199434E+01     0.65765595E-02     0.15000000E+02    -0.20996960E+00     0.41505006E+00     0.46340796E+00     0.30067666E-02     127     0.26592987E-02
 0.26999993E+01     0.12319449E+01     0.66035446E-02     0.15000000E+02    -0.21018249E+00     0.41449115E+00     0.46382403E+00     0.30334324E-02     127     0.26592987E-02
 0.27999985E+01     0.12439275E+01     0.66310856E-02     0.15000000E+02    -0.21039206E+00     0.41393322E+00     0.46417886E+00     0.30602508E-02     127     0.26592987E-02
 0.28999994E+01     0.12559013E+01     0.66596959E-02     0.15000000E+02    -0.21060236E+00     0.41333875E+00     0.46466866E+00     0.30873152E-02     127     0.26592987E-02
 0.29999983E+01     0.12678822E+01     0.66883634E-02     0.15000000E+02    -0.21081761E+00     0.41276357E+00     0.46540189E+00     0.31172123E-02     128     0.37040592E-02
 0.30999992E+01     0.12797550E+01     0.67246524E-02     0.15000000E+02    -0.21101351E+00     0.41160733E+00     0.46610513E+00     0.31501872E-02     128     0.37040592E-02
 0.31999984E+01     0.12916847E+01     0.67560030E-02     0.15000000E+02    -0.21122007E+00     0.41100278E+00     0.46679282E+00     0.31812505E-02     128     0.37040592E-02
 0.32999990E+01     0.13035976E+01     0.67888438E-02     0.15000000E+02    -0.21142401E+00     0.41035503E+00     0.46747220E+00     0.32134759E-02     128     0.37040592E-02
 0.33999999E+01     0.13154964E+01     0.68218117E-02     0.15000000E+02    -0.21162672E+00     0.40969390E+00     0.46807140E+00     0.32457823E-02     128     0.37040592E-02
 0.34999990E+01     0.13273922E+01     0.68544946E-02     0.15000000E+02    -0.21182929E+00     0.40898031E+00     0.46864915E+00     0.32784287E-02     129     0.49269553E-02
 0.35999999E+01     0.13392810E+01     0.68881004E-02     0.15000000E+02    -0.21203068E+00     0.40824598E+00     0.46921766E+00     0.33117670E-02     129     0.49269553E-02
 0.36999989E+01     0.13511640E+01     0.69208615E-02     0.15000000E+02    -0.21223135E+00     0.40748885E+00     0.46977806E+00     0.33444669E-02     129     0.49269553E-02
 0.37999997E+01     0.13630375E+01     0.69540995E-02     0.15000000E+02    -0.21243115E+00     0.40632328E+00     0.47033444E+00     0.33777847E-02     129     0.49269553E-02
 0.38999987E+01     0.13749672E+01     0.69830501E-02     0.15000000E+02    -0.21264082E+00     0.40579444E+00     0.47086579E+00     0.34090225E-02     129     0.49269553E-02
 0.39999995E+01     0.13868752E+01     0.70132017E-02     0.15000000E+02    -0.21284726E+00     0.40525132E+00     0.47141349E+00     0.34410469E-02     129     0.49269553E-02
 0.40999985E+01     0.13987670E+01     0.70439838E-02     0.15000000E+02    -0.21305171E+00     0.40467945E+00     0.47231445E+00     0.34744574E-02     130     0.63347779E-02
 0.41999993E+01     0.14106327E+01     0.70760082E-02     0.15000000E+02    -0.21325113E+00     0.40410653E+00     0.47283590E+00     0.35075140E-02     130     0.63347779E-02
 0.42999988E+01     0.14223841E+01     0.71147424E-02     0.15000000E+02    -0.21343167E+00     0.40294954E+00     0.47331989E+00     0.35435129E-02     130     0.63347779E-02
 0.43999991E+01     0.14341875E+01     0.71498449E-02     0.15000000E+02    -0.21362056E+00     0.40235364E+00     0.47378424E+00     0.35782033E-02     130     0.63347779E-02
 0.44999986E+01     0.14454198E+01     0.72214738E-02     0.15000000E+02    -0.21371023E+00     0.39892352E+00     0.47416428E+00     0.36291094E-02     130     0.63347779E-02
 0.45999994E+01     0.14567084E+01     0.72884569E-02     0.15000000E+02    -0.21381138E+00     0.39397261E+00     0.47463524E+00     0.36764871E-02     130     0.63347779E-02
 0.47000003E+01     0.14678833E+01     0.73642656E-02     0.15000000E+02    -0.21389538E+00     0.39027527E+00     0.47541857E+00     0.37332906E-02     131     0.79378914E-02
 0.47999973E+01     0.14787571E+01     0.74588545E-02     0.15000000E+02    -0.21392754E+00     0.38335595E+00     0.47614178E+00     0.37980292E-02     131     0.79378914E-02
 0.48999982E+01     0.14904082E+01     0.75026620E-02     0.15000000E+02    -0.21409543E+00     0.38232106E+00     0.47688684E+00     0.38402919E-02     131     0.79378914E-02
 0.49999990E+01     0.15016596E+01     0.75722369E-02     0.15000000E+02    -0.21419500E+00     0.37942675E+00     0.47753477E+00     0.38960204E-02     131     0.79378914E-02
 0.50999999E+01     0.15119708E+01     0.77018258E-02     0.15000000E+02    -0.21412957E+00     0.37069559E+00     0.47815964E+00     0.39820839E-02     131     0.79378914E-02
 0.52000008E+01     0.15226598E+01     0.78067365E-02     0.15000000E+02    -0.21413118E+00     0.36383578E+00     0.47876331E+00     0.40562870E-02     131     0.79378914E-02
 0.52999978E+01     0.15328808E+01     0.79419287E-02     0.15000000E+02    -0.21405147E+00     0.35534316E+00     0.47934353E+00     0.41491389E-02     132     0.97505655E-02
 0.53999987E+01     0.15441694E+01     0.80058388E-02     0.15000000E+02    -0.21415858E+00     0.35328332E+00     0.47992316E+00     0.42052031E-02     132     0.97505655E-02
 0.54999995E+01     0.15537691E+01     0.81803091E-02     0.15000000E+02    -0.21397014E+00     0.34271133E+00     0.48047665E+00     0.43234443E-02     132     0.97505655E-02
 0.56000004E+01     0.15628855E+01     0.83865048E-02     0.15000000E+02    -0.21369827E+00     0.32960546E+00     0.48102129E+00     0.44583795E-02     132     0.97505655E-02
 0.56999979E+01     0.15720422E+01     0.85897055E-02     0.15000000E+02    -0.21343328E+00     0.31762591E+00     0.48155934E+00     0.46002665E-02     132     0.97505655E-02
 0.57999988E+01     0.15802712E+01     0.88537568E-02     0.15000000E+02    -0.21300690E+00     0.30253124E+00     0.48248774E+00     0.47783726E-02     132     0.97505655E-02
 0.58999996E+01     0.15904515E+01     0.89858156E-02     0.15000000E+02    -0.21292084E+00     0.29663676E+00     0.48300529E+00     0.48850668E-02     133     0.11791578E-01
 0.60000000E+01     0.16005316E+01     0.91233756E-02     0.15000000E+02    -0.21281706E+00     0.28986043E+00     0.48349807E+00     0.49878513E-02     133     0.11791578E-01
 0.60999975E+01     0.16102520E+01     0.92830081E-02     0.15000000E+02    -0.21265078E+00     0.28241995E+00     0.48395017E+00     0.51062279E-02     133     0.11791578E-01
 0.61999984E+01     0.16159256E+01     0.97083580E-02     0.15000000E+02    -0.21177682E+00     0.25939548E+00     0.48431516E+00     0.54054037E-02     133     0.11791578E-01
 0.62999992E+01     0.16248298E+01     0.99177947E-02     0.15000000E+02    -0.21146879E+00     0.24968010E+00     0.48490247E+00     0.55627828E-02     133     0.11791578E-01
 0.64000001E+01     0.16335311E+01     0.10138894E-01     0.15000000E+02    -0.21112747E+00     0.23938963E+00     0.48564327E+00     0.57229390E-02     133     0.11791578E-01
 0.65000010E+01     0.16420988E+01     0.10365036E-01     0.15000000E+02    -0.21076255E+00     0.22895451E+00     0.48638013E+00     0.58965087E-02     133     0.11791578E-01
 0.65999980E+01     0.16503997E+01     0.10605728E-01     0.15000000E+02    -0.21035071E+00     0.21804674E+00     0.48706520E+00     0.60832817E-02     134     0.14084773E-01
 0.66999989E+01     0.16584935E+01     0.10855679E-01     0.15000000E+02    -0.20990352E+00     0.20724556E+00     0.48773214E+00     0.62780296E-02     134     0.14084773E-01
 0.67999997E+01     0.16663727E+01     0.11115556E-01     0.15000000E+02    -0.20941825E+00     0.19654708E+00     0.48836136E+00     0.64816540E-02     134     0.14084773E-01
 0.69000006E+01     0.16703577E+01     0.11610619E-01     0.15000000E+02    -0.20824902E+00     0.17256829E+00     0.48888260E+00     0.68466682E-02     134     0.14084773E-01
 0.69999981E+01     0.16781548E+01     0.11863516E-01     0.15000000E+02    -0.20774902E+00     0.16288337E+00     0.48948380E+00     0.70498260E-02     134     0.14084773E-01
 0.70999990E+01     0.16858376E+01     0.12119111E-01     0.15000000E+02    -0.20722845E+00     0.15347563E+00     0.49006400E+00     0.72565330E-02     134     0.14084773E-01
 0.71999998E+01     0.16934742E+01     0.12371864E-01     0.15000000E+02    -0.20669930E+00     0.14449532E+00     0.49062291E+00     0.74624680E-02     134     0.14084773E-01
 0.73000002E+01     0.17011521E+01     0.12617794E-01     0.15000000E+02    -0.20617746E+00     0.13614267E+00     0.49117970E+00     0.76656453E-02     135     0.16660098E-01
 0.73999977E+01     0.17087408E+01     0.12863720E-01     0.15000000E+02    -0.20563962E+00     0.12809339E+00     0.49172488E+00     0.78697307E-02     135     0.16660098E-01
 0.74999986E+01     0.17162870E+01     0.13107146E-01     0.15000000E+02    -0.20509465E+00     0.12054881E+00     0.49228248E+00     0.80737788E-02     135     0.16660098E-01
 0.75999994E+01     0.17208587E+01     0.13509196E-01     0.15000000E+02    -0.20402351E+00     0.10634798E+00     0.49277860E+00     0.83986903E-02     135     0.16660098E-01
 0.77000003E+01     0.17282490E+01     0.13748848E-01     0.15000000E+02    -0.20345023E+00     0.10066440E+00     0.49328399E+00     0.86105606E-02     135     0.16660098E-01
 0.77999973E+01     0.17358335E+01     0.13973326E-01     0.15000000E+02    -0.20291118E+00     0.95117860E-01     0.49414140E+00     0.88065630E-02     135     0.16660098E-01
 0.78999982E+01     0.17431570E+01     0.14206484E-01     0.15000000E+02    -0.20232396E+00     0.89789949E-01     0.49454907E+00     0.90106763E-02     135     0.16660098E-01
 0.79999990E+01     0.17501996E+01     0.14450454E-01     0.15000000E+02    -0.20168962E+00     0.85265480E-01     0.49519953E+00     0.92313411E-02     135     0.16660098E-01
 0.81000004E+01     0.17577046E+01     0.14666164E-01     0.15000000E+02    -0.20113884E+00     0.80964632E-01     0.49596855E+00     0.94277114E-02     136     0.19554034E-01
 0.82000008E+01     0.17643521E+01     0.14917891E-01     0.15000000E+02    -0.20043314E+00     0.76935679E-01     0.49669489E+00     0.96600689E-02     136     0.19554034E-01
 0.82999983E+01     0.17710526E+01     0.15144122E-01     0.15000000E+02    -0.19972247E+00     0.73296145E-01     0.49741638E+00     0.98698996E-02     136     0.19554034E-01
 0.83999987E+01     0.17764786E+01     0.15409362E-01     0.15000000E+02    -0.19877046E+00     0.70103243E-01     0.49805996E+00     0.10120285E-01     136     0.19554034E-01
 0.85000000E+01     0.17804859E+01     0.15677886E-01     0.15000000E+02    -0.19750157E+00     0.67283943E-01     0.49863616E+00     0.10379774E-01     136     0.19554034E-01
 0.86000004E+01     0.17822198E+01     0.16003989E-01     0.15000000E+02    -0.19578137E+00     0.65193035E-01     0.49921882E+00     0.10702634E-01     136     0.19554034E-01
 0.86999979E+01     0.17863058E+01     0.16320840E-01     0.15000000E+02    -0.19458820E+00     0.62613882E-01     0.49978399E+00     0.11009690E-01     136     0.19554034E-01
 0.87999983E+01     0.17914554E+01     0.16612474E-01     0.15000000E+02    -0.19361220E+00     0.60143929E-01     0.50034541E+00     0.11293311E-01     136     0.19554034E-01
 0.88999996E+01     0.17960291E+01     0.16947450E-01     0.15000000E+02    -0.19255155E+00     0.58008224E-01     0.50090367E+00     0.11621410E-01     136     0.19554034E-01
 0.90000000E+01     0.17985728E+01     0.17396733E-01     0.15000000E+02    -0.19115809E+00     0.53779494E-01     0.50139719E+00     0.12053787E-01     136     0.19554034E-01
 0.90999975E+01     0.18032296E+01     0.17760955E-01     0.15000000E+02    -0.19015053E+00     0.52166354E-01     0.50199258E+00     0.12415867E-01     137     0.22810133E-01
 0.91999989E+01     0.18072773E+01     0.18175015E-01     0.15000000E+02    -0.18905944E+00     0.50593194E-01     0.50250596E+00     0.12825519E-01     137     0.22810133E-01
 0.92999992E+01     0.18112310E+01     0.18611558E-01     0.15000000E+02    -0.18797210E+00     0.48828788E-01     0.50301796E+00     0.13259628E-01     137     0.22810133E-01
 0.94000006E+01     0.18157454E+01     0.19038223E-01     0.15000000E+02    -0.18699981E+00     0.47210529E-01     0.50351542E+00     0.13684028E-01     137     0.22810133E-01
 0.94999971E+01     0.18195158E+01     0.19521073E-01     0.15000000E+02    -0.18592721E+00     0.45976698E-01     0.50401706E+00     0.14167506E-01     137     0.22810133E-01
 0.95999985E+01     0.18229769E+01     0.20049173E-01     0.15000000E+02    -0.18483138E+00     0.44844959E-01     0.50445557E+00     0.14695499E-01     137     0.22810133E-01
 0.96999989E+01     0.18259503E+01     0.20633765E-01     0.15000000E+02    -0.18369108E+00     0.43563917E-01     0.50553715E+00     0.15280448E-01     137     0.22810133E-01
 0.98000002E+01     0.18291732E+01     0.21230914E-01     0.15000000E+02    -0.18262130E+00     0.42213298E-01     0.50620842E+00     0.15882060E-01     137     0.22810133E-01
 0.99000006E+01     0.18323250E+01     0.21863084E-01     0.15000000E+02    -0.18157259E+00     0.41130770E-01     0.50695437E+00     0.16518602E-01     137     0.22810133E-01
 0.99999981E+01     0.18328984E+01     0.22705153E-01     0.15000000E+02    -0.18020211E+00     0.39294478E-01     0.50759989E+00     0.17362703E-01     137     0.22810133E-01
 0.10099998E+02     0.18346870E+01     0.23503901E-01     0.15000000E+02    -0.17905119E+00     0.38467981E-01     0.50820506E+00     0.18169371E-01     138     0.26479401E-01
 0.10200000E+02     0.18363383E+01     0.24345620E-01     0.15000000E+02    -0.17793646E+00     0.37617493E-01     0.50880265E+00     0.19020032E-01     138     0.26479401E-01
 0.10300000E+02     0.18393941E+01     0.25104078E-01     0.15000000E+02    -0.17704275E+00     0.37695952E-01     0.50938809E+00     0.19791925E-01     138     0.26479401E-01
 0.10399998E+02     0.18390801E+01     0.26186842E-01     0.15000000E+02    -0.17579433E+00     0.35899550E-01     0.50993770E+00     0.20884341E-01     138     0.26479401E-01
 0.10499999E+02     0.18396169E+01     0.27230082E-01     0.15000000E+02    -0.17472164E+00     0.35307311E-01     0.51049769E+00     0.21942060E-01     138     0.26479401E-01
 0.10599999E+02     0.18395549E+01     0.28358318E-01     0.15000000E+02    -0.17365253E+00     0.34779828E-01     0.51098537E+00     0.23086324E-01     138     0.26479401E-01
 0.10700000E+02     0.18386600E+01     0.29564930E-01     0.15000000E+02    -0.17257625E+00     0.34211405E-01     0.51149553E+00     0.24310166E-01     138     0.26479401E-01
 0.10799997E+02     0.18364145E+01     0.30931149E-01     0.15000000E+02    -0.17146549E+00     0.33680715E-01     0.51198494E+00     0.25696613E-01     138     0.26479401E-01
 0.10899999E+02     0.18342288E+01     0.32270506E-01     0.15000000E+02    -0.17045452E+00     0.33251069E-01     0.51243138E+00     0.27057488E-01     138     0.26479401E-01
 0.10999999E+02     0.18305585E+01     0.33755124E-01     0.15000000E+02    -0.16942231E+00     0.32727432E-01     0.51291686E+00     0.28566962E-01     138     0.26479401E-01
 0.11100000E+02     0.18269215E+01     0.35153847E-01     0.15000000E+02    -0.16848110E+00     0.32223534E-01     0.51332474E+00     0.29991653E-01     138     0.26479401E-01
 0.11200001E+02     0.18222970E+01     0.36616702E-01     0.15000000E+02    -0.16756304E+00     0.31858727E-01     0.51371121E+00     0.31484313E-01     138     0.26479401E-01
 0.11299998E+02     0.18174371E+01     0.38011491E-01     0.15000000E+02    -0.16669446E+00     0.31437628E-01     0.51414347E+00     0.32909494E-01     138     0.26479401E-01
 0.11399999E+02     0.18111072E+01     0.39471906E-01     0.15000000E+02    -0.16581368E+00     0.31095672E-01     0.51447105E+00     0.34403898E-01     138     0.26479401E-01
 0.11500000E+02     0.18039228E+01     0.40919449E-01     0.15000000E+02    -0.16493325E+00     0.30846555E-01     0.51473725E+00     0.35886545E-01     138     0.26479401E-01
 0.11600000E+02     0.17962494E+01     0.42319875E-01     0.15000000E+02    -0.16405842E+00     0.30668419E-01     0.51508635E+00     0.37322756E-01     138     0.26479401E-01
 0.11699998E+02     0.17859410E+01     0.43883208E-01     0.15000000E+02    -0.16310604E+00     0.30560581E-01     0.51527959E+00     0.38927749E-01     138     0.26479401E-01
 0.11799999E+02     0.17763253E+01     0.45289684E-01     0.15000000E+02    -0.16218005E+00     0.30482665E-01     0.51576358E+00     0.40374409E-01     138     0.26479401E-01
 0.11900000E+02     0.17654696E+01     0.46724442E-01     0.15000000E+02    -0.16119750E+00     0.30383214E-01     0.51618487E+00     0.41850738E-01     138     0.26479401E-01
 0.12000000E+02     0.17504631E+01     0.48408832E-01     0.15000000E+02    -0.16005336E+00     0.30415341E-01     0.51648921E+00     0.43586444E-01     138     0.26479401E-01
 0.12099998E+02     0.17358110E+01     0.49991664E-01     0.15000000E+02    -0.15888949E+00     0.30465305E-01     0.51677281E+00     0.45218129E-01     138     0.26479401E-01
 0.12199999E+02     0.17210124E+01     0.51539667E-01     0.15000000E+02    -0.15770942E+00     0.30570246E-01     0.51770616E+00     0.46815664E-01     138     0.26479401E-01
 0.12299999E+02     0.17046344E+01     0.53150050E-01     0.15000000E+02    -0.15645754E+00     0.30509174E-01     0.51728821E+00     0.48473734E-01     138     0.26479401E-01
 0.12400001E+02     0.16888689E+01     0.54740202E-01     0.15000000E+02    -0.15528685E+00     0.30610632E-01     0.51753581E+00     0.50112523E-01     138     0.26479401E-01
 0.12499997E+02     0.16735201E+01     0.56347076E-01     0.15000000E+02    -0.15420960E+00     0.30710218E-01     0.51836526E+00     0.51768463E-01     138     0.26479401E-01
 0.12599998E+02     0.16588678E+01     0.57962317E-01     0.15000000E+02    -0.15325175E+00     0.30723818E-01     0.51859492E+00     0.53429380E-01     138     0.26479401E-01
 0.12699999E+02     0.16451688E+01     0.59551384E-01     0.15000000E+02    -0.15241219E+00     0.30591536E-01     0.51876646E+00     0.55061154E-01     138     0.26479401E-01
 0.12800000E+02     0.16379339E+01     0.60712688E-01     0.15000000E+02    -0.15179782E+00     0.30443195E-01     0.51916713E+00     0.56250982E-01     138     0.26479401E-01
 0.12900001E+02     0.16279410E+01     0.62113721E-01     0.15000000E+02    -0.15122433E+00     0.30444779E-01     0.51945144E+00     0.57688650E-01     138     0.26479401E-01
 0.12999998E+02     0.16174418E+01     0.63601844E-01     0.15000000E+02    -0.15071893E+00     0.30282104E-01     0.51970494E+00     0.59213523E-01     138     0.26479401E-01
 0.13099999E+02     0.16131455E+01     0.64562388E-01     0.15000000E+02    -0.15031371E+00     0.29868320E-01     0.52008522E+00     0.60193874E-01     138     0.26479401E-01
 0.13200000E+02     0.16037848E+01     0.65976635E-01     0.15000000E+02    -0.14997201E+00     0.29781025E-01     0.52041894E+00     0.61643768E-01     138     0.26479401E-01
 0.13300000E+02     0.16013151E+01     0.66798985E-01     0.15000000E+02    -0.14967138E+00     0.29491128E-01     0.52087170E+00     0.62483162E-01     138     0.26479401E-01
 0.13399998E+02     0.15927272E+01     0.68104699E-01     0.15000000E+02    -0.14944135E+00     0.29305110E-01     0.52112389E+00     0.63821539E-01     138     0.26479401E-01
 0.13499999E+02     0.15890832E+01     0.68962671E-01     0.15000000E+02    -0.14917383E+00     0.28494002E-01     0.52147758E+00     0.64691514E-01     138     0.26479401E-01
 0.13599999E+02     0.15834244E+01     0.70663489E-01     0.15000000E+02    -0.14908166E+00     0.28756054E-01     0.52185744E+00     0.66424780E-01     138     0.26479401E-01
 0.13700001E+02     0.15803491E+01     0.72069004E-01     0.15000000E+02    -0.14889775E+00     0.27944950E-01     0.52222168E+00     0.67841962E-01     138     0.26479401E-01
 0.13799997E+02     0.15773350E+01     0.73570125E-01     0.15000000E+02    -0.14883889E+00     0.28075650E-01     0.52260083E+00     0.69367230E-01     138     0.26479401E-01
 0.13899999E+02     0.15739812E+01     0.75065985E-01     0.15000000E+02    -0.14876848E+00     0.27650783E-01     0.52307647E+00     0.70882596E-01     139     0.30619612E-01
 0.13999999E+02     0.15731485E+01     0.76243095E-01     0.15000000E+02    -0.14866620E+00     0.26627475E-01     0.52344322E+00     0.72068833E-01     139     0.30619612E-01
 0.14100000E+02     0.15693736E+01     0.77915676E-01     0.15000000E+02    -0.14873789E+00     0.26948426E-01     0.52380902E+00     0.73768176E-01     139     0.30619612E-01
 0.14199998E+02     0.15678391E+01     0.79215668E-01     0.15000000E+02    -0.14870366E+00     0.26031630E-01     0.52425224E+00     0.75080812E-01     139     0.30619612E-01
 0.14299998E+02     0.15686187E+01     0.80236137E-01     0.15000000E+02    -0.14866492E+00     0.25746195E-01     0.52465379E+00     0.76111339E-01     139     0.30619612E-01
 0.14400000E+02     0.15646434E+01     0.81970587E-01     0.15000000E+02    -0.14881161E+00     0.25527086E-01     0.52494657E+00     0.77868961E-01     139     0.30619612E-01
 0.14500000E+02     0.15641136E+01     0.83173461E-01     0.15000000E+02    -0.14883703E+00     0.25169693E-01     0.52525944E+00     0.79083867E-01     139     0.30619612E-01
 0.14600000E+02     0.15650558E+01     0.84190153E-01     0.15000000E+02    -0.14883687E+00     0.24888568E-01     0.52561462E+00     0.80109045E-01     139     0.30619612E-01
 0.14699998E+02     0.15628122E+01     0.85692242E-01     0.15000000E+02    -0.14899997E+00     0.24603844E-01     0.52615106E+00     0.81628598E-01     139     0.30619612E-01
 0.14799999E+02     0.15615215E+01     0.87047301E-01     0.15000000E+02    -0.14913221E+00     0.24355508E-01     0.52668357E+00     0.82999431E-01     139     0.30619612E-01
 0.14900000E+02     0.15618914E+01     0.88135295E-01     0.15000000E+02    -0.14920139E+00     0.23809139E-01     0.52807724E+00     0.84095798E-01     139     0.30619612E-01
 0.15000001E+02     0.15636443E+01     0.89066505E-01     0.15000000E+02    -0.14924714E+00     0.23594642E-01     0.52815974E+00     0.85034832E-01     139     0.30619612E-01
 0.15099998E+02     0.15602703E+01     0.90798572E-01     0.15000000E+02    -0.14956479E+00     0.23342900E-01     0.52849180E+00     0.86789347E-01     139     0.30619612E-01
 0.15199999E+02     0.15604048E+01     0.91944724E-01     0.15000000E+02    -0.14968532E+00     0.22372035E-01     0.52904576E+00     0.87943479E-01     139     0.30619612E-01
 0.15299999E+02     0.15631013E+01     0.92767261E-01     0.15000000E+02    -0.14976721E+00     0.22638062E-01     0.52957618E+00     0.88777199E-01     139     0.30619612E-01
 0.15400001E+02     0.15648324E+01     0.93711846E-01     0.15000000E+02    -0.14987454E+00     0.22117103E-01     0.53082734E+00     0.89732543E-01     139     0.30619612E-01
 0.15499998E+02     0.15614511E+01     0.95486939E-01     0.15000000E+02    -0.15029457E+00     0.21619311E-01     0.53100139E+00     0.91528036E-01     139     0.30619612E-01
 0.15599998E+02     0.15627505E+01     0.96447252E-01     0.15000000E+02    -0.15042087E+00     0.21305323E-01     0.53128034E+00     0.92497677E-01     140     0.35293024E-01
 0.15699999E+02     0.15660578E+01     0.97216390E-01     0.15000000E+02    -0.15055028E+00     0.21616435E-01     0.53226280E+00     0.93279384E-01     140     0.35293024E-01
 0.15800000E+02     0.15658559E+01     0.98341741E-01     0.15000000E+02    -0.15067761E+00     0.20583864E-01     0.53204525E+00     0.94404228E-01     140     0.35293024E-01
 0.15899998E+02     0.15645446E+01     0.99914372E-01     0.15000000E+02    -0.15115440E+00     0.20690665E-01     0.53251153E+00     0.95999844E-01     140     0.35293024E-01
 0.15999998E+02     0.15659697E+01     0.10093544E+00     0.15000000E+02    -0.15137292E+00     0.20433305E-01     0.53361803E+00     0.97031072E-01     140     0.35293024E-01
 0.16099998E+02     0.15676217E+01     0.10185929E+00     0.15000000E+02    -0.15151937E+00     0.20115934E-01     0.53364724E+00     0.97959526E-01     140     0.35293024E-01
 0.16200001E+02     0.15711819E+01     0.10256006E+00     0.15000000E+02    -0.15163547E+00     0.20394159E-01     0.53421324E+00     0.98671705E-01     140     0.35293024E-01
 0.16300001E+02     0.15684465E+01     0.10422489E+00     0.15000000E+02    -0.15213589E+00     0.19636353E-01     0.53481060E+00     0.10034887E+00     140     0.35293024E-01
 0.16399998E+02     0.15694754E+01     0.10532565E+00     0.15000000E+02    -0.15243384E+00     0.19361246E-01     0.53563011E+00     0.10145960E+00     140     0.35293024E-01
 0.16499998E+02     0.15718291E+01     0.10618874E+00     0.15000000E+02    -0.15263498E+00     0.19080916E-01     0.53585500E+00     0.10233033E+00     140     0.35293024E-01
 0.16600000E+02     0.15739183E+01     0.10706233E+00     0.15000000E+02    -0.15283380E+00     0.18434666E-01     0.53627878E+00     0.10320892E+00     140     0.35293024E-01
 0.16700001E+02     0.15766500E+01     0.10786397E+00     0.15000000E+02    -0.15301993E+00     0.18293636E-01     0.53701895E+00     0.10401815E+00     140     0.35293024E-01
 0.16799997E+02     0.15750560E+01     0.10942020E+00     0.15000000E+02    -0.15358002E+00     0.18135622E-01     0.53770596E+00     0.10559513E+00     140     0.35293024E-01
 0.16900000E+02     0.15780495E+01     0.11028185E+00     0.15000000E+02    -0.15386626E+00     0.18575540E-01     0.53807867E+00     0.10646826E+00     140     0.35293024E-01
 0.17000000E+02     0.15798904E+01     0.11118445E+00     0.15000000E+02    -0.15411749E+00     0.17962024E-01     0.53914803E+00     0.10737898E+00     140     0.35293024E-01
 0.17100000E+02     0.15821798E+01     0.11204716E+00     0.15000000E+02    -0.15437603E+00     0.17535899E-01     0.53979582E+00     0.10824694E+00     141     0.40563036E-01
 0.17199997E+02     0.15857766E+01     0.11275347E+00     0.15000000E+02    -0.15457846E+00     0.17762531E-01     0.54105210E+00     0.10896625E+00     141     0.40563036E-01
 0.17299999E+02     0.15835842E+01     0.11440858E+00     0.15000000E+02    -0.15525199E+00     0.17288338E-01     0.54098248E+00     0.11063588E+00     141     0.40563036E-01
 0.17400000E+02     0.15848438E+01     0.11543628E+00     0.15000000E+02    -0.15564133E+00     0.16910577E-01     0.54208595E+00     0.11167143E+00     141     0.40563036E-01
 0.17500000E+02     0.15866768E+01     0.11628555E+00     0.15000000E+02    -0.15585855E+00     0.16567444E-01     0.54249024E+00     0.11252491E+00     141     0.40563036E-01
 0.17599997E+02     0.15894604E+01     0.11709107E+00     0.15000000E+02    -0.15615579E+00     0.16303815E-01     0.54270148E+00     0.11333524E+00     141     0.40563036E-01
