  
       RFOIL         Version 3.00
  
 Calculated polar for: OSO_2025_WT2_T24                
  
 1  Reynolds number fixed
  
 xtrf =      0.05000000 (suction)     0.05000000 (pressure)
 Rot. Parameters:  f0 =      1.00000000 c/r =      0.00000000
 Mach =      0.00000000     Re =     20.00000000 e 6     Ncrit =      3.00000000
  
             alpha                CL                CD            Re(CL)                CM             S_xtr             P_xtr               CDp            I_stag            X_stag
  ------- -------- --------- --------- -------- ------- ------- -------- 
-0.23900000E+02    -0.11211631E+01     0.13379690E+00     0.20000000E+02    -0.21571681E-01     0.99640810E+00     0.27070628E-01     0.13191825E+00      87     0.70922226E-01
-0.23800001E+02    -0.11126177E+01     0.13327946E+00     0.20000000E+02    -0.22524951E-01     0.99572384E+00     0.26403692E-01     0.13138759E+00      87     0.70922226E-01
-0.23500000E+02    -0.11094359E+01     0.12933236E+00     0.20000000E+02    -0.26098007E-01     0.99520934E+00     0.27469331E-01     0.12741745E+00      87     0.70922226E-01
-0.23400002E+02    -0.11046908E+01     0.12866971E+00     0.20000000E+02    -0.26738524E-01     0.99528754E+00     0.27361419E-01     0.12675014E+00      87     0.70922226E-01
-0.23300001E+02    -0.11010647E+01     0.12803130E+00     0.20000000E+02    -0.27104046E-01     0.99288613E+00     0.27292278E-01     0.12610538E+00      87     0.70922226E-01
-0.23200001E+02    -0.10975822E+01     0.12723698E+00     0.20000000E+02    -0.27840348E-01     0.99336058E+00     0.27587010E-01     0.12530966E+00      87     0.70922226E-01
-0.23100000E+02    -0.10926937E+01     0.12655196E+00     0.20000000E+02    -0.28532617E-01     0.99358618E+00     0.27354104E-01     0.12461795E+00      87     0.70922226E-01
-0.22900002E+02    -0.10919518E+01     0.12382392E+00     0.20000000E+02    -0.30626912E-01     0.99214774E+00     0.28099284E-01     0.12186858E+00      87     0.70922226E-01
-0.22800001E+02    -0.10876251E+01     0.12313066E+00     0.20000000E+02    -0.31219402E-01     0.98988616E+00     0.28133819E-01     0.12116553E+00      88     0.64354502E-01
-0.22700001E+02    -0.10831869E+01     0.12248565E+00     0.20000000E+02    -0.31722717E-01     0.98527831E+00     0.28085077E-01     0.12050560E+00      88     0.64354502E-01
-0.22400002E+02    -0.10740837E+01     0.12079444E+00     0.20000000E+02    -0.31621195E-01     0.55945760E+00     0.28083565E-01     0.11756353E+00      88     0.64354502E-01
-0.22300001E+02    -0.10705813E+01     0.11997318E+00     0.20000000E+02    -0.32303613E-01     0.55565888E+00     0.28351258E-01     0.11673118E+00      88     0.64354502E-01
-0.22100000E+02    -0.10100862E+01     0.12575595E+00     0.20000000E+02    -0.37413511E-01     0.54854685E+00     0.28911013E-01     0.12258850E+00      88     0.64354502E-01
-0.21800001E+02    -0.10546596E+01     0.11546336E+00     0.20000000E+02    -0.35981856E-01     0.54454815E+00     0.28983261E-01     0.11216623E+00      88     0.64354502E-01
-0.21700001E+02    -0.10508366E+01     0.11476384E+00     0.20000000E+02    -0.36581181E-01     0.54431885E+00     0.29186185E-01     0.11146448E+00      88     0.64354502E-01
-0.21600000E+02    -0.10463593E+01     0.11409252E+00     0.20000000E+02    -0.37104193E-01     0.54218060E+00     0.29144088E-01     0.11078396E+00      88     0.64354502E-01
-0.21500002E+02    -0.10439363E+01     0.11310132E+00     0.20000000E+02    -0.37912440E-01     0.52559084E+00     0.29403221E-01     0.10975264E+00      89     0.58118239E-01
-0.21400000E+02    -0.10430515E+01     0.11167520E+00     0.20000000E+02    -0.38980272E-01     0.52339888E+00     0.29325875E-01     0.10830479E+00      89     0.58118239E-01
-0.21300001E+02    -0.10387182E+01     0.11098979E+00     0.20000000E+02    -0.39512288E-01     0.52165753E+00     0.29437171E-01     0.10761286E+00      89     0.58118239E-01
-0.21200001E+02    -0.10347750E+01     0.11030015E+00     0.20000000E+02    -0.40030923E-01     0.51996142E+00     0.29627247E-01     0.10691615E+00      89     0.58118239E-01
-0.21100002E+02    -0.10296413E+01     0.10970253E+00     0.20000000E+02    -0.40540706E-01     0.51902008E+00     0.29571062E-01     0.10631184E+00      89     0.58118239E-01
-0.21000000E+02    -0.10253463E+01     0.10903036E+00     0.20000000E+02    -0.41083645E-01     0.51682442E+00     0.29742248E-01     0.10563365E+00      89     0.58118239E-01
-0.20900000E+02    -0.10205203E+01     0.10840444E+00     0.20000000E+02    -0.41554961E-01     0.51466942E+00     0.29709654E-01     0.10499839E+00      89     0.58118239E-01
-0.20800001E+02    -0.10166446E+01     0.10767052E+00     0.20000000E+02    -0.42116176E-01     0.50071144E+00     0.29962379E-01     0.10423248E+00      89     0.58118239E-01
-0.20700003E+02    -0.10133212E+01     0.10680583E+00     0.20000000E+02    -0.42773947E-01     0.51171809E+00     0.30096672E-01     0.10338531E+00      89     0.58118239E-01
-0.20500000E+02    -0.10083477E+01     0.10473406E+00     0.20000000E+02    -0.44253189E-01     0.49655610E+00     0.30269645E-01     0.10126283E+00      89     0.58118239E-01
-0.20400002E+02    -0.10033920E+01     0.10409343E+00     0.20000000E+02    -0.44731677E-01     0.49437287E+00     0.30283079E-01     0.10061460E+00      89     0.58118239E-01
-0.20300001E+02    -0.99931508E+00     0.10338856E+00     0.20000000E+02    -0.45242582E-01     0.48271310E+00     0.30793579E-01     0.99883467E-01      90     0.52246086E-01
-0.20200001E+02    -0.99462306E+00     0.10279112E+00     0.20000000E+02    -0.45680802E-01     0.49194700E+00     0.30883240E-01     0.99302217E-01      90     0.52246086E-01
-0.20100000E+02    -0.98892242E+00     0.10221867E+00     0.20000000E+02    -0.46142958E-01     0.48968238E+00     0.30522861E-01     0.98718300E-01      90     0.52246086E-01
-0.20000002E+02    -0.98419219E+00     0.10158733E+00     0.20000000E+02    -0.46580572E-01     0.48870891E+00     0.30505640E-01     0.98080516E-01      90     0.52246086E-01
-0.19900000E+02    -0.98004544E+00     0.10085131E+00     0.20000000E+02    -0.47117852E-01     0.48739254E+00     0.30706003E-01     0.97338118E-01      90     0.52246086E-01
-0.19800001E+02    -0.97954106E+00     0.99458590E-01     0.20000000E+02    -0.48042011E-01     0.48584968E+00     0.30723259E-01     0.95926806E-01      90     0.52246086E-01
-0.19700001E+02    -0.97558320E+00     0.98696865E-01     0.20000000E+02    -0.48573609E-01     0.48439240E+00     0.30957120E-01     0.95158145E-01      90     0.52246086E-01
-0.19600000E+02    -0.97151130E+00     0.98023728E-01     0.20000000E+02    -0.49026046E-01     0.46447998E+00     0.31545322E-01     0.94442047E-01      90     0.52246086E-01
-0.19500000E+02    -0.96643126E+00     0.97418986E-01     0.20000000E+02    -0.49477857E-01     0.47268128E+00     0.31546559E-01     0.93851864E-01      90     0.52246086E-01
-0.19400002E+02    -0.96148884E+00     0.96832067E-01     0.20000000E+02    -0.49850263E-01     0.47103757E+00     0.31547148E-01     0.93257748E-01      90     0.52246086E-01
-0.19300001E+02    -0.95653319E+00     0.96222319E-01     0.20000000E+02    -0.50279818E-01     0.46941391E+00     0.31659458E-01     0.92641421E-01      90     0.52246086E-01
-0.19200001E+02    -0.95080668E+00     0.95670030E-01     0.20000000E+02    -0.50679822E-01     0.45991808E+00     0.31351581E-01     0.92061654E-01      90     0.52246086E-01
-0.19100000E+02    -0.94578439E+00     0.95066808E-01     0.20000000E+02    -0.51298901E-01     0.50000001E-01     0.31950269E-01     0.90906143E-01      91     0.46763554E-01
-0.19000002E+02    -0.94177973E+00     0.94319418E-01     0.20000000E+02    -0.51797051E-01     0.50000001E-01     0.32084014E-01     0.90151168E-01      91     0.46763554E-01
-0.18900002E+02    -0.94105530E+00     0.92947893E-01     0.20000000E+02    -0.52662607E-01     0.50000001E-01     0.32037057E-01     0.88761874E-01      91     0.46763554E-01
-0.18800001E+02    -0.93547046E+00     0.92387319E-01     0.20000000E+02    -0.53044859E-01     0.50000001E-01     0.31789802E-01     0.88191211E-01      91     0.46763554E-01
-0.18700001E+02    -0.93129629E+00     0.91725469E-01     0.20000000E+02    -0.53466260E-01     0.50000001E-01     0.32171465E-01     0.87526917E-01      91     0.46763554E-01
-0.18600000E+02    -0.92788452E+00     0.91047525E-01     0.20000000E+02    -0.53880628E-01     0.50000001E-01     0.32829098E-01     0.86850360E-01      91     0.46763554E-01
-0.18500002E+02    -0.92174107E+00     0.90491146E-01     0.20000000E+02    -0.54245669E-01     0.50000001E-01     0.32519460E-01     0.86283006E-01      91     0.46763554E-01
-0.18400000E+02    -0.91680914E+00     0.89920685E-01     0.20000000E+02    -0.54601893E-01     0.50000001E-01     0.32579456E-01     0.85706316E-01      91     0.46763554E-01
-0.18300001E+02    -0.91176516E+00     0.89334115E-01     0.20000000E+02    -0.54994352E-01     0.50000001E-01     0.32655530E-01     0.85113183E-01      91     0.46763554E-01
-0.18200001E+02    -0.90683627E+00     0.88681221E-01     0.20000000E+02    -0.55393633E-01     0.50000001E-01     0.32680094E-01     0.84452823E-01      91     0.46763554E-01
-0.18100002E+02    -0.90346247E+00     0.87889500E-01     0.20000000E+02    -0.55883184E-01     0.50000001E-01     0.32953791E-01     0.83654754E-01      91     0.46763554E-01
-0.18000000E+02    -0.90239108E+00     0.86606868E-01     0.20000000E+02    -0.56649581E-01     0.50000001E-01     0.32906320E-01     0.82355633E-01      91     0.46763554E-01
-0.17900000E+02    -0.89741415E+00     0.86016528E-01     0.20000000E+02    -0.56991413E-01     0.50000001E-01     0.33006508E-01     0.81758857E-01      92     0.41686684E-01
-0.17800001E+02    -0.89323896E+00     0.85401505E-01     0.20000000E+02    -0.57375517E-01     0.50000001E-01     0.33621039E-01     0.81142545E-01      92     0.41686684E-01
-0.17700001E+02    -0.88716596E+00     0.84871247E-01     0.20000000E+02    -0.57685059E-01     0.50000001E-01     0.33217527E-01     0.80601744E-01      92     0.41686684E-01
-0.17600000E+02    -0.88287085E+00     0.84238477E-01     0.20000000E+02    -0.58045361E-01     0.50000001E-01     0.33831079E-01     0.79967536E-01      92     0.41686684E-01
-0.17500000E+02    -0.87756300E+00     0.83679482E-01     0.20000000E+02    -0.58381572E-01     0.50000001E-01     0.33858057E-01     0.79401746E-01      92     0.41686684E-01
-0.17400002E+02    -0.87274086E+00     0.83079189E-01     0.20000000E+02    -0.58714066E-01     0.50000001E-01     0.34118306E-01     0.78796469E-01      92     0.41686684E-01
-0.17300001E+02    -0.86788416E+00     0.82453050E-01     0.20000000E+02    -0.59078705E-01     0.50000001E-01     0.34276422E-01     0.78163736E-01      92     0.41686684E-01
-0.17200001E+02    -0.86272174E+00     0.81794992E-01     0.20000000E+02    -0.59469949E-01     0.50000001E-01     0.33816569E-01     0.77493444E-01      92     0.41686684E-01
-0.17100000E+02    -0.86267650E+00     0.80452025E-01     0.20000000E+02    -0.60218148E-01     0.50000001E-01     0.34337923E-01     0.76138578E-01      92     0.41686684E-01
-0.17000002E+02    -0.85762471E+00     0.79869747E-01     0.20000000E+02    -0.60546204E-01     0.50000001E-01     0.34576029E-01     0.75550929E-01      92     0.41686684E-01
-0.16900000E+02    -0.85231692E+00     0.79318725E-01     0.20000000E+02    -0.60850494E-01     0.50000001E-01     0.34632504E-01     0.74993655E-01      92     0.41686684E-01
-0.16800001E+02    -0.84698045E+00     0.78769475E-01     0.20000000E+02    -0.61152142E-01     0.50000001E-01     0.34707204E-01     0.74437819E-01      93     0.37020490E-01
-0.16700001E+02    -0.84170341E+00     0.78211777E-01     0.20000000E+02    -0.61462522E-01     0.50000001E-01     0.34846693E-01     0.73874585E-01      93     0.37020490E-01
-0.16600000E+02    -0.83662379E+00     0.77644162E-01     0.20000000E+02    -0.61766550E-01     0.50000001E-01     0.35044890E-01     0.73302142E-01      93     0.37020490E-01
-0.16500000E+02    -0.83135295E+00     0.77081166E-01     0.20000000E+02    -0.62069219E-01     0.50000001E-01     0.35097830E-01     0.72732717E-01      93     0.37020490E-01
-0.16400002E+02    -0.82649946E+00     0.76471701E-01     0.20000000E+02    -0.62388312E-01     0.50000001E-01     0.35205595E-01     0.72117329E-01      93     0.37020490E-01
-0.16300001E+02    -0.82234335E+00     0.75746395E-01     0.20000000E+02    -0.62772915E-01     0.50000001E-01     0.35358004E-01     0.71385033E-01      93     0.37020490E-01
-0.16200001E+02    -0.82163590E+00     0.74479185E-01     0.20000000E+02    -0.63448146E-01     0.50000001E-01     0.35456281E-01     0.70103243E-01      93     0.37020490E-01
-0.16100000E+02    -0.81636977E+00     0.73930986E-01     0.20000000E+02    -0.63733533E-01     0.50000001E-01     0.35533439E-01     0.69549181E-01      93     0.37020490E-01
-0.16000002E+02    -0.81128895E+00     0.73369369E-01     0.20000000E+02    -0.64012803E-01     0.50000001E-01     0.35686828E-01     0.68982929E-01      93     0.37020490E-01
-0.15900001E+02    -0.80595696E+00     0.72844170E-01     0.20000000E+02    -0.64290605E-01     0.50000001E-01     0.35778787E-01     0.68452336E-01      93     0.37020490E-01
-0.15800000E+02    -0.80064833E+00     0.72285682E-01     0.20000000E+02    -0.64559259E-01     0.50000001E-01     0.35862964E-01     0.67888081E-01      94     0.32759186E-01
-0.15700001E+02    -0.79538929E+00     0.71754366E-01     0.20000000E+02    -0.64835958E-01     0.50000001E-01     0.36013659E-01     0.67351617E-01      94     0.32759186E-01
-0.15600002E+02    -0.79030514E+00     0.71184747E-01     0.20000000E+02    -0.65114327E-01     0.50000001E-01     0.36175027E-01     0.66777185E-01      94     0.32759186E-01
-0.15500001E+02    -0.78530109E+00     0.70575401E-01     0.20000000E+02    -0.65404534E-01     0.50000001E-01     0.36270887E-01     0.66161521E-01      94     0.32759186E-01
-0.15400001E+02    -0.78127462E+00     0.69850303E-01     0.20000000E+02    -0.65761089E-01     0.50000001E-01     0.36466725E-01     0.65429389E-01      94     0.32759186E-01
-0.15300001E+02    -0.78020823E+00     0.68654351E-01     0.20000000E+02    -0.66364646E-01     0.50000001E-01     0.36477882E-01     0.64218260E-01      94     0.32759186E-01
-0.15200001E+02    -0.77578235E+00     0.68057708E-01     0.20000000E+02    -0.66634536E-01     0.50000001E-01     0.37139937E-01     0.63620456E-01      94     0.32759186E-01
-0.15100001E+02    -0.76950496E+00     0.67582972E-01     0.20000000E+02    -0.66878207E-01     0.50000001E-01     0.36712300E-01     0.63135840E-01      94     0.32759186E-01
-0.15000001E+02    -0.76493806E+00     0.67018501E-01     0.20000000E+02    -0.67132965E-01     0.50000001E-01     0.37438102E-01     0.62570520E-01      94     0.32759186E-01
-0.14900000E+02    -0.75941873E+00     0.66484638E-01     0.20000000E+02    -0.67378223E-01     0.50000001E-01     0.37527505E-01     0.62030908E-01      94     0.32759186E-01
-0.14800000E+02    -0.75398487E+00     0.65955147E-01     0.20000000E+02    -0.67625023E-01     0.50000001E-01     0.37702393E-01     0.61496329E-01      94     0.32759186E-01
-0.14700002E+02    -0.74782664E+00     0.65466590E-01     0.20000000E+02    -0.67865677E-01     0.50000001E-01     0.37206117E-01     0.60997088E-01      95     0.28887654E-01
-0.14600000E+02    -0.74346757E+00     0.64850442E-01     0.20000000E+02    -0.68149924E-01     0.50000001E-01     0.37896890E-01     0.60378473E-01      95     0.28887654E-01
-0.14500000E+02    -0.73965496E+00     0.64095430E-01     0.20000000E+02    -0.68504028E-01     0.50000001E-01     0.38069539E-01     0.59615038E-01      95     0.28887654E-01
-0.14400001E+02    -0.73810494E+00     0.63245393E-01     0.20000000E+02    -0.69028273E-01     0.50000001E-01     0.38129140E-01     0.58751408E-01      95     0.28887654E-01
-0.14300001E+02    -0.73267186E+00     0.62930167E-01     0.20000000E+02    -0.69261082E-01     0.50000001E-01     0.38261652E-01     0.58430865E-01      95     0.28887654E-01
-0.14200001E+02    -0.72715735E+00     0.62598757E-01     0.20000000E+02    -0.69491051E-01     0.50000001E-01     0.38403358E-01     0.58094230E-01      95     0.28887654E-01
-0.14100001E+02    -0.72168612E+00     0.62259950E-01     0.20000000E+02    -0.69713883E-01     0.50000001E-01     0.38550280E-01     0.57750516E-01      95     0.28887654E-01
-0.14000001E+02    -0.71629590E+00     0.61914001E-01     0.20000000E+02    -0.69937930E-01     0.50000001E-01     0.38742945E-01     0.57399973E-01      95     0.28887654E-01
-0.13900002E+02    -0.71077299E+00     0.61556749E-01     0.20000000E+02    -0.70164777E-01     0.50000001E-01     0.38827647E-01     0.57037152E-01      95     0.28887654E-01
-0.13800001E+02    -0.70554316E+00     0.61169259E-01     0.20000000E+02    -0.70396625E-01     0.50000001E-01     0.38934417E-01     0.56644116E-01      95     0.28887654E-01
-0.13700001E+02    -0.70076311E+00     0.60742397E-01     0.20000000E+02    -0.70667066E-01     0.50000001E-01     0.39080761E-01     0.56211002E-01      96     0.25384178E-01
-0.13600001E+02    -0.70060831E+00     0.59833888E-01     0.20000000E+02    -0.71243003E-01     0.50000001E-01     0.39219614E-01     0.55287872E-01      96     0.25384178E-01
-0.13500001E+02    -0.69535875E+00     0.59443455E-01     0.20000000E+02    -0.71465738E-01     0.50000001E-01     0.39379481E-01     0.54892782E-01      96     0.25384178E-01
-0.13400001E+02    -0.68979818E+00     0.59038188E-01     0.20000000E+02    -0.71680635E-01     0.50000001E-01     0.39472137E-01     0.54482352E-01      96     0.25384178E-01
-0.13300000E+02    -0.68442833E+00     0.58643728E-01     0.20000000E+02    -0.71890421E-01     0.50000001E-01     0.39692953E-01     0.54083958E-01      96     0.25384178E-01
-0.13200001E+02    -0.67881715E+00     0.58255013E-01     0.20000000E+02    -0.72094493E-01     0.50000001E-01     0.39802361E-01     0.53690180E-01      96     0.25384178E-01
-0.13100000E+02    -0.67433387E+00     0.57815958E-01     0.20000000E+02    -0.72314136E-01     0.50000001E-01     0.40556964E-01     0.53251036E-01      96     0.25384178E-01
-0.13000001E+02    -0.66787136E+00     0.57437520E-01     0.20000000E+02    -0.72515711E-01     0.50000001E-01     0.40068049E-01     0.52862540E-01      96     0.25384178E-01
-0.12900001E+02    -0.66396230E+00     0.56928821E-01     0.20000000E+02    -0.72775468E-01     0.50000001E-01     0.40863711E-01     0.52352324E-01      96     0.25384178E-01
-0.12800001E+02    -0.66364992E+00     0.55946197E-01     0.20000000E+02    -0.73322989E-01     0.50000001E-01     0.40957931E-01     0.51354002E-01      97     0.22222305E-01
-0.12700001E+02    -0.65815204E+00     0.55540781E-01     0.20000000E+02    -0.73530249E-01     0.50000001E-01     0.41038692E-01     0.50942753E-01      97     0.22222305E-01
-0.12600001E+02    -0.65259647E+00     0.55131398E-01     0.20000000E+02    -0.73727116E-01     0.50000001E-01     0.41267648E-01     0.50528873E-01      97     0.22222305E-01
-0.12500001E+02    -0.64684165E+00     0.54714244E-01     0.20000000E+02    -0.73919907E-01     0.50000001E-01     0.41380249E-01     0.50106678E-01      97     0.22222305E-01
-0.12400002E+02    -0.64105994E+00     0.54313239E-01     0.20000000E+02    -0.74107707E-01     0.50000001E-01     0.41493315E-01     0.49700424E-01      97     0.22222305E-01
-0.12300001E+02    -0.63533974E+00     0.53917523E-01     0.20000000E+02    -0.74295774E-01     0.50000001E-01     0.41609459E-01     0.49299456E-01      97     0.22222305E-01
-0.12200001E+02    -0.62987971E+00     0.53477008E-01     0.20000000E+02    -0.74495807E-01     0.50000001E-01     0.41851148E-01     0.48853859E-01      97     0.22222305E-01
-0.12100001E+02    -0.62480658E+00     0.52999627E-01     0.20000000E+02    -0.74723013E-01     0.50000001E-01     0.42013597E-01     0.48370514E-01      97     0.22222305E-01
-0.12000000E+02    -0.62453055E+00     0.52006260E-01     0.20000000E+02    -0.75243898E-01     0.50000001E-01     0.42044625E-01     0.47361594E-01      97     0.22222305E-01
-0.11900001E+02    -0.61909014E+00     0.51561348E-01     0.20000000E+02    -0.75436026E-01     0.50000001E-01     0.42220350E-01     0.46911173E-01      98     0.19374071E-01
-0.11800000E+02    -0.61359578E+00     0.51138788E-01     0.20000000E+02    -0.75617887E-01     0.50000001E-01     0.42469770E-01     0.46484612E-01      98     0.19374071E-01
-0.11700001E+02    -0.60787433E+00     0.50725985E-01     0.20000000E+02    -0.75796105E-01     0.50000001E-01     0.42597048E-01     0.46067230E-01      98     0.19374071E-01
-0.11600000E+02    -0.60227096E+00     0.50300930E-01     0.20000000E+02    -0.75975820E-01     0.50000001E-01     0.42764895E-01     0.45637894E-01      98     0.19374071E-01
-0.11500001E+02    -0.59688073E+00     0.49854185E-01     0.20000000E+02    -0.76154605E-01     0.50000001E-01     0.42966258E-01     0.45187227E-01      98     0.19374071E-01
-0.11400001E+02    -0.59151292E+00     0.49401399E-01     0.20000000E+02    -0.76347992E-01     0.50000001E-01     0.43066204E-01     0.44728961E-01      98     0.19374071E-01
-0.11300001E+02    -0.58760166E+00     0.48802685E-01     0.20000000E+02    -0.76618619E-01     0.50000001E-01     0.43257162E-01     0.44123486E-01      98     0.19374071E-01
-0.11200001E+02    -0.58660495E+00     0.47890641E-01     0.20000000E+02    -0.77057742E-01     0.50000001E-01     0.43347277E-01     0.43198399E-01      98     0.19374071E-01
-0.11100001E+02    -0.58118033E+00     0.47452096E-01     0.20000000E+02    -0.77227496E-01     0.50000001E-01     0.43558694E-01     0.42756051E-01      98     0.19374071E-01
-0.11000001E+02    -0.57552469E+00     0.47029719E-01     0.20000000E+02    -0.77394947E-01     0.50000001E-01     0.43697480E-01     0.42329017E-01      99     0.16811348E-01
-0.10900001E+02    -0.56984657E+00     0.46605676E-01     0.20000000E+02    -0.77558443E-01     0.50000001E-01     0.43835968E-01     0.41900445E-01      99     0.16811348E-01
-0.10800001E+02    -0.56431901E+00     0.46172701E-01     0.20000000E+02    -0.77725463E-01     0.50000001E-01     0.43984074E-01     0.41462887E-01      99     0.16811348E-01
-0.10700001E+02    -0.55897772E+00     0.45703862E-01     0.20000000E+02    -0.77908605E-01     0.50000001E-01     0.44093184E-01     0.40988613E-01      99     0.16811348E-01
-0.10600001E+02    -0.55555165E+00     0.45045778E-01     0.20000000E+02    -0.78191474E-01     0.50000001E-01     0.44312615E-01     0.40322792E-01      99     0.16811348E-01
-0.10500001E+02    -0.55438858E+00     0.44193845E-01     0.20000000E+02    -0.78581780E-01     0.50000001E-01     0.44501655E-01     0.39459113E-01      99     0.16811348E-01
-0.10400002E+02    -0.54863083E+00     0.43752901E-01     0.20000000E+02    -0.78738093E-01     0.50000001E-01     0.44581700E-01     0.39013069E-01      99     0.16811348E-01
-0.10300000E+02    -0.54309785E+00     0.43335333E-01     0.20000000E+02    -0.78893214E-01     0.50000001E-01     0.44825155E-01     0.38591489E-01      99     0.16811348E-01
-0.10200001E+02    -0.53842759E+00     0.42841971E-01     0.20000000E+02    -0.79057530E-01     0.50000001E-01     0.45767218E-01     0.38097803E-01      99     0.16811348E-01
-0.10100000E+02    -0.53308046E+00     0.42377803E-01     0.20000000E+02    -0.79224668E-01     0.50000001E-01     0.45989837E-01     0.37628219E-01     100     0.14507390E-01
-0.10000001E+02    -0.52865231E+00     0.41833092E-01     0.20000000E+02    -0.79439849E-01     0.50000001E-01     0.46163324E-01     0.37076958E-01     100     0.14507390E-01
-0.99000006E+01    -0.52878302E+00     0.40857013E-01     0.20000000E+02    -0.79872154E-01     0.50000001E-01     0.46327218E-01     0.36087025E-01     100     0.14507390E-01
-0.98000011E+01    -0.52322185E+00     0.40423173E-01     0.20000000E+02    -0.80018997E-01     0.50000001E-01     0.46452649E-01     0.35648450E-01     100     0.14507390E-01
-0.97000008E+01    -0.51777011E+00     0.39984457E-01     0.20000000E+02    -0.80165610E-01     0.50000001E-01     0.46679322E-01     0.35205565E-01     100     0.14507390E-01
-0.96000013E+01    -0.51256561E+00     0.39521195E-01     0.20000000E+02    -0.80313958E-01     0.50000001E-01     0.46933655E-01     0.34738604E-01     100     0.14507390E-01
-0.95000010E+01    -0.50755608E+00     0.39050892E-01     0.20000000E+02    -0.80472313E-01     0.50000001E-01     0.47099199E-01     0.34263432E-01     100     0.14507390E-01
-0.94000006E+01    -0.50486612E+00     0.38344540E-01     0.20000000E+02    -0.80749974E-01     0.50000001E-01     0.47220342E-01     0.33548087E-01     100     0.14507390E-01
-0.93000011E+01    -0.50423980E+00     0.37472185E-01     0.20000000E+02    -0.81092268E-01     0.50000001E-01     0.47436908E-01     0.32665092E-01     101     0.12437641E-01
-0.91999998E+01    -0.49914902E+00     0.37014730E-01     0.20000000E+02    -0.81232890E-01     0.50000001E-01     0.47662891E-01     0.32203875E-01     101     0.12437641E-01
-0.91000013E+01    -0.49595588E+00     0.36447491E-01     0.20000000E+02    -0.81389472E-01     0.50000001E-01     0.48719723E-01     0.31638004E-01     101     0.12437641E-01
-0.90000000E+01    -0.48932078E+00     0.36076643E-01     0.20000000E+02    -0.81515551E-01     0.50000001E-01     0.48005983E-01     0.31256706E-01     101     0.12437641E-01
-0.89000015E+01    -0.49178094E+00     0.34937210E-01     0.20000000E+02    -0.81967451E-01     0.50000001E-01     0.48157014E-01     0.30101765E-01     101     0.12437641E-01
-0.88000002E+01    -0.48695993E+00     0.34470126E-01     0.20000000E+02    -0.82101956E-01     0.50000001E-01     0.48272677E-01     0.29629529E-01     101     0.12437641E-01
-0.86000004E+01    -0.47767800E+00     0.33501975E-01     0.20000000E+02    -0.82356736E-01     0.50000001E-01     0.48704162E-01     0.28652515E-01     101     0.12437641E-01
-0.85000019E+01    -0.47683492E+00     0.32729324E-01     0.20000000E+02    -0.82579419E-01     0.50000001E-01     0.49758531E-01     0.27876340E-01     101     0.12437641E-01
-0.84000006E+01    -0.47727275E+00     0.31809874E-01     0.20000000E+02    -0.82907096E-01     0.50000001E-01     0.48938476E-01     0.26938375E-01     101     0.12437641E-01
-0.83000011E+01    -0.47473058E+00     0.31201087E-01     0.20000000E+02    -0.83028853E-01     0.50000001E-01     0.50000001E-01     0.26328851E-01     102     0.10580092E-01
-0.82000008E+01    -0.47088134E+00     0.30675160E-01     0.20000000E+02    -0.83139509E-01     0.50000001E-01     0.50000001E-01     0.25796600E-01     102     0.10580092E-01
-0.81000013E+01    -0.47718343E+00     0.29379884E-01     0.20000000E+02    -0.83486930E-01     0.50000001E-01     0.50000001E-01     0.24483096E-01     102     0.10580092E-01
-0.80000010E+01    -0.47412127E+00     0.28828438E-01     0.20000000E+02    -0.83540365E-01     0.50000001E-01     0.50000001E-01     0.23925429E-01     102     0.10580092E-01
-0.79000001E+01    -0.47240621E+00     0.28204717E-01     0.20000000E+02    -0.83541080E-01     0.50000001E-01     0.50000001E-01     0.23294751E-01     102     0.10580092E-01
-0.78000011E+01    -0.49734673E+00     0.26495732E-01     0.20000000E+02    -0.82304440E-01     0.50000001E-01     0.50000001E-01     0.21564387E-01     102     0.10580092E-01
-0.77000003E+01    -0.49876556E+00     0.24849353E-01     0.20000000E+02    -0.85050009E-01     0.50000001E-01     0.50000001E-01     0.19886721E-01     102     0.10580092E-01
-0.76000009E+01    -0.49025509E+00     0.24172874E-01     0.20000000E+02    -0.86599655E-01     0.50000001E-01     0.50000001E-01     0.19196905E-01     102     0.10580092E-01
-0.75000005E+01    -0.48127609E+00     0.22641644E-01     0.20000000E+02    -0.90586863E-01     0.50000001E-01     0.50000001E-01     0.17631289E-01     102     0.10580092E-01
-0.74000010E+01    -0.46919280E+00     0.22020720E-01     0.20000000E+02    -0.92466533E-01     0.50000001E-01     0.50000001E-01     0.16996171E-01     102     0.10580092E-01
-0.73000002E+01    -0.45464426E+00     0.20684991E-01     0.20000000E+02    -0.96620768E-01     0.50000001E-01     0.50000001E-01     0.15626678E-01     103     0.89153098E-02
-0.72000012E+01    -0.44068372E+00     0.20135151E-01     0.20000000E+02    -0.98545872E-01     0.50000001E-01     0.50000001E-01     0.15062753E-01     103     0.89153098E-02
-0.71000004E+01    -0.42590168E+00     0.19506130E-01     0.20000000E+02    -0.10079505E+00     0.50000001E-01     0.50000001E-01     0.14416840E-01     103     0.89153098E-02
-0.70000014E+01    -0.40813345E+00     0.18461771E-01     0.20000000E+02    -0.10458008E+00     0.50000001E-01     0.50000001E-01     0.13342517E-01     103     0.89153098E-02
-0.69000006E+01    -0.39257175E+00     0.17943399E-01     0.20000000E+02    -0.10664500E+00     0.50000001E-01     0.50000001E-01     0.12808671E-01     103     0.89153098E-02
-0.68000016E+01    -0.37321234E+00     0.16974913E-01     0.20000000E+02    -0.11046951E+00     0.50000001E-01     0.50000001E-01     0.11808985E-01     104     0.74266298E-02
-0.67000008E+01    -0.35702607E+00     0.16511030E-01     0.20000000E+02    -0.11248729E+00     0.50000001E-01     0.50000001E-01     0.11329612E-01     104     0.74266298E-02
-0.66000018E+01    -0.33707580E+00     0.15666125E-01     0.20000000E+02    -0.11608758E+00     0.50000001E-01     0.50000001E-01     0.10454570E-01     104     0.74266298E-02
-0.65000010E+01    -0.32031199E+00     0.15224249E-01     0.20000000E+02    -0.11814193E+00     0.50000001E-01     0.50000001E-01     0.99959671E-02     104     0.74266298E-02
-0.64000001E+01    -0.30036592E+00     0.14500354E-01     0.20000000E+02    -0.12143344E+00     0.50000001E-01     0.50000001E-01     0.92428252E-02     105     0.60997931E-02
-0.63000011E+01    -0.28324926E+00     0.14079110E-01     0.20000000E+02    -0.12349056E+00     0.50000001E-01     0.50000001E-01     0.88033658E-02     105     0.60997931E-02
-0.62000003E+01    -0.26393583E+00     0.13481109E-01     0.20000000E+02    -0.12635146E+00     0.50000001E-01     0.50000001E-01     0.81780218E-02     105     0.60997931E-02
-0.61000009E+01    -0.24527138E+00     0.12961836E-01     0.20000000E+02    -0.12890065E+00     0.50000001E-01     0.50000001E-01     0.76329173E-02     105     0.60997931E-02
-0.60000000E+01    -0.22767130E+00     0.12545189E-01     0.20000000E+02    -0.13100994E+00     0.50000001E-01     0.50000001E-01     0.71934969E-02     106     0.49227113E-02
-0.59000010E+01    -0.20979887E+00     0.12111794E-01     0.20000000E+02    -0.13319474E+00     0.50000001E-01     0.50000001E-01     0.67345831E-02     106     0.49227113E-02
-0.58000002E+01    -0.19212498E+00     0.11696549E-01     0.20000000E+02    -0.13528684E+00     0.50000001E-01     0.50000001E-01     0.62922700E-02     106     0.49227113E-02
-0.57000012E+01    -0.17470518E+00     0.11300118E-01     0.20000000E+02    -0.13727286E+00     0.50000001E-01     0.50000001E-01     0.58668898E-02     106     0.49227113E-02
-0.56000004E+01    -0.15660228E+00     0.10840444E-01     0.20000000E+02    -0.13949907E+00     0.50000001E-01     0.50000001E-01     0.53697149E-02     107     0.38855695E-02
-0.55000014E+01    -0.14241749E+00     0.10716423E-01     0.20000000E+02    -0.14029121E+00     0.50000001E-01     0.50000001E-01     0.52335812E-02     107     0.38855695E-02
-0.54000006E+01    -0.12880477E+00     0.10640037E-01     0.20000000E+02    -0.14087330E+00     0.50000001E-01     0.50000001E-01     0.51492583E-02     107     0.38855695E-02
-0.53000016E+01    -0.11528239E+00     0.10571224E-01     0.20000000E+02    -0.14142103E+00     0.50000001E-01     0.50000001E-01     0.50729360E-02     107     0.38855695E-02
-0.52000008E+01    -0.10183228E+00     0.10508505E-01     0.20000000E+02    -0.14194073E+00     0.50000001E-01     0.50000001E-01     0.50029461E-02     108     0.29804131E-02
-0.51000013E+01    -0.88444203E-01     0.10450494E-01     0.20000000E+02    -0.14243820E+00     0.50000001E-01     0.50000001E-01     0.49379882E-02     108     0.29804131E-02
-0.50000010E+01    -0.75107090E-01     0.10396766E-01     0.20000000E+02    -0.14291485E+00     0.50000001E-01     0.50000001E-01     0.48776846E-02     108     0.29804131E-02
-0.49000015E+01    -0.61814755E-01     0.10346725E-01     0.20000000E+02    -0.14337496E+00     0.50000001E-01     0.50000001E-01     0.48213331E-02     108     0.29804131E-02
-0.48000007E+01    -0.48567452E-01     0.10299814E-01     0.20000000E+02    -0.14381997E+00     0.50000001E-01     0.50000001E-01     0.47682817E-02     108     0.29804131E-02
-0.47000003E+01    -0.35354123E-01     0.10255856E-01     0.20000000E+02    -0.14425062E+00     0.50000001E-01     0.50000001E-01     0.47182986E-02     109     0.22007464E-02
-0.46000009E+01    -0.22168428E-01     0.10214703E-01     0.20000000E+02    -0.14466906E+00     0.50000001E-01     0.50000001E-01     0.46712710E-02     109     0.22007464E-02
-0.45000000E+01    -0.90177990E-02     0.10175837E-01     0.20000000E+02    -0.14507678E+00     0.50000001E-01     0.50000001E-01     0.46267794E-02     109     0.22007464E-02
-0.44000010E+01     0.41094511E-02     0.10139229E-01     0.20000000E+02    -0.14547375E+00     0.50000001E-01     0.50000001E-01     0.45846254E-02     109     0.22007464E-02
-0.43000002E+01     0.17211141E-01     0.10104892E-01     0.20000000E+02    -0.14586078E+00     0.50000001E-01     0.50000001E-01     0.45448588E-02     110     0.15419117E-02
-0.42000012E+01     0.30288758E-01     0.10072316E-01     0.20000000E+02    -0.14623888E+00     0.50000001E-01     0.50000001E-01     0.45069498E-02     110     0.15419117E-02
-0.41000004E+01     0.43342810E-01     0.10041610E-01     0.20000000E+02    -0.14660917E+00     0.50000001E-01     0.50000001E-01     0.44710524E-02     110     0.15419117E-02
-0.40000014E+01     0.56375895E-01     0.10012586E-01     0.20000000E+02    -0.14697146E+00     0.50000001E-01     0.50000001E-01     0.44369963E-02     110     0.15419117E-02
-0.39000006E+01     0.69393754E-01     0.99852653E-02     0.20000000E+02    -0.14732598E+00     0.50000001E-01     0.50000001E-01     0.44046086E-02     111     0.10009136E-02
-0.38000014E+01     0.82390033E-01     0.99594258E-02     0.20000000E+02    -0.14767320E+00     0.50000001E-01     0.50000001E-01     0.43738820E-02     111     0.10009136E-02
-0.37000005E+01     0.95367700E-01     0.99351378E-02     0.20000000E+02    -0.14801423E+00     0.50000001E-01     0.50000001E-01     0.43448280E-02     111     0.10009136E-02
-0.36000016E+01     0.10832860E+00     0.99120662E-02     0.20000000E+02    -0.14834860E+00     0.50000001E-01     0.50000001E-01     0.43170350E-02     111     0.10009136E-02
-0.35000007E+01     0.12127619E+00     0.98905303E-02     0.20000000E+02    -0.14867699E+00     0.50000001E-01     0.50000001E-01     0.42908932E-02     111     0.10009136E-02
-0.34000015E+01     0.13420415E+00     0.98702898E-02     0.20000000E+02    -0.14899962E+00     0.50000001E-01     0.50000001E-01     0.42659952E-02     112     0.57556073E-03
-0.33000009E+01     0.14711925E+00     0.98512415E-02     0.20000000E+02    -0.14931621E+00     0.50000001E-01     0.50000001E-01     0.42424989E-02     112     0.57556073E-03
-0.32000017E+01     0.16001904E+00     0.98333191E-02     0.20000000E+02    -0.14962783E+00     0.50000001E-01     0.50000001E-01     0.42201513E-02     112     0.57556073E-03
-0.31000009E+01     0.17290449E+00     0.98166615E-02     0.20000000E+02    -0.14993380E+00     0.50000001E-01     0.50000001E-01     0.41991975E-02     112     0.57556073E-03
-0.30000000E+01     0.18577564E+00     0.98011745E-02     0.20000000E+02    -0.15023467E+00     0.50000001E-01     0.50000001E-01     0.41794139E-02     113     0.26492128E-03
-0.29000010E+01     0.19863594E+00     0.97866915E-02     0.20000000E+02    -0.15053052E+00     0.50000001E-01     0.50000001E-01     0.41607274E-02     113     0.26492128E-03
-0.28000002E+01     0.21147999E+00     0.97732488E-02     0.20000000E+02    -0.15082195E+00     0.50000001E-01     0.50000001E-01     0.41431859E-02     113     0.26492128E-03
-0.27000012E+01     0.22431314E+00     0.97608222E-02     0.20000000E+02    -0.15110826E+00     0.50000001E-01     0.50000001E-01     0.41266978E-02     113     0.26492128E-03
-0.26000004E+01     0.23713060E+00     0.97494181E-02     0.20000000E+02    -0.15139064E+00     0.50000001E-01     0.50000001E-01     0.41112956E-02     114     0.74709220E-04
-0.25000012E+01     0.24993725E+00     0.97389687E-02     0.20000000E+02    -0.15166833E+00     0.50000001E-01     0.50000001E-01     0.40969560E-02     114     0.74709220E-04
-0.24000003E+01     0.26273260E+00     0.97295269E-02     0.20000000E+02    -0.15194133E+00     0.50000001E-01     0.50000001E-01     0.40836311E-02     114     0.74709220E-04
-0.23000014E+01     0.27551419E+00     0.97209793E-02     0.20000000E+02    -0.15221003E+00     0.50000001E-01     0.50000001E-01     0.40712557E-02     114     0.74709220E-04
-0.22000005E+01     0.28828192E+00     0.97134197E-02     0.20000000E+02    -0.15247516E+00     0.50000001E-01     0.50000001E-01     0.40599671E-02     114     0.74709220E-04
-0.21000013E+01     0.30104226E+00     0.97066993E-02     0.20000000E+02    -0.15273568E+00     0.50000001E-01     0.50000001E-01     0.40496052E-02     115     0.21237647E-05
-0.20000007E+01     0.31378558E+00     0.97008795E-02     0.20000000E+02    -0.15299307E+00     0.50000001E-01     0.50000001E-01     0.40401290E-02     115     0.21237647E-05
-0.19000015E+01     0.32652265E+00     0.96958084E-02     0.20000000E+02    -0.15324539E+00     0.50000001E-01     0.50000001E-01     0.40314840E-02     115     0.21237647E-05
-0.18000008E+01     0.33924556E+00     0.96917739E-02     0.20000000E+02    -0.15349466E+00     0.50000001E-01     0.50000001E-01     0.40239706E-02     115     0.21237647E-05
-0.17000016E+01     0.35195473E+00     0.96884603E-02     0.20000000E+02    -0.15373988E+00     0.50000001E-01     0.50000001E-01     0.40172413E-02     116     0.28969960E-04
-0.16000009E+01     0.36465624E+00     0.96859494E-02     0.20000000E+02    -0.15398110E+00     0.50000001E-01     0.50000001E-01     0.40112976E-02     116     0.28969960E-04
-0.15000000E+01     0.37734482E+00     0.96843010E-02     0.20000000E+02    -0.15421844E+00     0.50000001E-01     0.50000001E-01     0.40062950E-02     116     0.28969960E-04
-0.14000009E+01     0.39002007E+00     0.96834358E-02     0.20000000E+02    -0.15445276E+00     0.50000001E-01     0.50000001E-01     0.40021595E-02     116     0.28969960E-04
-0.13000002E+01     0.40268913E+00     0.96833892E-02     0.20000000E+02    -0.15468310E+00     0.50000001E-01     0.50000001E-01     0.39988789E-02     116     0.28969960E-04
-0.12000011E+01     0.41534236E+00     0.96840682E-02     0.20000000E+02    -0.15490974E+00     0.50000001E-01     0.50000001E-01     0.39964486E-02     117     0.14431638E-03
-0.11000003E+01     0.42798567E+00     0.96855452E-02     0.20000000E+02    -0.15513314E+00     0.50000001E-01     0.50000001E-01     0.39947610E-02     117     0.14431638E-03
-0.10000012E+01     0.44061810E+00     0.96876854E-02     0.20000000E+02    -0.15535347E+00     0.50000001E-01     0.50000001E-01     0.39938600E-02     117     0.14431638E-03
-0.90000039E+00     0.45323905E+00     0.96906656E-02     0.20000000E+02    -0.15556931E+00     0.50000001E-01     0.50000001E-01     0.39937766E-02     117     0.14431638E-03
-0.80000126E+00     0.46585143E+00     0.96942559E-02     0.20000000E+02    -0.15578251E+00     0.50000001E-01     0.50000001E-01     0.39944383E-02     117     0.14431638E-03
-0.70000046E+00     0.47844955E+00     0.96986210E-02     0.20000000E+02    -0.15599217E+00     0.50000001E-01     0.50000001E-01     0.39959503E-02     118     0.34258093E-03
-0.60000139E+00     0.49103725E+00     0.97037787E-02     0.20000000E+02    -0.15619826E+00     0.50000001E-01     0.50000001E-01     0.39982568E-02     118     0.34258093E-03
-0.50000060E+00     0.50361425E+00     0.97095948E-02     0.20000000E+02    -0.15640081E+00     0.50000001E-01     0.50000001E-01     0.40012631E-02     118     0.34258093E-03
-0.40000150E+00     0.51617950E+00     0.97161289E-02     0.20000000E+02    -0.15660039E+00     0.50000001E-01     0.50000001E-01     0.40050461E-02     118     0.34258093E-03
-0.30000070E+00     0.52873278E+00     0.97233476E-02     0.20000000E+02    -0.15679695E+00     0.50000001E-01     0.50000001E-01     0.40096128E-02     119     0.63133589E-03
-0.20000160E+00     0.54127765E+00     0.97312154E-02     0.20000000E+02    -0.15698968E+00     0.50000001E-01     0.50000001E-01     0.40148343E-02     119     0.63133589E-03
-0.10000080E+00     0.55380750E+00     0.97399559E-02     0.20000000E+02    -0.15717967E+00     0.50000001E-01     0.50000001E-01     0.40209461E-02     119     0.63133589E-03
 0.00000000E+00     0.56632882E+00     0.97491033E-02     0.20000000E+02    -0.15736575E+00     0.50000001E-01     0.50000001E-01     0.40275701E-02     119     0.63133589E-03
 0.99999093E-01     0.57883811E+00     0.97591337E-02     0.20000000E+02    -0.15754879E+00     0.50000001E-01     0.50000001E-01     0.40350873E-02     119     0.63133589E-03
 0.19999990E+00     0.59133714E+00     0.97696763E-02     0.20000000E+02    -0.15772875E+00     0.50000001E-01     0.50000001E-01     0.40432760E-02     120     0.10182067E-02
 0.29999900E+00     0.60382199E+00     0.97810822E-02     0.20000000E+02    -0.15790559E+00     0.50000001E-01     0.50000001E-01     0.40522814E-02     120     0.10182067E-02
 0.39999980E+00     0.61629790E+00     0.97929826E-02     0.20000000E+02    -0.15807907E+00     0.50000001E-01     0.50000001E-01     0.40618200E-02     120     0.10182067E-02
 0.49999887E+00     0.62875980E+00     0.98055936E-02     0.20000000E+02    -0.15824966E+00     0.50000001E-01     0.50000001E-01     0.40721302E-02     120     0.10182067E-02
 0.59999967E+00     0.64120990E+00     0.98187886E-02     0.20000000E+02    -0.15841693E+00     0.50000001E-01     0.50000001E-01     0.40830611E-02     120     0.10182067E-02
 0.69999880E+00     0.65365386E+00     0.98326234E-02     0.20000000E+02    -0.15858062E+00     0.50000001E-01     0.50000001E-01     0.40948368E-02     121     0.15063530E-02
 0.79999959E+00     0.66608161E+00     0.98472945E-02     0.20000000E+02    -0.15874158E+00     0.50000001E-01     0.50000001E-01     0.41073244E-02     121     0.15063530E-02
 0.89999866E+00     0.67849469E+00     0.98625747E-02     0.20000000E+02    -0.15889965E+00     0.50000001E-01     0.50000001E-01     0.41204747E-02     121     0.15063530E-02
 0.99999946E+00     0.69089878E+00     0.98783728E-02     0.20000000E+02    -0.15905412E+00     0.50000001E-01     0.50000001E-01     0.41342131E-02     121     0.15063530E-02
 0.10999986E+01     0.70329213E+00     0.98947650E-02     0.20000000E+02    -0.15920542E+00     0.50000001E-01     0.50000001E-01     0.41486272E-02     121     0.15063530E-02
 0.11999993E+01     0.71567255E+00     0.99118007E-02     0.20000000E+02    -0.15935382E+00     0.50000001E-01     0.50000001E-01     0.41638408E-02     122     0.20985133E-02
 0.12999984E+01     0.72803921E+00     0.99295946E-02     0.20000000E+02    -0.15949930E+00     0.50000001E-01     0.50000001E-01     0.41796970E-02     122     0.20985133E-02
 0.13999993E+01     0.74039608E+00     0.99480143E-02     0.20000000E+02    -0.15964100E+00     0.50000001E-01     0.50000001E-01     0.41962559E-02     122     0.20985133E-02
 0.14999983E+01     0.75274062E+00     0.99669667E-02     0.20000000E+02    -0.15977994E+00     0.50000001E-01     0.50000001E-01     0.42133965E-02     122     0.20985133E-02
 0.15999992E+01     0.76507312E+00     0.99866576E-02     0.20000000E+02    -0.15991572E+00     0.50000001E-01     0.50000001E-01     0.42313454E-02     122     0.20985133E-02
 0.16999999E+01     0.77739030E+00     0.10006704E-01     0.20000000E+02    -0.16004814E+00     0.50000001E-01     0.50000001E-01     0.42497958E-02     123     0.27974360E-02
 0.17999990E+01     0.78969669E+00     0.10027724E-01     0.20000000E+02    -0.16017716E+00     0.50000001E-01     0.50000001E-01     0.42691464E-02     123     0.27974360E-02
 0.18999999E+01     0.80199188E+00     0.10049169E-01     0.20000000E+02    -0.16030340E+00     0.50000001E-01     0.50000001E-01     0.42889751E-02     123     0.27974360E-02
 0.19999989E+01     0.81427163E+00     0.10071328E-01     0.20000000E+02    -0.16042684E+00     0.50000001E-01     0.50000001E-01     0.43095397E-02     123     0.27974360E-02
 0.20999997E+01     0.82654005E+00     0.10094034E-01     0.20000000E+02    -0.16054645E+00     0.50000001E-01     0.50000001E-01     0.43307305E-02     123     0.27974360E-02
 0.21999989E+01     0.83879495E+00     0.10117044E-01     0.20000000E+02    -0.16066335E+00     0.50000001E-01     0.50000001E-01     0.43524667E-02     124     0.36052344E-02
 0.22999997E+01     0.85103774E+00     0.10141225E-01     0.20000000E+02    -0.16077669E+00     0.50000001E-01     0.50000001E-01     0.43751965E-02     124     0.36052344E-02
 0.23999987E+01     0.86326259E+00     0.10165692E-01     0.20000000E+02    -0.16088767E+00     0.50000001E-01     0.50000001E-01     0.43983022E-02     124     0.36052344E-02
 0.24999995E+01     0.87548047E+00     0.10190886E-01     0.20000000E+02    -0.16099465E+00     0.50000001E-01     0.50000001E-01     0.44221752E-02     124     0.36052344E-02
 0.25999987E+01     0.88768095E+00     0.10216701E-01     0.20000000E+02    -0.16109854E+00     0.50000001E-01     0.50000001E-01     0.44467072E-02     124     0.36052344E-02
 0.26999993E+01     0.89986897E+00     0.10243049E-01     0.20000000E+02    -0.16119985E+00     0.50000001E-01     0.50000001E-01     0.44719903E-02     125     0.45235301E-02
 0.27999985E+01     0.91204196E+00     0.10270037E-01     0.20000000E+02    -0.16129710E+00     0.50000001E-01     0.50000001E-01     0.44977623E-02     125     0.45235301E-02
 0.28999994E+01     0.92420501E+00     0.10297629E-01     0.20000000E+02    -0.16139115E+00     0.50000001E-01     0.50000001E-01     0.45242291E-02     125     0.45235301E-02
 0.29999983E+01     0.93634951E+00     0.10325787E-01     0.20000000E+02    -0.16148281E+00     0.50000001E-01     0.50000001E-01     0.45513166E-02     125     0.45235301E-02
 0.30999992E+01     0.94848096E+00     0.10354531E-01     0.20000000E+02    -0.16157088E+00     0.50000001E-01     0.50000001E-01     0.45790635E-02     125     0.45235301E-02
 0.31999984E+01     0.96059996E+00     0.10383919E-01     0.20000000E+02    -0.16165532E+00     0.50000001E-01     0.50000001E-01     0.46076123E-02     126     0.55540195E-02
 0.32999990E+01     0.97270292E+00     0.10413915E-01     0.20000000E+02    -0.16173705E+00     0.50000001E-01     0.50000001E-01     0.46367007E-02     126     0.55540195E-02
 0.33999999E+01     0.98479050E+00     0.10444555E-01     0.20000000E+02    -0.16181530E+00     0.50000001E-01     0.50000001E-01     0.46664467E-02     126     0.55540195E-02
 0.34999990E+01     0.99686748E+00     0.10475759E-01     0.20000000E+02    -0.16188975E+00     0.50000001E-01     0.50000001E-01     0.46968218E-02     126     0.55540195E-02
 0.35999999E+01     0.10089278E+01     0.10507668E-01     0.20000000E+02    -0.16196078E+00     0.50000001E-01     0.50000001E-01     0.47279531E-02     126     0.55540195E-02
 0.36999989E+01     0.10209700E+01     0.10540059E-01     0.20000000E+02    -0.16202959E+00     0.50000001E-01     0.50000001E-01     0.47596060E-02     126     0.55540195E-02
 0.37999997E+01     0.10330003E+01     0.10572804E-01     0.20000000E+02    -0.16209419E+00     0.50000001E-01     0.50000001E-01     0.47918581E-02     127     0.66984380E-02
 0.38999987E+01     0.10450145E+01     0.10606725E-01     0.20000000E+02    -0.16215540E+00     0.50000001E-01     0.50000001E-01     0.48251362E-02     127     0.66984380E-02
 0.39999995E+01     0.10570105E+01     0.10641017E-01     0.20000000E+02    -0.16221398E+00     0.50000001E-01     0.50000001E-01     0.48588431E-02     127     0.66984380E-02
 0.40999985E+01     0.10689937E+01     0.10675899E-01     0.20000000E+02    -0.16226833E+00     0.50000001E-01     0.50000001E-01     0.48931926E-02     127     0.66984380E-02
 0.41999993E+01     0.10809628E+01     0.10711453E-01     0.20000000E+02    -0.16231900E+00     0.50000001E-01     0.50000001E-01     0.49282373E-02     127     0.66984380E-02
 0.42999988E+01     0.10929111E+01     0.10747003E-01     0.20000000E+02    -0.16236709E+00     0.50000001E-01     0.50000001E-01     0.49635698E-02     128     0.79589644E-02
 0.43999991E+01     0.11048472E+01     0.10784185E-01     0.20000000E+02    -0.16241194E+00     0.50000001E-01     0.50000001E-01     0.50003617E-02     128     0.79589644E-02
 0.44999986E+01     0.11167639E+01     0.10821528E-01     0.20000000E+02    -0.16245207E+00     0.50000001E-01     0.50000001E-01     0.50373184E-02     128     0.79589644E-02
 0.45999994E+01     0.11286659E+01     0.10859563E-01     0.20000000E+02    -0.16248940E+00     0.50000001E-01     0.50000001E-01     0.50750878E-02     128     0.79589644E-02
 0.47000003E+01     0.11405516E+01     0.10897958E-01     0.20000000E+02    -0.16252303E+00     0.50000001E-01     0.50000001E-01     0.51132776E-02     128     0.79589644E-02
 0.47999973E+01     0.11524184E+01     0.10936636E-01     0.20000000E+02    -0.16255370E+00     0.50000001E-01     0.50000001E-01     0.51519801E-02     129     0.93380893E-02
 0.48999982E+01     0.11642691E+01     0.10976442E-01     0.20000000E+02    -0.16258012E+00     0.50000001E-01     0.50000001E-01     0.51916512E-02     129     0.93380893E-02
 0.49999990E+01     0.11761039E+01     0.11016751E-01     0.20000000E+02    -0.16260269E+00     0.50000001E-01     0.50000001E-01     0.52319039E-02     129     0.93380893E-02
 0.50999999E+01     0.11879168E+01     0.11058022E-01     0.20000000E+02    -0.16262242E+00     0.50000001E-01     0.50000001E-01     0.52730851E-02     129     0.93380893E-02
 0.52000008E+01     0.11997156E+01     0.11099556E-01     0.20000000E+02    -0.16263786E+00     0.50000001E-01     0.50000001E-01     0.53146528E-02     129     0.93380893E-02
 0.52999978E+01     0.12114958E+01     0.11141866E-01     0.20000000E+02    -0.16264947E+00     0.50000001E-01     0.50000001E-01     0.53572669E-02     130     0.10838998E-01
 0.53999987E+01     0.12232580E+01     0.11184905E-01     0.20000000E+02    -0.16265753E+00     0.50000001E-01     0.50000001E-01     0.54004057E-02     130     0.10838998E-01
 0.54999995E+01     0.12350005E+01     0.11228387E-01     0.20000000E+02    -0.16266218E+00     0.50000001E-01     0.50000001E-01     0.54440773E-02     130     0.10838998E-01
 0.56000004E+01     0.12467240E+01     0.11272639E-01     0.20000000E+02    -0.16266274E+00     0.50000001E-01     0.50000001E-01     0.54885196E-02     130     0.10838998E-01
 0.56999979E+01     0.12584276E+01     0.11317502E-01     0.20000000E+02    -0.16265976E+00     0.50000001E-01     0.50000001E-01     0.55336850E-02     130     0.10838998E-01
 0.57999988E+01     0.12701131E+01     0.11362892E-01     0.20000000E+02    -0.16265261E+00     0.50000001E-01     0.50000001E-01     0.55793771E-02     130     0.10838998E-01
 0.58999996E+01     0.12817787E+01     0.11409182E-01     0.20000000E+02    -0.16264163E+00     0.50000001E-01     0.50000001E-01     0.56262715E-02     131     0.12465740E-01
 0.60000000E+01     0.12934276E+01     0.11456025E-01     0.20000000E+02    -0.16262598E+00     0.50000001E-01     0.50000001E-01     0.56735482E-02     131     0.12465740E-01
 0.60999975E+01     0.13050526E+01     0.11503312E-01     0.20000000E+02    -0.16260771E+00     0.50000001E-01     0.50000001E-01     0.57213427E-02     131     0.12465740E-01
 0.61999984E+01     0.13166581E+01     0.11551593E-01     0.20000000E+02    -0.16258428E+00     0.50000001E-01     0.50000001E-01     0.57701254E-02     131     0.12465740E-01
 0.62999992E+01     0.13275574E+01     0.11650460E-01     0.20000000E+02    -0.16243295E+00     0.46946913E-01     0.50000001E-01     0.58551952E-02     131     0.12465740E-01
 0.64000001E+01     0.13389693E+01     0.11710891E-01     0.20000000E+02    -0.16237330E+00     0.46143647E-01     0.50000001E-01     0.59107612E-02     132     0.14223367E-01
 0.65000010E+01     0.13503608E+01     0.11771613E-01     0.20000000E+02    -0.16231053E+00     0.45533579E-01     0.50000001E-01     0.59692385E-02     132     0.14223367E-01
 0.65999980E+01     0.13616837E+01     0.11836048E-01     0.20000000E+02    -0.16223571E+00     0.44850238E-01     0.50000001E-01     0.60308208E-02     132     0.14223367E-01
 0.66999989E+01     0.13729304E+01     0.11905255E-01     0.20000000E+02    -0.16214611E+00     0.44108506E-01     0.50000001E-01     0.60962690E-02     132     0.14223367E-01
 0.67999997E+01     0.13841734E+01     0.11973609E-01     0.20000000E+02    -0.16205539E+00     0.43475010E-01     0.50000001E-01     0.61613596E-02     132     0.14223367E-01
 0.69000006E+01     0.13949373E+01     0.12074236E-01     0.20000000E+02    -0.16187787E+00     0.40485743E-01     0.50000001E-01     0.62479847E-02     133     0.16118005E-01
 0.69999981E+01     0.14061548E+01     0.12141600E-01     0.20000000E+02    -0.16178311E+00     0.39939396E-01     0.50000001E-01     0.63130795E-02     133     0.16118005E-01
 0.70999990E+01     0.14172999E+01     0.12213020E-01     0.20000000E+02    -0.16167492E+00     0.39340936E-01     0.50000001E-01     0.63815149E-02     133     0.16118005E-01
 0.71999998E+01     0.14283975E+01     0.12286858E-01     0.20000000E+02    -0.16155691E+00     0.38728286E-01     0.50000001E-01     0.64520449E-02     133     0.16118005E-01
 0.73000002E+01     0.14395158E+01     0.12357935E-01     0.20000000E+02    -0.16144313E+00     0.38198527E-01     0.50000001E-01     0.65207900E-02     133     0.16118005E-01
 0.73999977E+01     0.14506291E+01     0.12428273E-01     0.20000000E+02    -0.16132794E+00     0.37606832E-01     0.50000001E-01     0.65892139E-02     133     0.16118005E-01
 0.74999986E+01     0.14617493E+01     0.12496177E-01     0.20000000E+02    -0.16121525E+00     0.37019476E-01     0.50000001E-01     0.66543845E-02     134     0.18157382E-01
 0.75999994E+01     0.14722270E+01     0.12606767E-01     0.20000000E+02    -0.16098574E+00     0.34820732E-01     0.50000001E-01     0.67539155E-02     134     0.18157382E-01
 0.77000003E+01     0.14838202E+01     0.12641307E-01     0.20000000E+02    -0.16095680E+00     0.35996407E-01     0.50000001E-01     0.67958771E-02     134     0.18157382E-01
 0.77999973E+01     0.14941196E+01     0.12760595E-01     0.20000000E+02    -0.16069564E+00     0.33895973E-01     0.50000001E-01     0.69031497E-02     134     0.18157382E-01
 0.78999982E+01     0.15050569E+01     0.12836385E-01     0.20000000E+02    -0.16054878E+00     0.33423584E-01     0.50000001E-01     0.69773924E-02     134     0.18157382E-01
 0.79999990E+01     0.15159941E+01     0.12910801E-01     0.20000000E+02    -0.16040108E+00     0.32921035E-01     0.50000001E-01     0.70510078E-02     135     0.20350950E-01
 0.81000004E+01     0.15268835E+01     0.12987143E-01     0.20000000E+02    -0.16024467E+00     0.32451157E-01     0.50000001E-01     0.71245036E-02     135     0.20350950E-01
 0.82000008E+01     0.15377275E+01     0.13065069E-01     0.20000000E+02    -0.16008064E+00     0.32048013E-01     0.50000001E-01     0.72011873E-02     135     0.20350950E-01
 0.82999983E+01     0.15478439E+01     0.13187894E-01     0.20000000E+02    -0.15978654E+00     0.30245265E-01     0.50000001E-01     0.73136995E-02     135     0.20350950E-01
 0.83999987E+01     0.15592536E+01     0.13227326E-01     0.20000000E+02    -0.15972371E+00     0.31264845E-01     0.50000001E-01     0.73608295E-02     135     0.20350950E-01
 0.85000000E+01     0.15692679E+01     0.13353555E-01     0.20000000E+02    -0.15941021E+00     0.29457603E-01     0.50000001E-01     0.74766893E-02     135     0.20350950E-01
 0.86000004E+01     0.15799555E+01     0.13435312E-01     0.20000000E+02    -0.15921915E+00     0.29027324E-01     0.50000001E-01     0.75579975E-02     136     0.22710007E-01
 0.86999979E+01     0.15906173E+01     0.13517789E-01     0.20000000E+02    -0.15902215E+00     0.28680494E-01     0.50000001E-01     0.76384954E-02     136     0.22710007E-01
 0.87999983E+01     0.16012247E+01     0.13601951E-01     0.20000000E+02    -0.15881564E+00     0.28376810E-01     0.50000001E-01     0.77220229E-02     136     0.22710007E-01
 0.88999996E+01     0.16117575E+01     0.13689274E-01     0.20000000E+02    -0.15859511E+00     0.28012792E-01     0.50000001E-01     0.78084455E-02     136     0.22710007E-01
 0.90000000E+01     0.16222597E+01     0.13777003E-01     0.20000000E+02    -0.15836982E+00     0.27740551E-01     0.50000001E-01     0.78956857E-02     136     0.22710007E-01
 0.90999975E+01     0.16326874E+01     0.13867570E-01     0.20000000E+02    -0.15813205E+00     0.27445786E-01     0.50000001E-01     0.79855155E-02     136     0.22710007E-01
 0.91999989E+01     0.16430175E+01     0.13963022E-01     0.20000000E+02    -0.15787521E+00     0.27101520E-01     0.50000001E-01     0.80800299E-02     137     0.25248373E-01
 0.92999992E+01     0.16527187E+01     0.14093193E-01     0.20000000E+02    -0.15750742E+00     0.25671689E-01     0.50000001E-01     0.82025975E-02     137     0.25248373E-01
 0.94000006E+01     0.16630206E+01     0.14186212E-01     0.20000000E+02    -0.15724652E+00     0.25293890E-01     0.50000001E-01     0.82940906E-02     137     0.25248373E-01
 0.94999971E+01     0.16732944E+01     0.14279354E-01     0.20000000E+02    -0.15698095E+00     0.25065295E-01     0.50000001E-01     0.83872396E-02     137     0.25248373E-01
 0.95999985E+01     0.16834955E+01     0.14374389E-01     0.20000000E+02    -0.15670276E+00     0.24810221E-01     0.50000001E-01     0.84822457E-02     137     0.25248373E-01
 0.96999989E+01     0.16936259E+01     0.14472302E-01     0.20000000E+02    -0.15641147E+00     0.24556022E-01     0.50000001E-01     0.85800886E-02     137     0.25248373E-01
 0.98000002E+01     0.17036719E+01     0.14573851E-01     0.20000000E+02    -0.15610558E+00     0.24295066E-01     0.50000001E-01     0.86818123E-02     138     0.27982686E-01
 0.99000006E+01     0.17136598E+01     0.14675322E-01     0.20000000E+02    -0.15579039E+00     0.24057135E-01     0.50000001E-01     0.87832380E-02     138     0.27982686E-01
 0.99999981E+01     0.17235221E+01     0.14783096E-01     0.20000000E+02    -0.15545069E+00     0.23773735E-01     0.50000001E-01     0.88905003E-02     138     0.27982686E-01
 0.10099998E+02     0.17333639E+01     0.14889959E-01     0.20000000E+02    -0.15510853E+00     0.23554988E-01     0.50000001E-01     0.89972727E-02     138     0.27982686E-01
 0.10200000E+02     0.17431020E+01     0.15000144E-01     0.20000000E+02    -0.15474799E+00     0.23305012E-01     0.50000001E-01     0.91072116E-02     138     0.27982686E-01
 0.10300000E+02     0.17528054E+01     0.15111069E-01     0.20000000E+02    -0.15438239E+00     0.23069076E-01     0.50000001E-01     0.92181228E-02     138     0.27982686E-01
 0.10399998E+02     0.17624370E+01     0.15222962E-01     0.20000000E+02    -0.15400440E+00     0.22792570E-01     0.50000001E-01     0.93304850E-02     139     0.30932982E-01
 0.10499999E+02     0.17720517E+01     0.15333802E-01     0.20000000E+02    -0.15362282E+00     0.22552127E-01     0.50000001E-01     0.94420500E-02     139     0.30932982E-01
 0.10599999E+02     0.17809980E+01     0.15476568E-01     0.20000000E+02    -0.15312184E+00     0.21477010E-01     0.50000001E-01     0.95801651E-02     139     0.30932982E-01
 0.10700000E+02     0.17903780E+01     0.15592110E-01     0.20000000E+02    -0.15269847E+00     0.21306146E-01     0.50000001E-01     0.96967351E-02     139     0.30932982E-01
 0.10799997E+02     0.17995839E+01     0.15709937E-01     0.20000000E+02    -0.15224199E+00     0.21124683E-01     0.50000001E-01     0.98156333E-02     139     0.30932982E-01
 0.10899999E+02     0.18085470E+01     0.15834806E-01     0.20000000E+02    -0.15173946E+00     0.20910293E-01     0.50000001E-01     0.99413395E-02     139     0.30932982E-01
 0.10999999E+02     0.18173242E+01     0.15963318E-01     0.20000000E+02    -0.15120447E+00     0.20725796E-01     0.50000001E-01     0.10070795E-01     139     0.30932982E-01
 0.11100000E+02     0.18259430E+01     0.16094640E-01     0.20000000E+02    -0.15063949E+00     0.20522099E-01     0.50000001E-01     0.10203519E-01     140     0.34123309E-01
 0.11200001E+02     0.18344073E+01     0.16229400E-01     0.20000000E+02    -0.15004639E+00     0.20319385E-01     0.50000001E-01     0.10339326E-01     140     0.34123309E-01
 0.11299998E+02     0.18428136E+01     0.16364746E-01     0.20000000E+02    -0.14944364E+00     0.20145476E-01     0.50000001E-01     0.10476220E-01     140     0.34123309E-01
 0.11399999E+02     0.18511466E+01     0.16501362E-01     0.20000000E+02    -0.14882882E+00     0.19985175E-01     0.50000001E-01     0.10614741E-01     140     0.34123309E-01
 0.11500000E+02     0.18592267E+01     0.16643211E-01     0.20000000E+02    -0.14816846E+00     0.19758683E-01     0.50000001E-01     0.10758484E-01     140     0.34123309E-01
 0.11600000E+02     0.18671712E+01     0.16786586E-01     0.20000000E+02    -0.14748082E+00     0.19566806E-01     0.50000001E-01     0.10904332E-01     140     0.34123309E-01
 0.11699998E+02     0.18740854E+01     0.16969141E-01     0.20000000E+02    -0.14661303E+00     0.18714815E-01     0.50000001E-01     0.11084842E-01     140     0.34123309E-01
 0.11799999E+02     0.18826661E+01     0.17082803E-01     0.20000000E+02    -0.14603877E+00     0.19270796E-01     0.50000001E-01     0.11205612E-01     141     0.37582316E-01
 0.11900000E+02     0.18891313E+01     0.17283356E-01     0.20000000E+02    -0.14509457E+00     0.18430568E-01     0.50000001E-01     0.11404995E-01     141     0.37582316E-01
 0.12000000E+02     0.18968418E+01     0.17408807E-01     0.20000000E+02    -0.14435396E+00     0.18971896E-01     0.50000001E-01     0.11538088E-01     141     0.37582316E-01
 0.12099998E+02     0.18962215E+01     0.17672107E-01     0.20000000E+02    -0.14197187E+00     0.18783389E-01     0.50000001E-01     0.11810560E-01     141     0.37582316E-01
 0.12199999E+02     0.19003263E+01     0.17926600E-01     0.20000000E+02    -0.14058144E+00     0.18091705E-01     0.50000001E-01     0.12066128E-01     141     0.37582316E-01
 0.12299999E+02     0.19065926E+01     0.18130785E-01     0.20000000E+02    -0.13960786E+00     0.17946677E-01     0.50000001E-01     0.12274126E-01     141     0.37582316E-01
 0.12400001E+02     0.19129126E+01     0.18340060E-01     0.20000000E+02    -0.13865584E+00     0.17811215E-01     0.50000001E-01     0.12487184E-01     141     0.37582316E-01
 0.12499997E+02     0.19195259E+01     0.18546335E-01     0.20000000E+02    -0.13776511E+00     0.17719544E-01     0.50000001E-01     0.12697423E-01     141     0.37582316E-01
 0.12599998E+02     0.19259589E+01     0.18765528E-01     0.20000000E+02    -0.13685367E+00     0.17532324E-01     0.50000001E-01     0.12920482E-01     142     0.41344337E-01
 0.12699999E+02     0.19322317E+01     0.18990213E-01     0.20000000E+02    -0.13591810E+00     0.17421605E-01     0.50000001E-01     0.13149541E-01     142     0.41344337E-01
 0.12800000E+02     0.19384897E+01     0.19219233E-01     0.20000000E+02    -0.13498752E+00     0.17307987E-01     0.50000001E-01     0.13383441E-01     142     0.41344337E-01
 0.12900001E+02     0.19447862E+01     0.19453384E-01     0.20000000E+02    -0.13407603E+00     0.17149361E-01     0.50000001E-01     0.13622133E-01     142     0.41344337E-01
 0.12999998E+02     0.19510236E+01     0.19693820E-01     0.20000000E+02    -0.13315885E+00     0.17040009E-01     0.50000001E-01     0.13867579E-01     142     0.41344337E-01
 0.13099999E+02     0.19568332E+01     0.19950913E-01     0.20000000E+02    -0.13217443E+00     0.16878854E-01     0.50000001E-01     0.14130181E-01     142     0.41344337E-01
 0.13200000E+02     0.19627724E+01     0.20209804E-01     0.20000000E+02    -0.13122424E+00     0.16774010E-01     0.50000001E-01     0.14393892E-01     142     0.41344337E-01
 0.13300000E+02     0.19687269E+01     0.20474419E-01     0.20000000E+02    -0.13028821E+00     0.16674627E-01     0.50000001E-01     0.14664000E-01     142     0.41344337E-01
 0.13399998E+02     0.19740760E+01     0.20765537E-01     0.20000000E+02    -0.12925671E+00     0.16531933E-01     0.50000001E-01     0.14961418E-01     143     0.45449886E-01
 0.13499999E+02     0.19794384E+01     0.21062981E-01     0.20000000E+02    -0.12824073E+00     0.16418403E-01     0.50000001E-01     0.15265167E-01     143     0.45449886E-01
 0.13599999E+02     0.19851320E+01     0.21352176E-01     0.20000000E+02    -0.12728941E+00     0.16381076E-01     0.50000001E-01     0.15560872E-01     143     0.45449886E-01
 0.13700001E+02     0.19899665E+01     0.21683287E-01     0.20000000E+02    -0.12621233E+00     0.16238945E-01     0.50000001E-01     0.15898691E-01     143     0.45449886E-01
 0.13799997E+02     0.19948643E+01     0.22017622E-01     0.20000000E+02    -0.12515531E+00     0.16148642E-01     0.50000001E-01     0.16240226E-01     143     0.45449886E-01
 0.13899999E+02     0.19999274E+01     0.22353362E-01     0.20000000E+02    -0.12414179E+00     0.16062360E-01     0.50000001E-01     0.16583078E-01     143     0.45449886E-01
 0.13999999E+02     0.20039828E+01     0.22740297E-01     0.20000000E+02    -0.12298627E+00     0.15904436E-01     0.50000001E-01     0.16977549E-01     143     0.45449886E-01
 0.14100000E+02     0.20085833E+01     0.23109201E-01     0.20000000E+02    -0.12192763E+00     0.15859935E-01     0.50000001E-01     0.17354546E-01     143     0.45449886E-01
 0.14199998E+02     0.20124583E+01     0.23522699E-01     0.20000000E+02    -0.12078229E+00     0.15683679E-01     0.50000001E-01     0.17775729E-01     143     0.45449886E-01
 0.14299998E+02     0.20140109E+01     0.24064161E-01     0.20000000E+02    -0.11932091E+00     0.15121823E-01     0.50000001E-01     0.18323366E-01     143     0.45449886E-01
 0.14400000E+02     0.20304143E+01     0.24319308E-01     0.20000000E+02    -0.12061446E+00     0.15485264E-01     0.39917651E+00     0.18903207E-01     144     0.49946301E-01
 0.14500000E+02     0.20314248E+01     0.24928005E-01     0.20000000E+02    -0.11911344E+00     0.14837582E-01     0.39957365E+00     0.19517843E-01     144     0.49946301E-01
 0.14600000E+02     0.20350764E+01     0.25395820E-01     0.20000000E+02    -0.11800203E+00     0.14845603E-01     0.39989191E+00     0.19994417E-01     144     0.49946301E-01
 0.14699998E+02     0.20396087E+01     0.25811639E-01     0.20000000E+02    -0.11703232E+00     0.15163655E-01     0.40037251E+00     0.20421011E-01     144     0.49946301E-01
 0.14799999E+02     0.20405569E+01     0.26456937E-01     0.20000000E+02    -0.11561721E+00     0.14561302E-01     0.40064952E+00     0.21074606E-01     144     0.49946301E-01
 0.14900000E+02     0.20428467E+01     0.27039934E-01     0.20000000E+02    -0.11440776E+00     0.14520932E-01     0.40100309E+00     0.21668736E-01     144     0.49946301E-01
 0.15000001E+02     0.20471091E+01     0.27493604E-01     0.20000000E+02    -0.11347880E+00     0.14987832E-01     0.40152287E+00     0.22134546E-01     144     0.49946301E-01
 0.15099998E+02     0.20465307E+01     0.28280446E-01     0.20000000E+02    -0.11199420E+00     0.14360942E-01     0.40178895E+00     0.22932094E-01     144     0.49946301E-01
 0.15199999E+02     0.20481026E+01     0.28945081E-01     0.20000000E+02    -0.11081684E+00     0.14385135E-01     0.40214986E+00     0.23610042E-01     144     0.49946301E-01
 0.15299999E+02     0.20487478E+01     0.29678430E-01     0.20000000E+02    -0.10958365E+00     0.14241216E-01     0.40252757E+00     0.24357304E-01     144     0.49946301E-01
 0.15400001E+02     0.20489893E+01     0.30465676E-01     0.20000000E+02    -0.10836199E+00     0.14182665E-01     0.40274572E+00     0.25159961E-01     144     0.49946301E-01
 0.15499998E+02     0.20483758E+01     0.31325892E-01     0.20000000E+02    -0.10712723E+00     0.14101370E-01     0.40308470E+00     0.26037967E-01     145     0.54887790E-01
 0.15599998E+02     0.20470903E+01     0.32248378E-01     0.20000000E+02    -0.10590366E+00     0.14029131E-01     0.40342128E+00     0.26979648E-01     145     0.54887790E-01
 0.15699999E+02     0.20454450E+01     0.33240519E-01     0.20000000E+02    -0.10474939E+00     0.14008254E-01     0.40579599E+00     0.27996000E-01     145     0.54887790E-01
 0.15800000E+02     0.20377550E+01     0.34682348E-01     0.20000000E+02    -0.10324791E+00     0.13507554E-01     0.40390426E+00     0.29462773E-01     145     0.54887790E-01
 0.15899998E+02     0.20378406E+01     0.35589974E-01     0.20000000E+02    -0.10244531E+00     0.13893198E-01     0.40647593E+00     0.30397836E-01     145     0.54887790E-01
 0.15999998E+02     0.20327990E+01     0.36890183E-01     0.20000000E+02    -0.10142842E+00     0.13895557E-01     0.40653989E+00     0.31728372E-01     145     0.54887790E-01
 0.16099998E+02     0.20243406E+01     0.38481228E-01     0.20000000E+02    -0.10041504E+00     0.13801919E-01     0.40469182E+00     0.33354104E-01     145     0.54887790E-01
 0.16200001E+02     0.20163283E+01     0.40067617E-01     0.20000000E+02    -0.99653572E-01     0.13831237E-01     0.40702739E+00     0.34983363E-01     145     0.54887790E-01
 0.16300001E+02     0.20031846E+01     0.42103391E-01     0.20000000E+02    -0.98991588E-01     0.13763157E-01     0.40713179E+00     0.37070189E-01     145     0.54887790E-01
 0.16399998E+02     0.19867982E+01     0.44433031E-01     0.20000000E+02    -0.98627508E-01     0.13789927E-01     0.40719852E+00     0.39461371E-01     145     0.54887790E-01
 0.16499998E+02     0.19670515E+01     0.47103088E-01     0.20000000E+02    -0.98603986E-01     0.13848856E-01     0.40722060E+00     0.42202547E-01     145     0.54887790E-01
 0.16600000E+02     0.19385968E+01     0.50583243E-01     0.20000000E+02    -0.99101469E-01     0.13925197E-01     0.40698668E+00     0.45775879E-01     145     0.54887790E-01
 0.16700001E+02     0.18991638E+01     0.54960601E-01     0.20000000E+02    -0.10021479E+00     0.13929706E-01     0.40671438E+00     0.50270874E-01     145     0.54887790E-01
 0.16799997E+02     0.18359857E+01     0.60822625E-01     0.20000000E+02    -0.10227173E+00     0.14083581E-01     0.40374783E+00     0.56299314E-01     144     0.49946301E-01
 0.17100000E+02     0.16270164E+01     0.84184065E-01     0.20000000E+02    -0.10930538E+00     0.14961794E-01     0.50000001E-01     0.79795986E-01     143     0.45449886E-01
 0.17199997E+02     0.16058484E+01     0.88014580E-01     0.20000000E+02    -0.11106157E+00     0.14966402E-01     0.50000001E-01     0.83683923E-01     143     0.45449886E-01
