  
       RFOIL         Version 3.00
  
 Calculated polar for: OSO_2025_WT2_T24                
  
 1  Reynolds number fixed
  
 xtrf =      1.00000000 (suction)     1.00000000 (pressure)
 Rot. Parameters:  f0 =      1.00000000 c/r =      0.00000000
 Mach =      0.00000000     Re =      9.00000000 e 6     Ncrit =      9.00000000
  
             alpha                CL                CD            Re(CL)                CM             S_xtr             P_xtr               CDp            I_stag            X_stag
  ------- -------- --------- --------- -------- ------- ------- -------- 
-0.23900000E+02    -0.11333003E+01     0.14311042E+00     0.90000000E+01    -0.36695863E-02     0.99866372E+00     0.36308024E-01     0.14113164E+00      87     0.70922226E-01
-0.23800001E+02    -0.11296543E+01     0.14230186E+00     0.90000000E+01    -0.43926341E-02     0.99864954E+00     0.36416430E-01     0.14031827E+00      87     0.70922226E-01
-0.23700001E+02    -0.11256553E+01     0.14142826E+00     0.90000000E+01    -0.53333631E-02     0.99861854E+00     0.36587954E-01     0.13944022E+00      87     0.70922226E-01
-0.23600000E+02    -0.11225221E+01     0.14050297E+00     0.90000000E+01    -0.62028067E-02     0.99859411E+00     0.36747947E-01     0.13850825E+00      87     0.70922226E-01
-0.23500000E+02    -0.11208194E+01     0.13936546E+00     0.90000000E+01    -0.71110935E-02     0.99858111E+00     0.36872946E-01     0.13736001E+00      87     0.70922226E-01
-0.23400002E+02    -0.11198287E+01     0.13793144E+00     0.90000000E+01    -0.83569475E-02     0.99855524E+00     0.36952130E-01     0.13590895E+00      87     0.70922226E-01
-0.23300001E+02    -0.11154661E+01     0.13713817E+00     0.90000000E+01    -0.92335781E-02     0.99852341E+00     0.37084077E-01     0.13510938E+00      87     0.70922226E-01
-0.23100000E+02    -0.11065300E+01     0.13567236E+00     0.90000000E+01    -0.10708313E-01     0.99847716E+00     0.37361410E-01     0.13363324E+00      87     0.70922226E-01
-0.23000002E+02    -0.11025672E+01     0.13478589E+00     0.90000000E+01    -0.11621383E-01     0.99844581E+00     0.37347071E-01     0.13273926E+00      87     0.70922226E-01
-0.22900002E+02    -0.10975776E+01     0.13398735E+00     0.90000000E+01    -0.12434105E-01     0.99841356E+00     0.37424453E-01     0.13193229E+00      88     0.64354502E-01
-0.22800001E+02    -0.10950661E+01     0.13307205E+00     0.90000000E+01    -0.13151161E-01     0.99840003E+00     0.37477996E-01     0.13100772E+00      88     0.64354502E-01
-0.22700001E+02    -0.10929667E+01     0.13162985E+00     0.90000000E+01    -0.14432712E-01     0.99836314E+00     0.37669517E-01     0.12954554E+00      88     0.64354502E-01
-0.22600002E+02    -0.10889672E+01     0.13082878E+00     0.90000000E+01    -0.15235477E-01     0.99834156E+00     0.37537932E-01     0.12873971E+00      88     0.64354502E-01
-0.22500000E+02    -0.10855747E+01     0.12997583E+00     0.90000000E+01    -0.15985988E-01     0.99831849E+00     0.37897758E-01     0.12787960E+00      88     0.64354502E-01
-0.22400002E+02    -0.10818098E+01     0.12911832E+00     0.90000000E+01    -0.16857823E-01     0.99828732E+00     0.38106281E-01     0.12701908E+00      88     0.64354502E-01
-0.22300001E+02    -0.10783085E+01     0.12828852E+00     0.90000000E+01    -0.17567860E-01     0.99826574E+00     0.38342234E-01     0.12618522E+00      88     0.64354502E-01
-0.22200001E+02    -0.10750451E+01     0.12738954E+00     0.90000000E+01    -0.18343823E-01     0.99824286E+00     0.38524564E-01     0.12528175E+00      88     0.64354502E-01
-0.22100000E+02    -0.10728843E+01     0.12620591E+00     0.90000000E+01    -0.19404521E-01     0.99821532E+00     0.38748324E-01     0.12408978E+00      88     0.64354502E-01
-0.22000000E+02    -0.10706428E+01     0.12495803E+00     0.90000000E+01    -0.20474691E-01     0.99818718E+00     0.38769543E-01     0.12282750E+00      88     0.64354502E-01
-0.21900002E+02    -0.10654429E+01     0.12420913E+00     0.90000000E+01    -0.21227047E-01     0.99815685E+00     0.38792994E-01     0.12207213E+00      88     0.64354502E-01
-0.21800001E+02    -0.10615349E+01     0.12328783E+00     0.90000000E+01    -0.22195498E-01     0.99811715E+00     0.39084680E-01     0.12115190E+00      88     0.64354502E-01
-0.21700001E+02    -0.10573797E+01     0.12254666E+00     0.90000000E+01    -0.22810176E-01     0.99809384E+00     0.39132334E-01     0.12040682E+00      88     0.64354502E-01
-0.21600000E+02    -0.10533561E+01     0.12178883E+00     0.90000000E+01    -0.23457771E-01     0.99807340E+00     0.39269984E-01     0.11964396E+00      89     0.58118239E-01
-0.21500002E+02    -0.10502018E+01     0.12090138E+00     0.90000000E+01    -0.24192577E-01     0.99804801E+00     0.39603151E-01     0.11875629E+00      89     0.58118239E-01
-0.21400000E+02    -0.10484018E+01     0.11984476E+00     0.90000000E+01    -0.24875442E-01     0.99803340E+00     0.39731372E-01     0.11768953E+00      89     0.58118239E-01
-0.21300001E+02    -0.10458988E+01     0.11859914E+00     0.90000000E+01    -0.25955196E-01     0.99799883E+00     0.39922643E-01     0.11643493E+00      89     0.58118239E-01
-0.21200001E+02    -0.10409935E+01     0.11786471E+00     0.90000000E+01    -0.26677657E-01     0.99796563E+00     0.39907839E-01     0.11569335E+00      89     0.58118239E-01
-0.21100002E+02    -0.10364624E+01     0.11708492E+00     0.90000000E+01    -0.27409516E-01     0.99793750E+00     0.40183336E-01     0.11491305E+00      89     0.58118239E-01
-0.21000000E+02    -0.10326681E+01     0.11641667E+00     0.90000000E+01    -0.27813124E-01     0.99792421E+00     0.40384121E-01     0.11424245E+00      89     0.58118239E-01
-0.20900000E+02    -0.10273738E+01     0.11567298E+00     0.90000000E+01    -0.28550146E-01     0.99789178E+00     0.40426359E-01     0.11349407E+00      89     0.58118239E-01
-0.20800001E+02    -0.10220414E+01     0.11485506E+00     0.90000000E+01    -0.29439222E-01     0.99784881E+00     0.40500037E-01     0.11267018E+00      89     0.58118239E-01
-0.20700003E+02    -0.10184660E+01     0.11411596E+00     0.90000000E+01    -0.29878749E-01     0.99783510E+00     0.40581282E-01     0.11192631E+00      89     0.58118239E-01
-0.20600000E+02    -0.10156492E+01     0.11303648E+00     0.90000000E+01    -0.30667881E-01     0.99780893E+00     0.40706135E-01     0.11083684E+00      89     0.58118239E-01
-0.20400002E+02    -0.10077286E+01     0.11128266E+00     0.90000000E+01    -0.32172631E-01     0.99775422E+00     0.41056927E-01     0.10906705E+00      89     0.58118239E-01
-0.20300001E+02    -0.10026786E+01     0.11057277E+00     0.90000000E+01    -0.32737188E-01     0.99772650E+00     0.41124072E-01     0.10835262E+00      90     0.52246086E-01
-0.20200001E+02    -0.99711794E+00     0.10990205E+00     0.90000000E+01    -0.33356018E-01     0.99769419E+00     0.41254252E-01     0.10767569E+00      90     0.52246086E-01
-0.20100000E+02    -0.99155217E+00     0.10916526E+00     0.90000000E+01    -0.34091812E-01     0.99765563E+00     0.41278690E-01     0.10693454E+00      90     0.52246086E-01
-0.20000002E+02    -0.98716754E+00     0.10857587E+00     0.90000000E+01    -0.34372777E-01     0.99765015E+00     0.41311886E-01     0.10634003E+00      90     0.52246086E-01
-0.19900000E+02    -0.98215109E+00     0.10779401E+00     0.90000000E+01    -0.35101391E-01     0.99761200E+00     0.41680813E-01     0.10555214E+00      90     0.52246086E-01
-0.19800001E+02    -0.97778451E+00     0.10689195E+00     0.90000000E+01    -0.35922013E-01     0.99757338E+00     0.41722588E-01     0.10464447E+00      90     0.52246086E-01
-0.19700001E+02    -0.97724414E+00     0.10547697E+00     0.90000000E+01    -0.36834098E-01     0.99755174E+00     0.42122025E-01     0.10321893E+00      90     0.52246086E-01
-0.19600000E+02    -0.97238529E+00     0.10474629E+00     0.90000000E+01    -0.37517328E-01     0.99751902E+00     0.42182609E-01     0.10248346E+00      90     0.52246086E-01
-0.19500000E+02    -0.96758622E+00     0.10405570E+00     0.90000000E+01    -0.38046818E-01     0.99749297E+00     0.42268835E-01     0.10178949E+00      90     0.52246086E-01
-0.19400002E+02    -0.96343344E+00     0.10339805E+00     0.90000000E+01    -0.38427997E-01     0.99747670E+00     0.42510603E-01     0.10113022E+00      90     0.52246086E-01
-0.19300001E+02    -0.95916945E+00     0.10267638E+00     0.90000000E+01    -0.38950380E-01     0.99745154E+00     0.42852823E-01     0.10040990E+00      90     0.52246086E-01
-0.19200001E+02    -0.95342165E+00     0.10186758E+00     0.90000000E+01    -0.39833855E-01     0.99740064E+00     0.43085296E-01     0.99599257E-01      91     0.46763554E-01
-0.19100000E+02    -0.94947922E+00     0.10113880E+00     0.90000000E+01    -0.40300764E-01     0.99738127E+00     0.43321460E-01     0.98871231E-01      91     0.46763554E-01
-0.19000002E+02    -0.94487643E+00     0.10031281E+00     0.90000000E+01    -0.40973153E-01     0.99734551E+00     0.43420311E-01     0.98039858E-01      91     0.46763554E-01
-0.18900002E+02    -0.94281793E+00     0.99112548E-01     0.90000000E+01    -0.41790556E-01     0.99731880E+00     0.43592054E-01     0.96829295E-01      91     0.46763554E-01
-0.18800001E+02    -0.93910027E+00     0.98307438E-01     0.90000000E+01    -0.42286802E-01     0.99729902E+00     0.43646321E-01     0.96018560E-01      91     0.46763554E-01
-0.18700001E+02    -0.93357354E+00     0.97553380E-01     0.90000000E+01    -0.43020364E-01     0.99725455E+00     0.43941766E-01     0.95264912E-01      91     0.46763554E-01
-0.18600000E+02    -0.92893827E+00     0.96918650E-01     0.90000000E+01    -0.43395564E-01     0.99723721E+00     0.44084165E-01     0.94628453E-01      91     0.46763554E-01
-0.18500002E+02    -0.92296791E+00     0.96178778E-01     0.90000000E+01    -0.44148188E-01     0.99718708E+00     0.44262931E-01     0.93886368E-01      91     0.46763554E-01
-0.18400000E+02    -0.91774452E+00     0.95521584E-01     0.90000000E+01    -0.44638339E-01     0.99715948E+00     0.44419803E-01     0.93226910E-01      91     0.46763554E-01
-0.18300001E+02    -0.91257370E+00     0.94850570E-01     0.90000000E+01    -0.45134313E-01     0.99713129E+00     0.44510063E-01     0.92552416E-01      91     0.46763554E-01
-0.18200001E+02    -0.90655327E+00     0.94073348E-01     0.90000000E+01    -0.45917198E-01     0.99707818E+00     0.44623610E-01     0.91771066E-01      91     0.46763554E-01
-0.18100002E+02    -0.90206093E+00     0.93286030E-01     0.90000000E+01    -0.46483744E-01     0.99704868E+00     0.44841710E-01     0.90979591E-01      91     0.46763554E-01
-0.18000000E+02    -0.89891654E+00     0.92089005E-01     0.90000000E+01    -0.47432810E-01     0.99700159E+00     0.45020919E-01     0.89769863E-01      92     0.41686684E-01
-0.17900000E+02    -0.89397365E+00     0.91352187E-01     0.90000000E+01    -0.47959063E-01     0.99697316E+00     0.45138631E-01     0.89028023E-01      92     0.41686684E-01
-0.17800001E+02    -0.88838506E+00     0.90671182E-01     0.90000000E+01    -0.48449546E-01     0.99693912E+00     0.45221291E-01     0.88343471E-01      92     0.41686684E-01
-0.17700001E+02    -0.88232952E+00     0.90058319E-01     0.90000000E+01    -0.48956424E-01     0.99690413E+00     0.45332659E-01     0.87726362E-01      92     0.41686684E-01
-0.17600000E+02    -0.87643600E+00     0.89434184E-01     0.90000000E+01    -0.49440518E-01     0.99687064E+00     0.45414954E-01     0.87098047E-01      92     0.41686684E-01
-0.17500000E+02    -0.87080353E+00     0.88804170E-01     0.90000000E+01    -0.49958374E-01     0.99683332E+00     0.45556378E-01     0.86462684E-01      92     0.41686684E-01
-0.17400002E+02    -0.86509222E+00     0.88054150E-01     0.90000000E+01    -0.50632130E-01     0.99678189E+00     0.45823570E-01     0.85710764E-01      92     0.41686684E-01
-0.17300001E+02    -0.86014682E+00     0.87357424E-01     0.90000000E+01    -0.51169232E-01     0.99674523E+00     0.46162043E-01     0.85012779E-01      92     0.41686684E-01
-0.17200001E+02    -0.85432732E+00     0.86486094E-01     0.90000000E+01    -0.52091654E-01     0.99666405E+00     0.46385396E-01     0.84139079E-01      92     0.41686684E-01
-0.17100000E+02    -0.85081357E+00     0.85331827E-01     0.90000000E+01    -0.53038355E-01     0.99659860E+00     0.46706796E-01     0.82976997E-01      92     0.41686684E-01
-0.17000002E+02    -0.84765774E+00     0.84557392E-01     0.90000000E+01    -0.53331163E-01     0.99660110E+00     0.46844885E-01     0.82197890E-01      92     0.41686684E-01
-0.16900000E+02    -0.84081960E+00     0.83804101E-01     0.90000000E+01    -0.54232012E-01     0.99650598E+00     0.47099717E-01     0.81443854E-01      93     0.37020490E-01
-0.16800001E+02    -0.83565599E+00     0.83100356E-01     0.90000000E+01    -0.54773469E-01     0.99645972E+00     0.47525696E-01     0.80743589E-01      93     0.37020490E-01
-0.16600000E+02    -0.82368487E+00     0.81742570E-01     0.90000000E+01    -0.56020126E-01     0.99633503E+00     0.47925934E-01     0.79385325E-01      93     0.37020490E-01
-0.16500000E+02    -0.81618941E+00     0.80968954E-01     0.90000000E+01    -0.57033759E-01     0.99620223E+00     0.48084244E-01     0.78609712E-01      93     0.37020490E-01
-0.16400002E+02    -0.81053466E+00     0.80219105E-01     0.90000000E+01    -0.57670712E-01     0.99613512E+00     0.48360359E-01     0.77859253E-01      93     0.37020490E-01
-0.16300001E+02    -0.80530804E+00     0.79431012E-01     0.90000000E+01    -0.58347631E-01     0.99606544E+00     0.48585515E-01     0.77067502E-01      93     0.37020490E-01
-0.16200001E+02    -0.80181295E+00     0.78291431E-01     0.90000000E+01    -0.59219129E-01     0.99599242E+00     0.48703145E-01     0.75916894E-01      93     0.37020490E-01
-0.16100000E+02    -0.79487413E+00     0.77507317E-01     0.90000000E+01    -0.60161717E-01     0.99585485E+00     0.48943758E-01     0.75130060E-01      93     0.37020490E-01
-0.16000002E+02    -0.78829139E+00     0.76833814E-01     0.90000000E+01    -0.60815997E-01     0.99576712E+00     0.49136281E-01     0.74454069E-01      94     0.32759186E-01
-0.15900001E+02    -0.78151453E+00     0.76166227E-01     0.90000000E+01    -0.61495647E-01     0.99566817E+00     0.49273614E-01     0.73784173E-01      94     0.32759186E-01
-0.15800000E+02    -0.77451670E+00     0.75506106E-01     0.90000000E+01    -0.62206719E-01     0.99555904E+00     0.49519084E-01     0.73122032E-01      94     0.32759186E-01
-0.15700001E+02    -0.76728612E+00     0.74850366E-01     0.90000000E+01    -0.62938906E-01     0.99544364E+00     0.49672924E-01     0.72463274E-01      94     0.32759186E-01
-0.15600002E+02    -0.75996482E+00     0.74202411E-01     0.90000000E+01    -0.63705996E-01     0.99530137E+00     0.49816191E-01     0.71811892E-01      94     0.32759186E-01
-0.15500001E+02    -0.75154626E+00     0.73494732E-01     0.90000000E+01    -0.64734548E-01     0.99499118E+00     0.49925365E-01     0.71099237E-01      94     0.32759186E-01
-0.15400001E+02    -0.74864537E+00     0.72886758E-01     0.90000000E+01    -0.64553522E-01     0.99409306E+00     0.50116550E-01     0.70486605E-01      94     0.32759186E-01
-0.15300001E+02    -0.74648732E+00     0.72002470E-01     0.90000000E+01    -0.64770192E-01     0.99326098E+00     0.50425187E-01     0.69596052E-01      94     0.32759186E-01
-0.15200001E+02    -0.74356109E+00     0.71091436E-01     0.90000000E+01    -0.65176152E-01     0.99245751E+00     0.50645657E-01     0.68678036E-01      94     0.32759186E-01
-0.15100001E+02    -0.73763698E+00     0.70416711E-01     0.90000000E+01    -0.65718740E-01     0.99055380E+00     0.51043075E-01     0.68002410E-01      94     0.32759186E-01
-0.15000001E+02    -0.73198396E+00     0.69770724E-01     0.90000000E+01    -0.66151179E-01     0.98652226E+00     0.51341224E-01     0.67354068E-01      95     0.28887654E-01
-0.14700002E+02    -0.71896380E+00     0.68702929E-01     0.90000000E+01    -0.65903902E-01     0.68956935E+00     0.52292664E-01     0.65278515E-01      95     0.28887654E-01
-0.14600000E+02    -0.71381277E+00     0.68172947E-01     0.90000000E+01    -0.66144630E-01     0.67210972E+00     0.52341588E-01     0.64689294E-01      95     0.28887654E-01
-0.14500000E+02    -0.70927525E+00     0.67548476E-01     0.90000000E+01    -0.66423491E-01     0.65719247E+00     0.52589305E-01     0.64020999E-01      95     0.28887654E-01
-0.14400001E+02    -0.70647359E+00     0.66635773E-01     0.90000000E+01    -0.66833295E-01     0.64484918E+00     0.52997582E-01     0.63072614E-01      95     0.28887654E-01
-0.14300001E+02    -0.70314461E+00     0.65827437E-01     0.90000000E+01    -0.67222230E-01     0.63383627E+00     0.53157985E-01     0.62227380E-01      95     0.28887654E-01
-0.14200001E+02    -0.69799745E+00     0.65285198E-01     0.90000000E+01    -0.67465402E-01     0.62276220E+00     0.53437904E-01     0.61653357E-01      95     0.28887654E-01
-0.14100001E+02    -0.69268370E+00     0.64787224E-01     0.90000000E+01    -0.67687601E-01     0.60351211E+00     0.53649940E-01     0.61097555E-01      95     0.28887654E-01
-0.14000001E+02    -0.68722141E+00     0.64227656E-01     0.90000000E+01    -0.67935206E-01     0.60372090E+00     0.53824164E-01     0.60536850E-01      96     0.25384178E-01
-0.13900002E+02    -0.68179828E+00     0.63714020E-01     0.90000000E+01    -0.68164237E-01     0.58775389E+00     0.54090489E-01     0.59974570E-01      96     0.25384178E-01
-0.13800001E+02    -0.67639250E+00     0.63174859E-01     0.90000000E+01    -0.68405420E-01     0.58098781E+00     0.54353550E-01     0.59417769E-01      96     0.25384178E-01
-0.13700001E+02    -0.67097765E+00     0.62644519E-01     0.90000000E+01    -0.68652540E-01     0.57412779E+00     0.54541346E-01     0.58861811E-01      96     0.25384178E-01
-0.13600001E+02    -0.66580141E+00     0.62039386E-01     0.90000000E+01    -0.68921886E-01     0.56835872E+00     0.54723617E-01     0.58239263E-01      96     0.25384178E-01
-0.13500001E+02    -0.66185927E+00     0.61289843E-01     0.90000000E+01    -0.69280908E-01     0.56265610E+00     0.54836333E-01     0.57463627E-01      96     0.25384178E-01
-0.13400001E+02    -0.65844744E+00     0.60449816E-01     0.90000000E+01    -0.69671266E-01     0.55775243E+00     0.55033822E-01     0.56600217E-01      96     0.25384178E-01
-0.13300000E+02    -0.65332872E+00     0.59902091E-01     0.90000000E+01    -0.69905356E-01     0.55281681E+00     0.55421881E-01     0.56039274E-01      96     0.25384178E-01
-0.13200001E+02    -0.64818203E+00     0.59360210E-01     0.90000000E+01    -0.70130020E-01     0.54746854E+00     0.55804204E-01     0.55479240E-01      96     0.25384178E-01
-0.13100000E+02    -0.64289123E+00     0.58821134E-01     0.90000000E+01    -0.70356421E-01     0.54320604E+00     0.56145310E-01     0.54930430E-01      97     0.22222305E-01
-0.13000001E+02    -0.63769430E+00     0.58277108E-01     0.90000000E+01    -0.70585474E-01     0.53899747E+00     0.56474935E-01     0.54374740E-01      97     0.22222305E-01
-0.12900001E+02    -0.63260788E+00     0.57722639E-01     0.90000000E+01    -0.70816405E-01     0.53428847E+00     0.56795198E-01     0.53803790E-01      97     0.22222305E-01
-0.12800001E+02    -0.62786102E+00     0.57128295E-01     0.90000000E+01    -0.71070090E-01     0.52696866E+00     0.57118710E-01     0.53191599E-01      97     0.22222305E-01
-0.12700001E+02    -0.62425661E+00     0.56368094E-01     0.90000000E+01    -0.71396671E-01     0.52338105E+00     0.57415918E-01     0.52416448E-01      97     0.22222305E-01
-0.12600001E+02    -0.62176162E+00     0.55455577E-01     0.90000000E+01    -0.71810737E-01     0.51993930E+00     0.57687234E-01     0.51486321E-01      97     0.22222305E-01
-0.12500001E+02    -0.61648834E+00     0.54914240E-01     0.90000000E+01    -0.72030134E-01     0.51668185E+00     0.57956234E-01     0.50937656E-01      97     0.22222305E-01
-0.12400002E+02    -0.61126280E+00     0.54388650E-01     0.90000000E+01    -0.72245143E-01     0.51349503E+00     0.58305077E-01     0.50404549E-01      97     0.22222305E-01
-0.12300001E+02    -0.60583872E+00     0.53871103E-01     0.90000000E+01    -0.72452538E-01     0.51019698E+00     0.58581430E-01     0.49875379E-01      97     0.22222305E-01
-0.12200001E+02    -0.60043228E+00     0.53349663E-01     0.90000000E+01    -0.72665058E-01     0.50662774E+00     0.58914576E-01     0.49342141E-01      97     0.22222305E-01
-0.12100001E+02    -0.59502488E+00     0.52829351E-01     0.90000000E+01    -0.72886631E-01     0.50390971E+00     0.59195708E-01     0.48814390E-01      98     0.19374071E-01
-0.12000000E+02    -0.58988488E+00     0.52266169E-01     0.90000000E+01    -0.73118761E-01     0.50119561E+00     0.59509173E-01     0.48242293E-01      98     0.19374071E-01
-0.11900001E+02    -0.58564919E+00     0.51578898E-01     0.90000000E+01    -0.73417157E-01     0.49855188E+00     0.59695840E-01     0.47541115E-01      98     0.19374071E-01
-0.11800000E+02    -0.58288693E+00     0.50697375E-01     0.90000000E+01    -0.73806815E-01     0.49586794E+00     0.59879214E-01     0.46640903E-01      98     0.19374071E-01
-0.11700001E+02    -0.57703739E+00     0.50220612E-01     0.90000000E+01    -0.74005224E-01     0.49051568E+00     0.60167987E-01     0.46147592E-01      98     0.19374071E-01
-0.11600000E+02    -0.57140219E+00     0.49730174E-01     0.90000000E+01    -0.74205346E-01     0.48806360E+00     0.60652137E-01     0.45647543E-01      98     0.19374071E-01
-0.11500001E+02    -0.56610674E+00     0.49211260E-01     0.90000000E+01    -0.74404970E-01     0.48811102E+00     0.61123617E-01     0.45129545E-01      98     0.19374071E-01
-0.11400001E+02    -0.56072491E+00     0.48722401E-01     0.90000000E+01    -0.74599370E-01     0.48312280E+00     0.61516803E-01     0.44623252E-01      98     0.19374071E-01
-0.11300001E+02    -0.55558354E+00     0.48184879E-01     0.90000000E+01    -0.74809544E-01     0.48034582E+00     0.61909385E-01     0.44076391E-01      99     0.16811348E-01
-0.11200001E+02    -0.55092424E+00     0.47590304E-01     0.90000000E+01    -0.75049646E-01     0.47828791E+00     0.62285222E-01     0.43476548E-01      99     0.16811348E-01
-0.11100001E+02    -0.54918534E+00     0.46636686E-01     0.90000000E+01    -0.75466402E-01     0.47647157E+00     0.62685244E-01     0.42511296E-01      99     0.16811348E-01
-0.11000001E+02    -0.54474151E+00     0.46035305E-01     0.90000000E+01    -0.75707369E-01     0.47446379E+00     0.63041039E-01     0.41903842E-01      99     0.16811348E-01
-0.10900001E+02    -0.53951299E+00     0.45526575E-01     0.90000000E+01    -0.75900570E-01     0.47233459E+00     0.63418634E-01     0.41389126E-01      99     0.16811348E-01
-0.10800001E+02    -0.53422451E+00     0.45026541E-01     0.90000000E+01    -0.76087981E-01     0.47008967E+00     0.63767076E-01     0.40881552E-01      99     0.16811348E-01
-0.10700001E+02    -0.52895784E+00     0.44520047E-01     0.90000000E+01    -0.76278634E-01     0.46751404E+00     0.64147167E-01     0.40367726E-01      99     0.16811348E-01
-0.10600001E+02    -0.52378899E+00     0.43999366E-01     0.90000000E+01    -0.76481238E-01     0.46566060E+00     0.64522728E-01     0.39842211E-01      99     0.16811348E-01
-0.10500001E+02    -0.51910037E+00     0.43414984E-01     0.90000000E+01    -0.76714627E-01     0.46388435E+00     0.64885207E-01     0.39251834E-01      99     0.16811348E-01
-0.10400002E+02    -0.51738596E+00     0.42481236E-01     0.90000000E+01    -0.77125393E-01     0.46233913E+00     0.65139525E-01     0.38303494E-01     100     0.14507390E-01
-0.10300000E+02    -0.51213449E+00     0.41968927E-01     0.90000000E+01    -0.77324770E-01     0.46044734E+00     0.65446511E-01     0.37783388E-01     100     0.14507390E-01
-0.10200001E+02    -0.50660557E+00     0.41497286E-01     0.90000000E+01    -0.77502683E-01     0.45848340E+00     0.66094980E-01     0.37304569E-01     100     0.14507390E-01
-0.10100000E+02    -0.50070453E+00     0.41054249E-01     0.90000000E+01    -0.77672042E-01     0.45647210E+00     0.66137388E-01     0.36851313E-01     100     0.14507390E-01
-0.10000001E+02    -0.49492836E+00     0.40593080E-01     0.90000000E+01    -0.77844970E-01     0.45416704E+00     0.66416197E-01     0.36378555E-01     100     0.14507390E-01
-0.99000006E+01    -0.49031565E+00     0.40048592E-01     0.90000000E+01    -0.78046203E-01     0.45110694E+00     0.67291319E-01     0.35828877E-01     100     0.14507390E-01
-0.98000011E+01    -0.48624888E+00     0.39417572E-01     0.90000000E+01    -0.78299038E-01     0.44946748E+00     0.67818582E-01     0.35190985E-01     100     0.14507390E-01
-0.97000008E+01    -0.48493874E+00     0.38508222E-01     0.90000000E+01    -0.78689016E-01     0.44805890E+00     0.68286933E-01     0.34269422E-01     100     0.14507390E-01
-0.96000013E+01    -0.47987795E+00     0.38014989E-01     0.90000000E+01    -0.78869373E-01     0.44641110E+00     0.68782650E-01     0.33771008E-01     101     0.12437641E-01
-0.95000010E+01    -0.47495753E+00     0.37516300E-01     0.90000000E+01    -0.79044774E-01     0.44465992E+00     0.69292791E-01     0.33267483E-01     101     0.12437641E-01
-0.94000006E+01    -0.46993500E+00     0.37020903E-01     0.90000000E+01    -0.79222910E-01     0.44279090E+00     0.69685325E-01     0.32766208E-01     101     0.12437641E-01
-0.93000011E+01    -0.46546158E+00     0.36472823E-01     0.90000000E+01    -0.79426982E-01     0.44093940E+00     0.70160851E-01     0.32213517E-01     101     0.12437641E-01
-0.91999998E+01    -0.46321923E+00     0.35677727E-01     0.90000000E+01    -0.79758450E-01     0.43982074E+00     0.70540339E-01     0.31409889E-01     101     0.12437641E-01
-0.91000013E+01    -0.46034235E+00     0.34974609E-01     0.90000000E+01    -0.80044165E-01     0.43839115E+00     0.70928395E-01     0.30698484E-01     101     0.12437641E-01
-0.90000000E+01    -0.45524287E+00     0.34492880E-01     0.90000000E+01    -0.80216467E-01     0.43697128E+00     0.71412735E-01     0.30213187E-01     101     0.12437641E-01
-0.89000015E+01    -0.45002407E+00     0.34028545E-01     0.90000000E+01    -0.80379292E-01     0.43550658E+00     0.71821548E-01     0.29743521E-01     101     0.12437641E-01
-0.88000002E+01    -0.44502616E+00     0.33555184E-01     0.90000000E+01    -0.80548428E-01     0.43256706E+00     0.72254375E-01     0.29257428E-01     101     0.12437641E-01
-0.87000017E+01    -0.44081110E+00     0.32990497E-01     0.90000000E+01    -0.80765612E-01     0.43095633E+00     0.72661065E-01     0.28682629E-01     102     0.10580092E-01
-0.86000004E+01    -0.44005027E+00     0.32098293E-01     0.90000000E+01    -0.81146777E-01     0.42946622E+00     0.72972544E-01     0.27773796E-01     102     0.10580092E-01
-0.85000019E+01    -0.43531567E+00     0.31617489E-01     0.90000000E+01    -0.81313372E-01     0.42796245E+00     0.73611408E-01     0.27287330E-01     102     0.10580092E-01
-0.84000006E+01    -0.43059334E+00     0.31135529E-01     0.90000000E+01    -0.81477493E-01     0.42677447E+00     0.74217469E-01     0.26802633E-01     102     0.10580092E-01
-0.83000011E+01    -0.42643189E+00     0.30611565E-01     0.90000000E+01    -0.81659593E-01     0.42551634E+00     0.74900039E-01     0.26275637E-01     102     0.10580092E-01
-0.82000008E+01    -0.42526373E+00     0.29823076E-01     0.90000000E+01    -0.81966981E-01     0.42436072E+00     0.75487204E-01     0.25478477E-01     102     0.10580092E-01
-0.81000013E+01    -0.42510262E+00     0.28991533E-01     0.90000000E+01    -0.82277484E-01     0.42327672E+00     0.76360047E-01     0.24641026E-01     102     0.10580092E-01
-0.80000010E+01    -0.42146248E+00     0.28469631E-01     0.90000000E+01    -0.82439773E-01     0.42198491E+00     0.76915309E-01     0.24115276E-01     102     0.10580092E-01
-0.79000001E+01    -0.41831774E+00     0.27903827E-01     0.90000000E+01    -0.82621239E-01     0.42073828E+00     0.77417701E-01     0.23543039E-01     102     0.10580092E-01
-0.78000011E+01    -0.42142332E+00     0.26851207E-01     0.90000000E+01    -0.83010375E-01     0.41975784E+00     0.77813677E-01     0.22472646E-01     103     0.89153098E-02
-0.77000003E+01    -0.41834602E+00     0.26327975E-01     0.90000000E+01    -0.83140470E-01     0.41833100E+00     0.78292541E-01     0.21942439E-01     103     0.89153098E-02
-0.75000005E+01    -0.42273575E+00     0.24605332E-01     0.90000000E+01    -0.83459191E-01     0.41594580E+00     0.79060167E-01     0.20192787E-01     103     0.89153098E-02
-0.74000010E+01    -0.42420992E+00     0.23979627E-01     0.90000000E+01    -0.83149657E-01     0.41509244E+00     0.79504848E-01     0.19561417E-01     103     0.89153098E-02
-0.73000002E+01    -0.43674576E+00     0.22683535E-01     0.90000000E+01    -0.83490252E-01     0.41459799E+00     0.79574399E-01     0.18237960E-01     103     0.89153098E-02
-0.72000012E+01    -0.43076453E+00     0.22060951E-01     0.90000000E+01    -0.84725291E-01     0.41338214E+00     0.80104709E-01     0.17603997E-01     103     0.89153098E-02
-0.71000004E+01    -0.42600590E+00     0.20779813E-01     0.90000000E+01    -0.87836973E-01     0.41226512E+00     0.80721416E-01     0.16290708E-01     103     0.89153098E-02
-0.70000014E+01    -0.41600874E+00     0.20109290E-01     0.90000000E+01    -0.89876667E-01     0.40984210E+00     0.81809945E-01     0.15603449E-01     103     0.89153098E-02
-0.69000006E+01    -0.40411565E+00     0.18868307E-01     0.90000000E+01    -0.93915753E-01     0.40951082E+00     0.82877591E-01     0.14335711E-01     103     0.89153098E-02
-0.68000016E+01    -0.39056891E+00     0.18152760E-01     0.90000000E+01    -0.96614867E-01     0.40675437E+00     0.84063008E-01     0.13600803E-01     104     0.74266298E-02
-0.67000008E+01    -0.37399429E+00     0.17042115E-01     0.90000000E+01    -0.10093327E+00     0.40484291E+00     0.85213102E-01     0.12460110E-01     104     0.74266298E-02
-0.66000018E+01    -0.35810325E+00     0.16411297E-01     0.90000000E+01    -0.10366882E+00     0.40320042E+00     0.86368516E-01     0.11815494E-01     104     0.74266298E-02
-0.65000010E+01    -0.33939770E+00     0.15509116E-01     0.90000000E+01    -0.10764482E+00     0.40179345E+00     0.87576360E-01     0.10887265E-01     104     0.74266298E-02
-0.64000001E+01    -0.32110763E+00     0.14829541E-01     0.90000000E+01    -0.11090358E+00     0.40031499E+00     0.89968778E-01     0.10191198E-01     105     0.60997931E-02
-0.63000011E+01    -0.29961297E+00     0.13926283E-01     0.90000000E+01    -0.11536036E+00     0.39872220E+00     0.92084222E-01     0.92631923E-02     105     0.60997931E-02
-0.62000003E+01    -0.27718428E+00     0.13054533E-01     0.90000000E+01    -0.11986598E+00     0.39709744E+00     0.93929976E-01     0.83622448E-02     105     0.60997931E-02
-0.61000009E+01    -0.25545374E+00     0.12318363E-01     0.90000000E+01    -0.12383325E+00     0.39535141E+00     0.95843799E-01     0.75949561E-02     105     0.60997931E-02
-0.60000000E+01    -0.23475884E+00     0.11706313E-01     0.90000000E+01    -0.12725112E+00     0.39221993E+00     0.98077074E-01     0.69489870E-02     106     0.49227113E-02
-0.59000010E+01    -0.21198633E+00     0.10969728E-01     0.90000000E+01    -0.13131809E+00     0.39068142E+00     0.10104772E+00     0.61855377E-02     106     0.49227113E-02
-0.58000002E+01    -0.18974179E+00     0.10276580E-01     0.90000000E+01    -0.13510199E+00     0.38925332E+00     0.10373867E+00     0.54602064E-02     106     0.49227113E-02
-0.57000012E+01    -0.17009544E+00     0.97601479E-02     0.90000000E+01    -0.13789658E+00     0.38784683E+00     0.10628771E+00     0.49117962E-02     106     0.49227113E-02
-0.56000004E+01    -0.15078384E+00     0.92617264E-02     0.90000000E+01    -0.14054242E+00     0.38641131E+00     0.11028779E+00     0.43837344E-02     107     0.38855695E-02
-0.55000014E+01    -0.13588966E+00     0.91020754E-02     0.90000000E+01    -0.14156622E+00     0.38509089E+00     0.11341631E+00     0.42229793E-02     107     0.38855695E-02
-0.54000006E+01    -0.12061199E+00     0.89155035E-02     0.90000000E+01    -0.14271425E+00     0.38374653E+00     0.11998749E+00     0.40452876E-02     107     0.38855695E-02
-0.53000016E+01    -0.10607424E+00     0.87795090E-02     0.90000000E+01    -0.14359930E+00     0.38228303E+00     0.12442829E+00     0.39129723E-02     107     0.38855695E-02
-0.52000008E+01    -0.91253288E-01     0.86219078E-02     0.90000000E+01    -0.14457294E+00     0.38068444E+00     0.13117532E+00     0.37681614E-02     108     0.29804131E-02
-0.51000013E+01    -0.76464511E-01     0.84640170E-02     0.90000000E+01    -0.14552926E+00     0.37852865E+00     0.13924704E+00     0.36276504E-02     108     0.29804131E-02
-0.50000010E+01    -0.60711525E-01     0.82313903E-02     0.90000000E+01    -0.14679831E+00     0.37737307E+00     0.15220563E+00     0.34310268E-02     108     0.29804131E-02
-0.49000015E+01    -0.27780224E-01     0.65304609E-02     0.90000000E+01    -0.15382060E+00     0.37576112E+00     0.28624228E+00     0.21769195E-02     109     0.22007464E-02
-0.48000007E+01    -0.13913725E-01     0.64189639E-02     0.90000000E+01    -0.15443765E+00     0.37459472E+00     0.29653671E+00     0.20951042E-02     109     0.22007464E-02
-0.47000003E+01    -0.57060987E-03     0.63568358E-02     0.90000000E+01    -0.15487826E+00     0.37342814E+00     0.30364993E+00     0.20478861E-02     109     0.22007464E-02
-0.46000009E+01     0.12937280E-01     0.62786844E-02     0.90000000E+01    -0.15537433E+00     0.37219283E+00     0.31248286E+00     0.19915118E-02     109     0.22007464E-02
-0.45000000E+01     0.25989641E-01     0.62441905E-02     0.90000000E+01    -0.15571772E+00     0.37093797E+00     0.31610134E+00     0.19623400E-02     109     0.22007464E-02
-0.44000010E+01     0.38852468E-01     0.62283687E-02     0.90000000E+01    -0.15599413E+00     0.36960480E+00     0.31921166E+00     0.19454388E-02     110     0.15419117E-02
-0.43000002E+01     0.51724702E-01     0.62116734E-02     0.90000000E+01    -0.15627234E+00     0.36812028E+00     0.32203227E+00     0.19297074E-02     110     0.15419117E-02
-0.42000012E+01     0.64665742E-01     0.61875279E-02     0.90000000E+01    -0.15656534E+00     0.36722118E+00     0.32434663E+00     0.19114544E-02     110     0.15419117E-02
-0.41000004E+01     0.77569455E-01     0.61667929E-02     0.90000000E+01    -0.15684874E+00     0.36620027E+00     0.32778820E+00     0.18951041E-02     110     0.15419117E-02
-0.40000014E+01     0.90271935E-01     0.61660055E-02     0.90000000E+01    -0.15707093E+00     0.36439779E+00     0.32956281E+00     0.18886952E-02     111     0.10009136E-02
-0.39000006E+01     0.10309128E+00     0.61542802E-02     0.90000000E+01    -0.15732595E+00     0.36336836E+00     0.33129165E+00     0.18770434E-02     111     0.10009136E-02
-0.38000014E+01     0.11593641E+00     0.61396486E-02     0.90000000E+01    -0.15759262E+00     0.36226803E+00     0.33347204E+00     0.18641311E-02     111     0.10009136E-02
-0.37000005E+01     0.12864281E+00     0.61385143E-02     0.90000000E+01    -0.15781471E+00     0.36116487E+00     0.33479190E+00     0.18583462E-02     111     0.10009136E-02
-0.36000016E+01     0.14135154E+00     0.61368719E-02     0.90000000E+01    -0.15803826E+00     0.36002439E+00     0.33717206E+00     0.18533100E-02     112     0.57556073E-03
-0.35000007E+01     0.15396738E+00     0.61444947E-02     0.90000000E+01    -0.15822935E+00     0.35880145E+00     0.33818355E+00     0.18520486E-02     112     0.57556073E-03
-0.34000015E+01     0.16667821E+00     0.61428887E-02     0.90000000E+01    -0.15845062E+00     0.35747898E+00     0.33939180E+00     0.18464634E-02     112     0.57556073E-03
-0.33000009E+01     0.17941087E+00     0.61388873E-02     0.90000000E+01    -0.15867436E+00     0.35631773E+00     0.34051096E+00     0.18415926E-02     112     0.57556073E-03
-0.32000017E+01     0.19215338E+00     0.61333571E-02     0.90000000E+01    -0.15889783E+00     0.35545090E+00     0.34150985E+00     0.18359055E-02     112     0.57556073E-03
-0.31000009E+01     0.20492341E+00     0.61249295E-02     0.90000000E+01    -0.15913177E+00     0.35455835E+00     0.34323534E+00     0.18295064E-02     113     0.26492128E-03
-0.30000000E+01     0.21758899E+00     0.61267074E-02     0.90000000E+01    -0.15933217E+00     0.35359663E+00     0.34404352E+00     0.18276949E-02     113     0.26492128E-03
-0.29000010E+01     0.23025639E+00     0.61280280E-02     0.90000000E+01    -0.15953436E+00     0.35263601E+00     0.34573698E+00     0.18268535E-02     113     0.26492128E-03
-0.28000002E+01     0.24280584E+00     0.61408649E-02     0.90000000E+01    -0.15970792E+00     0.35091087E+00     0.34640932E+00     0.18295660E-02     113     0.26492128E-03
-0.27000012E+01     0.25536168E+00     0.61529046E-02     0.90000000E+01    -0.15987742E+00     0.34987226E+00     0.34701902E+00     0.18330398E-02     114     0.74709220E-04
-0.26000004E+01     0.26798660E+00     0.61582318E-02     0.90000000E+01    -0.16007029E+00     0.34883320E+00     0.34786969E+00     0.18311790E-02     114     0.74709220E-04
-0.25000012E+01     0.28061530E+00     0.61632530E-02     0.90000000E+01    -0.16026400E+00     0.34763011E+00     0.34870559E+00     0.18307921E-02     114     0.74709220E-04
-0.24000003E+01     0.29325157E+00     0.61673853E-02     0.90000000E+01    -0.16045739E+00     0.34648395E+00     0.34947592E+00     0.18306328E-02     114     0.74709220E-04
-0.23000014E+01     0.30600441E+00     0.61595794E-02     0.90000000E+01    -0.16068900E+00     0.34524012E+00     0.35171756E+00     0.18280498E-02     114     0.74709220E-04
-0.22000005E+01     0.31865203E+00     0.61613112E-02     0.90000000E+01    -0.16087893E+00     0.34450728E+00     0.35231012E+00     0.18280493E-02     115     0.21237647E-05
-0.21000013E+01     0.33127883E+00     0.61652409E-02     0.90000000E+01    -0.16106273E+00     0.34365407E+00     0.35291383E+00     0.18292433E-02     115     0.21237647E-05
-0.20000007E+01     0.34388128E+00     0.61709415E-02     0.90000000E+01    -0.16124162E+00     0.34276873E+00     0.35347307E+00     0.18313006E-02     115     0.21237647E-05
-0.19000015E+01     0.35647458E+00     0.61775511E-02     0.90000000E+01    -0.16141695E+00     0.34185556E+00     0.35438913E+00     0.18344852E-02     115     0.21237647E-05
-0.18000008E+01     0.36898488E+00     0.61920686E-02     0.90000000E+01    -0.16157593E+00     0.34023601E+00     0.35491237E+00     0.18400713E-02     116     0.28969960E-04
-0.17000016E+01     0.38150749E+00     0.62048114E-02     0.90000000E+01    -0.16173466E+00     0.33926806E+00     0.35539591E+00     0.18455926E-02     116     0.28969960E-04
-0.16000009E+01     0.39397201E+00     0.62224772E-02     0.90000000E+01    -0.16187616E+00     0.33828342E+00     0.35628501E+00     0.18530348E-02     116     0.28969960E-04
-0.15000000E+01     0.40661380E+00     0.62242378E-02     0.90000000E+01    -0.16207300E+00     0.33724436E+00     0.35782179E+00     0.18535722E-02     116     0.28969960E-04
-0.14000009E+01     0.41918099E+00     0.62325173E-02     0.90000000E+01    -0.16224563E+00     0.33617407E+00     0.35843655E+00     0.18571694E-02     116     0.28969960E-04
-0.13000002E+01     0.43174046E+00     0.62415428E-02     0.90000000E+01    -0.16241406E+00     0.33499908E+00     0.35900536E+00     0.18615881E-02     117     0.14431638E-03
-0.12000011E+01     0.44437343E+00     0.62425984E-02     0.90000000E+01    -0.16260287E+00     0.33402991E+00     0.36024702E+00     0.18652198E-02     117     0.14431638E-03
-0.11000003E+01     0.45699909E+00     0.62437505E-02     0.90000000E+01    -0.16278611E+00     0.33328879E+00     0.36133322E+00     0.18681739E-02     117     0.14431638E-03
-0.10000012E+01     0.46956342E+00     0.62507493E-02     0.90000000E+01    -0.16295081E+00     0.33247316E+00     0.36178920E+00     0.18727011E-02     117     0.14431638E-03
-0.90000039E+00     0.48211047E+00     0.62590572E-02     0.90000000E+01    -0.16311067E+00     0.33165631E+00     0.36225307E+00     0.18780231E-02     117     0.14431638E-03
-0.80000126E+00     0.49463812E+00     0.62691015E-02     0.90000000E+01    -0.16326599E+00     0.33079371E+00     0.36267078E+00     0.18842216E-02     118     0.34258093E-03
-0.70000046E+00     0.50708735E+00     0.62855068E-02     0.90000000E+01    -0.16340840E+00     0.32926866E+00     0.36418504E+00     0.18952023E-02     118     0.34258093E-03
-0.60000139E+00     0.51951158E+00     0.63036941E-02     0.90000000E+01    -0.16353737E+00     0.32838437E+00     0.36495817E+00     0.19068518E-02     118     0.34258093E-03
-0.50000060E+00     0.53189594E+00     0.63250838E-02     0.90000000E+01    -0.16365537E+00     0.32745615E+00     0.36553025E+00     0.19177315E-02     118     0.34258093E-03
-0.40000150E+00     0.54441023E+00     0.63358615E-02     0.90000000E+01    -0.16381264E+00     0.32647300E+00     0.36615410E+00     0.19237450E-02     119     0.63133589E-03
-0.30000070E+00     0.55691642E+00     0.63468735E-02     0.90000000E+01    -0.16396707E+00     0.32545748E+00     0.36673597E+00     0.19303928E-02     119     0.63133589E-03
-0.20000160E+00     0.56941515E+00     0.63583390E-02     0.90000000E+01    -0.16411825E+00     0.32433015E+00     0.36730385E+00     0.19375510E-02     119     0.63133589E-03
-0.10000080E+00     0.58192533E+00     0.63679810E-02     0.90000000E+01    -0.16427073E+00     0.32335159E+00     0.36784470E+00     0.19459156E-02     119     0.63133589E-03
 0.00000000E+00     0.59447205E+00     0.63735908E-02     0.90000000E+01    -0.16442762E+00     0.32266402E+00     0.36833531E+00     0.19515264E-02     119     0.63133589E-03
 0.99999093E-01     0.60701650E+00     0.63790916E-02     0.90000000E+01    -0.16458625E+00     0.32192850E+00     0.36911321E+00     0.19581346E-02     120     0.10182067E-02
 0.19999990E+00     0.61947870E+00     0.63920063E-02     0.90000000E+01    -0.16472659E+00     0.32050166E+00     0.36955106E+00     0.19669416E-02     120     0.10182067E-02
 0.29999900E+00     0.63195312E+00     0.64032124E-02     0.90000000E+01    -0.16486830E+00     0.31969574E+00     0.36999416E+00     0.19758204E-02     120     0.10182067E-02
 0.39999980E+00     0.64440566E+00     0.64163869E-02     0.90000000E+01    -0.16500433E+00     0.31884956E+00     0.37041017E+00     0.19856412E-02     120     0.10182067E-02
 0.49999887E+00     0.65683609E+00     0.64310054E-02     0.90000000E+01    -0.16513674E+00     0.31799501E+00     0.37083447E+00     0.19962294E-02     120     0.10182067E-02
 0.59999967E+00     0.66924834E+00     0.64469716E-02     0.90000000E+01    -0.16526429E+00     0.31716463E+00     0.37122881E+00     0.20076665E-02     121     0.15063530E-02
 0.69999880E+00     0.68164420E+00     0.64644283E-02     0.90000000E+01    -0.16538714E+00     0.31625801E+00     0.37165374E+00     0.20198422E-02     121     0.15063530E-02
 0.79999959E+00     0.69402748E+00     0.64823744E-02     0.90000000E+01    -0.16550742E+00     0.31529942E+00     0.37205362E+00     0.20323880E-02     121     0.15063530E-02
 0.89999866E+00     0.70640486E+00     0.65001333E-02     0.90000000E+01    -0.16562633E+00     0.31428632E+00     0.37244678E+00     0.20450028E-02     121     0.15063530E-02
 0.99999946E+00     0.71877241E+00     0.65186378E-02     0.90000000E+01    -0.16574159E+00     0.31316224E+00     0.37285489E+00     0.20582327E-02     121     0.15063530E-02
 0.10999986E+01     0.73119849E+00     0.65306649E-02     0.90000000E+01    -0.16586573E+00     0.31243870E+00     0.37322146E+00     0.20701643E-02     122     0.20985133E-02
 0.11999993E+01     0.74361277E+00     0.65433169E-02     0.90000000E+01    -0.16598654E+00     0.31175432E+00     0.37359789E+00     0.20812247E-02     122     0.20985133E-02
 0.12999984E+01     0.75596642E+00     0.65610507E-02     0.90000000E+01    -0.16609688E+00     0.31042439E+00     0.37391242E+00     0.20941328E-02     122     0.20985133E-02
 0.13999993E+01     0.76832527E+00     0.65781032E-02     0.90000000E+01    -0.16620545E+00     0.30963349E+00     0.37422717E+00     0.21075588E-02     122     0.20985133E-02
 0.14999983E+01     0.78065759E+00     0.65968526E-02     0.90000000E+01    -0.16630870E+00     0.30884334E+00     0.37450233E+00     0.21219458E-02     122     0.20985133E-02
 0.15999992E+01     0.79296535E+00     0.66173933E-02     0.90000000E+01    -0.16640635E+00     0.30804032E+00     0.37472275E+00     0.21375036E-02     123     0.27974360E-02
 0.16999999E+01     0.80530077E+00     0.66356463E-02     0.90000000E+01    -0.16651444E+00     0.30721444E+00     0.37521815E+00     0.21496746E-02     123     0.27974360E-02
 0.17999990E+01     0.81764859E+00     0.66527547E-02     0.90000000E+01    -0.16662745E+00     0.30637401E+00     0.37583366E+00     0.21635271E-02     123     0.27974360E-02
 0.18999999E+01     0.82998300E+00     0.66707409E-02     0.90000000E+01    -0.16673739E+00     0.30545878E+00     0.37643182E+00     0.21779304E-02     123     0.27974360E-02
 0.19999989E+01     0.84230697E+00     0.66889692E-02     0.90000000E+01    -0.16684504E+00     0.30449995E+00     0.37701917E+00     0.21929648E-02     123     0.27974360E-02
 0.20999997E+01     0.85455137E+00     0.67141070E-02     0.90000000E+01    -0.16693772E+00     0.30272022E+00     0.37757090E+00     0.22114138E-02     124     0.36052344E-02
 0.21999989E+01     0.86693263E+00     0.67256023E-02     0.90000000E+01    -0.16705279E+00     0.30201602E+00     0.37810189E+00     0.22254577E-02     124     0.36052344E-02
 0.22999997E+01     0.87930679E+00     0.67373426E-02     0.90000000E+01    -0.16716556E+00     0.30136076E+00     0.37859678E+00     0.22384757E-02     124     0.36052344E-02
 0.23999987E+01     0.89166772E+00     0.67495629E-02     0.90000000E+01    -0.16727875E+00     0.30061722E+00     0.37937409E+00     0.22525955E-02     124     0.36052344E-02
 0.24999995E+01     0.90398985E+00     0.67649363E-02     0.90000000E+01    -0.16738041E+00     0.29987776E+00     0.37982577E+00     0.22676424E-02     124     0.36052344E-02
 0.25999987E+01     0.91628885E+00     0.67819022E-02     0.90000000E+01    -0.16747738E+00     0.29911491E+00     0.38026834E+00     0.22838581E-02     125     0.45235301E-02
 0.26999993E+01     0.92856133E+00     0.68005803E-02     0.90000000E+01    -0.16756949E+00     0.29832649E+00     0.38071284E+00     0.23007360E-02     125     0.45235301E-02
 0.27999985E+01     0.94080907E+00     0.68209828E-02     0.90000000E+01    -0.16765593E+00     0.29754326E+00     0.38114461E+00     0.23185941E-02     125     0.45235301E-02
 0.28999994E+01     0.95294166E+00     0.68513602E-02     0.90000000E+01    -0.16772182E+00     0.29611656E+00     0.38156229E+00     0.23407806E-02     125     0.45235301E-02
 0.29999983E+01     0.96513534E+00     0.68753120E-02     0.90000000E+01    -0.16779788E+00     0.29527992E+00     0.38199946E+00     0.23606480E-02     125     0.45235301E-02
 0.30999992E+01     0.97731632E+00     0.68998639E-02     0.90000000E+01    -0.16787039E+00     0.29434404E+00     0.38241109E+00     0.23811739E-02     126     0.55540195E-02
 0.31999984E+01     0.98949087E+00     0.69245095E-02     0.90000000E+01    -0.16794023E+00     0.29332408E+00     0.38281718E+00     0.24014441E-02     126     0.55540195E-02
 0.32999990E+01     0.10016509E+01     0.69496282E-02     0.90000000E+01    -0.16800708E+00     0.29233453E+00     0.38320115E+00     0.24226075E-02     126     0.55540195E-02
 0.33999999E+01     0.10139024E+01     0.69654775E-02     0.90000000E+01    -0.16808845E+00     0.29170874E+00     0.38354746E+00     0.24404139E-02     126     0.55540195E-02
 0.34999990E+01     0.10261221E+01     0.69837798E-02     0.90000000E+01    -0.16816263E+00     0.29103303E+00     0.38386586E+00     0.24581486E-02     126     0.55540195E-02
 0.35999999E+01     0.10382640E+01     0.70081437E-02     0.90000000E+01    -0.16822280E+00     0.28977302E+00     0.38414171E+00     0.24789069E-02     127     0.66984380E-02
 0.36999989E+01     0.10504178E+01     0.70307269E-02     0.90000000E+01    -0.16828582E+00     0.28901696E+00     0.38442001E+00     0.24973345E-02     127     0.66984380E-02
 0.37999997E+01     0.10626171E+01     0.70501161E-02     0.90000000E+01    -0.16836277E+00     0.28824461E+00     0.38513759E+00     0.25166916E-02     127     0.66984380E-02
 0.38999987E+01     0.10747874E+01     0.70713670E-02     0.90000000E+01    -0.16843416E+00     0.28745928E+00     0.38581362E+00     0.25372957E-02     127     0.66984380E-02
 0.39999995E+01     0.10869234E+01     0.70947488E-02     0.90000000E+01    -0.16849950E+00     0.28666279E+00     0.38643229E+00     0.25591552E-02     127     0.66984380E-02
 0.40999985E+01     0.10989307E+01     0.71287160E-02     0.90000000E+01    -0.16854167E+00     0.28519455E+00     0.38700995E+00     0.25860090E-02     127     0.66984380E-02
 0.41999993E+01     0.11110258E+01     0.71545802E-02     0.90000000E+01    -0.16859685E+00     0.28426611E+00     0.38756105E+00     0.26099053E-02     128     0.79589644E-02
 0.42999988E+01     0.11231271E+01     0.71789217E-02     0.90000000E+01    -0.16865602E+00     0.28327650E+00     0.38843566E+00     0.26339842E-02     128     0.79589644E-02
 0.43999991E+01     0.11351999E+01     0.72052875E-02     0.90000000E+01    -0.16870669E+00     0.28227988E+00     0.38893798E+00     0.26586722E-02     128     0.79589644E-02
 0.44999986E+01     0.11473372E+01     0.72245016E-02     0.90000000E+01    -0.16876784E+00     0.28089529E+00     0.38940614E+00     0.26798793E-02     128     0.79589644E-02
 0.45999994E+01     0.11593720E+01     0.72520217E-02     0.90000000E+01    -0.16881114E+00     0.27930504E+00     0.38989139E+00     0.27043931E-02     128     0.79589644E-02
 0.47000003E+01     0.11706578E+01     0.73424834E-02     0.90000000E+01    -0.16872761E+00     0.27369380E+00     0.39035359E+00     0.27599754E-02     129     0.93380893E-02
 0.47999973E+01     0.11825858E+01     0.73773051E-02     0.90000000E+01    -0.16875155E+00     0.27168369E+00     0.39081472E+00     0.27895235E-02     129     0.93380893E-02
 0.48999982E+01     0.11942989E+01     0.74293809E-02     0.90000000E+01    -0.16873869E+00     0.26794741E+00     0.39127621E+00     0.28270143E-02     129     0.93380893E-02
 0.49999990E+01     0.12062436E+01     0.74614016E-02     0.90000000E+01    -0.16876230E+00     0.26690787E+00     0.39173350E+00     0.28552557E-02     129     0.93380893E-02
 0.50999999E+01     0.12177582E+01     0.75286459E-02     0.90000000E+01    -0.16871405E+00     0.26366109E+00     0.39217967E+00     0.29022228E-02     129     0.93380893E-02
 0.52000008E+01     0.12295989E+01     0.75674444E-02     0.90000000E+01    -0.16871890E+00     0.26140511E+00     0.39261591E+00     0.29342840E-02     130     0.10838998E-01
 0.52999978E+01     0.12407132E+01     0.76656342E-02     0.90000000E+01    -0.16860165E+00     0.25540158E+00     0.39300758E+00     0.29985365E-02     130     0.10838998E-01
 0.53999987E+01     0.12524964E+01     0.77073849E-02     0.90000000E+01    -0.16859432E+00     0.25393972E+00     0.39337847E+00     0.30332003E-02     130     0.10838998E-01
 0.54999995E+01     0.12641686E+01     0.77569988E-02     0.90000000E+01    -0.16856845E+00     0.25098214E+00     0.39370218E+00     0.30711056E-02     130     0.10838998E-01
 0.56000004E+01     0.12759782E+01     0.77943034E-02     0.90000000E+01    -0.16856417E+00     0.24960883E+00     0.39396712E+00     0.31037196E-02     130     0.10838998E-01
 0.56999979E+01     0.12877645E+01     0.78332415E-02     0.90000000E+01    -0.16856013E+00     0.24822079E+00     0.39450774E+00     0.31368416E-02     131     0.12465740E-01
 0.57999988E+01     0.12994914E+01     0.78768870E-02     0.90000000E+01    -0.16854796E+00     0.24672234E+00     0.39522076E+00     0.31747702E-02     131     0.12465740E-01
 0.58999996E+01     0.13108753E+01     0.79473630E-02     0.90000000E+01    -0.16847700E+00     0.24315533E+00     0.39589640E+00     0.32267193E-02     131     0.12465740E-01
 0.60000000E+01     0.13226784E+01     0.79828473E-02     0.90000000E+01    -0.16847540E+00     0.24154991E+00     0.39653364E+00     0.32604206E-02     131     0.12465740E-01
 0.60999975E+01     0.13344028E+01     0.80232471E-02     0.90000000E+01    -0.16846168E+00     0.23987542E+00     0.39715958E+00     0.32976004E-02     131     0.12465740E-01
 0.61999984E+01     0.13460240E+01     0.80713611E-02     0.90000000E+01    -0.16842848E+00     0.23814432E+00     0.39771274E+00     0.33396562E-02     131     0.12465740E-01
 0.62999992E+01     0.13575506E+01     0.81259469E-02     0.90000000E+01    -0.16838141E+00     0.23627608E+00     0.39862341E+00     0.33872137E-02     132     0.14223367E-01
 0.64000001E+01     0.13688049E+01     0.82011539E-02     0.90000000E+01    -0.16828455E+00     0.23206750E+00     0.39912802E+00     0.34435242E-02     132     0.14223367E-01
 0.65000010E+01     0.13803524E+01     0.82517266E-02     0.90000000E+01    -0.16823713E+00     0.23002744E+00     0.39965016E+00     0.34880019E-02     132     0.14223367E-01
 0.65999980E+01     0.13917403E+01     0.83136046E-02     0.90000000E+01    -0.16816245E+00     0.22791128E+00     0.40014091E+00     0.35396325E-02     132     0.14223367E-01
 0.66999989E+01     0.14030594E+01     0.83801560E-02     0.90000000E+01    -0.16807416E+00     0.22549589E+00     0.40063059E+00     0.35941196E-02     132     0.14223367E-01
 0.67999997E+01     0.14145430E+01     0.84321788E-02     0.90000000E+01    -0.16801374E+00     0.22313423E+00     0.40111297E+00     0.36377041E-02     133     0.16118005E-01
 0.69000006E+01     0.14258938E+01     0.84935939E-02     0.90000000E+01    -0.16793020E+00     0.22064546E+00     0.40158916E+00     0.36899582E-02     133     0.16118005E-01
 0.69999981E+01     0.14364420E+01     0.86159101E-02     0.90000000E+01    -0.16771010E+00     0.21507196E+00     0.40206048E+00     0.37778551E-02     133     0.16118005E-01
 0.70999990E+01     0.14476740E+01     0.86836657E-02     0.90000000E+01    -0.16760534E+00     0.21216033E+00     0.40253410E+00     0.38348846E-02     133     0.16118005E-01
 0.71999998E+01     0.14586051E+01     0.87731751E-02     0.90000000E+01    -0.16744758E+00     0.20907389E+00     0.40295386E+00     0.39064898E-02     133     0.16118005E-01
 0.73000002E+01     0.14696020E+01     0.88559985E-02     0.90000000E+01    -0.16730037E+00     0.20559433E+00     0.40334833E+00     0.39701029E-02     133     0.16118005E-01
 0.73999977E+01     0.14805322E+01     0.89420332E-02     0.90000000E+01    -0.16714107E+00     0.20211431E+00     0.40369356E+00     0.40406096E-02     134     0.18157382E-01
 0.74999986E+01     0.14911412E+01     0.90507520E-02     0.90000000E+01    -0.16692670E+00     0.19824088E+00     0.40395993E+00     0.41222605E-02     134     0.18157382E-01
 0.75999994E+01     0.15008787E+01     0.92235636E-02     0.90000000E+01    -0.16656943E+00     0.19031122E+00     0.40460435E+00     0.42517269E-02     134     0.18157382E-01
 0.77000003E+01     0.15115283E+01     0.93263173E-02     0.90000000E+01    -0.16636649E+00     0.18563342E+00     0.40532190E+00     0.43323431E-02     134     0.18157382E-01
 0.77999973E+01     0.15217324E+01     0.94599836E-02     0.90000000E+01    -0.16608764E+00     0.18067957E+00     0.40603280E+00     0.44348915E-02     134     0.18157382E-01
 0.78999982E+01     0.15320526E+01     0.95827682E-02     0.90000000E+01    -0.16582823E+00     0.17557238E+00     0.40668750E+00     0.45361491E-02     135     0.20350950E-01
 0.79999990E+01     0.15420905E+01     0.97241141E-02     0.90000000E+01    -0.16551894E+00     0.16994789E+00     0.40729314E+00     0.46452652E-02     135     0.20350950E-01
 0.81000004E+01     0.15518597E+01     0.98823067E-02     0.90000000E+01    -0.16516538E+00     0.16417204E+00     0.40828359E+00     0.47691492E-02     135     0.20350950E-01
 0.82000008E+01     0.15616702E+01     0.10034431E-01     0.90000000E+01    -0.16481669E+00     0.15815684E+00     0.40881971E+00     0.48933746E-02     135     0.20350950E-01
 0.82999983E+01     0.15712758E+01     0.10197837E-01     0.90000000E+01    -0.16443266E+00     0.15178788E+00     0.40933400E+00     0.50208322E-02     135     0.20350950E-01
 0.83999987E+01     0.15788618E+01     0.10499793E-01     0.90000000E+01    -0.16370247E+00     0.13999091E+00     0.40982619E+00     0.52508870E-02     135     0.20350950E-01
 0.85000000E+01     0.15882456E+01     0.10671178E-01     0.90000000E+01    -0.16327848E+00     0.13371953E+00     0.41032580E+00     0.53871134E-02     136     0.22710007E-01
 0.86000004E+01     0.15989006E+01     0.10752082E-01     0.90000000E+01    -0.16307193E+00     0.13237917E+00     0.41083694E+00     0.54621925E-02     136     0.22710007E-01
 0.86999979E+01     0.16064919E+01     0.11038408E-01     0.90000000E+01    -0.16234033E+00     0.12128659E+00     0.41131198E+00     0.56792460E-02     136     0.22710007E-01
 0.87999983E+01     0.16154034E+01     0.11230804E-01     0.90000000E+01    -0.16183381E+00     0.11541843E+00     0.41182798E+00     0.58387797E-02     136     0.22710007E-01
 0.88999996E+01     0.16246608E+01     0.11396201E-01     0.90000000E+01    -0.16138540E+00     0.11025120E+00     0.41231281E+00     0.59737423E-02     136     0.22710007E-01
 0.90000000E+01     0.16337552E+01     0.11568445E-01     0.90000000E+01    -0.16090897E+00     0.10514211E+00     0.41275361E+00     0.61142077E-02     136     0.22710007E-01
 0.90999975E+01     0.16426224E+01     0.11751198E-01     0.90000000E+01    -0.16039377E+00     0.10041963E+00     0.41319203E+00     0.62689129E-02     137     0.25248373E-01
 0.91999989E+01     0.16504453E+01     0.11996189E-01     0.90000000E+01    -0.15969777E+00     0.92977285E-01     0.41357505E+00     0.64667393E-02     137     0.25248373E-01
 0.92999992E+01     0.16598527E+01     0.12135834E-01     0.90000000E+01    -0.15927431E+00     0.89360394E-01     0.41390559E+00     0.65849652E-02     137     0.25248373E-01
 0.94000006E+01     0.16686931E+01     0.12307328E-01     0.90000000E+01    -0.15875192E+00     0.85766114E-01     0.41422498E+00     0.67310161E-02     137     0.25248373E-01
 0.94999971E+01     0.16781455E+01     0.12438403E-01     0.90000000E+01    -0.15833981E+00     0.82673915E-01     0.41498718E+00     0.68463422E-02     137     0.25248373E-01
 0.95999985E+01     0.16871294E+01     0.12594439E-01     0.90000000E+01    -0.15784760E+00     0.79737231E-01     0.41577941E+00     0.69854292E-02     137     0.25248373E-01
 0.96999989E+01     0.16963269E+01     0.12733942E-01     0.90000000E+01    -0.15739051E+00     0.76848350E-01     0.41645944E+00     0.71088304E-02     137     0.25248373E-01
 0.98000002E+01     0.17055696E+01     0.12867063E-01     0.90000000E+01    -0.15694147E+00     0.74457742E-01     0.41713119E+00     0.72317240E-02     138     0.27982686E-01
 0.99000006E+01     0.17143893E+01     0.13021214E-01     0.90000000E+01    -0.15642066E+00     0.72059058E-01     0.41776276E+00     0.73708897E-02     138     0.27982686E-01
 0.99999981E+01     0.17236027E+01     0.13148411E-01     0.90000000E+01    -0.15596648E+00     0.69750875E-01     0.41880068E+00     0.74885362E-02     138     0.27982686E-01
 0.10099998E+02     0.17326448E+01     0.13280300E-01     0.90000000E+01    -0.15548126E+00     0.67812651E-01     0.41934401E+00     0.76114982E-02     138     0.27982686E-01
 0.10200000E+02     0.17412843E+01     0.13427733E-01     0.90000000E+01    -0.15492474E+00     0.65945633E-01     0.41988200E+00     0.77468907E-02     138     0.27982686E-01
 0.10300000E+02     0.17500845E+01     0.13559552E-01     0.90000000E+01    -0.15439451E+00     0.63963428E-01     0.42044860E+00     0.78688972E-02     138     0.27982686E-01
 0.10399998E+02     0.17589099E+01     0.13682701E-01     0.90000000E+01    -0.15386726E+00     0.62399451E-01     0.42098406E+00     0.79864589E-02     139     0.30932982E-01
 0.10499999E+02     0.17663317E+01     0.13870743E-01     0.90000000E+01    -0.15309626E+00     0.59707902E-01     0.42147106E+00     0.81559066E-02     139     0.30932982E-01
 0.10599999E+02     0.17747133E+01     0.14004969E-01     0.90000000E+01    -0.15248741E+00     0.57999600E-01     0.42201981E+00     0.82817394E-02     139     0.30932982E-01
 0.10700000E+02     0.17833194E+01     0.14123480E-01     0.90000000E+01    -0.15191972E+00     0.56870669E-01     0.42253697E+00     0.83964523E-02     139     0.30932982E-01
 0.10799997E+02     0.17916138E+01     0.14253372E-01     0.90000000E+01    -0.15129751E+00     0.55689991E-01     0.42303661E+00     0.85212421E-02     139     0.30932982E-01
 0.10899999E+02     0.17995272E+01     0.14395926E-01     0.90000000E+01    -0.15060791E+00     0.54533426E-01     0.42347735E+00     0.86566564E-02     139     0.30932982E-01
 0.10999999E+02     0.18071930E+01     0.14541570E-01     0.90000000E+01    -0.14987460E+00     0.53329870E-01     0.42391154E+00     0.87947175E-02     139     0.30932982E-01
 0.11100000E+02     0.18150040E+01     0.14674912E-01     0.90000000E+01    -0.14916420E+00     0.52054796E-01     0.42428705E+00     0.89233452E-02     140     0.34123309E-01
 0.11200001E+02     0.18228627E+01     0.14801334E-01     0.90000000E+01    -0.14846177E+00     0.51144499E-01     0.42461887E+00     0.90454267E-02     140     0.34123309E-01
 0.11299998E+02     0.18305501E+01     0.14932306E-01     0.90000000E+01    -0.14773524E+00     0.50269693E-01     0.42537805E+00     0.91755465E-02     140     0.34123309E-01
 0.11399999E+02     0.18377597E+01     0.15081036E-01     0.90000000E+01    -0.14692843E+00     0.49276855E-01     0.42612171E+00     0.93211643E-02     140     0.34123309E-01
 0.11500000E+02     0.18447491E+01     0.15235597E-01     0.90000000E+01    -0.14608590E+00     0.48343666E-01     0.42682439E+00     0.94722128E-02     140     0.34123309E-01
 0.11600000E+02     0.18508593E+01     0.15381134E-01     0.90000000E+01    -0.14506130E+00     0.47450393E-01     0.42749986E+00     0.96170092E-02     140     0.34123309E-01
 0.11699998E+02     0.18540901E+01     0.15514153E-01     0.90000000E+01    -0.14345846E+00     0.46636660E-01     0.42810214E+00     0.97550470E-02     140     0.34123309E-01
 0.11799999E+02     0.18590691E+01     0.15682986E-01     0.90000000E+01    -0.14222778E+00     0.45477994E-01     0.42870581E+00     0.99241231E-02     140     0.34123309E-01
 0.11900000E+02     0.18650546E+01     0.15849214E-01     0.90000000E+01    -0.14120340E+00     0.44735081E-01     0.42971051E+00     0.10093340E-01     141     0.37582316E-01
 0.12000000E+02     0.18708278E+01     0.16028902E-01     0.90000000E+01    -0.14015280E+00     0.44042394E-01     0.42976487E+00     0.10271864E-01     141     0.37582316E-01
 0.12099998E+02     0.18765969E+01     0.16217325E-01     0.90000000E+01    -0.13911618E+00     0.43328173E-01     0.43079305E+00     0.10460896E-01     141     0.37582316E-01
 0.12199999E+02     0.18825765E+01     0.16402449E-01     0.90000000E+01    -0.13812649E+00     0.42576715E-01     0.43135121E+00     0.10645992E-01     141     0.37582316E-01
 0.12299999E+02     0.18886136E+01     0.16581906E-01     0.90000000E+01    -0.13714994E+00     0.41896407E-01     0.43186548E+00     0.10826998E-01     141     0.37582316E-01
 0.12400001E+02     0.18947215E+01     0.16759699E-01     0.90000000E+01    -0.13619494E+00     0.41254900E-01     0.43240550E+00     0.11008391E-01     141     0.37582316E-01
 0.12499997E+02     0.19009385E+01     0.16937252E-01     0.90000000E+01    -0.13526547E+00     0.40772349E-01     0.43290937E+00     0.11189116E-01     141     0.37582316E-01
 0.12599998E+02     0.19068819E+01     0.17126005E-01     0.90000000E+01    -0.13430065E+00     0.40262405E-01     0.43345037E+00     0.11380615E-01     141     0.37582316E-01
 0.12699999E+02     0.19123392E+01     0.17331000E-01     0.90000000E+01    -0.13326226E+00     0.39723489E-01     0.43391025E+00     0.11588530E-01     142     0.41344337E-01
 0.12800000E+02     0.19177117E+01     0.17543461E-01     0.90000000E+01    -0.13222133E+00     0.39229356E-01     0.43436098E+00     0.11802847E-01     142     0.41344337E-01
 0.12900001E+02     0.19228896E+01     0.17766705E-01     0.90000000E+01    -0.13116270E+00     0.38728196E-01     0.43477800E+00     0.12027352E-01     142     0.41344337E-01
 0.12999998E+02     0.19276242E+01     0.18003983E-01     0.90000000E+01    -0.13003899E+00     0.38185135E-01     0.43508491E+00     0.12266025E-01     142     0.41344337E-01
 0.13099999E+02     0.19326072E+01     0.18236982E-01     0.90000000E+01    -0.12896912E+00     0.37580866E-01     0.43563145E+00     0.12500821E-01     142     0.41344337E-01
 0.13200000E+02     0.19377016E+01     0.18468473E-01     0.90000000E+01    -0.12793310E+00     0.37019782E-01     0.43632978E+00     0.12738789E-01     142     0.41344337E-01
 0.13300000E+02     0.19427469E+01     0.18698420E-01     0.90000000E+01    -0.12689960E+00     0.36638245E-01     0.43709326E+00     0.12976293E-01     142     0.41344337E-01
 0.13399998E+02     0.19477671E+01     0.18936485E-01     0.90000000E+01    -0.12587559E+00     0.36247544E-01     0.43777663E+00     0.13221502E-01     142     0.41344337E-01
 0.13499999E+02     0.19524658E+01     0.19190174E-01     0.90000000E+01    -0.12481797E+00     0.35868511E-01     0.43845883E+00     0.13482668E-01     142     0.41344337E-01
 0.13599999E+02     0.19566314E+01     0.19464424E-01     0.90000000E+01    -0.12369237E+00     0.35475928E-01     0.43916395E+00     0.13765429E-01     143     0.45449886E-01
 0.13700001E+02     0.19595768E+01     0.19801941E-01     0.90000000E+01    -0.12241767E+00     0.34685731E-01     0.43971458E+00     0.14106462E-01     143     0.45449886E-01
 0.13799997E+02     0.19642164E+01     0.20063393E-01     0.90000000E+01    -0.12139146E+00     0.34712046E-01     0.44026849E+00     0.14379337E-01     143     0.45449886E-01
 0.13899999E+02     0.19664311E+01     0.20442789E-01     0.90000000E+01    -0.12005571E+00     0.33930212E-01     0.44079310E+00     0.14762453E-01     143     0.45449886E-01
 0.13999999E+02     0.19695678E+01     0.20779148E-01     0.90000000E+01    -0.11886826E+00     0.33602122E-01     0.44133803E+00     0.15108388E-01     143     0.45449886E-01
 0.14100000E+02     0.19727188E+01     0.21127960E-01     0.90000000E+01    -0.11770780E+00     0.33171535E-01     0.44191042E+00     0.15466230E-01     143     0.45449886E-01
 0.14199998E+02     0.19753740E+01     0.21501316E-01     0.90000000E+01    -0.11650915E+00     0.32719474E-01     0.44281512E+00     0.15852591E-01     143     0.45449886E-01
 0.14299998E+02     0.19785072E+01     0.21863880E-01     0.90000000E+01    -0.11540011E+00     0.32449380E-01     0.44334540E+00     0.16226530E-01     143     0.45449886E-01
 0.14400000E+02     0.19808407E+01     0.22267547E-01     0.90000000E+01    -0.11421782E+00     0.32193638E-01     0.44383880E+00     0.16642842E-01     143     0.45449886E-01
 0.14500000E+02     0.19831917E+01     0.22685984E-01     0.90000000E+01    -0.11307654E+00     0.31980388E-01     0.44431996E+00     0.17074201E-01     143     0.45449886E-01
 0.14600000E+02     0.19848884E+01     0.23144968E-01     0.90000000E+01    -0.11188985E+00     0.31722948E-01     0.44482842E+00     0.17547406E-01     144     0.49946301E-01
 0.14699998E+02     0.19857725E+01     0.23656307E-01     0.90000000E+01    -0.11065918E+00     0.31457022E-01     0.44521838E+00     0.18073469E-01     144     0.49946301E-01
 0.14799999E+02     0.19863741E+01     0.24204915E-01     0.90000000E+01    -0.10945396E+00     0.31238582E-01     0.44560421E+00     0.18637778E-01     144     0.49946301E-01
 0.14900000E+02     0.19858705E+01     0.24834298E-01     0.90000000E+01    -0.10819529E+00     0.30924013E-01     0.44596252E+00     0.19283531E-01     144     0.49946301E-01
 0.15000001E+02     0.19849961E+01     0.25508510E-01     0.90000000E+01    -0.10698000E+00     0.30726092E-01     0.44619814E+00     0.19976400E-01     144     0.49946301E-01
 0.15099998E+02     0.19835610E+01     0.26250444E-01     0.90000000E+01    -0.10580389E+00     0.30556327E-01     0.44672799E+00     0.20739254E-01     144     0.49946301E-01
 0.15199999E+02     0.19807581E+01     0.27116392E-01     0.90000000E+01    -0.10462291E+00     0.30334610E-01     0.44731367E+00     0.21630188E-01     144     0.49946301E-01
 0.15299999E+02     0.19774479E+01     0.28061779E-01     0.90000000E+01    -0.10352810E+00     0.30146079E-01     0.44791216E+00     0.22603784E-01     144     0.49946301E-01
 0.15400001E+02     0.19721838E+01     0.29201686E-01     0.90000000E+01    -0.10245696E+00     0.29892124E-01     0.44837105E+00     0.23776088E-01     144     0.49946301E-01
 0.15499998E+02     0.19662558E+01     0.30465940E-01     0.90000000E+01    -0.10153226E+00     0.29767171E-01     0.44882119E+00     0.25077004E-01     144     0.49946301E-01
 0.15599998E+02     0.19584744E+01     0.31960130E-01     0.90000000E+01    -0.10072430E+00     0.29698228E-01     0.44924414E+00     0.26614435E-01     144     0.49946301E-01
 0.15699999E+02     0.19487392E+01     0.33722129E-01     0.90000000E+01    -0.10008857E+00     0.29581789E-01     0.44956896E+00     0.28425727E-01     144     0.49946301E-01
 0.15800000E+02     0.19358317E+01     0.35892703E-01     0.90000000E+01    -0.99664465E-01     0.29503966E-01     0.44978786E+00     0.30655010E-01     144     0.49946301E-01
 0.15899998E+02     0.19194721E+01     0.38557034E-01     0.90000000E+01    -0.99543780E-01     0.29490009E-01     0.44991589E+00     0.33388380E-01     144     0.49946301E-01
 0.15999998E+02     0.18984015E+01     0.41908994E-01     0.90000000E+01    -0.99828251E-01     0.29583577E-01     0.44993162E+00     0.36824215E-01     144     0.49946301E-01
 0.16099998E+02     0.18719016E+01     0.46052471E-01     0.90000000E+01    -0.10055658E+00     0.29694412E-01     0.44976270E+00     0.41066632E-01     144     0.49946301E-01
 0.16200001E+02     0.18385123E+01     0.51152412E-01     0.90000000E+01    -0.10176576E+00     0.29992901E-01     0.44935492E+00     0.46284057E-01     144     0.49946301E-01
 0.16300001E+02     0.17963700E+01     0.57340819E-01     0.90000000E+01    -0.10338423E+00     0.30400600E-01     0.44879264E+00     0.52609883E-01     144     0.49946301E-01
 0.16399998E+02     0.17435755E+01     0.64654768E-01     0.90000000E+01    -0.10536046E+00     0.30923216E-01     0.44779879E+00     0.60080357E-01     143     0.45449886E-01
 0.16600000E+02     0.16498973E+01     0.77479765E-01     0.90000000E+01    -0.10914537E+00     0.31860866E-01     0.44608241E+00     0.73164672E-01     143     0.45449886E-01
 0.16700001E+02     0.16132578E+01     0.82997456E-01     0.90000000E+01    -0.11131579E+00     0.32329064E-01     0.44580227E+00     0.78788608E-01     143     0.45449886E-01
