  
       RFOIL         Version 3.00
  
 Calculated polar for: OSO_2025_WT2_T36                
  
 1  Reynolds number fixed
  
 xtrf =      1.00000000 (suction)     1.00000000 (pressure)
 Rot. Parameters:  f0 =      1.00000000 c/r =      0.00000000
 Mach =      0.00000000     Re =      2.00000000 e 6     Ncrit =      9.00000000
  
             alpha                CL                CD            Re(CL)                CM             S_xtr             P_xtr               CDp            I_stag            X_stag
  ------- -------- --------- --------- -------- ------- ------- -------- 
-0.22100000E+02    -0.85606235E+00     0.15768164E+00     0.20000000E+01     0.19632796E-01     0.10000000E+01     0.14007348E+00     0.15527162E+00      80     0.45039348E-01
-0.21700001E+02    -0.84749979E+00     0.15365179E+00     0.20000000E+01     0.15826954E-01     0.10000000E+01     0.14500715E+00     0.15126199E+00      81     0.41551385E-01
-0.21600000E+02    -0.84382254E+00     0.15286805E+00     0.20000000E+01     0.15125383E-01     0.10000000E+01     0.14613877E+00     0.15047672E+00      80     0.45039348E-01
-0.21500002E+02    -0.83943892E+00     0.15212691E+00     0.20000000E+01     0.14356571E-01     0.10000000E+01     0.14721483E+00     0.14973281E+00      81     0.41551385E-01
-0.21100002E+02    -0.83147520E+00     0.14801639E+00     0.20000000E+01     0.10772128E-01     0.10000000E+01     0.15238932E+00     0.14563872E+00      81     0.41551385E-01
-0.21000000E+02    -0.82842839E+00     0.14704207E+00     0.20000000E+01     0.99461311E-02     0.10000000E+01     0.15423520E+00     0.14466366E+00      81     0.41551385E-01
-0.20900000E+02    -0.82327241E+00     0.14630474E+00     0.20000000E+01     0.91527924E-02     0.10000000E+01     0.15505473E+00     0.14391620E+00      81     0.41551385E-01
-0.20500000E+02    -0.81214166E+00     0.14190282E+00     0.20000000E+01     0.53497544E-02     0.64871114E+00     0.15996423E+00     0.13829759E+00      82     0.38310602E-01
-0.20400002E+02    -0.80851060E+00     0.14089777E+00     0.20000000E+01     0.44710999E-02     0.63208890E+00     0.16191316E+00     0.13722079E+00      82     0.38310602E-01
-0.20300001E+02    -0.80588394E+00     0.14000855E+00     0.20000000E+01     0.37188968E-02     0.62939560E+00     0.16339634E+00     0.13632458E+00      82     0.38310602E-01
-0.20200001E+02    -0.80188334E+00     0.13930506E+00     0.20000000E+01     0.30304720E-02     0.61584300E+00     0.16411078E+00     0.13557251E+00      82     0.38310602E-01
-0.20100000E+02    -0.80092061E+00     0.13816281E+00     0.20000000E+01     0.21288942E-02     0.60902935E+00     0.16571158E+00     0.13441822E+00      82     0.38310602E-01
-0.19900000E+02    -0.79638004E+00     0.13596360E+00     0.20000000E+01     0.30948955E-03     0.59816235E+00     0.16880800E+00     0.13217033E+00      83     0.35290882E-01
-0.19800001E+02    -0.79328632E+00     0.13482040E+00     0.20000000E+01    -0.53228741E-03     0.59312195E+00     0.17079107E+00     0.13099475E+00      83     0.35290882E-01
-0.19700001E+02    -0.78792530E+00     0.13438815E+00     0.20000000E+01    -0.10680746E-02     0.58829433E+00     0.17094344E+00     0.13055155E+00      83     0.35290882E-01
-0.19600000E+02    -0.78747398E+00     0.13334288E+00     0.20000000E+01    -0.18337375E-02     0.58384591E+00     0.17280443E+00     0.12951516E+00      83     0.35290882E-01
-0.19500000E+02    -0.78516316E+00     0.13225882E+00     0.20000000E+01    -0.26837057E-02     0.57984531E+00     0.17425260E+00     0.12841143E+00      83     0.35290882E-01
-0.19300001E+02    -0.78036386E+00     0.12998609E+00     0.20000000E+01    -0.43884697E-02     0.57102770E+00     0.17749211E+00     0.12608507E+00      83     0.35290882E-01
-0.19200001E+02    -0.77638650E+00     0.12938485E+00     0.20000000E+01    -0.49887029E-02     0.57008541E+00     0.17834629E+00     0.12548579E+00      83     0.35290882E-01
-0.19100000E+02    -0.77474827E+00     0.12835804E+00     0.20000000E+01    -0.57215015E-02     0.56504470E+00     0.18013486E+00     0.12446022E+00      83     0.35290882E-01
-0.19000002E+02    -0.77228504E+00     0.12744555E+00     0.20000000E+01    -0.64912159E-02     0.56241918E+00     0.18173732E+00     0.12354184E+00      84     0.32470226E-01
-0.18900002E+02    -0.76752162E+00     0.12681755E+00     0.20000000E+01    -0.70183538E-02     0.55986571E+00     0.18231824E+00     0.12289753E+00      84     0.32470226E-01
-0.18800001E+02    -0.76649880E+00     0.12531500E+00     0.20000000E+01    -0.79989666E-02     0.55870599E+00     0.18401632E+00     0.12137219E+00      84     0.32470226E-01
-0.18700001E+02    -0.76525635E+00     0.12417869E+00     0.20000000E+01    -0.87791979E-02     0.55394560E+00     0.18618527E+00     0.12022066E+00      84     0.32470226E-01
-0.18600000E+02    -0.76368433E+00     0.12322639E+00     0.20000000E+01    -0.95428098E-02     0.55239415E+00     0.18796390E+00     0.11928354E+00      84     0.32470226E-01
-0.18500002E+02    -0.75909388E+00     0.12256455E+00     0.20000000E+01    -0.10094410E-01     0.55099005E+00     0.18868662E+00     0.11861828E+00      84     0.32470226E-01
-0.18400000E+02    -0.75689614E+00     0.12145917E+00     0.20000000E+01    -0.10857793E-01     0.54752624E+00     0.19062936E+00     0.11750013E+00      84     0.32470226E-01
-0.18300001E+02    -0.75527245E+00     0.12006754E+00     0.20000000E+01    -0.11716605E-01     0.54458731E+00     0.19218335E+00     0.11607249E+00      85     0.29829627E-01
-0.18200001E+02    -0.75208306E+00     0.11921524E+00     0.20000000E+01    -0.12397400E-01     0.54344189E+00     0.19327366E+00     0.11521095E+00      85     0.29829627E-01
-0.18100002E+02    -0.75137484E+00     0.11828148E+00     0.20000000E+01    -0.13038994E-01     0.54163271E+00     0.19524288E+00     0.11429621E+00      85     0.29829627E-01
-0.18000000E+02    -0.74748278E+00     0.11751846E+00     0.20000000E+01    -0.13610610E-01     0.53881329E+00     0.19636507E+00     0.11352251E+00      85     0.29829627E-01
-0.17900000E+02    -0.74352306E+00     0.11667070E+00     0.20000000E+01    -0.14276775E-01     0.53600317E+00     0.19767207E+00     0.11266368E+00      85     0.29829627E-01
-0.17800001E+02    -0.74024445E+00     0.11564940E+00     0.20000000E+01    -0.14977227E-01     0.53459674E+00     0.19908330E+00     0.11162809E+00      85     0.29829627E-01
-0.17600000E+02    -0.73721063E+00     0.11344030E+00     0.20000000E+01    -0.16401580E-01     0.53158778E+00     0.20211154E+00     0.10941004E+00      85     0.29829627E-01
-0.17500000E+02    -0.73444015E+00     0.11255267E+00     0.20000000E+01    -0.17017931E-01     0.53051502E+00     0.20353910E+00     0.10853085E+00      85     0.29829627E-01
-0.17400002E+02    -0.73087817E+00     0.11177190E+00     0.20000000E+01    -0.17577313E-01     0.52825254E+00     0.20484643E+00     0.10774282E+00      86     0.27352797E-01
-0.17300001E+02    -0.72871637E+00     0.11050472E+00     0.20000000E+01    -0.18358270E-01     0.52608949E+00     0.20681195E+00     0.10645230E+00      86     0.27352797E-01
-0.17200001E+02    -0.72720975E+00     0.10928006E+00     0.20000000E+01    -0.19092763E-01     0.52531826E+00     0.20837542E+00     0.10520859E+00      86     0.27352797E-01
-0.17100000E+02    -0.72518349E+00     0.10839842E+00     0.20000000E+01    -0.19661559E-01     0.52360839E+00     0.20965335E+00     0.10433435E+00      86     0.27352797E-01
-0.17000002E+02    -0.72372645E+00     0.10736175E+00     0.20000000E+01    -0.20316724E-01     0.52129924E+00     0.21158163E+00     0.10329939E+00      86     0.27352797E-01
-0.16900000E+02    -0.72029251E+00     0.10652098E+00     0.20000000E+01    -0.20878127E-01     0.52015775E+00     0.21293274E+00     0.10245004E+00      86     0.27352797E-01
-0.16800001E+02    -0.71694607E+00     0.10547373E+00     0.20000000E+01    -0.21558443E-01     0.51733899E+00     0.21430585E+00     0.10137971E+00      86     0.27352797E-01
-0.16700001E+02    -0.71492583E+00     0.10416431E+00     0.20000000E+01    -0.22334581E-01     0.51627642E+00     0.21553069E+00     0.10003807E+00      86     0.27352797E-01
-0.16600000E+02    -0.71224779E+00     0.10354236E+00     0.20000000E+01    -0.22718774E-01     0.51517171E+00     0.21719219E+00     0.99444397E-01      86     0.27352797E-01
-0.16500000E+02    -0.71138728E+00     0.10241406E+00     0.20000000E+01    -0.23360986E-01     0.51385170E+00     0.21886440E+00     0.98325312E-01      87     0.25025984E-01
-0.16400002E+02    -0.70839047E+00     0.10146051E+00     0.20000000E+01    -0.23963697E-01     0.51225263E+00     0.22037542E+00     0.97365797E-01      87     0.25025984E-01
-0.16300001E+02    -0.70512611E+00     0.10045832E+00     0.20000000E+01    -0.24603995E-01     0.51132005E+00     0.22170702E+00     0.96348934E-01      87     0.25025984E-01
-0.16200001E+02    -0.70453453E+00     0.99016912E-01     0.20000000E+01    -0.25365748E-01     0.50990671E+00     0.22345822E+00     0.94876662E-01      87     0.25025984E-01
-0.16100000E+02    -0.69793743E+00     0.98742068E-01     0.20000000E+01    -0.25690747E-01     0.50849169E+00     0.22392333E+00     0.94603777E-01      87     0.25025984E-01
-0.16000002E+02    -0.69450933E+00     0.98007895E-01     0.20000000E+01    -0.26154250E-01     0.50662768E+00     0.22513011E+00     0.93874842E-01      87     0.25025984E-01
-0.15900001E+02    -0.69456828E+00     0.96736662E-01     0.20000000E+01    -0.26826086E-01     0.50607860E+00     0.22708552E+00     0.92610642E-01      87     0.25025984E-01
-0.15800000E+02    -0.69099927E+00     0.95863014E-01     0.20000000E+01    -0.27354183E-01     0.50397515E+00     0.22829850E+00     0.91717593E-01      88     0.22837475E-01
-0.15700001E+02    -0.68682891E+00     0.95013581E-01     0.20000000E+01    -0.27886175E-01     0.50307357E+00     0.22927335E+00     0.90852372E-01      88     0.22837475E-01
-0.15600002E+02    -0.68749470E+00     0.93464226E-01     0.20000000E+01    -0.28691126E-01     0.50198215E+00     0.23166953E+00     0.89283027E-01      88     0.22837475E-01
-0.15500001E+02    -0.68252379E+00     0.92936769E-01     0.20000000E+01    -0.29040009E-01     0.49958536E+00     0.23259079E+00     0.88760436E-01      88     0.22837475E-01
-0.15400001E+02    -0.68100774E+00     0.91955997E-01     0.20000000E+01    -0.29573167E-01     0.49935114E+00     0.23401272E+00     0.87789871E-01      88     0.22837475E-01
-0.15300001E+02    -0.67609751E+00     0.91287315E-01     0.20000000E+01    -0.30029209E-01     0.49827349E+00     0.23461719E+00     0.87116949E-01      88     0.22837475E-01
-0.15200001E+02    -0.67533988E+00     0.89950979E-01     0.20000000E+01    -0.30712644E-01     0.49667239E+00     0.23664673E+00     0.85767329E-01      88     0.22837475E-01
-0.15100001E+02    -0.67742515E+00     0.88137254E-01     0.20000000E+01    -0.31549826E-01     0.49574572E+00     0.23888801E+00     0.83921619E-01      88     0.22837475E-01
-0.15000001E+02    -0.67103827E+00     0.87859668E-01     0.20000000E+01    -0.31804841E-01     0.49456513E+00     0.23973782E+00     0.83657302E-01      89     0.20777214E-01
-0.14900000E+02    -0.66655934E+00     0.87216146E-01     0.20000000E+01    -0.32202769E-01     0.49411833E+00     0.24074376E+00     0.83025031E-01      89     0.20777214E-01
-0.14800000E+02    -0.66488123E+00     0.86210705E-01     0.20000000E+01    -0.32735899E-01     0.49250907E+00     0.24207908E+00     0.82017094E-01      89     0.20777214E-01
-0.14700002E+02    -0.66072530E+00     0.85444555E-01     0.20000000E+01    -0.33205170E-01     0.49131867E+00     0.24308366E+00     0.81243008E-01      89     0.20777214E-01
-0.14600000E+02    -0.65879714E+00     0.84267221E-01     0.20000000E+01    -0.33812452E-01     0.49043170E+00     0.24455845E+00     0.80045357E-01      89     0.20777214E-01
-0.14500000E+02    -0.66153252E+00     0.82379058E-01     0.20000000E+01    -0.34628954E-01     0.48964700E+00     0.24652971E+00     0.78117631E-01      89     0.20777214E-01
-0.14400001E+02    -0.65413815E+00     0.82249030E-01     0.20000000E+01    -0.34869868E-01     0.48821977E+00     0.24730685E+00     0.77995956E-01      89     0.20777214E-01
-0.14300001E+02    -0.65053046E+00     0.81526034E-01     0.20000000E+01    -0.35266671E-01     0.48704916E+00     0.24859564E+00     0.77282242E-01      90     0.18836718E-01
-0.14200001E+02    -0.64721417E+00     0.80723748E-01     0.20000000E+01    -0.35701890E-01     0.48589239E+00     0.24969533E+00     0.76477930E-01      90     0.18836718E-01
-0.14100001E+02    -0.64374512E+00     0.79851680E-01     0.20000000E+01    -0.36170211E-01     0.48445770E+00     0.25085717E+00     0.75592712E-01      90     0.18836718E-01
-0.14000001E+02    -0.64428264E+00     0.78325413E-01     0.20000000E+01    -0.36866754E-01     0.48332724E+00     0.25278893E+00     0.74037701E-01      90     0.18836718E-01
-0.13900002E+02    -0.64603829E+00     0.76724268E-01     0.20000000E+01    -0.37556533E-01     0.48261660E+00     0.25451881E+00     0.72417773E-01      90     0.18836718E-01
-0.13800001E+02    -0.63852757E+00     0.76559365E-01     0.20000000E+01    -0.37771355E-01     0.48174444E+00     0.25521931E+00     0.72269246E-01      90     0.18836718E-01
-0.13700001E+02    -0.63243484E+00     0.76163217E-01     0.20000000E+01    -0.38071394E-01     0.48071718E+00     0.25577804E+00     0.71878701E-01      90     0.18836718E-01
-0.13600001E+02    -0.62929136E+00     0.75345337E-01     0.20000000E+01    -0.38474016E-01     0.48002297E+00     0.25713220E+00     0.71070805E-01      90     0.18836718E-01
-0.13500001E+02    -0.62480986E+00     0.74651264E-01     0.20000000E+01    -0.38864646E-01     0.47901061E+00     0.25808433E+00     0.70374586E-01      91     0.17008992E-01
-0.13400001E+02    -0.62440699E+00     0.73266134E-01     0.20000000E+01    -0.39486624E-01     0.47825536E+00     0.25987408E+00     0.68972088E-01      91     0.17008992E-01
-0.13300000E+02    -0.63112211E+00     0.71008191E-01     0.20000000E+01    -0.40338028E-01     0.47763577E+00     0.26211491E+00     0.66671237E-01      91     0.17008992E-01
-0.13200001E+02    -0.62328619E+00     0.70855968E-01     0.20000000E+01    -0.40547181E-01     0.47662529E+00     0.26280093E+00     0.66529632E-01      91     0.17008992E-01
-0.13100000E+02    -0.61656940E+00     0.70549250E-01     0.20000000E+01    -0.40812001E-01     0.47561476E+00     0.26351488E+00     0.66230476E-01      91     0.17008992E-01
-0.13000001E+02    -0.61178422E+00     0.69952451E-01     0.20000000E+01    -0.41142311E-01     0.47466499E+00     0.26461980E+00     0.65640934E-01      91     0.17008992E-01
-0.12900001E+02    -0.60702050E+00     0.69319867E-01     0.20000000E+01    -0.41496292E-01     0.47318274E+00     0.26555052E+00     0.65001391E-01      91     0.17008992E-01
-0.12800001E+02    -0.60315973E+00     0.68525106E-01     0.20000000E+01    -0.41912302E-01     0.47230560E+00     0.26655322E+00     0.64194053E-01      92     0.15287923E-01
-0.12700001E+02    -0.61039734E+00     0.66186249E-01     0.20000000E+01    -0.42771559E-01     0.47166711E+00     0.26882809E+00     0.61810974E-01      92     0.15287923E-01
-0.12600001E+02    -0.60757196E+00     0.65290876E-01     0.20000000E+01    -0.43191779E-01     0.47066563E+00     0.27025703E+00     0.60901161E-01      92     0.15287923E-01
-0.12500001E+02    -0.59985685E+00     0.65115914E-01     0.20000000E+01    -0.43390803E-01     0.46947831E+00     0.27088812E+00     0.60731452E-01      92     0.15287923E-01
-0.12400002E+02    -0.59334534E+00     0.64787231E-01     0.20000000E+01    -0.43645911E-01     0.46819067E+00     0.27163383E+00     0.60405284E-01      92     0.15287923E-01
-0.12300001E+02    -0.58849609E+00     0.64186521E-01     0.20000000E+01    -0.43975472E-01     0.46710572E+00     0.27268440E+00     0.59810683E-01      92     0.15287923E-01
-0.12200001E+02    -0.58393419E+00     0.63515820E-01     0.20000000E+01    -0.44326205E-01     0.46642596E+00     0.27359113E+00     0.59142116E-01      92     0.15287923E-01
-0.12100001E+02    -0.58138102E+00     0.62543526E-01     0.20000000E+01    -0.44767793E-01     0.46579844E+00     0.27472275E+00     0.58160894E-01      93     0.13668647E-01
-0.12000000E+02    -0.58814526E+00     0.60333647E-01     0.20000000E+01    -0.45543853E-01     0.46534854E+00     0.27680090E+00     0.55910163E-01      93     0.13668647E-01
-0.11900001E+02    -0.58433878E+00     0.59615970E-01     0.20000000E+01    -0.45887887E-01     0.46458626E+00     0.27808428E+00     0.55187978E-01      93     0.13668647E-01
-0.11800000E+02    -0.57638747E+00     0.59449546E-01     0.20000000E+01    -0.46068177E-01     0.46372089E+00     0.27871922E+00     0.55033416E-01      93     0.13668647E-01
-0.11700001E+02    -0.56948566E+00     0.59146795E-01     0.20000000E+01    -0.46294037E-01     0.46286693E+00     0.27938563E+00     0.54739401E-01      93     0.13668647E-01
-0.11600000E+02    -0.56344444E+00     0.58713093E-01     0.20000000E+01    -0.46561424E-01     0.46197423E+00     0.28011012E+00     0.54310191E-01      93     0.13668647E-01
-0.11500001E+02    -0.56015062E+00     0.57934429E-01     0.20000000E+01    -0.46926234E-01     0.46123987E+00     0.28128737E+00     0.53531639E-01      93     0.13668647E-01
-0.11400001E+02    -0.56173676E+00     0.56518454E-01     0.20000000E+01    -0.47438797E-01     0.46060503E+00     0.28272998E+00     0.52097257E-01      93     0.13668647E-01
-0.11300001E+02    -0.55970573E+00     0.55499867E-01     0.20000000E+01    -0.47886431E-01     0.45985302E+00     0.28391308E+00     0.51057365E-01      94     0.12147127E-01
-0.11200001E+02    -0.56284589E+00     0.53836200E-01     0.20000000E+01    -0.48499171E-01     0.45926544E+00     0.28553402E+00     0.49351368E-01      94     0.12147127E-01
-0.11100001E+02    -0.55344152E+00     0.53863984E-01     0.20000000E+01    -0.48615675E-01     0.45834762E+00     0.28630686E+00     0.49394235E-01      94     0.12147127E-01
-0.11000001E+02    -0.54590058E+00     0.53630326E-01     0.20000000E+01    -0.48810586E-01     0.45747134E+00     0.28693157E+00     0.49166072E-01      94     0.12147127E-01
-0.10900001E+02    -0.53966111E+00     0.53427927E-01     0.20000000E+01    -0.49042609E-01     0.45658633E+00     0.28763026E+00     0.48966266E-01      94     0.12147127E-01
-0.10800001E+02    -0.53554368E+00     0.53191304E-01     0.20000000E+01    -0.49340721E-01     0.45522094E+00     0.28847912E+00     0.48722655E-01      94     0.12147127E-01
-0.10700001E+02    -0.53362185E+00     0.52802760E-01     0.20000000E+01    -0.49709111E-01     0.45429730E+00     0.28954187E+00     0.48322834E-01      94     0.12147127E-01
-0.10600001E+02    -0.53140056E+00     0.52333429E-01     0.20000000E+01    -0.50114386E-01     0.45334366E+00     0.29084298E+00     0.47835313E-01      95     0.10720035E-01
-0.10500001E+02    -0.54423851E+00     0.50745383E-01     0.20000000E+01    -0.50969329E-01     0.45285204E+00     0.29335830E+00     0.46179827E-01      95     0.10720035E-01
-0.10400002E+02    -0.53450215E+00     0.50752331E-01     0.20000000E+01    -0.51086802E-01     0.45190835E+00     0.29390922E+00     0.46201333E-01      95     0.10720035E-01
-0.10300000E+02    -0.52602470E+00     0.50696485E-01     0.20000000E+01    -0.51237855E-01     0.45126468E+00     0.29449233E+00     0.46161104E-01      95     0.10720035E-01
-0.10200001E+02    -0.51881450E+00     0.50530776E-01     0.20000000E+01    -0.51419903E-01     0.45061833E+00     0.29513383E+00     0.46008047E-01      95     0.10720035E-01
-0.10100000E+02    -0.51252460E+00     0.50277945E-01     0.20000000E+01    -0.51636830E-01     0.44996226E+00     0.29581520E+00     0.45763973E-01      95     0.10720035E-01
-0.10000001E+02    -0.50676990E+00     0.49984884E-01     0.20000000E+01    -0.51882572E-01     0.44925562E+00     0.29653400E+00     0.45475055E-01      96     0.93848221E-02
-0.99000006E+01    -0.50150633E+00     0.49608953E-01     0.20000000E+01    -0.52159373E-01     0.44854912E+00     0.29728836E+00     0.45097403E-01      96     0.93848221E-02
-0.98000011E+01    -0.49697852E+00     0.49157921E-01     0.20000000E+01    -0.52467439E-01     0.44784415E+00     0.29813763E+00     0.44638790E-01      96     0.93848221E-02
-0.97000008E+01    -0.49837589E+00     0.48201658E-01     0.20000000E+01    -0.52924737E-01     0.44727549E+00     0.29969576E+00     0.43659806E-01      96     0.93848221E-02
-0.96000013E+01    -0.50445968E+00     0.46785746E-01     0.20000000E+01    -0.53548604E-01     0.44680306E+00     0.30132329E+00     0.42192657E-01      96     0.93848221E-02
-0.95000010E+01    -0.49510199E+00     0.46768453E-01     0.20000000E+01    -0.53668700E-01     0.44600284E+00     0.30191386E+00     0.42183440E-01      96     0.93848221E-02
-0.93000011E+01    -0.48006368E+00     0.46431489E-01     0.20000000E+01    -0.53969763E-01     0.44448152E+00     0.30339009E+00     0.41868038E-01      96     0.93848221E-02
-0.91999998E+01    -0.47394106E+00     0.46128523E-01     0.20000000E+01    -0.54178886E-01     0.44376287E+00     0.30406931E+00     0.41567087E-01      97     0.81395451E-02
-0.91000013E+01    -0.46844476E+00     0.45751885E-01     0.20000000E+01    -0.54413255E-01     0.44302890E+00     0.30478474E+00     0.41188326E-01      97     0.81395451E-02
-0.90000000E+01    -0.46459407E+00     0.45217372E-01     0.20000000E+01    -0.54695100E-01     0.44231540E+00     0.30561879E+00     0.40644698E-01      97     0.81395451E-02
-0.89000015E+01    -0.46452966E+00     0.44363648E-01     0.20000000E+01    -0.55050403E-01     0.44167781E+00     0.30675915E+00     0.39771963E-01      97     0.81395451E-02
-0.88000002E+01    -0.46227822E+00     0.43632355E-01     0.20000000E+01    -0.55406447E-01     0.44093516E+00     0.30799064E+00     0.39018217E-01      97     0.81395451E-02
-0.87000017E+01    -0.45733759E+00     0.43129776E-01     0.20000000E+01    -0.55694886E-01     0.44007432E+00     0.30860627E+00     0.38494378E-01      97     0.81395451E-02
-0.86000004E+01    -0.45758456E+00     0.42233288E-01     0.20000000E+01    -0.56061123E-01     0.43925345E+00     0.30999252E+00     0.37568733E-01      97     0.81395451E-02
-0.85000019E+01    -0.44883454E+00     0.42157244E-01     0.20000000E+01    -0.56171626E-01     0.43778989E+00     0.31058368E+00     0.37499599E-01      98     0.69827633E-02
-0.84000006E+01    -0.44233608E+00     0.41881211E-01     0.20000000E+01    -0.56318458E-01     0.43729684E+00     0.31127477E+00     0.37238598E-01      98     0.69827633E-02
-0.83000011E+01    -0.43897980E+00     0.41388329E-01     0.20000000E+01    -0.56511078E-01     0.43681940E+00     0.31211913E+00     0.36755148E-01      98     0.69827633E-02
-0.82000008E+01    -0.43492252E+00     0.40887162E-01     0.20000000E+01    -0.56730077E-01     0.43627343E+00     0.31308940E+00     0.36260542E-01      98     0.69827633E-02
-0.81000013E+01    -0.42968166E+00     0.40450297E-01     0.20000000E+01    -0.56955792E-01     0.43568480E+00     0.31380722E+00     0.35822421E-01      98     0.69827633E-02
-0.80000010E+01    -0.42458507E+00     0.39986011E-01     0.20000000E+01    -0.57194445E-01     0.43509120E+00     0.31456232E+00     0.35353106E-01      98     0.69827633E-02
-0.79000001E+01    -0.42007071E+00     0.39474521E-01     0.20000000E+01    -0.57446014E-01     0.43447945E+00     0.31537396E+00     0.34832548E-01      98     0.69827633E-02
-0.78000011E+01    -0.42200795E+00     0.38445566E-01     0.20000000E+01    -0.57791259E-01     0.43399048E+00     0.31661525E+00     0.33777170E-01      99     0.59136827E-02
-0.77000003E+01    -0.42093563E+00     0.37615739E-01     0.20000000E+01    -0.58134817E-01     0.43341753E+00     0.31757522E+00     0.32916561E-01      99     0.59136827E-02
-0.76000009E+01    -0.41370651E+00     0.37413850E-01     0.20000000E+01    -0.58262400E-01     0.43274021E+00     0.31829309E+00     0.32716420E-01      99     0.59136827E-02
-0.75000005E+01    -0.40589502E+00     0.37238948E-01     0.20000000E+01    -0.58352824E-01     0.43207711E+00     0.31895044E+00     0.32553576E-01      99     0.59136827E-02
-0.74000010E+01    -0.40051630E+00     0.36903501E-01     0.20000000E+01    -0.58459241E-01     0.43143570E+00     0.31986654E+00     0.32230258E-01      99     0.59136827E-02
-0.73000002E+01    -0.39534315E+00     0.36516149E-01     0.20000000E+01    -0.58601532E-01     0.43081522E+00     0.32056767E+00     0.31845912E-01      99     0.59136827E-02
-0.72000012E+01    -0.39117947E+00     0.36042232E-01     0.20000000E+01    -0.58763608E-01     0.43020561E+00     0.32131553E+00     0.31370439E-01      99     0.59136827E-02
-0.71000004E+01    -0.39153683E+00     0.35241656E-01     0.20000000E+01    -0.58951020E-01     0.42965657E+00     0.32229778E+00     0.30558061E-01     100     0.49317535E-02
-0.70000014E+01    -0.38711718E+00     0.34760348E-01     0.20000000E+01    -0.59127137E-01     0.42904806E+00     0.32305866E+00     0.30065970E-01     100     0.49317535E-02
-0.69000006E+01    -0.38230777E+00     0.34306038E-01     0.20000000E+01    -0.59303906E-01     0.42836294E+00     0.32380670E+00     0.29598184E-01     100     0.49317535E-02
-0.68000016E+01    -0.37808096E+00     0.33793073E-01     0.20000000E+01    -0.59485469E-01     0.42767426E+00     0.32460213E+00     0.29067723E-01     100     0.49317535E-02
-0.67000008E+01    -0.38594863E+00     0.32399181E-01     0.20000000E+01    -0.59753396E-01     0.42715815E+00     0.32609206E+00     0.27621254E-01     100     0.49317535E-02
-0.66000018E+01    -0.37819710E+00     0.32291356E-01     0.20000000E+01    -0.59759308E-01     0.42633590E+00     0.32679939E+00     0.27520623E-01     100     0.49317535E-02
-0.65000010E+01    -0.37227681E+00     0.32007366E-01     0.20000000E+01    -0.59770890E-01     0.42542973E+00     0.32752153E+00     0.27242925E-01     100     0.49317535E-02
-0.64000001E+01    -0.36801425E+00     0.31636991E-01     0.20000000E+01    -0.59779905E-01     0.42426991E+00     0.32825243E+00     0.26878322E-01     101     0.40368550E-02
-0.63000011E+01    -0.36429229E+00     0.31202303E-01     0.20000000E+01    -0.59810694E-01     0.42386132E+00     0.32896227E+00     0.26453422E-01     101     0.40368550E-02
-0.62000003E+01    -0.36143062E+00     0.30710205E-01     0.20000000E+01    -0.59830084E-01     0.42341423E+00     0.32971036E+00     0.25966987E-01     101     0.40368550E-02
-0.61000009E+01    -0.36325204E+00     0.29935468E-01     0.20000000E+01    -0.59788723E-01     0.42300388E+00     0.33064365E+00     0.25188461E-01     101     0.40368550E-02
-0.60000000E+01    -0.36344948E+00     0.29259805E-01     0.20000000E+01    -0.59744973E-01     0.42256033E+00     0.33150268E+00     0.24505556E-01     101     0.40368550E-02
-0.59000010E+01    -0.36039051E+00     0.28771050E-01     0.20000000E+01    -0.59737723E-01     0.42205715E+00     0.33225119E+00     0.24010502E-01     101     0.40368550E-02
-0.58000002E+01    -0.35978538E+00     0.28117647E-01     0.20000000E+01    -0.59693228E-01     0.42156890E+00     0.33328989E+00     0.23343081E-01     101     0.40368550E-02
-0.57000012E+01    -0.36818063E+00     0.26943069E-01     0.20000000E+01    -0.59430297E-01     0.42118707E+00     0.33436388E+00     0.22134822E-01     101     0.40368550E-02
-0.56000004E+01    -0.36575168E+00     0.26496282E-01     0.20000000E+01    -0.59235908E-01     0.42065445E+00     0.33517623E+00     0.21689683E-01     101     0.40368550E-02
-0.55000014E+01    -0.36536539E+00     0.25971444E-01     0.20000000E+01    -0.58875799E-01     0.42016006E+00     0.33603853E+00     0.21179570E-01     102     0.32292409E-02
-0.53000016E+01    -0.39315742E+00     0.23649700E-01     0.20000000E+01    -0.56526758E-01     0.41949797E+00     0.33818972E+00     0.18864531E-01     101     0.40368550E-02
-0.52000008E+01    -0.38806832E+00     0.23013154E-01     0.20000000E+01    -0.57142343E-01     0.41890958E+00     0.33893305E+00     0.18220907E-01     102     0.32292409E-02
-0.51000013E+01    -0.38361156E+00     0.22012960E-01     0.20000000E+01    -0.58462370E-01     0.41834724E+00     0.34005177E+00     0.17199386E-01     102     0.32292409E-02
-0.50000010E+01    -0.37439138E+00     0.21446213E-01     0.20000000E+01    -0.59531845E-01     0.41773167E+00     0.34077486E+00     0.16615979E-01     102     0.32292409E-02
-0.49000015E+01    -0.36375773E+00     0.20998774E-01     0.20000000E+01    -0.60537308E-01     0.41707671E+00     0.34142980E+00     0.16151687E-01     102     0.32292409E-02
-0.48000007E+01    -0.35253587E+00     0.20554025E-01     0.20000000E+01    -0.61626129E-01     0.41643634E+00     0.34208116E+00     0.15686637E-01     102     0.32292409E-02
-0.47000003E+01    -0.34075764E+00     0.20036766E-01     0.20000000E+01    -0.62963679E-01     0.41575551E+00     0.34272048E+00     0.15141683E-01     103     0.25093697E-02
-0.46000009E+01    -0.32812503E+00     0.19369295E-01     0.20000000E+01    -0.64810246E-01     0.41502899E+00     0.34347859E+00     0.14441592E-01     103     0.25093697E-02
-0.45000000E+01    -0.31447816E+00     0.18867495E-01     0.20000000E+01    -0.66547133E-01     0.41424793E+00     0.34440106E+00     0.13938985E-01     103     0.25093697E-02
-0.44000010E+01    -0.29985276E+00     0.18311137E-01     0.20000000E+01    -0.68546802E-01     0.41335511E+00     0.34521648E+00     0.13373444E-01     103     0.25093697E-02
-0.43000002E+01    -0.28381738E+00     0.17648662E-01     0.20000000E+01    -0.71020484E-01     0.41234693E+00     0.34602568E+00     0.12691810E-01     103     0.25093697E-02
-0.42000012E+01    -0.26753125E+00     0.17132472E-01     0.20000000E+01    -0.73180556E-01     0.41148505E+00     0.34672400E+00     0.12162769E-01     104     0.18779053E-02
-0.41000004E+01    -0.25102019E+00     0.16704619E-01     0.20000000E+01    -0.75133599E-01     0.41100553E+00     0.34758455E+00     0.11731686E-01     104     0.18779053E-02
-0.40000014E+01    -0.23439187E+00     0.16316479E-01     0.20000000E+01    -0.77007197E-01     0.41025460E+00     0.34821919E+00     0.11334902E-01     104     0.18779053E-02
-0.39000006E+01    -0.21742424E+00     0.15932405E-01     0.20000000E+01    -0.78946665E-01     0.40966070E+00     0.34885821E+00     0.10937443E-01     104     0.18779053E-02
-0.38000014E+01    -0.20129010E+00     0.15658068E-01     0.20000000E+01    -0.80485784E-01     0.40905347E+00     0.34946281E+00     0.10651656E-01     105     0.13357622E-02
-0.37000005E+01    -0.18506455E+00     0.15395579E-01     0.20000000E+01    -0.82018279E-01     0.40843716E+00     0.35005850E+00     0.10375947E-01     105     0.13357622E-02
-0.36000016E+01    -0.16854824E+00     0.15124998E-01     0.20000000E+01    -0.83620071E-01     0.40782422E+00     0.35065943E+00     0.10088995E-01     105     0.13357622E-02
-0.35000007E+01    -0.15212022E+00     0.14873907E-01     0.20000000E+01    -0.85161261E-01     0.40719908E+00     0.35122961E+00     0.98187234E-02     105     0.13357622E-02
-0.34000015E+01    -0.13627683E+00     0.14680412E-01     0.20000000E+01    -0.86470909E-01     0.40656593E+00     0.35172901E+00     0.96050324E-02     106     0.88392844E-03
-0.33000009E+01    -0.11910937E+00     0.14417815E-01     0.20000000E+01    -0.88202730E-01     0.40593266E+00     0.35239595E+00     0.93259346E-02     106     0.88392844E-03
-0.32000017E+01    -0.99144503E-01     0.14012369E-01     0.20000000E+01    -0.90814665E-01     0.40524548E+00     0.35332474E+00     0.89120883E-02     106     0.88392844E-03
-0.31000009E+01    -0.79249434E-01     0.13632819E-01     0.20000000E+01    -0.93348883E-01     0.40457612E+00     0.35431287E+00     0.85215373E-02     106     0.88392844E-03
-0.30000000E+01    -0.60809523E-01     0.13353994E-01     0.20000000E+01    -0.95376924E-01     0.40391392E+00     0.35495299E+00     0.82271211E-02     107     0.52343018E-03
-0.29000010E+01    -0.42781793E-01     0.13109158E-01     0.20000000E+01    -0.97253539E-01     0.40324619E+00     0.35556757E+00     0.79648960E-02     107     0.52343018E-03
-0.28000002E+01    -0.25386900E-01     0.12907852E-01     0.20000000E+01    -0.98917603E-01     0.40254369E+00     0.35615870E+00     0.77450857E-02     107     0.52343018E-03
-0.27000012E+01    -0.83799846E-02     0.12732852E-01     0.20000000E+01    -0.10045510E+00     0.40180048E+00     0.35673821E+00     0.75498135E-02     107     0.52343018E-03
-0.26000004E+01     0.80328695E-02     0.12593001E-01     0.20000000E+01    -0.10180979E+00     0.40097365E+00     0.35729057E+00     0.73882695E-02     108     0.25559045E-03
-0.25000012E+01     0.24075344E-01     0.12475137E-01     0.20000000E+01    -0.10305513E+00     0.40005201E+00     0.35783520E+00     0.72473367E-02     108     0.25559045E-03
-0.24000003E+01     0.40003486E-01     0.12365005E-01     0.20000000E+01    -0.10423900E+00     0.39929113E+00     0.35839018E+00     0.71217692E-02     108     0.25559045E-03
-0.23000014E+01     0.55811618E-01     0.12258733E-01     0.20000000E+01    -0.10533543E+00     0.39888158E+00     0.35892659E+00     0.70082117E-02     108     0.25559045E-03
-0.22000005E+01     0.71231879E-01     0.12171196E-01     0.20000000E+01    -0.10630853E+00     0.39821941E+00     0.35945630E+00     0.69138757E-02     109     0.82218816E-04
-0.21000013E+01     0.86114898E-01     0.12111252E-01     0.20000000E+01    -0.10713637E+00     0.39771771E+00     0.35995549E+00     0.68456619E-02     109     0.82218816E-04
-0.20000007E+01     0.10035419E+00     0.12079390E-01     0.20000000E+01    -0.10777899E+00     0.39719516E+00     0.36058396E+00     0.68030204E-02     109     0.82218816E-04
-0.19000015E+01     0.11462913E+00     0.12048055E-01     0.20000000E+01    -0.10843126E+00     0.39665920E+00     0.36098436E+00     0.67594144E-02     109     0.82218816E-04
-0.18000008E+01     0.13054521E+00     0.11951623E-01     0.20000000E+01    -0.10955648E+00     0.39611372E+00     0.36179715E+00     0.66688387E-02     109     0.82218816E-04
-0.17000016E+01     0.14600945E+00     0.11875274E-01     0.20000000E+01    -0.11054828E+00     0.39557058E+00     0.36245656E+00     0.65954537E-02     110     0.45936558E-05
-0.16000009E+01     0.16116045E+00     0.11812700E-01     0.20000000E+01    -0.11145124E+00     0.39503461E+00     0.36305371E+00     0.65341936E-02     110     0.45936558E-05
-0.15000000E+01     0.17603165E+00     0.11763093E-01     0.20000000E+01    -0.11227276E+00     0.39448065E+00     0.36360589E+00     0.64839744E-02     110     0.45936558E-05
-0.14000009E+01     0.19068503E+00     0.11723731E-01     0.20000000E+01    -0.11303332E+00     0.39392889E+00     0.36412558E+00     0.64426386E-02     110     0.45936558E-05
-0.13000002E+01     0.20517093E+00     0.11691447E-01     0.20000000E+01    -0.11374678E+00     0.39339042E+00     0.36462295E+00     0.64073573E-02     111     0.22930024E-04
-0.12000011E+01     0.21952541E+00     0.11665799E-01     0.20000000E+01    -0.11442292E+00     0.39284453E+00     0.36511892E+00     0.63774455E-02     111     0.22930024E-04
-0.11000003E+01     0.23374459E+00     0.11646458E-01     0.20000000E+01    -0.11506207E+00     0.39230826E+00     0.36561623E+00     0.63529122E-02     111     0.22930024E-04
-0.10000012E+01     0.24783699E+00     0.11633611E-01     0.20000000E+01    -0.11566586E+00     0.39175805E+00     0.36611885E+00     0.63332310E-02     111     0.22930024E-04
-0.90000039E+00     0.26180243E+00     0.11625866E-01     0.20000000E+01    -0.11623759E+00     0.39120051E+00     0.36660683E+00     0.63174563E-02     111     0.22930024E-04
-0.80000126E+00     0.27557197E+00     0.11626704E-01     0.20000000E+01    -0.11675929E+00     0.39058939E+00     0.36731431E+00     0.63093160E-02     112     0.13751644E-03
-0.70000046E+00     0.28934091E+00     0.11630066E-01     0.20000000E+01    -0.11728406E+00     0.38997269E+00     0.36780226E+00     0.63021653E-02     112     0.13751644E-03
-0.60000139E+00     0.30298331E+00     0.11638921E-01     0.20000000E+01    -0.11778123E+00     0.38923916E+00     0.36829540E+00     0.62981821E-02     112     0.13751644E-03
-0.50000060E+00     0.31648001E+00     0.11655739E-01     0.20000000E+01    -0.11824657E+00     0.38845414E+00     0.36877623E+00     0.63006850E-02     112     0.13751644E-03
-0.40000150E+00     0.32995605E+00     0.11671362E-01     0.20000000E+01    -0.11869925E+00     0.38771078E+00     0.36925027E+00     0.63065398E-02     113     0.34877725E-03
-0.30000070E+00     0.34382823E+00     0.11661885E-01     0.20000000E+01    -0.11920265E+00     0.38736269E+00     0.36968368E+00     0.62959348E-02     113     0.34877725E-03
-0.20000160E+00     0.35765833E+00     0.11652265E-01     0.20000000E+01    -0.11968613E+00     0.38679561E+00     0.37007934E+00     0.62837745E-02     113     0.34877725E-03
-0.10000080E+00     0.37230897E+00     0.11616518E-01     0.20000000E+01    -0.12041300E+00     0.38634834E+00     0.37081745E+00     0.62561319E-02     113     0.34877725E-03
 0.00000000E+00     0.38688049E+00     0.11584570E-01     0.20000000E+01    -0.12112018E+00     0.38587630E+00     0.37150419E+00     0.62332996E-02     113     0.34877725E-03
 0.99999093E-01     0.40126446E+00     0.11560707E-01     0.20000000E+01    -0.12177727E+00     0.38540581E+00     0.37212041E+00     0.62166681E-02     114     0.65841351E-03
 0.19999990E+00     0.41547710E+00     0.11543726E-01     0.20000000E+01    -0.12238850E+00     0.38492697E+00     0.37266898E+00     0.62049273E-02     114     0.65841351E-03
 0.29999900E+00     0.42957130E+00     0.11531891E-01     0.20000000E+01    -0.12296801E+00     0.38444358E+00     0.37320027E+00     0.61971676E-02     114     0.65841351E-03
 0.39999980E+00     0.44356626E+00     0.11524034E-01     0.20000000E+01    -0.12352038E+00     0.38395983E+00     0.37370592E+00     0.61922264E-02     114     0.65841351E-03
 0.49999887E+00     0.45746818E+00     0.11520247E-01     0.20000000E+01    -0.12404931E+00     0.38348380E+00     0.37420064E+00     0.61902786E-02     114     0.65841351E-03
 0.59999967E+00     0.47126356E+00     0.11521006E-01     0.20000000E+01    -0.12455221E+00     0.38300747E+00     0.37492383E+00     0.61933552E-02     115     0.10680658E-02
 0.69999880E+00     0.48496562E+00     0.11526734E-01     0.20000000E+01    -0.12503114E+00     0.38252705E+00     0.37542397E+00     0.61974186E-02     115     0.10680658E-02
 0.79999959E+00     0.49858275E+00     0.11535320E-01     0.20000000E+01    -0.12548909E+00     0.38204318E+00     0.37590969E+00     0.62030177E-02     115     0.10680658E-02
 0.89999866E+00     0.51214355E+00     0.11546701E-01     0.20000000E+01    -0.12593399E+00     0.38156590E+00     0.37641102E+00     0.62104664E-02     115     0.10680658E-02
 0.99999946E+00     0.52565116E+00     0.11560894E-01     0.20000000E+01    -0.12636615E+00     0.38108146E+00     0.37691557E+00     0.62198858E-02     116     0.15789367E-02
 0.10999986E+01     0.53909463E+00     0.11578019E-01     0.20000000E+01    -0.12678382E+00     0.38059545E+00     0.37742105E+00     0.62309378E-02     116     0.15789367E-02
 0.11999993E+01     0.55245829E+00     0.11599248E-01     0.20000000E+01    -0.12718357E+00     0.38010803E+00     0.37792391E+00     0.62448778E-02     116     0.15789367E-02
 0.12999984E+01     0.56573409E+00     0.11624053E-01     0.20000000E+01    -0.12756410E+00     0.37960523E+00     0.37841493E+00     0.62611168E-02     116     0.15789367E-02
 0.13999993E+01     0.57889700E+00     0.11653457E-01     0.20000000E+01    -0.12792014E+00     0.37902793E+00     0.37886119E+00     0.62795230E-02     116     0.15789367E-02
 0.14999983E+01     0.59191620E+00     0.11689886E-01     0.20000000E+01    -0.12824547E+00     0.37844014E+00     0.37928385E+00     0.63034063E-02     117     0.21921741E-02
 0.15999992E+01     0.60515624E+00     0.11720907E-01     0.20000000E+01    -0.12864088E+00     0.37776262E+00     0.37985191E+00     0.63249175E-02     117     0.21921741E-02
 0.16999999E+01     0.61869460E+00     0.11744196E-01     0.20000000E+01    -0.12912916E+00     0.37701201E+00     0.38059273E+00     0.63470015E-02     117     0.21921741E-02
 0.17999990E+01     0.63243741E+00     0.11752179E-01     0.20000000E+01    -0.12963122E+00     0.37647560E+00     0.38124469E+00     0.63632079E-02     117     0.21921741E-02
 0.18999999E+01     0.64660048E+00     0.11735084E-01     0.20000000E+01    -0.13018700E+00     0.37599882E+00     0.38184646E+00     0.63600014E-02     117     0.21921741E-02
 0.19999989E+01     0.66046703E+00     0.11732757E-01     0.20000000E+01    -0.13068810E+00     0.37561452E+00     0.38260549E+00     0.63703079E-02     118     0.29090899E-02
 0.20999997E+01     0.67417634E+00     0.11737859E-01     0.20000000E+01    -0.13115101E+00     0.37521672E+00     0.38314492E+00     0.63837203E-02     118     0.29090899E-02
 0.21999989E+01     0.68779069E+00     0.11745885E-01     0.20000000E+01    -0.13159189E+00     0.37479150E+00     0.38364819E+00     0.63984585E-02     118     0.29090899E-02
 0.22999997E+01     0.70133632E+00     0.11756938E-01     0.20000000E+01    -0.13201633E+00     0.37435386E+00     0.38416442E+00     0.64151525E-02     118     0.29090899E-02
 0.23999987E+01     0.71480340E+00     0.11771306E-01     0.20000000E+01    -0.13242327E+00     0.37391749E+00     0.38467708E+00     0.64338832E-02     118     0.29090899E-02
 0.24999995E+01     0.72819203E+00     0.11788880E-01     0.20000000E+01    -0.13281086E+00     0.37348342E+00     0.38519043E+00     0.64547425E-02     119     0.37310193E-02
 0.25999987E+01     0.74152780E+00     0.11808389E-01     0.20000000E+01    -0.13318634E+00     0.37304178E+00     0.38569859E+00     0.64761909E-02     119     0.37310193E-02
 0.26999993E+01     0.75481141E+00     0.11830019E-01     0.20000000E+01    -0.13355018E+00     0.37260717E+00     0.38621867E+00     0.64989794E-02     119     0.37310193E-02
 0.27999985E+01     0.76805317E+00     0.11853557E-01     0.20000000E+01    -0.13390425E+00     0.37217882E+00     0.38673696E+00     0.65228571E-02     119     0.37310193E-02
 0.28999994E+01     0.78122717E+00     0.11880049E-01     0.20000000E+01    -0.13424365E+00     0.37175858E+00     0.38726291E+00     0.65485220E-02     119     0.37310193E-02
 0.29999983E+01     0.79432368E+00     0.11909748E-01     0.20000000E+01    -0.13456675E+00     0.37132704E+00     0.38776743E+00     0.65759458E-02     120     0.46595004E-02
 0.30999992E+01     0.80734056E+00     0.11942566E-01     0.20000000E+01    -0.13487257E+00     0.37089664E+00     0.38826886E+00     0.66048005E-02     120     0.46595004E-02
 0.31999984E+01     0.82027304E+00     0.11978272E-01     0.20000000E+01    -0.13515995E+00     0.37046129E+00     0.38869974E+00     0.66349129E-02     120     0.46595004E-02
 0.32999990E+01     0.83310026E+00     0.12018161E-01     0.20000000E+01    -0.13542342E+00     0.37002522E+00     0.38910368E+00     0.66673863E-02     120     0.46595004E-02
 0.33999999E+01     0.84667265E+00     0.12036400E-01     0.20000000E+01    -0.13588537E+00     0.36958760E+00     0.39020690E+00     0.66940342E-02     120     0.46595004E-02
 0.34999990E+01     0.85996032E+00     0.12064580E-01     0.20000000E+01    -0.13627766E+00     0.36912110E+00     0.39089745E+00     0.67265709E-02     121     0.56962054E-02
 0.35999999E+01     0.87308496E+00     0.12099122E-01     0.20000000E+01    -0.13663276E+00     0.36864710E+00     0.39149734E+00     0.67631509E-02     121     0.56962054E-02
 0.36999989E+01     0.88604468E+00     0.12139983E-01     0.20000000E+01    -0.13695437E+00     0.36813623E+00     0.39206451E+00     0.68044844E-02     121     0.56962054E-02
 0.37999997E+01     0.89873981E+00     0.12193300E-01     0.20000000E+01    -0.13722891E+00     0.36734691E+00     0.39260393E+00     0.68523181E-02     121     0.56962054E-02
 0.38999987E+01     0.91099763E+00     0.12265517E-01     0.20000000E+01    -0.13743047E+00     0.36581457E+00     0.39312798E+00     0.69121178E-02     121     0.56962054E-02
 0.39999995E+01     0.92440879E+00     0.12280123E-01     0.20000000E+01    -0.13780552E+00     0.36548612E+00     0.39366439E+00     0.69391816E-02     122     0.68430351E-02
 0.40999985E+01     0.93803442E+00     0.12282091E-01     0.20000000E+01    -0.13821140E+00     0.36484668E+00     0.39420015E+00     0.69535081E-02     122     0.68430351E-02
 0.41999993E+01     0.95146382E+00     0.12293399E-01     0.20000000E+01    -0.13858123E+00     0.36410528E+00     0.39474583E+00     0.69737048E-02     122     0.68430351E-02
 0.42999988E+01     0.96451509E+00     0.12322990E-01     0.20000000E+01    -0.13888586E+00     0.36366996E+00     0.39527351E+00     0.70089865E-02     122     0.68430351E-02
 0.43999991E+01     0.97769368E+00     0.12344820E-01     0.20000000E+01    -0.13920841E+00     0.36288849E+00     0.39581186E+00     0.70348214E-02     122     0.68430351E-02
 0.44999986E+01     0.99078423E+00     0.12371073E-01     0.20000000E+01    -0.13951464E+00     0.36209306E+00     0.39634800E+00     0.70631974E-02     123     0.81021339E-02
 0.45999994E+01     0.10036362E+01     0.12407647E-01     0.20000000E+01    -0.13977966E+00     0.36162955E+00     0.39689937E+00     0.71014194E-02     123     0.81021339E-02
 0.47000003E+01     0.10164042E+01     0.12448449E-01     0.20000000E+01    -0.14002825E+00     0.36118737E+00     0.39743206E+00     0.71426528E-02     123     0.81021339E-02
 0.47999973E+01     0.10290765E+01     0.12492463E-01     0.20000000E+01    -0.14025806E+00     0.36072558E+00     0.39794317E+00     0.71851909E-02     123     0.81021339E-02
 0.48999982E+01     0.10415738E+01     0.12540999E-01     0.20000000E+01    -0.14044675E+00     0.35991943E+00     0.39858568E+00     0.72249160E-02     123     0.81021339E-02
 0.49999990E+01     0.10540067E+01     0.12593621E-01     0.20000000E+01    -0.14062741E+00     0.35944423E+00     0.39899468E+00     0.72720139E-02     124     0.94758309E-02
 0.50999999E+01     0.10669422E+01     0.12635956E-01     0.20000000E+01    -0.14094564E+00     0.35857874E+00     0.39983913E+00     0.73141181E-02     124     0.94758309E-02
 0.52000008E+01     0.10797229E+01     0.12683342E-01     0.20000000E+01    -0.14122951E+00     0.35807738E+00     0.40058687E+00     0.73664803E-02     124     0.94758309E-02
 0.52999978E+01     0.10923063E+01     0.12738094E-01     0.20000000E+01    -0.14147279E+00     0.35753673E+00     0.40124014E+00     0.74239057E-02     124     0.94758309E-02
 0.53999987E+01     0.11046857E+01     0.12800290E-01     0.20000000E+01    -0.14167699E+00     0.35696599E+00     0.40184423E+00     0.74869827E-02     124     0.94758309E-02
 0.54999995E+01     0.11168367E+01     0.12871133E-01     0.20000000E+01    -0.14183778E+00     0.35634035E+00     0.40241686E+00     0.75571728E-02     125     0.10966896E-01
 0.56000004E+01     0.11287003E+01     0.12953335E-01     0.20000000E+01    -0.14194830E+00     0.35563576E+00     0.40296933E+00     0.76360442E-02     125     0.10966896E-01
 0.56999979E+01     0.11422079E+01     0.12958573E-01     0.20000000E+01    -0.14231677E+00     0.35494328E+00     0.40353149E+00     0.76617794E-02     125     0.10966896E-01
 0.57999988E+01     0.11556327E+01     0.12967601E-01     0.20000000E+01    -0.14266828E+00     0.35393125E+00     0.40408325E+00     0.76842648E-02     125     0.10966896E-01
 0.58999996E+01     0.11683428E+01     0.13008040E-01     0.20000000E+01    -0.14290118E+00     0.35342392E+00     0.40465650E+00     0.77334396E-02     125     0.10966896E-01
 0.60000000E+01     0.11809584E+01     0.13051494E-01     0.20000000E+01    -0.14311515E+00     0.35292429E+00     0.40520084E+00     0.77843112E-02     126     0.12578236E-01
 0.60999975E+01     0.11934903E+01     0.13097585E-01     0.20000000E+01    -0.14331292E+00     0.35241321E+00     0.40576708E+00     0.78360932E-02     126     0.12578236E-01
 0.61999984E+01     0.12059530E+01     0.13146525E-01     0.20000000E+01    -0.14349782E+00     0.35191423E+00     0.40632191E+00     0.78897551E-02     126     0.12578236E-01
 0.62999992E+01     0.12182542E+01     0.13200573E-01     0.20000000E+01    -0.14364931E+00     0.35141385E+00     0.40709910E+00     0.79473210E-02     126     0.12578236E-01
 0.64000001E+01     0.12305645E+01     0.13255328E-01     0.20000000E+01    -0.14380549E+00     0.35050479E+00     0.40764433E+00     0.79993811E-02     126     0.12578236E-01
 0.65000010E+01     0.12426832E+01     0.13316667E-01     0.20000000E+01    -0.14392699E+00     0.34997678E+00     0.40815464E+00     0.80601461E-02     127     0.14313264E-01
 0.65999980E+01     0.12546722E+01     0.13382639E-01     0.20000000E+01    -0.14402348E+00     0.34945425E+00     0.40865257E+00     0.81234295E-02     127     0.14313264E-01
 0.66999989E+01     0.12664468E+01     0.13457599E-01     0.20000000E+01    -0.14408576E+00     0.34852290E+00     0.40908113E+00     0.81878575E-02     127     0.14313264E-01
 0.67999997E+01     0.12784925E+01     0.13527516E-01     0.20000000E+01    -0.14421818E+00     0.34795240E+00     0.40981546E+00     0.82588121E-02     127     0.14313264E-01
 0.69000006E+01     0.12905207E+01     0.13601351E-01     0.20000000E+01    -0.14435880E+00     0.34736717E+00     0.41064167E+00     0.83379019E-02     127     0.14313264E-01
 0.69999981E+01     0.13022704E+01     0.13684557E-01     0.20000000E+01    -0.14444612E+00     0.34673071E+00     0.41134480E+00     0.84241945E-02     128     0.16175576E-01
 0.70999990E+01     0.13136917E+01     0.13779013E-01     0.20000000E+01    -0.14447506E+00     0.34604168E+00     0.41198421E+00     0.85191317E-02     128     0.16175576E-01
 0.71999998E+01     0.13255507E+01     0.13852614E-01     0.20000000E+01    -0.14456649E+00     0.34541205E+00     0.41258815E+00     0.86040599E-02     128     0.16175576E-01
 0.73000002E+01     0.13381401E+01     0.13893913E-01     0.20000000E+01    -0.14476910E+00     0.34490624E+00     0.41318575E+00     0.86614406E-02     128     0.16175576E-01
 0.73999977E+01     0.13509197E+01     0.13926880E-01     0.20000000E+01    -0.14499919E+00     0.34394777E+00     0.41376328E+00     0.87089650E-02     128     0.16175576E-01
 0.74999986E+01     0.13630862E+01     0.13983152E-01     0.20000000E+01    -0.14512742E+00     0.34333095E+00     0.41435486E+00     0.87762382E-02     128     0.16175576E-01
 0.75999994E+01     0.13754272E+01     0.14032166E-01     0.20000000E+01    -0.14528258E+00     0.34203860E+00     0.41493663E+00     0.88322498E-02     129     0.18169271E-01
 0.77000003E+01     0.13871782E+01     0.14104438E-01     0.20000000E+01    -0.14533895E+00     0.34139872E+00     0.41552925E+00     0.89099314E-02     129     0.18169271E-01
 0.77999973E+01     0.13987030E+01     0.14181920E-01     0.20000000E+01    -0.14535312E+00     0.34076303E+00     0.41631708E+00     0.89918217E-02     129     0.18169271E-01
 0.78999982E+01     0.14101290E+01     0.14264112E-01     0.20000000E+01    -0.14535123E+00     0.34012672E+00     0.41688594E+00     0.90760030E-02     129     0.18169271E-01
 0.79999990E+01     0.14213692E+01     0.14351820E-01     0.20000000E+01    -0.14531758E+00     0.33947369E+00     0.41746682E+00     0.91639366E-02     129     0.18169271E-01
 0.81000004E+01     0.14324124E+01     0.14447270E-01     0.20000000E+01    -0.14524941E+00     0.33884829E+00     0.41801834E+00     0.92591336E-02     130     0.20298893E-01
 0.82000008E+01     0.14432307E+01     0.14549837E-01     0.20000000E+01    -0.14514434E+00     0.33818117E+00     0.41858974E+00     0.93585467E-02     130     0.20298893E-01
 0.82999983E+01     0.14537654E+01     0.14661397E-01     0.20000000E+01    -0.14498968E+00     0.33750352E+00     0.41906440E+00     0.94654504E-02     130     0.20298893E-01
 0.83999987E+01     0.14633697E+01     0.14810625E-01     0.20000000E+01    -0.14468631E+00     0.33625880E+00     0.41951138E+00     0.95989974E-02     130     0.20298893E-01
 0.85000000E+01     0.14745834E+01     0.14896919E-01     0.20000000E+01    -0.14464846E+00     0.33552656E+00     0.42015678E+00     0.96961670E-02     130     0.20298893E-01
 0.86000004E+01     0.14870270E+01     0.14944430E-01     0.20000000E+01    -0.14482905E+00     0.33434299E+00     0.42105156E+00     0.97642234E-02     130     0.20298893E-01
 0.86999979E+01     0.14985565E+01     0.15023177E-01     0.20000000E+01    -0.14485399E+00     0.33355278E+00     0.42183197E+00     0.98589398E-02     131     0.22569172E-01
 0.87999983E+01     0.15097523E+01     0.15114017E-01     0.20000000E+01    -0.14481911E+00     0.33276430E+00     0.42251557E+00     0.99623734E-02     131     0.22569172E-01
 0.88999996E+01     0.15206296E+01     0.15214734E-01     0.20000000E+01    -0.14472902E+00     0.33195177E+00     0.42314577E+00     0.10072849E-01     131     0.22569172E-01
 0.90000000E+01     0.15311790E+01     0.15327555E-01     0.20000000E+01    -0.14458454E+00     0.33079237E+00     0.42375726E+00     0.10190388E-01     131     0.22569172E-01
 0.90999975E+01     0.15414326E+01     0.15449010E-01     0.20000000E+01    -0.14438769E+00     0.32997811E+00     0.42434788E+00     0.10317187E-01     131     0.22569172E-01
 0.91999989E+01     0.15513167E+01     0.15583893E-01     0.20000000E+01    -0.14412895E+00     0.32916233E+00     0.42517301E+00     0.10456752E-01     131     0.22569172E-01
 0.92999992E+01     0.15599349E+01     0.15748173E-01     0.20000000E+01    -0.14364064E+00     0.32835695E+00     0.42575726E+00     0.10623235E-01     132     0.24985466E-01
 0.94000006E+01     0.15653493E+01     0.15997035E-01     0.20000000E+01    -0.14258774E+00     0.32704005E+00     0.42629021E+00     0.10864903E-01     132     0.24985466E-01
 0.94999971E+01     0.15723790E+01     0.16197791E-01     0.20000000E+01    -0.14180347E+00     0.32612908E+00     0.42681319E+00     0.11076003E-01     132     0.24985466E-01
 0.95999985E+01     0.15813267E+01     0.16345590E-01     0.20000000E+01    -0.14134909E+00     0.32519346E+00     0.42739290E+00     0.11236899E-01     132     0.24985466E-01
 0.96999989E+01     0.15904604E+01     0.16498679E-01     0.20000000E+01    -0.14094424E+00     0.32355285E+00     0.42797309E+00     0.11396606E-01     132     0.24985466E-01
 0.98000002E+01     0.15995437E+01     0.16663903E-01     0.20000000E+01    -0.14054711E+00     0.32250524E+00     0.42854813E+00     0.11566985E-01     132     0.24985466E-01
 0.99000006E+01     0.16086253E+01     0.16836019E-01     0.20000000E+01    -0.14016211E+00     0.32143375E+00     0.42910302E+00     0.11741970E-01     133     0.27553435E-01
 0.99999981E+01     0.16175127E+01     0.17020805E-01     0.20000000E+01    -0.13975422E+00     0.32034963E+00     0.42963862E+00     0.11925964E-01     133     0.27553435E-01
 0.10099998E+02     0.16259675E+01     0.17226968E-01     0.20000000E+01    -0.13928558E+00     0.31926978E+00     0.43012652E+00     0.12128269E-01     133     0.27553435E-01
 0.10200000E+02     0.16338271E+01     0.17460415E-01     0.20000000E+01    -0.13873251E+00     0.31814322E+00     0.43055898E+00     0.12354443E-01     133     0.27553435E-01
 0.10300000E+02     0.16428933E+01     0.17662248E-01     0.20000000E+01    -0.13839471E+00     0.31570959E+00     0.43136445E+00     0.12560856E-01     133     0.27553435E-01
 0.10399998E+02     0.16526443E+01     0.17842341E-01     0.20000000E+01    -0.13816768E+00     0.31426737E+00     0.43224096E+00     0.12754718E-01     133     0.27553435E-01
 0.10499999E+02     0.16617116E+01     0.18052289E-01     0.20000000E+01    -0.13783661E+00     0.31279096E+00     0.43299609E+00     0.12974123E-01     133     0.27553435E-01
 0.10599999E+02     0.16700318E+01     0.18296631E-01     0.20000000E+01    -0.13739730E+00     0.31133258E+00     0.43367377E+00     0.13224805E-01     134     0.30279335E-01
 0.10700000E+02     0.16775788E+01     0.18580118E-01     0.20000000E+01    -0.13685165E+00     0.30982509E+00     0.43428659E+00     0.13508672E-01     134     0.30279335E-01
 0.10799997E+02     0.16843759E+01     0.18903818E-01     0.20000000E+01    -0.13620821E+00     0.30823866E+00     0.43513691E+00     0.13833503E-01     134     0.30279335E-01
 0.10899999E+02     0.16931798E+01     0.19136004E-01     0.20000000E+01    -0.13584840E+00     0.30633780E+00     0.43574575E+00     0.14076967E-01     134     0.30279335E-01
 0.10999999E+02     0.17003806E+01     0.19446794E-01     0.20000000E+01    -0.13527450E+00     0.30350363E+00     0.43633121E+00     0.14387886E-01     134     0.30279335E-01
 0.11100000E+02     0.17069687E+01     0.19800659E-01     0.20000000E+01    -0.13462597E+00     0.30147782E+00     0.43690637E+00     0.14739891E-01     134     0.30279335E-01
 0.11200001E+02     0.17108223E+01     0.20294117E-01     0.20000000E+01    -0.13362764E+00     0.29708329E+00     0.43742505E+00     0.15218115E-01     134     0.30279335E-01
 0.11299998E+02     0.17167650E+01     0.20697704E-01     0.20000000E+01    -0.13292304E+00     0.29431620E+00     0.43798667E+00     0.15621319E-01     135     0.33169542E-01
 0.11399999E+02     0.17213213E+01     0.21188658E-01     0.20000000E+01    -0.13205411E+00     0.29195029E+00     0.43852878E+00     0.16107235E-01     135     0.33169542E-01
 0.11500000E+02     0.17232628E+01     0.21821821E-01     0.20000000E+01    -0.13088734E+00     0.28684509E+00     0.43905494E+00     0.16725538E-01     135     0.33169542E-01
 0.11600000E+02     0.17250906E+01     0.22496589E-01     0.20000000E+01    -0.12974812E+00     0.28329441E+00     0.43954018E+00     0.17390469E-01     135     0.33169542E-01
 0.11699998E+02     0.17242355E+01     0.23346931E-01     0.20000000E+01    -0.12834561E+00     0.27757868E+00     0.44000074E+00     0.18224008E-01     135     0.33169542E-01
 0.11799999E+02     0.17191914E+01     0.24482774E-01     0.20000000E+01    -0.12656024E+00     0.27117667E+00     0.44039738E+00     0.19337542E-01     135     0.33169542E-01
 0.11900000E+02     0.17142472E+01     0.25668662E-01     0.20000000E+01    -0.12490760E+00     0.26592490E+00     0.44079274E+00     0.20512376E-01     135     0.33169542E-01
 0.12000000E+02     0.17027125E+01     0.27321270E-01     0.20000000E+01    -0.12278691E+00     0.25826144E+00     0.44106579E+00     0.22149047E-01     135     0.33169542E-01
 0.12099998E+02     0.16919116E+01     0.28999202E-01     0.20000000E+01    -0.12096702E+00     0.25246567E+00     0.44133171E+00     0.23826264E-01     135     0.33169542E-01
 0.12199999E+02     0.16769906E+01     0.31007376E-01     0.20000000E+01    -0.11910062E+00     0.24703911E+00     0.44154853E+00     0.25843088E-01     135     0.33169542E-01
 0.12299999E+02     0.16600254E+01     0.33146620E-01     0.20000000E+01    -0.11744204E+00     0.24178366E+00     0.44171888E+00     0.28003927E-01     135     0.33169542E-01
 0.12400001E+02     0.16390370E+01     0.35592265E-01     0.20000000E+01    -0.11599627E+00     0.23754570E+00     0.44181105E+00     0.30488579E-01     135     0.33169542E-01
 0.12499997E+02     0.16146040E+01     0.38305867E-01     0.20000000E+01    -0.11492487E+00     0.23415002E+00     0.44187960E+00     0.33263426E-01     135     0.33169542E-01
 0.12599998E+02     0.15853399E+01     0.41374017E-01     0.20000000E+01    -0.11429537E+00     0.23224150E+00     0.44187662E+00     0.36416821E-01     135     0.33169542E-01
 0.12699999E+02     0.15522270E+01     0.44716064E-01     0.20000000E+01    -0.11410709E+00     0.23129228E+00     0.44183388E+00     0.39867904E-01     135     0.33169542E-01
 0.12800000E+02     0.15155889E+01     0.48107386E-01     0.20000000E+01    -0.11410996E+00     0.23100330E+00     0.44171321E+00     0.43378484E-01     135     0.33169542E-01
 0.12900001E+02     0.14750377E+01     0.51286127E-01     0.20000000E+01    -0.11413453E+00     0.23137876E+00     0.44152847E+00     0.46683248E-01     134     0.30279335E-01
 0.12999998E+02     0.14319947E+01     0.53565990E-01     0.20000000E+01    -0.11406673E+00     0.23226209E+00     0.44130716E+00     0.49090181E-01     134     0.30279335E-01
 0.13099999E+02     0.13885076E+01     0.56848239E-01     0.20000000E+01    -0.11389888E+00     0.23250404E+00     0.44103077E+00     0.52486390E-01     134     0.30279335E-01
 0.13200000E+02     0.13457662E+01     0.61567262E-01     0.20000000E+01    -0.11378919E+00     0.23196657E+00     0.44074488E+00     0.57300672E-01     134     0.30279335E-01
 0.13399998E+02     0.12667812E+01     0.71040072E-01     0.20000000E+01    -0.11462931E+00     0.22612879E+00     0.44025102E+00     0.66912226E-01     133     0.27553435E-01
 0.13499999E+02     0.12319301E+01     0.75707428E-01     0.20000000E+01    -0.11556479E+00     0.22162314E+00     0.44002858E+00     0.71623176E-01     133     0.27553435E-01
 0.13599999E+02     0.12126912E+01     0.79016656E-01     0.20000000E+01    -0.11644197E+00     0.21872064E+00     0.44005352E+00     0.74969448E-01     133     0.27553435E-01
 0.13700001E+02     0.11779577E+01     0.84016271E-01     0.20000000E+01    -0.11783136E+00     0.21112779E+00     0.43987003E+00     0.79986580E-01     133     0.27553435E-01
 0.13799997E+02     0.11480166E+01     0.88644400E-01     0.20000000E+01    -0.11931875E+00     0.20307478E+00     0.43969497E+00     0.84621184E-01     133     0.27553435E-01
 0.13899999E+02     0.11042804E+01     0.94873033E-01     0.20000000E+01    -0.12152790E+00     0.18938269E+00     0.43925035E+00     0.90823524E-01     132     0.24985466E-01
 0.13999999E+02     0.10833561E+01     0.98625846E-01     0.20000000E+01    -0.12302073E+00     0.18147987E+00     0.43928012E+00     0.94568670E-01     132     0.24985466E-01
 0.14100000E+02     0.10685028E+01     0.10152527E+00     0.20000000E+01    -0.12419286E+00     0.17363210E+00     0.43935180E+00     0.97442597E-01     132     0.24985466E-01
 0.14199998E+02     0.10563984E+01     0.10437693E+00     0.20000000E+01    -0.12548071E+00     0.16822281E+00     0.43960318E+00     0.10029446E+00     132     0.24985466E-01
 0.14299998E+02     0.10445178E+01     0.10697097E+00     0.20000000E+01    -0.12657873E+00     0.16101545E+00     0.43968466E+00     0.10286027E+00     132     0.24985466E-01
 0.14400000E+02     0.10289348E+01     0.11012681E+00     0.20000000E+01    -0.12804425E+00     0.15316567E+00     0.43982816E+00     0.10599376E+00     132     0.24985466E-01
 0.14500000E+02     0.10285697E+01     0.11145416E+00     0.20000000E+01    -0.12868850E+00     0.15003999E+00     0.44018936E+00     0.10731462E+00     132     0.24985466E-01
 0.14600000E+02     0.10208677E+01     0.11373524E+00     0.20000000E+01    -0.12984236E+00     0.14589146E+00     0.44037953E+00     0.10958500E+00     132     0.24985466E-01
 0.14699998E+02     0.10190208E+01     0.11528282E+00     0.20000000E+01    -0.13068634E+00     0.14186288E+00     0.44081682E+00     0.11112609E+00     132     0.24985466E-01
 0.14799999E+02     0.10169880E+01     0.11668698E+00     0.20000000E+01    -0.13137057E+00     0.13826573E+00     0.44100529E+00     0.11251340E+00     132     0.24985466E-01
 0.14900000E+02     0.10131844E+01     0.11850806E+00     0.20000000E+01    -0.13234629E+00     0.13493904E+00     0.44126189E+00     0.11432823E+00     132     0.24985466E-01
 0.15000001E+02     0.10132333E+01     0.11984072E+00     0.20000000E+01    -0.13309622E+00     0.13229364E+00     0.44170061E+00     0.11565617E+00     132     0.24985466E-01
 0.15099998E+02     0.10113344E+01     0.12128390E+00     0.20000000E+01    -0.13389853E+00     0.12881580E+00     0.44176716E+00     0.11708203E+00     132     0.24985466E-01
 0.15199999E+02     0.10119984E+01     0.12240982E+00     0.20000000E+01    -0.13452929E+00     0.12623695E+00     0.44224024E+00     0.11819571E+00     133     0.27553435E-01
 0.15299999E+02     0.10145020E+01     0.12346829E+00     0.20000000E+01    -0.13513979E+00     0.12457623E+00     0.44305381E+00     0.11926220E+00     133     0.27553435E-01
 0.15400001E+02     0.10136497E+01     0.12500331E+00     0.20000000E+01    -0.13616475E+00     0.12208569E+00     0.44340959E+00     0.12080176E+00     133     0.27553435E-01
 0.15499998E+02     0.10149847E+01     0.12615369E+00     0.20000000E+01    -0.13681087E+00     0.12035681E+00     0.44410869E+00     0.12195298E+00     133     0.27553435E-01
 0.15599998E+02     0.10160429E+01     0.12727228E+00     0.20000000E+01    -0.13752958E+00     0.11816400E+00     0.44451118E+00     0.12306550E+00     133     0.27553435E-01
 0.15699999E+02     0.10201896E+01     0.12803641E+00     0.20000000E+01    -0.13807963E+00     0.11724221E+00     0.44524825E+00     0.12384074E+00     133     0.27553435E-01
 0.15800000E+02     0.10229559E+01     0.12898996E+00     0.20000000E+01    -0.13866164E+00     0.11537299E+00     0.44602194E+00     0.12479826E+00     133     0.27553435E-01
 0.15899998E+02     0.10239339E+01     0.13026233E+00     0.20000000E+01    -0.13946895E+00     0.11377730E+00     0.44637677E+00     0.12607609E+00     133     0.27553435E-01
 0.15999998E+02     0.10258852E+01     0.13140236E+00     0.20000000E+01    -0.14029624E+00     0.11255080E+00     0.44702372E+00     0.12721734E+00     133     0.27553435E-01
 0.16099998E+02     0.10282627E+01     0.13235480E+00     0.20000000E+01    -0.14094566E+00     0.11117956E+00     0.44752347E+00     0.12816970E+00     134     0.30279335E-01
 0.16200001E+02     0.10304027E+01     0.13331969E+00     0.20000000E+01    -0.14156696E+00     0.10931984E+00     0.44770452E+00     0.12912942E+00     134     0.30279335E-01
 0.16300001E+02     0.10345950E+01     0.13407385E+00     0.20000000E+01    -0.14206903E+00     0.10835303E+00     0.44825509E+00     0.12989239E+00     134     0.30279335E-01
 0.16399998E+02     0.10374715E+01     0.13500950E+00     0.20000000E+01    -0.14271472E+00     0.10657807E+00     0.44895437E+00     0.13082662E+00     134     0.30279335E-01
 0.16499998E+02     0.10410177E+01     0.13598433E+00     0.20000000E+01    -0.14344293E+00     0.10598863E+00     0.44926149E+00     0.13181090E+00     134     0.30279335E-01
 0.16600000E+02     0.10431279E+01     0.13700062E+00     0.20000000E+01    -0.14404765E+00     0.10495491E+00     0.44971523E+00     0.13283089E+00     134     0.30279335E-01
 0.16700001E+02     0.10458119E+01     0.13799456E+00     0.20000000E+01    -0.14478149E+00     0.10391086E+00     0.45028934E+00     0.13382360E+00     134     0.30279335E-01
 0.16799997E+02     0.10495507E+01     0.13879909E+00     0.20000000E+01    -0.14546123E+00     0.10336570E+00     0.45053217E+00     0.13462834E+00     134     0.30279335E-01
 0.16900000E+02     0.10523865E+01     0.13964047E+00     0.20000000E+01    -0.14603992E+00     0.10229350E+00     0.45140061E+00     0.13546652E+00     134     0.30279335E-01
 0.17000000E+02     0.10560414E+01     0.14044812E+00     0.20000000E+01    -0.14663425E+00     0.10138095E+00     0.45183825E+00     0.13627201E+00     134     0.30279335E-01
 0.17100000E+02     0.10606302E+01     0.14115709E+00     0.20000000E+01    -0.14717445E+00     0.10028329E+00     0.45244271E+00     0.13699020E+00     135     0.33169542E-01
 0.17199997E+02     0.10634736E+01     0.14213671E+00     0.20000000E+01    -0.14783706E+00     0.99035606E-01     0.45319161E+00     0.13797125E+00     134     0.30279335E-01
 0.17299999E+02     0.10672091E+01     0.14304820E+00     0.20000000E+01    -0.14856607E+00     0.98741606E-01     0.45323771E+00     0.13888712E+00     135     0.33169542E-01
 0.17400000E+02     0.10707859E+01     0.14394517E+00     0.20000000E+01    -0.14919090E+00     0.98001346E-01     0.45389694E+00     0.13978697E+00     135     0.33169542E-01
 0.17500000E+02     0.10742190E+01     0.14472876E+00     0.20000000E+01    -0.14983901E+00     0.97019240E-01     0.45378986E+00     0.14057039E+00     135     0.33169542E-01
 0.17599997E+02     0.10786448E+01     0.14539655E+00     0.20000000E+01    -0.15039627E+00     0.96804485E-01     0.45548326E+00     0.14125097E+00     135     0.33169542E-01
 0.17699999E+02     0.10824654E+01     0.14618444E+00     0.20000000E+01    -0.15104194E+00     0.95971808E-01     0.45568025E+00     0.14203881E+00     135     0.33169542E-01
 0.17799999E+02     0.10853684E+01     0.14707352E+00     0.20000000E+01    -0.15175733E+00     0.95032841E-01     0.45641842E+00     0.14292420E+00     135     0.33169542E-01
 0.17900000E+02     0.10871460E+01     0.14814906E+00     0.20000000E+01    -0.15266520E+00     0.93416274E-01     0.45682290E+00     0.14400257E+00     135     0.33169542E-01
 0.18000000E+02     0.10914673E+01     0.14901124E+00     0.20000000E+01    -0.15339503E+00     0.92708483E-01     0.45707771E+00     0.14487757E+00     135     0.33169542E-01
 0.18099998E+02     0.10959212E+01     0.14972945E+00     0.20000000E+01    -0.15396938E+00     0.92211485E-01     0.45794988E+00     0.14560980E+00     136     0.36230825E-01
 0.18199999E+02     0.11010112E+01     0.15049483E+00     0.20000000E+01    -0.15462990E+00     0.91831110E-01     0.45845830E+00     0.14638364E+00     136     0.36230825E-01
 0.18299999E+02     0.11049747E+01     0.15122084E+00     0.20000000E+01    -0.15519008E+00     0.90652525E-01     0.45944998E+00     0.14711693E+00     136     0.36230825E-01
 0.18400000E+02     0.11104589E+01     0.15179242E+00     0.20000000E+01    -0.15575755E+00     0.90997919E-01     0.45966640E+00     0.14770027E+00     136     0.36230825E-01
 0.18499998E+02     0.11133277E+01     0.15261391E+00     0.20000000E+01    -0.15650432E+00     0.89725502E-01     0.46036786E+00     0.14851873E+00     136     0.36230825E-01
 0.18599998E+02     0.11182022E+01     0.15325752E+00     0.20000000E+01    -0.15702705E+00     0.89616045E-01     0.46135986E+00     0.14917515E+00     136     0.36230825E-01
 0.18699999E+02     0.11214689E+01     0.15408222E+00     0.20000000E+01    -0.15774128E+00     0.88806786E-01     0.46147186E+00     0.14999731E+00     136     0.36230825E-01
 0.18800001E+02     0.11233541E+01     0.15518294E+00     0.20000000E+01    -0.15868479E+00     0.88043094E-01     0.46191615E+00     0.15110007E+00     136     0.36230825E-01
 0.18899998E+02     0.11272078E+01     0.15604582E+00     0.20000000E+01    -0.15943149E+00     0.87673977E-01     0.46276945E+00     0.15196820E+00     137     0.39470624E-01
 0.18999998E+02     0.11299626E+01     0.15684459E+00     0.20000000E+01    -0.16020507E+00     0.86858228E-01     0.46319053E+00     0.15276106E+00     136     0.36230825E-01
 0.19099998E+02     0.11340160E+01     0.15758152E+00     0.20000000E+01    -0.16078264E+00     0.86002223E-01     0.46384513E+00     0.15350278E+00     137     0.39470624E-01
 0.19200001E+02     0.11383142E+01     0.15830995E+00     0.20000000E+01    -0.16155545E+00     0.86015806E-01     0.46387672E+00     0.15423726E+00     137     0.39470624E-01
 0.19300001E+02     0.11441122E+01     0.15876292E+00     0.20000000E+01    -0.16194043E+00     0.85101701E-01     0.46483406E+00     0.15469746E+00     137     0.39470624E-01
