  
       RFOIL         Version 3.00
  
 Calculated polar for: OSO_2025_WT2_T36                
  
 1  Reynolds number fixed
  
 xtrf =      0.05000000 (suction)     0.05000000 (pressure)
 Rot. Parameters:  f0 =      1.00000000 c/r =      0.00000000
 Mach =      0.00000000     Re =     12.00000000 e 6     Ncrit =      3.00000000
  
             alpha                CL                CD            Re(CL)                CM             S_xtr             P_xtr               CDp            I_stag            X_stag
  ------- -------- --------- --------- -------- ------- ------- -------- 
-0.13100000E+02    -0.32020074E+00     0.10228438E+00     0.12000000E+02    -0.34649115E-01     0.50000001E-01     0.50000001E-01     0.97175859E-01      94     0.12147127E-01
-0.13000001E+02    -0.31437624E+00     0.10167331E+00     0.12000000E+02    -0.35119288E-01     0.50000001E-01     0.50000001E-01     0.96558467E-01      94     0.12147127E-01
-0.12900001E+02    -0.30911025E+00     0.10097259E+00     0.12000000E+02    -0.35585843E-01     0.50000001E-01     0.50000001E-01     0.95849834E-01      95     0.10720035E-01
-0.12800001E+02    -0.30708972E+00     0.99695176E-01     0.12000000E+02    -0.36243938E-01     0.50000001E-01     0.50000001E-01     0.94557710E-01      95     0.10720035E-01
-0.12700001E+02    -0.30109388E+00     0.99047698E-01     0.12000000E+02    -0.36703486E-01     0.50000001E-01     0.50000001E-01     0.93904175E-01      95     0.10720035E-01
-0.12600001E+02    -0.29502922E+00     0.98461181E-01     0.12000000E+02    -0.37153449E-01     0.50000001E-01     0.50000001E-01     0.93311630E-01      95     0.10720035E-01
-0.12500001E+02    -0.28900871E+00     0.97871237E-01     0.12000000E+02    -0.37566494E-01     0.50000001E-01     0.50000001E-01     0.92716053E-01      95     0.10720035E-01
-0.12400002E+02    -0.28277427E+00     0.97335286E-01     0.12000000E+02    -0.38006082E-01     0.50000001E-01     0.50000001E-01     0.92174143E-01      95     0.10720035E-01
-0.12300001E+02    -0.27669141E+00     0.96708551E-01     0.12000000E+02    -0.38435910E-01     0.50000001E-01     0.50000001E-01     0.91542095E-01      96     0.93848221E-02
-0.12200001E+02    -0.27066961E+00     0.96116789E-01     0.12000000E+02    -0.38863622E-01     0.50000001E-01     0.50000001E-01     0.90944424E-01      96     0.93848221E-02
-0.12100001E+02    -0.26471809E+00     0.95525533E-01     0.12000000E+02    -0.39314248E-01     0.50000001E-01     0.50000001E-01     0.90346657E-01      96     0.93848221E-02
-0.12000000E+02    -0.25929856E+00     0.94828472E-01     0.12000000E+02    -0.39770227E-01     0.50000001E-01     0.50000001E-01     0.89642525E-01      96     0.93848221E-02
-0.11900001E+02    -0.25735173E+00     0.93550310E-01     0.12000000E+02    -0.40399112E-01     0.50000001E-01     0.50000001E-01     0.88349432E-01      96     0.93848221E-02
-0.11800000E+02    -0.25137019E+00     0.92960812E-01     0.12000000E+02    -0.40801629E-01     0.50000001E-01     0.50000001E-01     0.87754548E-01      96     0.93848221E-02
-0.11700001E+02    -0.24531317E+00     0.92370383E-01     0.12000000E+02    -0.41218054E-01     0.50000001E-01     0.50000001E-01     0.87158293E-01      96     0.93848221E-02
-0.11600000E+02    -0.23906553E+00     0.91792464E-01     0.12000000E+02    -0.41645788E-01     0.50000001E-01     0.50000001E-01     0.86574808E-01      97     0.81395451E-02
-0.11500001E+02    -0.23288962E+00     0.91226801E-01     0.12000000E+02    -0.42041738E-01     0.50000001E-01     0.50000001E-01     0.86003557E-01      97     0.81395451E-02
-0.11400001E+02    -0.22669634E+00     0.90657093E-01     0.12000000E+02    -0.42441107E-01     0.50000001E-01     0.50000001E-01     0.85428640E-01      97     0.81395451E-02
-0.11300001E+02    -0.22058180E+00     0.90062819E-01     0.12000000E+02    -0.42861272E-01     0.50000001E-01     0.50000001E-01     0.84828757E-01      97     0.81395451E-02
-0.11200001E+02    -0.21471868E+00     0.89456879E-01     0.12000000E+02    -0.43244109E-01     0.50000001E-01     0.50000001E-01     0.84216684E-01      97     0.81395451E-02
-0.11100001E+02    -0.20922031E+00     0.88770382E-01     0.12000000E+02    -0.43676734E-01     0.50000001E-01     0.50000001E-01     0.83523415E-01      97     0.81395451E-02
-0.11000001E+02    -0.20716056E+00     0.87494381E-01     0.12000000E+02    -0.44289451E-01     0.50000001E-01     0.50000001E-01     0.82232654E-01      98     0.69827633E-02
-0.10900001E+02    -0.20107396E+00     0.86941361E-01     0.12000000E+02    -0.44678390E-01     0.50000001E-01     0.50000001E-01     0.81674375E-01      98     0.69827633E-02
-0.10800001E+02    -0.19493538E+00     0.86372547E-01     0.12000000E+02    -0.45056231E-01     0.50000001E-01     0.50000001E-01     0.81100076E-01      98     0.69827633E-02
-0.10700001E+02    -0.18878578E+00     0.85812904E-01     0.12000000E+02    -0.45417823E-01     0.50000001E-01     0.50000001E-01     0.80535516E-01      98     0.69827633E-02
-0.10600001E+02    -0.18245229E+00     0.85257396E-01     0.12000000E+02    -0.45802075E-01     0.50000001E-01     0.50000001E-01     0.79974979E-01      98     0.69827633E-02
-0.10500001E+02    -0.17623854E+00     0.84697068E-01     0.12000000E+02    -0.46175424E-01     0.50000001E-01     0.50000001E-01     0.79409353E-01      98     0.69827633E-02
-0.10400002E+02    -0.17008260E+00     0.84114715E-01     0.12000000E+02    -0.46565343E-01     0.50000001E-01     0.50000001E-01     0.78821361E-01      98     0.69827633E-02
-0.10300000E+02    -0.16406672E+00     0.83500221E-01     0.12000000E+02    -0.46974465E-01     0.50000001E-01     0.50000001E-01     0.78201242E-01      99     0.59136827E-02
-0.10200001E+02    -0.15880232E+00     0.82795098E-01     0.12000000E+02    -0.47371924E-01     0.50000001E-01     0.50000001E-01     0.77488989E-01      99     0.59136827E-02
-0.10100000E+02    -0.15652278E+00     0.81602067E-01     0.12000000E+02    -0.47903903E-01     0.50000001E-01     0.50000001E-01     0.76282345E-01      99     0.59136827E-02
-0.10000001E+02    -0.15032187E+00     0.81058338E-01     0.12000000E+02    -0.48277017E-01     0.50000001E-01     0.50000001E-01     0.75733446E-01      99     0.59136827E-02
-0.99000006E+01    -0.14411637E+00     0.80495082E-01     0.12000000E+02    -0.48640903E-01     0.50000001E-01     0.50000001E-01     0.75165182E-01      99     0.59136827E-02
-0.98000011E+01    -0.13779035E+00     0.79955630E-01     0.12000000E+02    -0.48994310E-01     0.50000001E-01     0.50000001E-01     0.74620821E-01      99     0.59136827E-02
-0.97000008E+01    -0.13157843E+00     0.79400122E-01     0.12000000E+02    -0.49336575E-01     0.50000001E-01     0.50000001E-01     0.74060485E-01     100     0.49317535E-02
-0.96000013E+01    -0.12525877E+00     0.78847893E-01     0.12000000E+02    -0.49702108E-01     0.50000001E-01     0.50000001E-01     0.73503070E-01     100     0.49317535E-02
-0.95000010E+01    -0.11908673E+00     0.78297131E-01     0.12000000E+02    -0.50057512E-01     0.50000001E-01     0.50000001E-01     0.72947249E-01     100     0.49317535E-02
-0.94000006E+01    -0.11309805E+00     0.77695020E-01     0.12000000E+02    -0.50429955E-01     0.50000001E-01     0.50000001E-01     0.72339624E-01     100     0.49317535E-02
-0.93000011E+01    -0.10838311E+00     0.76898113E-01     0.12000000E+02    -0.50823972E-01     0.50000001E-01     0.50000001E-01     0.71534485E-01     100     0.49317535E-02
-0.91999998E+01    -0.10541575E+00     0.75844333E-01     0.12000000E+02    -0.51313750E-01     0.50000001E-01     0.50000001E-01     0.70468865E-01     100     0.49317535E-02
-0.91000013E+01    -0.99134542E-01     0.75310789E-01     0.12000000E+02    -0.51661398E-01     0.50000001E-01     0.50000001E-01     0.69930367E-01     101     0.40368550E-02
-0.90000000E+01    -0.92901282E-01     0.74757405E-01     0.12000000E+02    -0.51980931E-01     0.50000001E-01     0.50000001E-01     0.69372267E-01     101     0.40368550E-02
-0.89000015E+01    -0.86485490E-01     0.74237451E-01     0.12000000E+02    -0.52328575E-01     0.50000001E-01     0.50000001E-01     0.68847768E-01     101     0.40368550E-02
-0.88000002E+01    -0.80159366E-01     0.73699914E-01     0.12000000E+02    -0.52651089E-01     0.50000001E-01     0.50000001E-01     0.68305641E-01     101     0.40368550E-02
-0.87000017E+01    -0.73857293E-01     0.73157400E-01     0.12000000E+02    -0.52987307E-01     0.50000001E-01     0.50000001E-01     0.67758322E-01     101     0.40368550E-02
-0.86000004E+01    -0.67739435E-01     0.72577402E-01     0.12000000E+02    -0.53321585E-01     0.50000001E-01     0.50000001E-01     0.67173302E-01     101     0.40368550E-02
-0.85000019E+01    -0.62124874E-01     0.71942963E-01     0.12000000E+02    -0.53678777E-01     0.50000001E-01     0.50000001E-01     0.66532597E-01     102     0.32292409E-02
-0.84000006E+01    -0.60184542E-01     0.70780113E-01     0.12000000E+02    -0.54155648E-01     0.50000001E-01     0.50000001E-01     0.65356210E-01     102     0.32292409E-02
-0.83000011E+01    -0.53897709E-01     0.70234157E-01     0.12000000E+02    -0.54480486E-01     0.50000001E-01     0.50000001E-01     0.64805433E-01     102     0.32292409E-02
-0.82000008E+01    -0.47565445E-01     0.69703154E-01     0.12000000E+02    -0.54796889E-01     0.50000001E-01     0.50000001E-01     0.64269908E-01     102     0.32292409E-02
-0.81000013E+01    -0.41226208E-01     0.69193140E-01     0.12000000E+02    -0.55101834E-01     0.50000001E-01     0.50000001E-01     0.63755669E-01     102     0.32292409E-02
-0.80000010E+01    -0.34825593E-01     0.68670370E-01     0.12000000E+02    -0.55412058E-01     0.50000001E-01     0.50000001E-01     0.63228391E-01     102     0.32292409E-02
-0.79000001E+01    -0.28435597E-01     0.68142787E-01     0.12000000E+02    -0.55729505E-01     0.50000001E-01     0.50000001E-01     0.62696375E-01     102     0.32292409E-02
-0.78000011E+01    -0.22227017E-01     0.67590967E-01     0.12000000E+02    -0.56039520E-01     0.50000001E-01     0.50000001E-01     0.62139776E-01     103     0.25093697E-02
-0.77000003E+01    -0.16499164E-01     0.67001022E-01     0.12000000E+02    -0.56356039E-01     0.50000001E-01     0.50000001E-01     0.61544199E-01     103     0.25093697E-02
-0.76000009E+01    -0.14245045E-01     0.65881826E-01     0.12000000E+02    -0.56804847E-01     0.50000001E-01     0.50000001E-01     0.60412154E-01     103     0.25093697E-02
-0.75000005E+01    -0.84521165E-02     0.65276355E-01     0.12000000E+02    -0.57129394E-01     0.50000001E-01     0.50000001E-01     0.59801057E-01     103     0.25093697E-02
-0.74000010E+01    -0.20699117E-02     0.64770557E-01     0.12000000E+02    -0.57427008E-01     0.50000001E-01     0.50000001E-01     0.59290990E-01     103     0.25093697E-02
-0.73000002E+01     0.43468289E-02     0.64275131E-01     0.12000000E+02    -0.57717618E-01     0.50000001E-01     0.50000001E-01     0.58791403E-01     103     0.25093697E-02
-0.72000012E+01     0.10754511E-01     0.63772410E-01     0.12000000E+02    -0.58005266E-01     0.50000001E-01     0.50000001E-01     0.58284532E-01     103     0.25093697E-02
-0.71000004E+01     0.17136201E-01     0.63255146E-01     0.12000000E+02    -0.58294013E-01     0.50000001E-01     0.50000001E-01     0.57763010E-01     104     0.18779053E-02
-0.70000014E+01     0.23396095E-01     0.62724359E-01     0.12000000E+02    -0.58583099E-01     0.50000001E-01     0.50000001E-01     0.57227701E-01     104     0.18779053E-02
-0.69000006E+01     0.29265279E-01     0.62135510E-01     0.12000000E+02    -0.58889206E-01     0.50000001E-01     0.50000001E-01     0.56633532E-01     104     0.18779053E-02
-0.68000016E+01     0.31531349E-01     0.61069429E-01     0.12000000E+02    -0.59299141E-01     0.50000001E-01     0.50000001E-01     0.55554934E-01     104     0.18779053E-02
-0.67000008E+01     0.37125520E-01     0.60480293E-01     0.12000000E+02    -0.59599016E-01     0.50000001E-01     0.50000001E-01     0.54960262E-01     104     0.18779053E-02
-0.66000018E+01     0.43505620E-01     0.59967335E-01     0.12000000E+02    -0.59878405E-01     0.50000001E-01     0.50000001E-01     0.54442987E-01     104     0.18779053E-02
-0.65000010E+01     0.49914401E-01     0.59477925E-01     0.12000000E+02    -0.60143545E-01     0.50000001E-01     0.50000001E-01     0.53949594E-01     105     0.13357622E-02
-0.64000001E+01     0.56359906E-01     0.58986761E-01     0.12000000E+02    -0.60414840E-01     0.50000001E-01     0.50000001E-01     0.53454414E-01     105     0.13357622E-02
-0.63000011E+01     0.62738493E-01     0.58500536E-01     0.12000000E+02    -0.60680889E-01     0.50000001E-01     0.50000001E-01     0.52964188E-01     105     0.13357622E-02
-0.62000003E+01     0.68962991E-01     0.57980899E-01     0.12000000E+02    -0.60951415E-01     0.50000001E-01     0.50000001E-01     0.52440152E-01     105     0.13357622E-02
-0.61000009E+01     0.74700117E-01     0.57402525E-01     0.12000000E+02    -0.61236858E-01     0.50000001E-01     0.50000001E-01     0.51856413E-01     105     0.13357622E-02
-0.60000000E+01     0.76338418E-01     0.56305032E-01     0.12000000E+02    -0.61627425E-01     0.50000001E-01     0.50000001E-01     0.50745457E-01     105     0.13357622E-02
-0.59000010E+01     0.82604930E-01     0.55815361E-01     0.12000000E+02    -0.61887056E-01     0.50000001E-01     0.50000001E-01     0.50251655E-01     105     0.13357622E-02
-0.58000002E+01     0.89005925E-01     0.55326823E-01     0.12000000E+02    -0.62140848E-01     0.50000001E-01     0.50000001E-01     0.49759168E-01     106     0.88392844E-03
-0.57000012E+01     0.95447332E-01     0.54861236E-01     0.12000000E+02    -0.62388282E-01     0.50000001E-01     0.50000001E-01     0.49289823E-01     106     0.88392844E-03
-0.56000004E+01     0.10188330E+00     0.54388244E-01     0.12000000E+02    -0.62637068E-01     0.50000001E-01     0.50000001E-01     0.48813049E-01     106     0.88392844E-03
-0.55000014E+01     0.10818496E+00     0.53901710E-01     0.12000000E+02    -0.62883571E-01     0.50000001E-01     0.50000001E-01     0.48322488E-01     106     0.88392844E-03
-0.54000006E+01     0.11422607E+00     0.53388774E-01     0.12000000E+02    -0.63134782E-01     0.50000001E-01     0.50000001E-01     0.47804974E-01     106     0.88392844E-03
-0.53000016E+01     0.11893342E+00     0.52706324E-01     0.12000000E+02    -0.63417815E-01     0.50000001E-01     0.50000001E-01     0.47115430E-01     106     0.88392844E-03
-0.52000008E+01     0.12154882E+00     0.52161247E-01     0.12000000E+02    -0.63751020E-01     0.50000001E-01     0.50000001E-01     0.46559226E-01     106     0.88392844E-03
-0.51000013E+01     0.12788919E+00     0.51909886E-01     0.12000000E+02    -0.63986480E-01     0.50000001E-01     0.50000001E-01     0.46304021E-01     107     0.52343018E-03
-0.50000010E+01     0.13429055E+00     0.51653545E-01     0.12000000E+02    -0.64214155E-01     0.50000001E-01     0.50000001E-01     0.46044022E-01     107     0.52343018E-03
-0.49000015E+01     0.14070146E+00     0.51389929E-01     0.12000000E+02    -0.64440958E-01     0.50000001E-01     0.50000001E-01     0.45776747E-01     107     0.52343018E-03
-0.48000007E+01     0.14703348E+00     0.51112086E-01     0.12000000E+02    -0.64665712E-01     0.50000001E-01     0.50000001E-01     0.45495149E-01     107     0.52343018E-03
-0.47000003E+01     0.15315466E+00     0.50801020E-01     0.12000000E+02    -0.64895816E-01     0.50000001E-01     0.50000001E-01     0.45179941E-01     107     0.52343018E-03
-0.46000009E+01     0.15845086E+00     0.50424986E-01     0.12000000E+02    -0.65143406E-01     0.50000001E-01     0.50000001E-01     0.44798173E-01     107     0.52343018E-03
-0.45000000E+01     0.16014619E+00     0.49750790E-01     0.12000000E+02    -0.65464377E-01     0.50000001E-01     0.50000001E-01     0.44111412E-01     108     0.25559045E-03
-0.44000010E+01     0.16642265E+00     0.49437486E-01     0.12000000E+02    -0.65675661E-01     0.50000001E-01     0.50000001E-01     0.43794438E-01     108     0.25559045E-03
-0.43000002E+01     0.17279428E+00     0.49119651E-01     0.12000000E+02    -0.65883748E-01     0.50000001E-01     0.50000001E-01     0.43473147E-01     108     0.25559045E-03
-0.42000012E+01     0.17916921E+00     0.48796684E-01     0.12000000E+02    -0.66089049E-01     0.50000001E-01     0.50000001E-01     0.43146804E-01     108     0.25559045E-03
-0.41000004E+01     0.18546860E+00     0.48457168E-01     0.12000000E+02    -0.66292711E-01     0.50000001E-01     0.50000001E-01     0.42803727E-01     108     0.25559045E-03
-0.40000014E+01     0.19146557E+00     0.48103869E-01     0.12000000E+02    -0.66495448E-01     0.50000001E-01     0.50000001E-01     0.42446338E-01     108     0.25559045E-03
-0.39000006E+01     0.19639923E+00     0.47634464E-01     0.12000000E+02    -0.66722885E-01     0.50000001E-01     0.50000001E-01     0.41970909E-01     108     0.25559045E-03
-0.38000014E+01     0.19817208E+00     0.46906698E-01     0.12000000E+02    -0.67005277E-01     0.50000001E-01     0.50000001E-01     0.41231282E-01     109     0.82218816E-04
-0.37000005E+01     0.20441495E+00     0.46549570E-01     0.12000000E+02    -0.67192852E-01     0.50000001E-01     0.50000001E-01     0.40870812E-01     109     0.82218816E-04
-0.36000016E+01     0.21070707E+00     0.46201505E-01     0.12000000E+02    -0.67374103E-01     0.50000001E-01     0.50000001E-01     0.40519483E-01     109     0.82218816E-04
-0.35000007E+01     0.21697803E+00     0.45848332E-01     0.12000000E+02    -0.67551844E-01     0.50000001E-01     0.50000001E-01     0.40163126E-01     109     0.82218816E-04
-0.34000015E+01     0.22311556E+00     0.45493368E-01     0.12000000E+02    -0.67729160E-01     0.50000001E-01     0.50000001E-01     0.39804634E-01     109     0.82218816E-04
-0.33000009E+01     0.22882241E+00     0.45078378E-01     0.12000000E+02    -0.67914374E-01     0.50000001E-01     0.50000001E-01     0.39385494E-01     109     0.82218816E-04
-0.32000017E+01     0.22929794E+00     0.44217613E-01     0.12000000E+02    -0.68179578E-01     0.50000001E-01     0.50000001E-01     0.38511079E-01     109     0.82218816E-04
-0.31000009E+01     0.23529211E+00     0.43840323E-01     0.12000000E+02    -0.68342768E-01     0.50000001E-01     0.50000001E-01     0.38130376E-01     110     0.45936558E-05
-0.30000000E+01     0.24146111E+00     0.43474957E-01     0.12000000E+02    -0.68498828E-01     0.50000001E-01     0.50000001E-01     0.37761871E-01     110     0.45936558E-05
-0.29000010E+01     0.24761812E+00     0.43128300E-01     0.12000000E+02    -0.68649538E-01     0.50000001E-01     0.50000001E-01     0.37412193E-01     110     0.45936558E-05
-0.28000002E+01     0.25368544E+00     0.42754490E-01     0.12000000E+02    -0.68798088E-01     0.50000001E-01     0.50000001E-01     0.37035245E-01     110     0.45936558E-05
-0.27000012E+01     0.25938454E+00     0.42347789E-01     0.12000000E+02    -0.68947531E-01     0.50000001E-01     0.50000001E-01     0.36624767E-01     110     0.45936558E-05
-0.26000004E+01     0.26196057E+00     0.41678708E-01     0.12000000E+02    -0.69134451E-01     0.50000001E-01     0.50000001E-01     0.35946567E-01     110     0.45936558E-05
-0.25000012E+01     0.26504859E+00     0.41062180E-01     0.12000000E+02    -0.69302790E-01     0.50000001E-01     0.50000001E-01     0.35321988E-01     110     0.45936558E-05
-0.24000003E+01     0.27098131E+00     0.40702853E-01     0.12000000E+02    -0.69421560E-01     0.50000001E-01     0.50000001E-01     0.34959853E-01     111     0.22930024E-04
-0.23000014E+01     0.27693823E+00     0.40337272E-01     0.12000000E+02    -0.69537401E-01     0.50000001E-01     0.50000001E-01     0.34591399E-01     111     0.22930024E-04
-0.22000005E+01     0.28275329E+00     0.39963566E-01     0.12000000E+02    -0.69648266E-01     0.50000001E-01     0.50000001E-01     0.34214675E-01     111     0.22930024E-04
-0.21000013E+01     0.28810325E+00     0.39553229E-01     0.12000000E+02    -0.69760159E-01     0.50000001E-01     0.50000001E-01     0.33800624E-01     111     0.22930024E-04
-0.20000007E+01     0.28734383E+00     0.38632628E-01     0.12000000E+02    -0.69916479E-01     0.50000001E-01     0.50000001E-01     0.32866247E-01     111     0.22930024E-04
-0.19000015E+01     0.29288697E+00     0.38259476E-01     0.12000000E+02    -0.69998890E-01     0.50000001E-01     0.50000001E-01     0.32490116E-01     111     0.22930024E-04
-0.18000008E+01     0.29857951E+00     0.37894521E-01     0.12000000E+02    -0.70075959E-01     0.50000001E-01     0.50000001E-01     0.32122463E-01     111     0.22930024E-04
-0.17000016E+01     0.30417946E+00     0.37526358E-01     0.12000000E+02    -0.70144325E-01     0.50000001E-01     0.50000001E-01     0.31751599E-01     111     0.22930024E-04
-0.16000009E+01     0.30945057E+00     0.37131868E-01     0.12000000E+02    -0.70205435E-01     0.50000001E-01     0.50000001E-01     0.31354025E-01     112     0.13751644E-03
-0.15000000E+01     0.31318316E+00     0.36622159E-01     0.12000000E+02    -0.70263080E-01     0.50000001E-01     0.50000001E-01     0.30838910E-01     112     0.13751644E-03
-0.14000009E+01     0.31263134E+00     0.35797115E-01     0.12000000E+02    -0.70312478E-01     0.50000001E-01     0.50000001E-01     0.30002166E-01     112     0.13751644E-03
-0.13000002E+01     0.31782144E+00     0.35427801E-01     0.12000000E+02    -0.70329443E-01     0.50000001E-01     0.50000001E-01     0.29630326E-01     112     0.13751644E-03
-0.12000011E+01     0.32292068E+00     0.35056494E-01     0.12000000E+02    -0.70335589E-01     0.50000001E-01     0.50000001E-01     0.29256392E-01     112     0.13751644E-03
-0.11000003E+01     0.32761616E+00     0.34664787E-01     0.12000000E+02    -0.70329666E-01     0.50000001E-01     0.50000001E-01     0.28861675E-01     112     0.13751644E-03
-0.10000012E+01     0.32949990E+00     0.34063537E-01     0.12000000E+02    -0.70297293E-01     0.50000001E-01     0.50000001E-01     0.28253624E-01     112     0.13751644E-03
-0.90000039E+00     0.32863238E+00     0.33305522E-01     0.12000000E+02    -0.70213109E-01     0.50000001E-01     0.50000001E-01     0.27485479E-01     112     0.13751644E-03
-0.80000126E+00     0.33305499E+00     0.32924421E-01     0.12000000E+02    -0.70141092E-01     0.50000001E-01     0.50000001E-01     0.27101990E-01     113     0.34877725E-03
-0.70000046E+00     0.33711240E+00     0.32536928E-01     0.12000000E+02    -0.70041493E-01     0.50000001E-01     0.50000001E-01     0.26711933E-01     113     0.34877725E-03
-0.60000139E+00     0.33983049E+00     0.32065962E-01     0.12000000E+02    -0.69909893E-01     0.50000001E-01     0.50000001E-01     0.26236828E-01     113     0.34877725E-03
-0.50000060E+00     0.33454818E+00     0.31114426E-01     0.12000000E+02    -0.69591172E-01     0.50000001E-01     0.50000001E-01     0.25272131E-01     113     0.34877725E-03
-0.40000150E+00     0.33761036E+00     0.30717377E-01     0.12000000E+02    -0.69377221E-01     0.50000001E-01     0.50000001E-01     0.24872711E-01     113     0.34877725E-03
-0.30000070E+00     0.33993971E+00     0.30295391E-01     0.12000000E+02    -0.69105983E-01     0.50000001E-01     0.50000001E-01     0.24448110E-01     113     0.34877725E-03
-0.20000160E+00     0.32943738E+00     0.29194687E-01     0.12000000E+02    -0.68377763E-01     0.50000001E-01     0.50000001E-01     0.23332544E-01     113     0.34877725E-03
-0.10000080E+00     0.32986405E+00     0.28747426E-01     0.12000000E+02    -0.67889288E-01     0.50000001E-01     0.50000001E-01     0.22882916E-01     113     0.34877725E-03
 0.00000000E+00     0.32881713E+00     0.28253818E-01     0.12000000E+02    -0.67255951E-01     0.50000001E-01     0.50000001E-01     0.22386653E-01     113     0.34877725E-03
 0.99999093E-01     0.27459225E+00     0.26720675E-01     0.12000000E+02    -0.61026603E-01     0.50000001E-01     0.50000001E-01     0.20841122E-01     113     0.34877725E-03
 0.19999990E+00     0.26084974E+00     0.25317675E-01     0.12000000E+02    -0.61161440E-01     0.50000001E-01     0.50000001E-01     0.19412633E-01     113     0.34877725E-03
 0.29999900E+00     0.26607162E+00     0.24764318E-01     0.12000000E+02    -0.61899420E-01     0.50000001E-01     0.50000001E-01     0.18850667E-01     113     0.34877725E-03
 0.39999980E+00     0.27122605E+00     0.23536468E-01     0.12000000E+02    -0.64352311E-01     0.50000001E-01     0.50000001E-01     0.17595178E-01     113     0.34877725E-03
 0.49999887E+00     0.28218040E+00     0.23075849E-01     0.12000000E+02    -0.65662459E-01     0.50000001E-01     0.50000001E-01     0.17126275E-01     113     0.34877725E-03
 0.59999967E+00     0.29415977E+00     0.22581622E-01     0.12000000E+02    -0.67226715E-01     0.50000001E-01     0.50000001E-01     0.16622016E-01     113     0.34877725E-03
 0.69999880E+00     0.30935001E+00     0.21599554E-01     0.12000000E+02    -0.70549577E-01     0.50000001E-01     0.50000001E-01     0.15613841E-01     114     0.65841351E-03
 0.79999959E+00     0.32357320E+00     0.21218218E-01     0.12000000E+02    -0.72166897E-01     0.50000001E-01     0.50000001E-01     0.15224251E-01     114     0.65841351E-03
 0.89999866E+00     0.33847442E+00     0.20831669E-01     0.12000000E+02    -0.73917121E-01     0.50000001E-01     0.50000001E-01     0.14828571E-01     114     0.65841351E-03
 0.99999946E+00     0.35808539E+00     0.20015618E-01     0.12000000E+02    -0.77552550E-01     0.50000001E-01     0.50000001E-01     0.13987189E-01     114     0.65841351E-03
 0.10999986E+01     0.37438527E+00     0.19677183E-01     0.12000000E+02    -0.79440683E-01     0.50000001E-01     0.50000001E-01     0.13639338E-01     115     0.10680658E-02
 0.11999993E+01     0.39071140E+00     0.19364601E-01     0.12000000E+02    -0.81250846E-01     0.50000001E-01     0.50000001E-01     0.13318140E-01     115     0.10680658E-02
 0.12999984E+01     0.40791607E+00     0.19024065E-01     0.12000000E+02    -0.83294451E-01     0.50000001E-01     0.50000001E-01     0.12967093E-01     115     0.10680658E-02
 0.13999993E+01     0.42985415E+00     0.18407390E-01     0.12000000E+02    -0.86875282E-01     0.50000001E-01     0.50000001E-01     0.12327105E-01     115     0.10680658E-02
 0.14999983E+01     0.44720736E+00     0.18144667E-01     0.12000000E+02    -0.88772915E-01     0.50000001E-01     0.50000001E-01     0.12055296E-01     116     0.15789367E-02
 0.15999992E+01     0.46509895E+00     0.17867452E-01     0.12000000E+02    -0.90802066E-01     0.50000001E-01     0.50000001E-01     0.11767700E-01     116     0.15789367E-02
 0.16999999E+01     0.48711124E+00     0.17397890E-01     0.12000000E+02    -0.94066978E-01     0.50000001E-01     0.50000001E-01     0.11277322E-01     116     0.15789367E-02
 0.17999990E+01     0.50526154E+00     0.17159021E-01     0.12000000E+02    -0.96066430E-01     0.50000001E-01     0.50000001E-01     0.11027899E-01     116     0.15789367E-02
 0.18999999E+01     0.52403128E+00     0.16903268E-01     0.12000000E+02    -0.98219559E-01     0.50000001E-01     0.50000001E-01     0.10760283E-01     117     0.21921741E-02
 0.19999989E+01     0.54513937E+00     0.16564157E-01     0.12000000E+02    -0.10102670E+00     0.50000001E-01     0.50000001E-01     0.10402813E-01     117     0.21921741E-02
 0.20999997E+01     0.56355667E+00     0.16355332E-01     0.12000000E+02    -0.10300880E+00     0.50000001E-01     0.50000001E-01     0.10182727E-01     117     0.21921741E-02
 0.21999989E+01     0.58407956E+00     0.16073409E-01     0.12000000E+02    -0.10557295E+00     0.50000001E-01     0.50000001E-01     0.98834373E-02     117     0.21921741E-02
 0.22999997E+01     0.60255837E+00     0.15885100E-01     0.12000000E+02    -0.10752624E+00     0.50000001E-01     0.50000001E-01     0.96827568E-02     118     0.29090899E-02
 0.23999987E+01     0.62217516E+00     0.15661838E-01     0.12000000E+02    -0.10978395E+00     0.50000001E-01     0.50000001E-01     0.94430037E-02     118     0.29090899E-02
 0.24999995E+01     0.64117205E+00     0.15469251E-01     0.12000000E+02    -0.11185049E+00     0.50000001E-01     0.50000001E-01     0.92346724E-02     118     0.29090899E-02
 0.25999987E+01     0.65985852E+00     0.15294454E-01     0.12000000E+02    -0.11381769E+00     0.50000001E-01     0.50000001E-01     0.90437755E-02     118     0.29090899E-02
 0.26999993E+01     0.67867339E+00     0.15119350E-01     0.12000000E+02    -0.11581090E+00     0.50000001E-01     0.50000001E-01     0.88507859E-02     119     0.37310193E-02
 0.27999985E+01     0.69760782E+00     0.14944779E-01     0.12000000E+02    -0.11782721E+00     0.50000001E-01     0.50000001E-01     0.86562913E-02     119     0.37310193E-02
 0.28999994E+01     0.71499652E+00     0.14828532E-01     0.12000000E+02    -0.11941003E+00     0.50000001E-01     0.50000001E-01     0.85244644E-02     119     0.37310193E-02
 0.29999983E+01     0.72968560E+00     0.14804874E-01     0.12000000E+02    -0.12025052E+00     0.50000001E-01     0.50000001E-01     0.84952675E-02     119     0.37310193E-02
 0.30999992E+01     0.74387056E+00     0.14798064E-01     0.12000000E+02    -0.12095374E+00     0.50000001E-01     0.50000001E-01     0.84846392E-02     119     0.37310193E-02
 0.31999984E+01     0.75786990E+00     0.14797602E-01     0.12000000E+02    -0.12160936E+00     0.50000001E-01     0.50000001E-01     0.84808283E-02     120     0.46595004E-02
 0.32999990E+01     0.77172309E+00     0.14802079E-01     0.12000000E+02    -0.12222631E+00     0.50000001E-01     0.50000001E-01     0.84822029E-02     120     0.46595004E-02
 0.33999999E+01     0.78544772E+00     0.14810572E-01     0.12000000E+02    -0.12280920E+00     0.50000001E-01     0.50000001E-01     0.84880181E-02     120     0.46595004E-02
 0.34999990E+01     0.79904741E+00     0.14823280E-01     0.12000000E+02    -0.12336148E+00     0.50000001E-01     0.50000001E-01     0.84982328E-02     120     0.46595004E-02
 0.35999999E+01     0.81253821E+00     0.14839658E-01     0.12000000E+02    -0.12388501E+00     0.50000001E-01     0.50000001E-01     0.85123535E-02     120     0.46595004E-02
 0.36999989E+01     0.82591516E+00     0.14859479E-01     0.12000000E+02    -0.12438239E+00     0.50000001E-01     0.50000001E-01     0.85301613E-02     121     0.56962054E-02
 0.37999997E+01     0.83920610E+00     0.14882152E-01     0.12000000E+02    -0.12485734E+00     0.50000001E-01     0.50000001E-01     0.85510127E-02     121     0.56962054E-02
 0.38999987E+01     0.85239679E+00     0.14908080E-01     0.12000000E+02    -0.12530842E+00     0.50000001E-01     0.50000001E-01     0.85752234E-02     121     0.56962054E-02
 0.39999995E+01     0.86549747E+00     0.14936727E-01     0.12000000E+02    -0.12573887E+00     0.50000001E-01     0.50000001E-01     0.86023510E-02     121     0.56962054E-02
 0.40999985E+01     0.87851042E+00     0.14968027E-01     0.12000000E+02    -0.12614840E+00     0.50000001E-01     0.50000001E-01     0.86322818E-02     121     0.56962054E-02
 0.41999993E+01     0.89143670E+00     0.15002038E-01     0.12000000E+02    -0.12653832E+00     0.50000001E-01     0.50000001E-01     0.86651556E-02     122     0.68430351E-02
 0.42999988E+01     0.90427840E+00     0.15038629E-01     0.12000000E+02    -0.12690869E+00     0.50000001E-01     0.50000001E-01     0.87006316E-02     122     0.68430351E-02
 0.43999991E+01     0.91703409E+00     0.15077774E-01     0.12000000E+02    -0.12726004E+00     0.50000001E-01     0.50000001E-01     0.87388065E-02     122     0.68430351E-02
 0.44999986E+01     0.92970914E+00     0.15119461E-01     0.12000000E+02    -0.12759395E+00     0.50000001E-01     0.50000001E-01     0.87796459E-02     122     0.68430351E-02
 0.45999994E+01     0.94229645E+00     0.15163576E-01     0.12000000E+02    -0.12790950E+00     0.50000001E-01     0.50000001E-01     0.88230371E-02     122     0.68430351E-02
 0.47000003E+01     0.95480114E+00     0.15210049E-01     0.12000000E+02    -0.12820698E+00     0.50000001E-01     0.50000001E-01     0.88690454E-02     123     0.81021339E-02
 0.47999973E+01     0.96722102E+00     0.15259000E-01     0.12000000E+02    -0.12848687E+00     0.50000001E-01     0.50000001E-01     0.89174695E-02     123     0.81021339E-02
 0.48999982E+01     0.97955739E+00     0.15310359E-01     0.12000000E+02    -0.12874879E+00     0.50000001E-01     0.50000001E-01     0.89685135E-02     123     0.81021339E-02
 0.49999990E+01     0.99180579E+00     0.15363980E-01     0.12000000E+02    -0.12899323E+00     0.50000001E-01     0.50000001E-01     0.90218894E-02     123     0.81021339E-02
 0.50999999E+01     0.10039632E+01     0.15420344E-01     0.12000000E+02    -0.12921919E+00     0.50000001E-01     0.50000001E-01     0.90781394E-02     123     0.81021339E-02
 0.52000008E+01     0.10160209E+01     0.15479356E-01     0.12000000E+02    -0.12942570E+00     0.50000001E-01     0.50000001E-01     0.91371965E-02     124     0.94758309E-02
 0.52999978E+01     0.10279982E+01     0.15540290E-01     0.12000000E+02    -0.12961622E+00     0.50000001E-01     0.50000001E-01     0.91983192E-02     124     0.94758309E-02
 0.53999987E+01     0.10398690E+01     0.15604248E-01     0.12000000E+02    -0.12978619E+00     0.50000001E-01     0.50000001E-01     0.92624929E-02     124     0.94758309E-02
 0.54999995E+01     0.10516473E+01     0.15670506E-01     0.12000000E+02    -0.12993735E+00     0.50000001E-01     0.50000001E-01     0.93291402E-02     124     0.94758309E-02
 0.56000004E+01     0.10633137E+01     0.15739838E-01     0.12000000E+02    -0.13006765E+00     0.50000001E-01     0.50000001E-01     0.93988907E-02     124     0.94758309E-02
 0.56999979E+01     0.10748705E+01     0.15811754E-01     0.12000000E+02    -0.13017854E+00     0.50000001E-01     0.50000001E-01     0.94716279E-02     125     0.10966896E-01
 0.57999988E+01     0.10863134E+01     0.15886806E-01     0.12000000E+02    -0.13026696E+00     0.50000001E-01     0.50000001E-01     0.95473966E-02     125     0.10966896E-01
 0.58999996E+01     0.10976347E+01     0.15964663E-01     0.12000000E+02    -0.13033342E+00     0.50000001E-01     0.50000001E-01     0.96261175E-02     125     0.10966896E-01
 0.60000000E+01     0.11088275E+01     0.16045725E-01     0.12000000E+02    -0.13037612E+00     0.50000001E-01     0.50000001E-01     0.97081847E-02     125     0.10966896E-01
 0.60999975E+01     0.11198695E+01     0.16130270E-01     0.12000000E+02    -0.13039191E+00     0.50000001E-01     0.50000001E-01     0.97938823E-02     125     0.10966896E-01
 0.61999984E+01     0.11307013E+01     0.16218977E-01     0.12000000E+02    -0.13036981E+00     0.50000001E-01     0.50000001E-01     0.98839328E-02     125     0.10966896E-01
 0.62999992E+01     0.11413184E+01     0.16311808E-01     0.12000000E+02    -0.13030843E+00     0.50000001E-01     0.50000001E-01     0.99784173E-02     126     0.12578236E-01
 0.64000001E+01     0.11516402E+01     0.16408825E-01     0.12000000E+02    -0.13019395E+00     0.50000001E-01     0.50000001E-01     0.10077247E-01     126     0.12578236E-01
 0.65000010E+01     0.11616522E+01     0.16511863E-01     0.12000000E+02    -0.13002336E+00     0.50000001E-01     0.50000001E-01     0.10182356E-01     126     0.12578236E-01
 0.65999980E+01     0.11714168E+01     0.16620535E-01     0.12000000E+02    -0.12980974E+00     0.50000001E-01     0.50000001E-01     0.10293254E-01     126     0.12578236E-01
 0.66999989E+01     0.11809642E+01     0.16734926E-01     0.12000000E+02    -0.12956031E+00     0.50000001E-01     0.50000001E-01     0.10410119E-01     126     0.12578236E-01
 0.67999997E+01     0.11881038E+01     0.16873876E-01     0.12000000E+02    -0.12886623E+00     0.50000001E-01     0.50000001E-01     0.10553468E-01     127     0.14313264E-01
 0.69000006E+01     0.11831441E+01     0.17139446E-01     0.12000000E+02    -0.12595393E+00     0.50000001E-01     0.50000001E-01     0.10831423E-01     127     0.14313264E-01
 0.69999981E+01     0.11864672E+01     0.17358869E-01     0.12000000E+02    -0.12460158E+00     0.50000001E-01     0.50000001E-01     0.11058237E-01     127     0.14313264E-01
 0.70999990E+01     0.11944723E+01     0.17534276E-01     0.12000000E+02    -0.12411200E+00     0.50000001E-01     0.50000001E-01     0.11237653E-01     127     0.14313264E-01
 0.71999998E+01     0.12033148E+01     0.17706107E-01     0.12000000E+02    -0.12378240E+00     0.50000001E-01     0.50000001E-01     0.11413007E-01     127     0.14313264E-01
 0.73000002E+01     0.12121228E+01     0.17886659E-01     0.12000000E+02    -0.12345790E+00     0.50000001E-01     0.50000001E-01     0.11597469E-01     127     0.14313264E-01
 0.73999977E+01     0.12209475E+01     0.18073065E-01     0.12000000E+02    -0.12314434E+00     0.50000001E-01     0.50000001E-01     0.11787714E-01     127     0.14313264E-01
 0.74999986E+01     0.12297554E+01     0.18264346E-01     0.12000000E+02    -0.12283558E+00     0.50000001E-01     0.50000001E-01     0.11983274E-01     128     0.16175576E-01
 0.75999994E+01     0.12381020E+01     0.18475756E-01     0.12000000E+02    -0.12246227E+00     0.50000001E-01     0.50000001E-01     0.12199311E-01     128     0.16175576E-01
 0.77000003E+01     0.12463793E+01     0.18692844E-01     0.12000000E+02    -0.12208840E+00     0.50000001E-01     0.50000001E-01     0.12421338E-01     128     0.16175576E-01
 0.77999973E+01     0.12546289E+01     0.18917879E-01     0.12000000E+02    -0.12171812E+00     0.50000001E-01     0.50000001E-01     0.12651362E-01     128     0.16175576E-01
 0.78999982E+01     0.12622335E+01     0.19173104E-01     0.12000000E+02    -0.12126146E+00     0.50000001E-01     0.50000001E-01     0.12912372E-01     128     0.16175576E-01
 0.79999990E+01     0.12698451E+01     0.19433660E-01     0.12000000E+02    -0.12081783E+00     0.50000001E-01     0.50000001E-01     0.13178891E-01     128     0.16175576E-01
 0.81000004E+01     0.12774259E+01     0.19704727E-01     0.12000000E+02    -0.12038255E+00     0.50000001E-01     0.50000001E-01     0.13456119E-01     128     0.16175576E-01
 0.82000008E+01     0.12842185E+01     0.20017020E-01     0.12000000E+02    -0.11985090E+00     0.50000001E-01     0.50000001E-01     0.13775829E-01     129     0.18169271E-01
 0.82999983E+01     0.12912971E+01     0.20323584E-01     0.12000000E+02    -0.11937404E+00     0.50000001E-01     0.50000001E-01     0.14089471E-01     129     0.18169271E-01
 0.83999987E+01     0.12976894E+01     0.20675385E-01     0.12000000E+02    -0.11882384E+00     0.50000001E-01     0.50000001E-01     0.14449430E-01     129     0.18169271E-01
 0.85000000E+01     0.13039008E+01     0.21046044E-01     0.12000000E+02    -0.11826883E+00     0.50000001E-01     0.50000001E-01     0.14828559E-01     129     0.18169271E-01
 0.86000004E+01     0.13100160E+01     0.21437505E-01     0.12000000E+02    -0.11772377E+00     0.50000001E-01     0.50000001E-01     0.15228951E-01     129     0.18169271E-01
 0.86999979E+01     0.13152915E+01     0.21882471E-01     0.12000000E+02    -0.11710244E+00     0.50000001E-01     0.50000001E-01     0.15684059E-01     129     0.18169271E-01
 0.87999983E+01     0.13210288E+01     0.22324471E-01     0.12000000E+02    -0.11656107E+00     0.50000001E-01     0.50000001E-01     0.16135905E-01     129     0.18169271E-01
 0.88999996E+01     0.13253065E+01     0.22863001E-01     0.12000000E+02    -0.11588494E+00     0.50000001E-01     0.50000001E-01     0.16686922E-01     130     0.20298893E-01
 0.90000000E+01     0.13303186E+01     0.23374917E-01     0.12000000E+02    -0.11532259E+00     0.50000001E-01     0.50000001E-01     0.17210023E-01     130     0.20298893E-01
 0.90999975E+01     0.13337026E+01     0.24006857E-01     0.12000000E+02    -0.11463153E+00     0.50000001E-01     0.50000001E-01     0.17856359E-01     130     0.20298893E-01
 0.91999989E+01     0.13375908E+01     0.24631249E-01     0.12000000E+02    -0.11403037E+00     0.50000001E-01     0.50000001E-01     0.18494407E-01     130     0.20298893E-01
 0.92999992E+01     0.13402475E+01     0.25353020E-01     0.12000000E+02    -0.11336293E+00     0.50000001E-01     0.50000001E-01     0.19232281E-01     130     0.20298893E-01
 0.94000006E+01     0.13420749E+01     0.26166856E-01     0.12000000E+02    -0.11268404E+00     0.50000001E-01     0.50000001E-01     0.20063937E-01     130     0.20298893E-01
 0.94999971E+01     0.13447098E+01     0.26921097E-01     0.12000000E+02    -0.11211998E+00     0.50000001E-01     0.50000001E-01     0.20834930E-01     130     0.20298893E-01
 0.95999985E+01     0.13445280E+01     0.27928524E-01     0.12000000E+02    -0.11142027E+00     0.50000001E-01     0.50000001E-01     0.21864610E-01     130     0.20298893E-01
 0.96999989E+01     0.13434383E+01     0.29021727E-01     0.12000000E+02    -0.11075106E+00     0.50000001E-01     0.50000001E-01     0.22982430E-01     130     0.20298893E-01
 0.98000002E+01     0.13413283E+01     0.30214945E-01     0.12000000E+02    -0.11012254E+00     0.50000001E-01     0.50000001E-01     0.24202913E-01     131     0.22569172E-01
 0.99000006E+01     0.13375636E+01     0.31546425E-01     0.12000000E+02    -0.10953692E+00     0.50000001E-01     0.50000001E-01     0.25565581E-01     131     0.22569172E-01
 0.99999981E+01     0.13313248E+01     0.33105388E-01     0.12000000E+02    -0.10899559E+00     0.50000001E-01     0.50000001E-01     0.27161591E-01     131     0.22569172E-01
 0.10099998E+02     0.13234360E+01     0.34787077E-01     0.12000000E+02    -0.10858290E+00     0.50000001E-01     0.50000001E-01     0.28884802E-01     131     0.22569172E-01
 0.10200000E+02     0.13052474E+01     0.37363116E-01     0.12000000E+02    -0.10825650E+00     0.50000001E-01     0.50000001E-01     0.31527378E-01     131     0.22569172E-01
 0.10300000E+02     0.12793167E+01     0.40565968E-01     0.12000000E+02    -0.10825448E+00     0.50000001E-01     0.50000001E-01     0.34815826E-01     131     0.22569172E-01
 0.10399998E+02     0.12055206E+01     0.47295827E-01     0.12000000E+02    -0.10873765E+00     0.50000001E-01     0.50000001E-01     0.41734297E-01     130     0.20298893E-01
 0.10499999E+02     0.10651479E+01     0.55494767E-01     0.12000000E+02    -0.10800833E+00     0.50000001E-01     0.50000001E-01     0.50206210E-01     129     0.18169271E-01
 0.10599999E+02     0.99410838E+00     0.62476743E-01     0.12000000E+02    -0.10784424E+00     0.50000001E-01     0.50000001E-01     0.57320200E-01     129     0.18169271E-01
 0.10700000E+02     0.96746629E+00     0.66019133E-01     0.12000000E+02    -0.10825029E+00     0.50000001E-01     0.50000001E-01     0.60923442E-01     128     0.16175576E-01
 0.10799997E+02     0.96461862E+00     0.67314915E-01     0.12000000E+02    -0.10844088E+00     0.50000001E-01     0.50000001E-01     0.62237702E-01     128     0.16175576E-01
 0.10899999E+02     0.94675916E+00     0.70327200E-01     0.12000000E+02    -0.10910924E+00     0.50000001E-01     0.50000001E-01     0.65299340E-01     128     0.16175576E-01
 0.10999999E+02     0.94655395E+00     0.71470238E-01     0.12000000E+02    -0.10937905E+00     0.50000001E-01     0.50000001E-01     0.66457331E-01     128     0.16175576E-01
 0.11100000E+02     0.93378401E+00     0.74121200E-01     0.12000000E+02    -0.11014430E+00     0.50000001E-01     0.50000001E-01     0.69149256E-01     129     0.18169271E-01
 0.11200001E+02     0.93422598E+00     0.75259261E-01     0.12000000E+02    -0.11047853E+00     0.50000001E-01     0.50000001E-01     0.70302732E-01     129     0.18169271E-01
 0.11299998E+02     0.93567079E+00     0.76275855E-01     0.12000000E+02    -0.11077942E+00     0.50000001E-01     0.50000001E-01     0.71331680E-01     129     0.18169271E-01
 0.11399999E+02     0.93759602E+00     0.77255882E-01     0.12000000E+02    -0.11109500E+00     0.50000001E-01     0.50000001E-01     0.72324283E-01     129     0.18169271E-01
 0.11500000E+02     0.92816436E+00     0.79744086E-01     0.12000000E+02    -0.11197830E+00     0.50000001E-01     0.50000001E-01     0.74849345E-01     129     0.18169271E-01
 0.11600000E+02     0.93052137E+00     0.80717877E-01     0.12000000E+02    -0.11232387E+00     0.50000001E-01     0.50000001E-01     0.75834438E-01     129     0.18169271E-01
 0.11699998E+02     0.93307924E+00     0.81661582E-01     0.12000000E+02    -0.11266185E+00     0.50000001E-01     0.50000001E-01     0.76788493E-01     129     0.18169271E-01
 0.11799999E+02     0.93598807E+00     0.82582228E-01     0.12000000E+02    -0.11299270E+00     0.50000001E-01     0.50000001E-01     0.77720255E-01     129     0.18169271E-01
 0.11900000E+02     0.92901379E+00     0.84845424E-01     0.12000000E+02    -0.11388190E+00     0.50000001E-01     0.50000001E-01     0.80015965E-01     129     0.18169271E-01
 0.12000000E+02     0.93212801E+00     0.85788846E-01     0.12000000E+02    -0.11426972E+00     0.50000001E-01     0.50000001E-01     0.80970705E-01     129     0.18169271E-01
 0.12099998E+02     0.93541074E+00     0.86665243E-01     0.12000000E+02    -0.11461367E+00     0.50000001E-01     0.50000001E-01     0.81857003E-01     129     0.18169271E-01
 0.12199999E+02     0.93909949E+00     0.87532312E-01     0.12000000E+02    -0.11497686E+00     0.50000001E-01     0.50000001E-01     0.82733497E-01     130     0.20298893E-01
 0.12299999E+02     0.94233429E+00     0.88440411E-01     0.12000000E+02    -0.11535916E+00     0.50000001E-01     0.50000001E-01     0.83652802E-01     130     0.20298893E-01
 0.12400001E+02     0.93753481E+00     0.90542987E-01     0.12000000E+02    -0.11627410E+00     0.50000001E-01     0.50000001E-01     0.85784301E-01     130     0.20298893E-01
 0.12499997E+02     0.94103432E+00     0.91440566E-01     0.12000000E+02    -0.11667325E+00     0.50000001E-01     0.50000001E-01     0.86692214E-01     130     0.20298893E-01
 0.12599998E+02     0.94483382E+00     0.92271857E-01     0.12000000E+02    -0.11702979E+00     0.50000001E-01     0.50000001E-01     0.87531954E-01     130     0.20298893E-01
 0.12699999E+02     0.94894737E+00     0.93081228E-01     0.12000000E+02    -0.11739818E+00     0.50000001E-01     0.50000001E-01     0.88349909E-01     130     0.20298893E-01
 0.12800000E+02     0.95303643E+00     0.93906961E-01     0.12000000E+02    -0.11777906E+00     0.50000001E-01     0.50000001E-01     0.89185238E-01     130     0.20298893E-01
 0.12900001E+02     0.94986880E+00     0.95846146E-01     0.12000000E+02    -0.11868340E+00     0.50000001E-01     0.50000001E-01     0.91151245E-01     130     0.20298893E-01
 0.12999998E+02     0.95307791E+00     0.96791916E-01     0.12000000E+02    -0.11913996E+00     0.50000001E-01     0.50000001E-01     0.92107199E-01     130     0.20298893E-01
 0.13099999E+02     0.95739526E+00     0.97596988E-01     0.12000000E+02    -0.11951424E+00     0.50000001E-01     0.50000001E-01     0.92921488E-01     130     0.20298893E-01
 0.13200000E+02     0.96175718E+00     0.98391674E-01     0.12000000E+02    -0.11990512E+00     0.50000001E-01     0.50000001E-01     0.93724191E-01     131     0.22569172E-01
 0.13300000E+02     0.96620333E+00     0.99154957E-01     0.12000000E+02    -0.12026204E+00     0.50000001E-01     0.50000001E-01     0.94496116E-01     131     0.22569172E-01
 0.13399998E+02     0.97064078E+00     0.99938169E-01     0.12000000E+02    -0.12065344E+00     0.50000001E-01     0.50000001E-01     0.95287606E-01     131     0.22569172E-01
 0.13499999E+02     0.96875489E+00     0.10172492E+00     0.12000000E+02    -0.12154813E+00     0.50000001E-01     0.50000001E-01     0.97098142E-01     131     0.22569172E-01
 0.13599999E+02     0.97240978E+00     0.10267398E+00     0.12000000E+02    -0.12206739E+00     0.50000001E-01     0.50000001E-01     0.98058581E-01     131     0.22569172E-01
 0.13700001E+02     0.97647858E+00     0.10348479E+00     0.12000000E+02    -0.12245406E+00     0.50000001E-01     0.50000001E-01     0.98877594E-01     131     0.22569172E-01
 0.13799997E+02     0.98135591E+00     0.10422876E+00     0.12000000E+02    -0.12284067E+00     0.50000001E-01     0.50000001E-01     0.99629715E-01     131     0.22569172E-01
 0.13899999E+02     0.98595184E+00     0.10498595E+00     0.12000000E+02    -0.12323392E+00     0.50000001E-01     0.50000001E-01     0.10039436E+00     131     0.22569172E-01
 0.13999999E+02     0.99072230E+00     0.10573121E+00     0.12000000E+02    -0.12363943E+00     0.50000001E-01     0.50000001E-01     0.10114793E+00     132     0.24985466E-01
 0.14100000E+02     0.99567711E+00     0.10647240E+00     0.12000000E+02    -0.12404294E+00     0.50000001E-01     0.50000001E-01     0.10189779E+00     132     0.24985466E-01
 0.14199998E+02     0.99423641E+00     0.10826639E+00     0.12000000E+02    -0.12503880E+00     0.50000001E-01     0.50000001E-01     0.10371558E+00     132     0.24985466E-01
 0.14299998E+02     0.99817091E+00     0.10911929E+00     0.12000000E+02    -0.12549241E+00     0.50000001E-01     0.50000001E-01     0.10457829E+00     132     0.24985466E-01
 0.14400000E+02     0.10026183E+01     0.10987807E+00     0.12000000E+02    -0.12588130E+00     0.50000001E-01     0.50000001E-01     0.10534480E+00     132     0.24985466E-01
 0.14500000E+02     0.10077841E+01     0.11059200E+00     0.12000000E+02    -0.12630077E+00     0.50000001E-01     0.50000001E-01     0.10606688E+00     132     0.24985466E-01
 0.14600000E+02     0.10125738E+01     0.11132427E+00     0.12000000E+02    -0.12671044E+00     0.50000001E-01     0.50000001E-01     0.10680588E+00     132     0.24985466E-01
 0.14699998E+02     0.10178996E+01     0.11204728E+00     0.12000000E+02    -0.12716924E+00     0.50000001E-01     0.50000001E-01     0.10753724E+00     132     0.24985466E-01
 0.14799999E+02     0.10223045E+01     0.11277182E+00     0.12000000E+02    -0.12754411E+00     0.50000001E-01     0.50000001E-01     0.10826805E+00     132     0.24985466E-01
 0.14900000E+02     0.10217534E+01     0.11446386E+00     0.12000000E+02    -0.12850520E+00     0.50000001E-01     0.50000001E-01     0.10998241E+00     132     0.24985466E-01
 0.15000001E+02     0.10262837E+01     0.11528736E+00     0.12000000E+02    -0.12903544E+00     0.50000001E-01     0.50000001E-01     0.11081751E+00     133     0.27553435E-01
 0.15099998E+02     0.10308721E+01     0.11605389E+00     0.12000000E+02    -0.12947479E+00     0.50000001E-01     0.50000001E-01     0.11159257E+00     133     0.27553435E-01
 0.15199999E+02     0.10358078E+01     0.11675167E+00     0.12000000E+02    -0.12990493E+00     0.50000001E-01     0.50000001E-01     0.11229663E+00     133     0.27553435E-01
 0.15299999E+02     0.10410894E+01     0.11741897E+00     0.12000000E+02    -0.13028817E+00     0.50000001E-01     0.50000001E-01     0.11297274E+00     133     0.27553435E-01
 0.15400001E+02     0.10464667E+01     0.11813039E+00     0.12000000E+02    -0.13076414E+00     0.50000001E-01     0.50000001E-01     0.11369174E+00     133     0.27553435E-01
 0.15499998E+02     0.10509517E+01     0.11883000E+00     0.12000000E+02    -0.13115606E+00     0.50000001E-01     0.50000001E-01     0.11439718E+00     133     0.27553435E-01
 0.15599998E+02     0.10561835E+01     0.11952495E+00     0.12000000E+02    -0.13158771E+00     0.50000001E-01     0.50000001E-01     0.11510035E+00     133     0.27553435E-01
 0.15699999E+02     0.10563223E+01     0.12110777E+00     0.12000000E+02    -0.13256928E+00     0.50000001E-01     0.50000001E-01     0.11670559E+00     133     0.27553435E-01
 0.15800000E+02     0.10600488E+01     0.12201553E+00     0.12000000E+02    -0.13310839E+00     0.50000001E-01     0.50000001E-01     0.11762206E+00     134     0.30279335E-01
 0.15899998E+02     0.10648143E+01     0.12273296E+00     0.12000000E+02    -0.13355897E+00     0.50000001E-01     0.50000001E-01     0.11834639E+00     134     0.30279335E-01
 0.15999998E+02     0.10703403E+01     0.12340633E+00     0.12000000E+02    -0.13406217E+00     0.50000001E-01     0.50000001E-01     0.11902704E+00     134     0.30279335E-01
 0.16099998E+02     0.10756553E+01     0.12404852E+00     0.12000000E+02    -0.13448502E+00     0.50000001E-01     0.50000001E-01     0.11967778E+00     134     0.30279335E-01
 0.16200001E+02     0.10808817E+01     0.12469153E+00     0.12000000E+02    -0.13488767E+00     0.50000001E-01     0.50000001E-01     0.12032740E+00     134     0.30279335E-01
 0.16300001E+02     0.10857708E+01     0.12537630E+00     0.12000000E+02    -0.13531540E+00     0.50000001E-01     0.50000001E-01     0.12101927E+00     134     0.30279335E-01
 0.16399998E+02     0.10909017E+01     0.12607689E+00     0.12000000E+02    -0.13579299E+00     0.50000001E-01     0.50000001E-01     0.12172855E+00     135     0.33169542E-01
 0.16499998E+02     0.10913568E+01     0.12762435E+00     0.12000000E+02    -0.13682325E+00     0.50000001E-01     0.50000001E-01     0.12329458E+00     134     0.30279335E-01
 0.16600000E+02     0.10951743E+01     0.12842363E+00     0.12000000E+02    -0.13728973E+00     0.50000001E-01     0.50000001E-01     0.12410293E+00     135     0.33169542E-01
 0.16700001E+02     0.11004393E+01     0.12915419E+00     0.12000000E+02    -0.13782266E+00     0.50000001E-01     0.50000001E-01     0.12484314E+00     135     0.33169542E-01
 0.16799997E+02     0.11055876E+01     0.12984094E+00     0.12000000E+02    -0.13835141E+00     0.50000001E-01     0.50000001E-01     0.12553638E+00     135     0.33169542E-01
 0.16900000E+02     0.11109869E+01     0.13045764E+00     0.12000000E+02    -0.13875453E+00     0.50000001E-01     0.50000001E-01     0.12616137E+00     135     0.33169542E-01
 0.17000000E+02     0.11161722E+01     0.13111068E+00     0.12000000E+02    -0.13922475E+00     0.50000001E-01     0.50000001E-01     0.12682086E+00     135     0.33169542E-01
 0.17100000E+02     0.11215411E+01     0.13174835E+00     0.12000000E+02    -0.13968375E+00     0.50000001E-01     0.50000001E-01     0.12746634E+00     135     0.33169542E-01
 0.17199997E+02     0.11267802E+01     0.13237724E+00     0.12000000E+02    -0.14011765E+00     0.50000001E-01     0.50000001E-01     0.12810296E+00     135     0.33169542E-01
 0.17299999E+02     0.11313188E+01     0.13321225E+00     0.12000000E+02    -0.14074367E+00     0.50000001E-01     0.50000001E-01     0.12894739E+00     135     0.33169542E-01
 0.17400000E+02     0.11321443E+01     0.13466261E+00     0.12000000E+02    -0.14174099E+00     0.50000001E-01     0.50000001E-01     0.13041726E+00     136     0.36230825E-01
 0.17500000E+02     0.11369560E+01     0.13540065E+00     0.12000000E+02    -0.14227511E+00     0.50000001E-01     0.50000001E-01     0.13116558E+00     136     0.36230825E-01
 0.17599997E+02     0.11415994E+01     0.13605863E+00     0.12000000E+02    -0.14271103E+00     0.50000001E-01     0.50000001E-01     0.13182831E+00     136     0.36230825E-01
 0.17699999E+02     0.11468340E+01     0.13673086E+00     0.12000000E+02    -0.14321747E+00     0.50000001E-01     0.50000001E-01     0.13250840E+00     136     0.36230825E-01
 0.17799999E+02     0.11525580E+01     0.13730606E+00     0.12000000E+02    -0.14365953E+00     0.50000001E-01     0.50000001E-01     0.13309295E+00     136     0.36230825E-01
 0.17900000E+02     0.11571932E+01     0.13801131E+00     0.12000000E+02    -0.14418118E+00     0.50000001E-01     0.50000001E-01     0.13380100E+00     136     0.36230825E-01
 0.18000000E+02     0.11627289E+01     0.13860735E+00     0.12000000E+02    -0.14469501E+00     0.50000001E-01     0.50000001E-01     0.13440457E+00     136     0.36230825E-01
 0.18099998E+02     0.11679802E+01     0.13922051E+00     0.12000000E+02    -0.14513326E+00     0.50000001E-01     0.50000001E-01     0.13502692E+00     136     0.36230825E-01
 0.18199999E+02     0.11735309E+01     0.13986972E+00     0.12000000E+02    -0.14568824E+00     0.50000001E-01     0.50000001E-01     0.13568452E+00     137     0.39470624E-01
 0.18299999E+02     0.11737410E+01     0.14139721E+00     0.12000000E+02    -0.14674653E+00     0.50000001E-01     0.50000001E-01     0.13723212E+00     137     0.39470624E-01
 0.18400000E+02     0.11786218E+01     0.14211096E+00     0.12000000E+02    -0.14731820E+00     0.50000001E-01     0.50000001E-01     0.13795350E+00     137     0.39470624E-01
 0.18499998E+02     0.11834402E+01     0.14280571E+00     0.12000000E+02    -0.14787464E+00     0.50000001E-01     0.50000001E-01     0.13865638E+00     137     0.39470624E-01
 0.18599998E+02     0.11885644E+01     0.14342597E+00     0.12000000E+02    -0.14835784E+00     0.50000001E-01     0.50000001E-01     0.13928394E+00     137     0.39470624E-01
 0.18699999E+02     0.11939914E+01     0.14403977E+00     0.12000000E+02    -0.14881194E+00     0.50000001E-01     0.50000001E-01     0.13990560E+00     137     0.39470624E-01
 0.18800001E+02     0.11991559E+01     0.14461282E+00     0.12000000E+02    -0.14932284E+00     0.50000001E-01     0.50000001E-01     0.14048573E+00     137     0.39470624E-01
 0.18899998E+02     0.12045394E+01     0.14524201E+00     0.12000000E+02    -0.14983839E+00     0.50000001E-01     0.50000001E-01     0.14112085E+00     137     0.39470624E-01
 0.18999998E+02     0.12099682E+01     0.14580062E+00     0.12000000E+02    -0.15032282E+00     0.50000001E-01     0.50000001E-01     0.14168669E+00     138     0.42896152E-01
 0.19099998E+02     0.12129625E+01     0.14664978E+00     0.12000000E+02    -0.15098442E+00     0.49423136E-01     0.50000001E-01     0.14254065E+00     137     0.39470624E-01
 0.19200001E+02     0.12162962E+01     0.14786163E+00     0.12000000E+02    -0.15197906E+00     0.49966782E-01     0.50000001E-01     0.14377558E+00     138     0.42896152E-01
 0.19300001E+02     0.12201900E+01     0.14869015E+00     0.12000000E+02    -0.15258875E+00     0.50000001E-01     0.50000001E-01     0.14461413E+00     138     0.42896152E-01
 0.19399998E+02     0.12250364E+01     0.14937897E+00     0.12000000E+02    -0.15318339E+00     0.49885795E-01     0.50000001E-01     0.14531027E+00     138     0.42896152E-01
 0.19600000E+02     0.12335197E+01     0.15073128E+00     0.12000000E+02    -0.15439057E+00     0.48509542E-01     0.50000001E-01     0.14666399E+00     138     0.42896152E-01
 0.19700001E+02     0.12405169E+01     0.15118460E+00     0.12000000E+02    -0.15478255E+00     0.49728666E-01     0.50000001E-01     0.14713570E+00     138     0.42896152E-01
 0.19799997E+02     0.12437654E+01     0.15192708E+00     0.12000000E+02    -0.15542303E+00     0.48351645E-01     0.50000001E-01     0.14787300E+00     138     0.42896152E-01
 0.19900000E+02     0.12496516E+01     0.15243551E+00     0.12000000E+02    -0.15589842E+00     0.48895739E-01     0.50000001E-01     0.14839223E+00     138     0.42896152E-01
 0.20100000E+02     0.12689296E+01     0.15597022E+00     0.12000000E+02    -0.16074918E+00     0.48408680E-01     0.39958283E+00     0.15243593E+00     139     0.46514940E-01
 0.20199997E+02     0.12722130E+01     0.15684436E+00     0.12000000E+02    -0.16150098E+00     0.47924411E-01     0.40258393E+00     0.15332311E+00     139     0.46514940E-01
 0.20299999E+02     0.12774788E+01     0.15752362E+00     0.12000000E+02    -0.16208854E+00     0.48109800E-01     0.40209976E+00     0.15400796E+00     139     0.46514940E-01
 0.20400000E+02     0.12816124E+01     0.15812115E+00     0.12000000E+02    -0.16259016E+00     0.47809985E-01     0.40109897E+00     0.15460411E+00     139     0.46514940E-01
 0.20500000E+02     0.12849907E+01     0.15883118E+00     0.12000000E+02    -0.16323420E+00     0.46724219E-01     0.40338835E+00     0.15531595E+00     139     0.46514940E-01
 0.20599998E+02     0.12922271E+01     0.15929754E+00     0.12000000E+02    -0.16368248E+00     0.47846418E-01     0.40397024E+00     0.15579830E+00     139     0.46514940E-01
 0.20699999E+02     0.12961260E+01     0.15996157E+00     0.12000000E+02    -0.16432971E+00     0.47149781E-01     0.40302882E+00     0.15645766E+00     139     0.46514940E-01
 0.20799999E+02     0.12992053E+01     0.16072784E+00     0.12000000E+02    -0.16496240E+00     0.46238877E-01     0.40555614E+00     0.15722381E+00     139     0.46514940E-01
 0.20900000E+02     0.13058264E+01     0.16117509E+00     0.12000000E+02    -0.16543376E+00     0.46653923E-01     0.40583894E+00     0.15768297E+00     140     0.50334580E-01
 0.21000000E+02     0.13082446E+01     0.16222329E+00     0.12000000E+02    -0.16645464E+00     0.46644598E-01     0.40810794E+00     0.15874577E+00     140     0.50334580E-01
 0.21099998E+02     0.13125564E+01     0.16308504E+00     0.12000000E+02    -0.16702022E+00     0.47573794E-01     0.40866277E+00     0.15962923E+00     140     0.50334580E-01
 0.21199999E+02     0.13101594E+01     0.16434407E+00     0.12000000E+02    -0.16825806E+00     0.43719284E-01     0.40708989E+00     0.16085550E+00     140     0.50334580E-01
 0.21299999E+02     0.13181478E+01     0.16471240E+00     0.12000000E+02    -0.16858359E+00     0.45915153E-01     0.40851244E+00     0.16124916E+00     140     0.50334580E-01
 0.21400000E+02     0.13219231E+01     0.16536584E+00     0.12000000E+02    -0.16926901E+00     0.44957384E-01     0.40865532E+00     0.16189739E+00     140     0.50334580E-01
 0.21499998E+02     0.13284103E+01     0.16581497E+00     0.12000000E+02    -0.16966841E+00     0.45965362E-01     0.40790477E+00     0.16235895E+00     140     0.50334580E-01
 0.21599998E+02     0.13340015E+01     0.16630453E+00     0.12000000E+02    -0.17009011E+00     0.46466924E-01     0.40982714E+00     0.16286153E+00     141     0.54362021E-01
 0.21699999E+02     0.13371918E+01     0.16695698E+00     0.12000000E+02    -0.17083129E+00     0.45291431E-01     0.41104293E+00     0.16350856E+00     141     0.54362021E-01
 0.21800001E+02     0.13443118E+01     0.16745637E+00     0.12000000E+02    -0.17126906E+00     0.46130981E-01     0.41064757E+00     0.16402319E+00     140     0.50334580E-01
 0.21899998E+02     0.13426595E+01     0.16893357E+00     0.12000000E+02    -0.17264266E+00     0.44711642E-01     0.40833241E+00     0.16549508E+00     141     0.54362021E-01
 0.21999998E+02     0.13474615E+01     0.16972077E+00     0.12000000E+02    -0.17338242E+00     0.45261029E-01     0.41307509E+00     0.16630924E+00     141     0.54362021E-01
 0.22099998E+02     0.13508699E+01     0.17045972E+00     0.12000000E+02    -0.17412291E+00     0.44298198E-01     0.41341585E+00     0.16704725E+00     141     0.54362021E-01
 0.22200001E+02     0.13564386E+01     0.17094484E+00     0.12000000E+02    -0.17457026E+00     0.44943467E-01     0.40809476E+00     0.16752578E+00     141     0.54362021E-01
 0.22299997E+02     0.13605726E+01     0.17155606E+00     0.12000000E+02    -0.17520860E+00     0.44512525E-01     0.41324148E+00     0.16815175E+00     141     0.54362021E-01
 0.22399998E+02     0.13656132E+01     0.17206360E+00     0.12000000E+02    -0.17569566E+00     0.44848055E-01     0.41105500E+00     0.16865808E+00     141     0.54362021E-01
 0.22500000E+02     0.13682265E+01     0.17281482E+00     0.12000000E+02    -0.17662464E+00     0.43292060E-01     0.41442540E+00     0.16940868E+00     141     0.54362021E-01
 0.22600000E+02     0.13740267E+01     0.17331767E+00     0.12000000E+02    -0.17708145E+00     0.43642811E-01     0.41560510E+00     0.16992454E+00     142     0.58604252E-01
 0.22700001E+02     0.13782779E+01     0.17387938E+00     0.12000000E+02    -0.17767785E+00     0.43246157E-01     0.41582453E+00     0.17048815E+00     142     0.58604252E-01
 0.22799997E+02     0.13768224E+01     0.17542228E+00     0.12000000E+02    -0.17933790E+00     0.41764271E-01     0.41640276E+00     0.17203401E+00     142     0.58604252E-01
 0.22900000E+02     0.13868039E+01     0.17556398E+00     0.12000000E+02    -0.17929658E+00     0.44261396E-01     0.41859329E+00     0.17220746E+00     142     0.58604252E-01
 0.23699999E+02     0.14189429E+01     0.18074307E+00     0.12000000E+02    -0.18515041E+00     0.42114630E-01     0.42135578E+00     0.17740919E+00     143     0.63067533E-01
 0.23799999E+02     0.14173961E+01     0.18246493E+00     0.12000000E+02    -0.18677254E+00     0.40973555E-01     0.42226741E+00     0.17914444E+00     143     0.63067533E-01
 0.23900000E+02     0.14229678E+01     0.18298753E+00     0.12000000E+02    -0.18733120E+00     0.41997090E-01     0.41933185E+00     0.17967366E+00     143     0.63067533E-01
