  
       RFOIL         Version 3.00
  
 Calculated polar for: OSO_2025_WT2_T36                
  
 1  Reynolds number fixed
  
 xtrf =      1.00000000 (suction)     1.00000000 (pressure)
 Rot. Parameters:  f0 =      1.00000000 c/r =      0.00000000
 Mach =      0.00000000     Re =     20.00000000 e 6     Ncrit =      9.00000000
  
             alpha                CL                CD            Re(CL)                CM             S_xtr             P_xtr               CDp            I_stag            X_stag
  ------- -------- --------- --------- -------- ------- ------- -------- 
-0.21000000E+02    -0.89115751E+00     0.14260994E+00     0.20000000E+02     0.73264115E-02     0.48010504E+00     0.11015213E+00     0.13961197E+00      81     0.41551385E-01
-0.20900000E+02    -0.88446939E+00     0.14204785E+00     0.20000000E+02     0.66252081E-02     0.47737449E+00     0.11039893E+00     0.13903703E+00      81     0.41551385E-01
-0.19900000E+02    -0.85940045E+00     0.13203692E+00     0.20000000E+02    -0.12271932E-02     0.46752137E+00     0.12041647E+00     0.12899338E+00      82     0.38310602E-01
-0.19800001E+02    -0.85338813E+00     0.13150424E+00     0.20000000E+02    -0.17764660E-02     0.46622092E+00     0.12067128E+00     0.12845375E+00      82     0.38310602E-01
-0.19700001E+02    -0.84877735E+00     0.13085496E+00     0.20000000E+02    -0.23643372E-02     0.46744624E+00     0.12170401E+00     0.12781055E+00      82     0.38310602E-01
-0.19600000E+02    -0.84532976E+00     0.13012789E+00     0.20000000E+02    -0.29463740E-02     0.46588638E+00     0.12307700E+00     0.12708618E+00      82     0.38310602E-01
-0.19500000E+02    -0.84022778E+00     0.12950653E+00     0.20000000E+02    -0.35496168E-02     0.46478900E+00     0.12364241E+00     0.12646377E+00      82     0.38310602E-01
-0.19400002E+02    -0.83627427E+00     0.12875471E+00     0.20000000E+02    -0.41509215E-02     0.46257615E+00     0.12459130E+00     0.12570669E+00      83     0.35290882E-01
-0.19300001E+02    -0.83177841E+00     0.12802161E+00     0.20000000E+02    -0.48048012E-02     0.46354857E+00     0.12510967E+00     0.12497450E+00      83     0.35290882E-01
-0.18900002E+02    -0.82224780E+00     0.12388419E+00     0.20000000E+02    -0.76737762E-02     0.45824546E+00     0.12967794E+00     0.12081514E+00      83     0.35290882E-01
-0.18800001E+02    -0.82065248E+00     0.12294645E+00     0.20000000E+02    -0.83630122E-02     0.45866489E+00     0.13203861E+00     0.11989105E+00      83     0.35290882E-01
-0.18700001E+02    -0.81599879E+00     0.12231112E+00     0.20000000E+02    -0.89061158E-02     0.45699006E+00     0.13295785E+00     0.11925220E+00      83     0.35290882E-01
-0.18400000E+02    -0.80872959E+00     0.11890694E+00     0.20000000E+02    -0.11150075E-01     0.45520872E+00     0.13492839E+00     0.11582489E+00      84     0.32470226E-01
-0.18300001E+02    -0.80877197E+00     0.11788932E+00     0.20000000E+02    -0.11768873E-01     0.45270190E+00     0.13801493E+00     0.11482124E+00      84     0.32470226E-01
-0.18200001E+02    -0.80441225E+00     0.11717802E+00     0.20000000E+02    -0.12339133E-01     0.45212367E+00     0.13940197E+00     0.11411362E+00      84     0.32470226E-01
-0.18100002E+02    -0.79881740E+00     0.11658142E+00     0.20000000E+02    -0.12840142E-01     0.45222220E+00     0.13970144E+00     0.11351456E+00      84     0.32470226E-01
-0.18000000E+02    -0.79519635E+00     0.11581766E+00     0.20000000E+02    -0.13402896E-01     0.45126951E+00     0.14120319E+00     0.11275338E+00      84     0.32470226E-01
-0.17900000E+02    -0.79809630E+00     0.11373349E+00     0.20000000E+02    -0.14491436E-01     0.45049733E+00     0.14179751E+00     0.11064833E+00      84     0.32470226E-01
-0.17800001E+02    -0.79433787E+00     0.11299013E+00     0.20000000E+02    -0.15036611E-01     0.44944042E+00     0.14313488E+00     0.10990590E+00      85     0.29829627E-01
-0.17700001E+02    -0.79044962E+00     0.11225589E+00     0.20000000E+02    -0.15557239E-01     0.44736251E+00     0.14434075E+00     0.10916989E+00      85     0.29829627E-01
-0.17600000E+02    -0.78854376E+00     0.11135116E+00     0.20000000E+02    -0.16135363E-01     0.44862309E+00     0.14670345E+00     0.10828159E+00      85     0.29829627E-01
-0.17500000E+02    -0.78254968E+00     0.11080614E+00     0.20000000E+02    -0.16620407E-01     0.44754726E+00     0.14746629E+00     0.10773338E+00      85     0.29829627E-01
-0.17400002E+02    -0.77593625E+00     0.11029489E+00     0.20000000E+02    -0.17069871E-01     0.44569999E+00     0.14718319E+00     0.10720908E+00      85     0.29829627E-01
-0.17000002E+02    -0.74184293E+00     0.10944355E+00     0.20000000E+02    -0.22610834E-01     0.44308531E+00     0.15389456E+00     0.10640761E+00      86     0.27352797E-01
-0.16900000E+02    -0.73754430E+00     0.10873463E+00     0.20000000E+02    -0.23009988E-01     0.44231582E+00     0.15504993E+00     0.10569715E+00      86     0.27352797E-01
-0.16800001E+02    -0.73300093E+00     0.10800538E+00     0.20000000E+02    -0.23402281E-01     0.44141456E+00     0.15624645E+00     0.10496853E+00      86     0.27352797E-01
-0.16700001E+02    -0.73318571E+00     0.10680345E+00     0.20000000E+02    -0.23820616E-01     0.43958166E+00     0.15898794E+00     0.10377555E+00      86     0.27352797E-01
-0.16600000E+02    -0.74229801E+00     0.10414284E+00     0.20000000E+02    -0.24638033E-01     0.43916726E+00     0.16073236E+00     0.10109967E+00      86     0.27352797E-01
-0.16500000E+02    -0.73588163E+00     0.10377230E+00     0.20000000E+02    -0.25020065E-01     0.43825018E+00     0.16052949E+00     0.10072084E+00      86     0.27352797E-01
-0.16400002E+02    -0.73400897E+00     0.10305365E+00     0.20000000E+02    -0.25419967E-01     0.43771788E+00     0.16305487E+00     0.10001090E+00      86     0.27352797E-01
-0.16300001E+02    -0.72982013E+00     0.10256469E+00     0.20000000E+02    -0.25804458E-01     0.43720576E+00     0.16437048E+00     0.99522777E-01      87     0.25025984E-01
-0.16200001E+02    -0.72696614E+00     0.10191993E+00     0.20000000E+02    -0.26195388E-01     0.43644974E+00     0.16584587E+00     0.98881684E-01      87     0.25025984E-01
-0.16100000E+02    -0.72427136E+00     0.10127375E+00     0.20000000E+02    -0.26601603E-01     0.43590471E+00     0.16710842E+00     0.98237194E-01      87     0.25025984E-01
-0.16000002E+02    -0.75528592E+00     0.94948985E-01     0.20000000E+02    -0.25521876E-01     0.43629825E+00     0.16958654E+00     0.91864765E-01      87     0.25025984E-01
-0.15900001E+02    -0.75212407E+00     0.94116926E-01     0.20000000E+02    -0.25986906E-01     0.43656912E+00     0.17205101E+00     0.91044933E-01      87     0.25025984E-01
-0.15800000E+02    -0.74469936E+00     0.93662150E-01     0.20000000E+02    -0.26381040E-01     0.43469071E+00     0.17178455E+00     0.90578638E-01      87     0.25025984E-01
-0.15700001E+02    -0.73789614E+00     0.93176194E-01     0.20000000E+02    -0.26791027E-01     0.43393907E+00     0.17178936E+00     0.90086542E-01      87     0.25025984E-01
-0.15600002E+02    -0.71816641E+00     0.96980512E-01     0.20000000E+02    -0.28901618E-01     0.43304396E+00     0.17429323E+00     0.93933977E-01      87     0.25025984E-01
-0.15500001E+02    -0.72999018E+00     0.94806507E-01     0.20000000E+02    -0.29678807E-01     0.43273872E+00     0.17752689E+00     0.91749944E-01      87     0.25025984E-01
-0.15400001E+02    -0.72593647E+00     0.94199009E-01     0.20000000E+02    -0.30057911E-01     0.43215391E+00     0.17901659E+00     0.91144666E-01      88     0.22837475E-01
-0.15300001E+02    -0.72258377E+00     0.93629129E-01     0.20000000E+02    -0.30425681E-01     0.43147081E+00     0.18040851E+00     0.90576410E-01      88     0.22837475E-01
-0.15200001E+02    -0.71951836E+00     0.93023673E-01     0.20000000E+02    -0.30796599E-01     0.43080205E+00     0.18178779E+00     0.89973181E-01      88     0.22837475E-01
-0.15100001E+02    -0.71604252E+00     0.92431553E-01     0.20000000E+02    -0.31174734E-01     0.43005624E+00     0.18309496E+00     0.89380190E-01      88     0.22837475E-01
-0.15000001E+02    -0.72474098E+00     0.90456501E-01     0.20000000E+02    -0.31910039E-01     0.42977646E+00     0.18501583E+00     0.87388143E-01      88     0.22837475E-01
-0.14900000E+02    -0.72051299E+00     0.89931905E-01     0.20000000E+02    -0.32277379E-01     0.42896175E+00     0.18642358E+00     0.86864844E-01      88     0.22837475E-01
-0.14800000E+02    -0.72124374E+00     0.89074947E-01     0.20000000E+02    -0.32642744E-01     0.42837462E+00     0.18940231E+00     0.86021572E-01      88     0.22837475E-01
-0.14700002E+02    -0.71719158E+00     0.88569313E-01     0.20000000E+02    -0.33001054E-01     0.42769319E+00     0.19063930E+00     0.85516475E-01      88     0.22837475E-01
-0.14600000E+02    -0.71340489E+00     0.87979540E-01     0.20000000E+02    -0.33374939E-01     0.42590526E+00     0.19195960E+00     0.84923007E-01      89     0.20777214E-01
-0.14400001E+02    -0.71904540E+00     0.85484229E-01     0.20000000E+02    -0.34421317E-01     0.42488268E+00     0.19546820E+00     0.82417458E-01      89     0.20777214E-01
-0.14300001E+02    -0.71580857E+00     0.84885962E-01     0.20000000E+02    -0.34766983E-01     0.42428029E+00     0.19683543E+00     0.81823528E-01      89     0.20777214E-01
-0.14200001E+02    -0.71181196E+00     0.84371574E-01     0.20000000E+02    -0.35114415E-01     0.42381412E+00     0.19813639E+00     0.81310757E-01      89     0.20777214E-01
-0.14100001E+02    -0.70765221E+00     0.83865240E-01     0.20000000E+02    -0.35477456E-01     0.42322305E+00     0.19933315E+00     0.80803238E-01      89     0.20777214E-01
-0.14000001E+02    -0.71700788E+00     0.81999049E-01     0.20000000E+02    -0.36146697E-01     0.42298573E+00     0.20149577E+00     0.78923814E-01      89     0.20777214E-01
-0.13900002E+02    -0.71342504E+00     0.81463911E-01     0.20000000E+02    -0.36485575E-01     0.42235339E+00     0.20288527E+00     0.78391097E-01      89     0.20777214E-01
-0.13800001E+02    -0.71352267E+00     0.80765478E-01     0.20000000E+02    -0.36823176E-01     0.42194533E+00     0.20567217E+00     0.77705026E-01      89     0.20777214E-01
-0.13700001E+02    -0.70902133E+00     0.80283619E-01     0.20000000E+02    -0.37163217E-01     0.42129666E+00     0.20686847E+00     0.77221759E-01      90     0.18836718E-01
-0.13600001E+02    -0.71847880E+00     0.78574881E-01     0.20000000E+02    -0.37828084E-01     0.42108071E+00     0.20886402E+00     0.75498365E-01      90     0.18836718E-01
-0.13500001E+02    -0.71486831E+00     0.78101307E-01     0.20000000E+02    -0.38158275E-01     0.42047921E+00     0.21027684E+00     0.75026348E-01      90     0.18836718E-01
-0.13400001E+02    -0.71151954E+00     0.77608787E-01     0.20000000E+02    -0.38478769E-01     0.41995800E+00     0.21159732E+00     0.74537024E-01      90     0.18836718E-01
-0.13300000E+02    -0.70730680E+00     0.77191904E-01     0.20000000E+02    -0.38808495E-01     0.41929233E+00     0.21277283E+00     0.74120149E-01      90     0.18836718E-01
-0.13200001E+02    -0.70323926E+00     0.76738618E-01     0.20000000E+02    -0.39144125E-01     0.41874766E+00     0.21405537E+00     0.73665798E-01      90     0.18836718E-01
-0.13100000E+02    -0.71237278E+00     0.75235248E-01     0.20000000E+02    -0.39769385E-01     0.41848156E+00     0.21577415E+00     0.72146319E-01      90     0.18836718E-01
-0.13000001E+02    -0.70795536E+00     0.74884228E-01     0.20000000E+02    -0.40090404E-01     0.41782179E+00     0.21714747E+00     0.71794577E-01      90     0.18836718E-01
-0.12900001E+02    -0.70436788E+00     0.74535526E-01     0.20000000E+02    -0.40405247E-01     0.41719458E+00     0.21852559E+00     0.71448028E-01      90     0.18836718E-01
-0.12800001E+02    -0.70409292E+00     0.74044243E-01     0.20000000E+02    -0.40730193E-01     0.41658482E+00     0.22109546E+00     0.70964880E-01      91     0.17008992E-01
-0.12700001E+02    -0.71862954E+00     0.59404094E-01     0.20000000E+02    -0.41082263E-01     0.41643178E+00     0.22304820E+00     0.56299683E-01      91     0.17008992E-01
-0.12600001E+02    -0.71385157E+00     0.58803599E-01     0.20000000E+02    -0.41397024E-01     0.41582802E+00     0.22445315E+00     0.55701055E-01      91     0.17008992E-01
-0.12500001E+02    -0.70935518E+00     0.58186039E-01     0.20000000E+02    -0.41707020E-01     0.41409278E+00     0.22563060E+00     0.55081818E-01      91     0.17008992E-01
-0.12400002E+02    -0.70564216E+00     0.57479784E-01     0.20000000E+02    -0.42015426E-01     0.41446000E+00     0.22680630E+00     0.54380681E-01      91     0.17008992E-01
-0.12300001E+02    -0.71742809E+00     0.55292994E-01     0.20000000E+02    -0.42617235E-01     0.41407159E+00     0.22871287E+00     0.52178632E-01      91     0.17008992E-01
-0.12200001E+02    -0.71229082E+00     0.55173948E-01     0.20000000E+02    -0.42922202E-01     0.41344991E+00     0.22978011E+00     0.52058399E-01      91     0.17008992E-01
-0.12100001E+02    -0.70642525E+00     0.55040412E-01     0.20000000E+02    -0.43225914E-01     0.41188726E+00     0.23075713E+00     0.51921036E-01      91     0.17008992E-01
-0.12000000E+02    -0.70515114E+00     0.54790899E-01     0.20000000E+02    -0.43511990E-01     0.41140017E+00     0.23345271E+00     0.51683120E-01      91     0.17008992E-01
-0.11900001E+02    -0.69685543E+00     0.54679565E-01     0.20000000E+02    -0.43821689E-01     0.41093904E+00     0.23314250E+00     0.51564574E-01      92     0.15287923E-01
-0.11800000E+02    -0.71646059E+00     0.53406067E-01     0.20000000E+02    -0.44347048E-01     0.41079342E+00     0.23764059E+00     0.50290622E-01      92     0.15287923E-01
-0.11700001E+02    -0.71034145E+00     0.53136468E-01     0.20000000E+02    -0.44639077E-01     0.41027212E+00     0.23854305E+00     0.50020754E-01      92     0.15287923E-01
-0.11600000E+02    -0.70518875E+00     0.52834176E-01     0.20000000E+02    -0.44928223E-01     0.40970036E+00     0.23971678E+00     0.49718086E-01      92     0.15287923E-01
-0.11500001E+02    -0.70206326E+00     0.52389313E-01     0.20000000E+02    -0.45225874E-01     0.40926176E+00     0.24093913E+00     0.49273424E-01      92     0.15287923E-01
-0.11400001E+02    -0.71501541E+00     0.50963186E-01     0.20000000E+02    -0.45718946E-01     0.40899760E+00     0.24269265E+00     0.47833607E-01      92     0.15287923E-01
-0.11300001E+02    -0.71012324E+00     0.50587013E-01     0.20000000E+02    -0.45994557E-01     0.40847555E+00     0.24369822E+00     0.47457069E-01      92     0.15287923E-01
-0.11200001E+02    -0.70473135E+00     0.50204288E-01     0.20000000E+02    -0.46271421E-01     0.40791097E+00     0.24463287E+00     0.47072351E-01      92     0.15287923E-01
-0.11100001E+02    -0.69969130E+00     0.49810842E-01     0.20000000E+02    -0.46557333E-01     0.40740970E+00     0.24558705E+00     0.46675727E-01      92     0.15287923E-01
-0.11000001E+02    -0.71119803E+00     0.48275232E-01     0.20000000E+02    -0.47038618E-01     0.40709645E+00     0.24737801E+00     0.45122411E-01      92     0.15287923E-01
-0.10900001E+02    -0.70637774E+00     0.47865607E-01     0.20000000E+02    -0.47299672E-01     0.40652296E+00     0.24837236E+00     0.44711553E-01      93     0.13668647E-01
-0.10800001E+02    -0.70664543E+00     0.47178712E-01     0.20000000E+02    -0.47535677E-01     0.40606007E+00     0.25059664E+00     0.44032350E-01      93     0.13668647E-01
-0.10700001E+02    -0.69889390E+00     0.46875656E-01     0.20000000E+02    -0.47830023E-01     0.40543330E+00     0.25037816E+00     0.43720007E-01      93     0.13668647E-01
-0.10600001E+02    -0.71446073E+00     0.45089882E-01     0.20000000E+02    -0.48241053E-01     0.40520200E+00     0.25310275E+00     0.41920565E-01      93     0.13668647E-01
-0.10500001E+02    -0.70823348E+00     0.44727728E-01     0.20000000E+02    -0.48506912E-01     0.40459806E+00     0.25389254E+00     0.41554417E-01      93     0.13668647E-01
-0.10400002E+02    -0.70309454E+00     0.44301420E-01     0.20000000E+02    -0.48763629E-01     0.40395108E+00     0.25492695E+00     0.41126590E-01      93     0.13668647E-01
-0.10300000E+02    -0.71856308E+00     0.42487070E-01     0.20000000E+02    -0.49156658E-01     0.40371767E+00     0.25670147E+00     0.39294545E-01      93     0.13668647E-01
-0.10200001E+02    -0.71475440E+00     0.42005759E-01     0.20000000E+02    -0.49389258E-01     0.40313053E+00     0.25765619E+00     0.38812984E-01      93     0.13668647E-01
-0.10100000E+02    -0.71422118E+00     0.41323718E-01     0.20000000E+02    -0.49596503E-01     0.40262702E+00     0.25962082E+00     0.38134623E-01      93     0.13668647E-01
-0.10000001E+02    -0.72836232E+00     0.39608374E-01     0.20000000E+02    -0.49955133E-01     0.40235537E+00     0.26112351E+00     0.36397424E-01      93     0.13668647E-01
-0.99000006E+01    -0.72252446E+00     0.39226681E-01     0.20000000E+02    -0.50191101E-01     0.40171656E+00     0.26189634E+00     0.36013145E-01      94     0.12147127E-01
-0.98000011E+01    -0.71772730E+00     0.38766097E-01     0.20000000E+02    -0.50421879E-01     0.40110675E+00     0.26284108E+00     0.35550352E-01      94     0.12147127E-01
-0.97000008E+01    -0.74169755E+00     0.36571212E-01     0.20000000E+02    -0.50619952E-01     0.40095371E+00     0.26568356E+00     0.33343047E-01      94     0.12147127E-01
-0.96000013E+01    -0.73332053E+00     0.36302984E-01     0.20000000E+02    -0.50875552E-01     0.40023142E+00     0.26540631E+00     0.33066630E-01      94     0.12147127E-01
-0.95000010E+01    -0.75868976E+00     0.34082234E-01     0.20000000E+02    -0.50955668E-01     0.40014839E+00     0.26792905E+00     0.30827848E-01      94     0.12147127E-01
-0.94000006E+01    -0.75466377E+00     0.33550199E-01     0.20000000E+02    -0.51135078E-01     0.39956889E+00     0.26868707E+00     0.30291796E-01      94     0.12147127E-01
-0.91999998E+01    -0.89705163E+00     0.17987816E-01     0.20000000E+02    -0.58447670E-01     0.40076035E+00     0.27341965E+00     0.14536355E-01      93     0.13668647E-01
-0.91000013E+01    -0.87580961E+00     0.15737399E-01     0.20000000E+02    -0.64318515E-01     0.39990735E+00     0.27565974E+00     0.12254621E-01      93     0.13668647E-01
-0.90000000E+01    -0.85389441E+00     0.14285729E-01     0.20000000E+02    -0.68806902E-01     0.39916396E+00     0.27757552E+00     0.10779306E-01      93     0.13668647E-01
-0.89000015E+01    -0.83266538E+00     0.13237992E-01     0.20000000E+02    -0.72446957E-01     0.39794013E+00     0.27864960E+00     0.97076101E-02      94     0.12147127E-01
-0.88000002E+01    -0.81116331E+00     0.12333121E-01     0.20000000E+02    -0.75913019E-01     0.39722255E+00     0.27965435E+00     0.87809600E-02      94     0.12147127E-01
-0.87000017E+01    -0.78927475E+00     0.11507037E-01     0.20000000E+02    -0.79331048E-01     0.39647219E+00     0.28058669E+00     0.79322448E-02      94     0.12147127E-01
-0.86000004E+01    -0.75596797E+00     0.98817516E-02     0.20000000E+02    -0.86312458E-01     0.39557993E+00     0.28347069E+00     0.62518143E-02      94     0.12147127E-01
-0.85000019E+01    -0.73971713E+00     0.96841808E-02     0.20000000E+02    -0.87630577E-01     0.39489236E+00     0.28409985E+00     0.60423203E-02      95     0.10720035E-01
-0.84000006E+01    -0.72480994E+00     0.95849996E-02     0.20000000E+02    -0.88523038E-01     0.39423549E+00     0.28468859E+00     0.59361374E-02      95     0.10720035E-01
-0.83000011E+01    -0.71011055E+00     0.95020896E-02     0.20000000E+02    -0.89344412E-01     0.39358416E+00     0.28519094E+00     0.58461409E-02      95     0.10720035E-01
-0.82000008E+01    -0.69464105E+00     0.93689151E-02     0.20000000E+02    -0.90409532E-01     0.39289367E+00     0.28679344E+00     0.57102796E-02      96     0.93848221E-02
-0.81000013E+01    -0.67901701E+00     0.92286235E-02     0.20000000E+02    -0.91518439E-01     0.39215872E+00     0.28832304E+00     0.55690762E-02      96     0.93848221E-02
-0.80000010E+01    -0.66421402E+00     0.91446973E-02     0.20000000E+02    -0.92362188E-01     0.39148480E+00     0.28891373E+00     0.54811528E-02      96     0.93848221E-02
-0.79000001E+01    -0.64946705E+00     0.90660546E-02     0.20000000E+02    -0.93185075E-01     0.39073664E+00     0.28951252E+00     0.53987019E-02      96     0.93848221E-02
-0.78000011E+01    -0.63485187E+00     0.89975372E-02     0.20000000E+02    -0.93963653E-01     0.38996416E+00     0.29005221E+00     0.53262003E-02      96     0.93848221E-02
-0.77000003E+01    -0.61992574E+00     0.89107286E-02     0.20000000E+02    -0.94836876E-01     0.38920829E+00     0.29128197E+00     0.52381768E-02      97     0.81395451E-02
-0.76000009E+01    -0.60525453E+00     0.88409549E-02     0.20000000E+02    -0.95628120E-01     0.38851193E+00     0.29246271E+00     0.51665711E-02      97     0.81395451E-02
-0.75000005E+01    -0.59077919E+00     0.87846890E-02     0.20000000E+02    -0.96356101E-01     0.38779902E+00     0.29355982E+00     0.51075653E-02      97     0.81395451E-02
-0.74000010E+01    -0.57635200E+00     0.87326830E-02     0.20000000E+02    -0.97062699E-01     0.38738754E+00     0.29418969E+00     0.50544087E-02      97     0.81395451E-02
-0.73000002E+01    -0.56191528E+00     0.86806640E-02     0.20000000E+02    -0.97772412E-01     0.38690183E+00     0.29486275E+00     0.50001303E-02      98     0.69827633E-02
-0.72000012E+01    -0.54750228E+00     0.86314017E-02     0.20000000E+02    -0.98473102E-01     0.38642350E+00     0.29546779E+00     0.49486761E-02      98     0.69827633E-02
-0.71000004E+01    -0.53311050E+00     0.85837469E-02     0.20000000E+02    -0.99171117E-01     0.38530383E+00     0.29604104E+00     0.48967572E-02      98     0.69827633E-02
-0.70000014E+01    -0.51868558E+00     0.85350852E-02     0.20000000E+02    -0.99873394E-01     0.38474452E+00     0.29661480E+00     0.48457757E-02      98     0.69827633E-02
-0.69000006E+01    -0.50392246E+00     0.84670475E-02     0.20000000E+02    -0.10067899E+00     0.38413665E+00     0.29778278E+00     0.47784224E-02      99     0.59136827E-02
-0.68000016E+01    -0.48935494E+00     0.84117679E-02     0.20000000E+02    -0.10142294E+00     0.38355577E+00     0.29887578E+00     0.47224052E-02      99     0.59136827E-02
-0.67000008E+01    -0.47514921E+00     0.83782412E-02     0.20000000E+02    -0.10205495E+00     0.38299057E+00     0.29934606E+00     0.46846401E-02      99     0.59136827E-02
-0.66000018E+01    -0.46096963E+00     0.83473586E-02     0.20000000E+02    -0.10267814E+00     0.38244015E+00     0.29984891E+00     0.46493639E-02      99     0.59136827E-02
-0.65000010E+01    -0.44683120E+00     0.83197746E-02     0.20000000E+02    -0.10328823E+00     0.38182193E+00     0.30034602E+00     0.46167648E-02     100     0.49317535E-02
-0.64000001E+01    -0.43274060E+00     0.82952343E-02     0.20000000E+02    -0.10388283E+00     0.38120222E+00     0.30076075E+00     0.45870114E-02     100     0.49317535E-02
-0.63000011E+01    -0.41867897E+00     0.82730241E-02     0.20000000E+02    -0.10446624E+00     0.38059139E+00     0.30117023E+00     0.45597954E-02     100     0.49317535E-02
-0.62000003E+01    -0.40434504E+00     0.82356036E-02     0.20000000E+02    -0.10512918E+00     0.37996542E+00     0.30234110E+00     0.45203622E-02     100     0.49317535E-02
-0.61000009E+01    -0.39014685E+00     0.82060993E-02     0.20000000E+02    -0.10574936E+00     0.37932163E+00     0.30294535E+00     0.44878386E-02     100     0.49317535E-02
-0.60000000E+01    -0.37594160E+00     0.81771845E-02     0.20000000E+02    -0.10637042E+00     0.37864488E+00     0.30351809E+00     0.44561084E-02     101     0.40368550E-02
-0.59000010E+01    -0.36171597E+00     0.81473151E-02     0.20000000E+02    -0.10699528E+00     0.37799993E+00     0.30409995E+00     0.44242167E-02     101     0.40368550E-02
-0.58000002E+01    -0.34721667E+00     0.81029125E-02     0.20000000E+02    -0.10770107E+00     0.37735415E+00     0.30519360E+00     0.43812543E-02     101     0.40368550E-02
-0.57000012E+01    -0.33301824E+00     0.80753267E-02     0.20000000E+02    -0.10831498E+00     0.37670287E+00     0.30569226E+00     0.43516303E-02     101     0.40368550E-02
-0.56000004E+01    -0.31883574E+00     0.80493549E-02     0.20000000E+02    -0.10892227E+00     0.37590498E+00     0.30618936E+00     0.43250583E-02     102     0.32292409E-02
-0.55000014E+01    -0.30469283E+00     0.80257831E-02     0.20000000E+02    -0.10951586E+00     0.37545407E+00     0.30665779E+00     0.42996919E-02     102     0.32292409E-02
-0.54000006E+01    -0.29057905E+00     0.80039920E-02     0.20000000E+02    -0.11010119E+00     0.37497947E+00     0.30714548E+00     0.42757923E-02     102     0.32292409E-02
-0.53000016E+01    -0.27650142E+00     0.79848031E-02     0.20000000E+02    -0.11067466E+00     0.37448317E+00     0.30760619E+00     0.42539751E-02     102     0.32292409E-02
-0.52000008E+01    -0.26234466E+00     0.79622902E-02     0.20000000E+02    -0.11127110E+00     0.37395832E+00     0.30853659E+00     0.42300308E-02     103     0.25093697E-02
-0.51000013E+01    -0.24834880E+00     0.79482561E-02     0.20000000E+02    -0.11181997E+00     0.37345612E+00     0.30895329E+00     0.42124260E-02     103     0.25093697E-02
-0.50000010E+01    -0.23439063E+00     0.79366919E-02     0.20000000E+02    -0.11235635E+00     0.37294385E+00     0.30931979E+00     0.41967384E-02     103     0.25093697E-02
-0.49000015E+01    -0.22040407E+00     0.79240762E-02     0.20000000E+02    -0.11290154E+00     0.37242961E+00     0.30978289E+00     0.41795941E-02     103     0.25093697E-02
-0.48000007E+01    -0.20634201E+00     0.79078125E-02     0.20000000E+02    -0.11346789E+00     0.37190613E+00     0.31037799E+00     0.41602394E-02     103     0.25093697E-02
-0.47000003E+01    -0.19210692E+00     0.78832600E-02     0.20000000E+02    -0.11408434E+00     0.37137803E+00     0.31154624E+00     0.41351919E-02     104     0.18779053E-02
-0.46000009E+01    -0.17803976E+00     0.78678457E-02     0.20000000E+02    -0.11465065E+00     0.37082598E+00     0.31210646E+00     0.41168705E-02     104     0.18779053E-02
-0.45000000E+01    -0.16396396E+00     0.78521520E-02     0.20000000E+02    -0.11521806E+00     0.37028623E+00     0.31262738E+00     0.40985979E-02     104     0.18779053E-02
-0.44000010E+01    -0.14987899E+00     0.78362804E-02     0.20000000E+02    -0.11578770E+00     0.36970520E+00     0.31315446E+00     0.40804888E-02     104     0.18779053E-02
-0.43000002E+01    -0.13580984E+00     0.78214807E-02     0.20000000E+02    -0.11635059E+00     0.36911643E+00     0.31363809E+00     0.40634279E-02     105     0.13357622E-02
-0.42000012E+01    -0.12175348E+00     0.78075053E-02     0.20000000E+02    -0.11690810E+00     0.36853129E+00     0.31412417E+00     0.40474567E-02     105     0.13357622E-02
-0.41000004E+01    -0.10772450E+00     0.77951225E-02     0.20000000E+02    -0.11745700E+00     0.36794749E+00     0.31458700E+00     0.40329122E-02     105     0.13357622E-02
-0.40000014E+01    -0.93712218E-01     0.77837934E-02     0.20000000E+02    -0.11799950E+00     0.36736843E+00     0.31506002E+00     0.40194625E-02     105     0.13357622E-02
-0.39000006E+01    -0.79616062E-01     0.77688717E-02     0.20000000E+02    -0.11856525E+00     0.36678460E+00     0.31597930E+00     0.40039937E-02     105     0.13357622E-02
-0.38000014E+01    -0.65669373E-01     0.77613560E-02     0.20000000E+02    -0.11908747E+00     0.36617598E+00     0.31642240E+00     0.39935624E-02     106     0.88392844E-03
-0.37000005E+01    -0.51720843E-01     0.77533815E-02     0.20000000E+02    -0.11960620E+00     0.36573172E+00     0.31683844E+00     0.39852215E-02     106     0.88392844E-03
-0.36000016E+01    -0.37807409E-01     0.77474206E-02     0.20000000E+02    -0.12011581E+00     0.36499748E+00     0.31722343E+00     0.39765649E-02     106     0.88392844E-03
-0.35000007E+01    -0.23920925E-01     0.77428962E-02     0.20000000E+02    -0.12061728E+00     0.36458123E+00     0.31759816E+00     0.39694835E-02     106     0.88392844E-03
-0.34000015E+01    -0.99948226E-02     0.77370796E-02     0.20000000E+02    -0.12112880E+00     0.36414635E+00     0.31808332E+00     0.39608018E-02     107     0.52343018E-03
-0.33000009E+01     0.39808438E-02     0.77289911E-02     0.20000000E+02    -0.12165407E+00     0.36369982E+00     0.31865898E+00     0.39512571E-02     107     0.52343018E-03
-0.32000017E+01     0.17950896E-01     0.77217603E-02     0.20000000E+02    -0.12217746E+00     0.36324233E+00     0.31923854E+00     0.39425148E-02     107     0.52343018E-03
-0.31000009E+01     0.32066405E-01     0.77080624E-02     0.20000000E+02    -0.12274278E+00     0.36275992E+00     0.32035133E+00     0.39298036E-02     107     0.52343018E-03
-0.30000000E+01     0.46048846E-01     0.77010710E-02     0.20000000E+02    -0.12326915E+00     0.36229518E+00     0.32090181E+00     0.39216038E-02     107     0.52343018E-03
-0.29000010E+01     0.60021058E-01     0.76947999E-02     0.20000000E+02    -0.12379316E+00     0.36181569E+00     0.32140759E+00     0.39138063E-02     108     0.25559045E-03
-0.28000002E+01     0.73971599E-01     0.76895826E-02     0.20000000E+02    -0.12431042E+00     0.36134112E+00     0.32186827E+00     0.39066914E-02     108     0.25559045E-03
-0.27000012E+01     0.87914057E-01     0.76853489E-02     0.20000000E+02    -0.12482531E+00     0.36086610E+00     0.32235149E+00     0.39004476E-02     108     0.25559045E-03
-0.26000004E+01     0.10182583E+00     0.76828850E-02     0.20000000E+02    -0.12533115E+00     0.36037415E+00     0.32280105E+00     0.38954322E-02     108     0.25559045E-03
-0.25000012E+01     0.11572722E+00     0.76807784E-02     0.20000000E+02    -0.12583293E+00     0.35986391E+00     0.32328165E+00     0.38907572E-02     109     0.82218816E-04
-0.24000003E+01     0.12960590E+00     0.76799016E-02     0.20000000E+02    -0.12632802E+00     0.35934576E+00     0.32373345E+00     0.38872242E-02     109     0.82218816E-04
-0.23000014E+01     0.14346866E+00     0.76797474E-02     0.20000000E+02    -0.12681714E+00     0.35879523E+00     0.32418495E+00     0.38843905E-02     109     0.82218816E-04
-0.22000005E+01     0.15732108E+00     0.76801172E-02     0.20000000E+02    -0.12730183E+00     0.35827914E+00     0.32462567E+00     0.38823287E-02     109     0.82218816E-04
-0.21000013E+01     0.17120396E+00     0.76791737E-02     0.20000000E+02    -0.12779494E+00     0.35772836E+00     0.32545012E+00     0.38800219E-02     109     0.82218816E-04
-0.20000007E+01     0.18499830E+00     0.76822350E-02     0.20000000E+02    -0.12826198E+00     0.35716134E+00     0.32584521E+00     0.38801196E-02     110     0.45936558E-05
-0.19000015E+01     0.19873537E+00     0.76888064E-02     0.20000000E+02    -0.12871738E+00     0.35608888E+00     0.32617894E+00     0.38805117E-02     110     0.45936558E-05
-0.18000008E+01     0.21261722E+00     0.76883915E-02     0.20000000E+02    -0.12920649E+00     0.35556760E+00     0.32677829E+00     0.38805157E-02     110     0.45936558E-05
-0.17000016E+01     0.22652094E+00     0.76860972E-02     0.20000000E+02    -0.12969607E+00     0.35529569E+00     0.32733962E+00     0.38788591E-02     110     0.45936558E-05
-0.16000009E+01     0.24041465E+00     0.76846140E-02     0.20000000E+02    -0.13018471E+00     0.35497975E+00     0.32790664E+00     0.38777564E-02     111     0.22930024E-04
-0.15000000E+01     0.25430414E+00     0.76839295E-02     0.20000000E+02    -0.13067169E+00     0.35462105E+00     0.32848024E+00     0.38772747E-02     111     0.22930024E-04
-0.14000009E+01     0.26818267E+00     0.76838620E-02     0.20000000E+02    -0.13115644E+00     0.35421923E+00     0.32898769E+00     0.38771457E-02     111     0.22930024E-04
-0.13000002E+01     0.28206459E+00     0.76840762E-02     0.20000000E+02    -0.13164185E+00     0.35382077E+00     0.32950667E+00     0.38774321E-02     111     0.22930024E-04
-0.12000011E+01     0.29593983E+00     0.76849284E-02     0.20000000E+02    -0.13212530E+00     0.35340211E+00     0.33001274E+00     0.38782558E-02     111     0.22930024E-04
-0.11000003E+01     0.30992112E+00     0.76819863E-02     0.20000000E+02    -0.13263871E+00     0.35297802E+00     0.33095542E+00     0.38774617E-02     112     0.13751644E-03
-0.10000012E+01     0.32375136E+00     0.76850345E-02     0.20000000E+02    -0.13310954E+00     0.35256124E+00     0.33144143E+00     0.38797366E-02     112     0.13751644E-03
-0.90000039E+00     0.33755016E+00     0.76898690E-02     0.20000000E+02    -0.13357218E+00     0.35213020E+00     0.33188117E+00     0.38831455E-02     112     0.13751644E-03
-0.80000126E+00     0.35133305E+00     0.76953769E-02     0.20000000E+02    -0.13403060E+00     0.35170159E+00     0.33234620E+00     0.38870398E-02     112     0.13751644E-03
-0.70000046E+00     0.36509129E+00     0.77022784E-02     0.20000000E+02    -0.13448219E+00     0.35127908E+00     0.33279604E+00     0.38919316E-02     112     0.13751644E-03
-0.60000139E+00     0.37882656E+00     0.77101756E-02     0.20000000E+02    -0.13492805E+00     0.35082245E+00     0.33323115E+00     0.38973144E-02     113     0.34877725E-03
-0.50000060E+00     0.39254445E+00     0.77190557E-02     0.20000000E+02    -0.13536796E+00     0.35037577E+00     0.33366415E+00     0.39035445E-02     113     0.34877725E-03
-0.40000150E+00     0.40624246E+00     0.77286027E-02     0.20000000E+02    -0.13580318E+00     0.34993470E+00     0.33405438E+00     0.39102877E-02     113     0.34877725E-03
-0.30000070E+00     0.41991615E+00     0.77390326E-02     0.20000000E+02    -0.13623098E+00     0.34945732E+00     0.33439317E+00     0.39175223E-02     113     0.34877725E-03
-0.20000160E+00     0.43360198E+00     0.77493312E-02     0.20000000E+02    -0.13666083E+00     0.34895751E+00     0.33482170E+00     0.39241584E-02     114     0.65841351E-03
-0.10000080E+00     0.44744080E+00     0.77541345E-02     0.20000000E+02    -0.13713150E+00     0.34847125E+00     0.33597332E+00     0.39296802E-02     114     0.65841351E-03
 0.00000000E+00     0.46118572E+00     0.77624666E-02     0.20000000E+02    -0.13757582E+00     0.34797329E+00     0.33653820E+00     0.39370125E-02     114     0.65841351E-03
 0.99999093E-01     0.47489133E+00     0.77732271E-02     0.20000000E+02    -0.13801385E+00     0.34697327E+00     0.33710086E+00     0.39447979E-02     114     0.65841351E-03
 0.19999990E+00     0.48863962E+00     0.77818693E-02     0.20000000E+02    -0.13845831E+00     0.34645408E+00     0.33763966E+00     0.39531356E-02     114     0.65841351E-03
 0.29999900E+00     0.50238985E+00     0.77900761E-02     0.20000000E+02    -0.13890250E+00     0.34594262E+00     0.33815473E+00     0.39610718E-02     115     0.10680658E-02
 0.39999980E+00     0.51616001E+00     0.77971956E-02     0.20000000E+02    -0.13934857E+00     0.34553966E+00     0.33865651E+00     0.39708344E-02     115     0.10680658E-02
 0.49999887E+00     0.52994525E+00     0.78029181E-02     0.20000000E+02    -0.13979548E+00     0.34529200E+00     0.33913964E+00     0.39785574E-02     115     0.10680658E-02
 0.59999967E+00     0.54371130E+00     0.78097372E-02     0.20000000E+02    -0.14023750E+00     0.34499705E+00     0.33962718E+00     0.39868597E-02     115     0.10680658E-02
 0.69999880E+00     0.55744600E+00     0.78182435E-02     0.20000000E+02    -0.14067224E+00     0.34467825E+00     0.34011135E+00     0.39962446E-02     115     0.10680658E-02
 0.79999959E+00     0.57115209E+00     0.78279665E-02     0.20000000E+02    -0.14109965E+00     0.34431088E+00     0.34056008E+00     0.40062517E-02     116     0.15789367E-02
 0.89999866E+00     0.58477473E+00     0.78425845E-02     0.20000000E+02    -0.14151342E+00     0.34325626E+00     0.34105167E+00     0.40177535E-02     116     0.15789367E-02
 0.99999946E+00     0.59837621E+00     0.78598037E-02     0.20000000E+02    -0.14192723E+00     0.34210265E+00     0.34193775E+00     0.40311427E-02     116     0.15789367E-02
 0.10999986E+01     0.61198300E+00     0.78743622E-02     0.20000000E+02    -0.14233181E+00     0.34166774E+00     0.34236994E+00     0.40438771E-02     116     0.15789367E-02
 0.11999993E+01     0.62528878E+00     0.79075694E-02     0.20000000E+02    -0.14268887E+00     0.33959693E+00     0.34274453E+00     0.40632105E-02     116     0.15789367E-02
 0.12999984E+01     0.63884193E+00     0.79238396E-02     0.20000000E+02    -0.14307964E+00     0.33911583E+00     0.34310240E+00     0.40768469E-02     117     0.21921741E-02
 0.13999993E+01     0.65221006E+00     0.79533784E-02     0.20000000E+02    -0.14344536E+00     0.33667359E+00     0.34359190E+00     0.40945569E-02     117     0.21921741E-02
 0.14999983E+01     0.66583890E+00     0.79674460E-02     0.20000000E+02    -0.14385377E+00     0.33615336E+00     0.34416932E+00     0.41081361E-02     117     0.21921741E-02
 0.15999992E+01     0.67949313E+00     0.79796379E-02     0.20000000E+02    -0.14426494E+00     0.33575878E+00     0.34476557E+00     0.41220970E-02     117     0.21921741E-02
 0.16999999E+01     0.69314790E+00     0.79917880E-02     0.20000000E+02    -0.14467496E+00     0.33540320E+00     0.34531161E+00     0.41354452E-02     118     0.29090899E-02
 0.17999990E+01     0.70679420E+00     0.80047464E-02     0.20000000E+02    -0.14508434E+00     0.33500162E+00     0.34590012E+00     0.41494006E-02     118     0.29090899E-02
 0.18999999E+01     0.72027403E+00     0.80280704E-02     0.20000000E+02    -0.14546837E+00     0.33327800E+00     0.34644258E+00     0.41674739E-02     118     0.29090899E-02
 0.19999989E+01     0.73388052E+00     0.80438713E-02     0.20000000E+02    -0.14587052E+00     0.33281103E+00     0.34698847E+00     0.41835485E-02     118     0.29090899E-02
 0.20999997E+01     0.74729919E+00     0.80708191E-02     0.20000000E+02    -0.14624335E+00     0.33140975E+00     0.34748223E+00     0.42041033E-02     118     0.29090899E-02
 0.21999989E+01     0.76085031E+00     0.80894288E-02     0.20000000E+02    -0.14663488E+00     0.33090672E+00     0.34800264E+00     0.42218547E-02     119     0.37310193E-02
 0.22999997E+01     0.77445620E+00     0.81070978E-02     0.20000000E+02    -0.14704131E+00     0.33035883E+00     0.34896535E+00     0.42399969E-02     119     0.37310193E-02
 0.23999987E+01     0.78795052E+00     0.81278039E-02     0.20000000E+02    -0.14741811E+00     0.32979545E+00     0.34942818E+00     0.42588073E-02     119     0.37310193E-02
 0.24999995E+01     0.80129540E+00     0.81573874E-02     0.20000000E+02    -0.14777030E+00     0.32819355E+00     0.34991220E+00     0.42812983E-02     119     0.37310193E-02
 0.25999987E+01     0.81478244E+00     0.81776707E-02     0.20000000E+02    -0.14814180E+00     0.32758054E+00     0.35036382E+00     0.43003792E-02     119     0.37310193E-02
 0.26999993E+01     0.82817733E+00     0.82027595E-02     0.20000000E+02    -0.14849804E+00     0.32605556E+00     0.35082373E+00     0.43212925E-02     120     0.46595004E-02
 0.27999985E+01     0.84165990E+00     0.82220919E-02     0.20000000E+02    -0.14886509E+00     0.32555044E+00     0.35123938E+00     0.43401388E-02     120     0.46595004E-02
 0.28999994E+01     0.85511148E+00     0.82427328E-02     0.20000000E+02    -0.14922509E+00     0.32501838E+00     0.35164469E+00     0.43598302E-02     120     0.46595004E-02
 0.29999983E+01     0.86852324E+00     0.82648667E-02     0.20000000E+02    -0.14957547E+00     0.32447213E+00     0.35197735E+00     0.43803193E-02     120     0.46595004E-02
 0.30999992E+01     0.88180542E+00     0.82968185E-02     0.20000000E+02    -0.14991258E+00     0.32288140E+00     0.35256115E+00     0.44048680E-02     120     0.46595004E-02
 0.31999984E+01     0.89522099E+00     0.83210720E-02     0.20000000E+02    -0.15026958E+00     0.32228127E+00     0.35316873E+00     0.44277478E-02     121     0.56962054E-02
 0.32999990E+01     0.90861446E+00     0.83464673E-02     0.20000000E+02    -0.15062173E+00     0.32166243E+00     0.35375783E+00     0.44512772E-02     121     0.56962054E-02
 0.33999999E+01     0.92198533E+00     0.83731171E-02     0.20000000E+02    -0.15097034E+00     0.32099417E+00     0.35433966E+00     0.44757267E-02     121     0.56962054E-02
 0.34999990E+01     0.93511999E+00     0.84171984E-02     0.20000000E+02    -0.15129213E+00     0.31835029E+00     0.35546353E+00     0.45097228E-02     121     0.56962054E-02
 0.35999999E+01     0.94853020E+00     0.84417583E-02     0.20000000E+02    -0.15164588E+00     0.31758407E+00     0.35598823E+00     0.45340578E-02     121     0.56962054E-02
 0.36999989E+01     0.96196282E+00     0.84641604E-02     0.20000000E+02    -0.15200251E+00     0.31693044E+00     0.35649166E+00     0.45562950E-02     122     0.68430351E-02
 0.37999997E+01     0.97537392E+00     0.84881447E-02     0.20000000E+02    -0.15235424E+00     0.31626257E+00     0.35700861E+00     0.45806156E-02     122     0.68430351E-02
 0.38999987E+01     0.98854208E+00     0.85253548E-02     0.20000000E+02    -0.15266696E+00     0.31432718E+00     0.35750112E+00     0.46113352E-02     122     0.68430351E-02
 0.39999995E+01     0.10018427E+01     0.85545368E-02     0.20000000E+02    -0.15299816E+00     0.31355754E+00     0.35800105E+00     0.46387501E-02     122     0.68430351E-02
 0.40999985E+01     0.10150968E+01     0.85857818E-02     0.20000000E+02    -0.15331972E+00     0.31277412E+00     0.35848954E+00     0.46673189E-02     122     0.68430351E-02
 0.41999993E+01     0.10283047E+01     0.86190971E-02     0.20000000E+02    -0.15363275E+00     0.31194168E+00     0.35898185E+00     0.46971426E-02     123     0.81021339E-02
 0.42999988E+01     0.10412060E+01     0.86695766E-02     0.20000000E+02    -0.15389653E+00     0.30965415E+00     0.35942689E+00     0.47357501E-02     123     0.81021339E-02
 0.43999991E+01     0.10544280E+01     0.87011503E-02     0.20000000E+02    -0.15420759E+00     0.30866340E+00     0.35989875E+00     0.47650794E-02     123     0.81021339E-02
 0.44999986E+01     0.10676601E+01     0.87311435E-02     0.20000000E+02    -0.15451860E+00     0.30775619E+00     0.36032730E+00     0.47914092E-02     123     0.81021339E-02
 0.45999994E+01     0.10808411E+01     0.87632965E-02     0.20000000E+02    -0.15481940E+00     0.30677378E+00     0.36071825E+00     0.48209112E-02     123     0.81021339E-02
 0.47000003E+01     0.10940467E+01     0.87959478E-02     0.20000000E+02    -0.15512909E+00     0.30581316E+00     0.36169109E+00     0.48514185E-02     124     0.94758309E-02
 0.47999973E+01     0.11067555E+01     0.88566504E-02     0.20000000E+02    -0.15536088E+00     0.30313301E+00     0.36230898E+00     0.48984000E-02     124     0.94758309E-02
 0.48999982E+01     0.11195110E+01     0.89144520E-02     0.20000000E+02    -0.15559822E+00     0.30070743E+00     0.36290956E+00     0.49441368E-02     124     0.94758309E-02
 0.49999990E+01     0.11326288E+01     0.89512728E-02     0.20000000E+02    -0.15589106E+00     0.29941353E+00     0.36353177E+00     0.49756495E-02     124     0.94758309E-02
 0.50999999E+01     0.11457305E+01     0.89890761E-02     0.20000000E+02    -0.15618093E+00     0.29807228E+00     0.36412418E+00     0.50108954E-02     124     0.94758309E-02
 0.52000008E+01     0.11587814E+01     0.90293707E-02     0.20000000E+02    -0.15646227E+00     0.29671678E+00     0.36467966E+00     0.50482345E-02     125     0.10966896E-01
 0.52999978E+01     0.11711302E+01     0.91095390E-02     0.20000000E+02    -0.15663570E+00     0.29323319E+00     0.36521766E+00     0.51099220E-02     125     0.10966896E-01
 0.53999987E+01     0.11840160E+01     0.91585526E-02     0.20000000E+02    -0.15688956E+00     0.29149634E+00     0.36574623E+00     0.51531750E-02     125     0.10966896E-01
 0.54999995E+01     0.11969401E+01     0.92045916E-02     0.20000000E+02    -0.15714769E+00     0.28965282E+00     0.36625373E+00     0.51906146E-02     125     0.10966896E-01
 0.56000004E+01     0.12097883E+01     0.92545403E-02     0.20000000E+02    -0.15739250E+00     0.28781775E+00     0.36677614E+00     0.52350857E-02     125     0.10966896E-01
 0.56999979E+01     0.12224351E+01     0.93147848E-02     0.20000000E+02    -0.15760534E+00     0.28582275E+00     0.36729214E+00     0.52865818E-02     126     0.12578236E-01
 0.57999988E+01     0.12342470E+01     0.94214473E-02     0.20000000E+02    -0.15768583E+00     0.28022191E+00     0.36776945E+00     0.53620636E-02     126     0.12578236E-01
 0.58999996E+01     0.12456740E+01     0.95491894E-02     0.20000000E+02    -0.15770575E+00     0.27416551E+00     0.36825612E+00     0.54587470E-02     126     0.12578236E-01
 0.60000000E+01     0.12569541E+01     0.96845068E-02     0.20000000E+02    -0.15770099E+00     0.26748788E+00     0.36872211E+00     0.55562961E-02     126     0.12578236E-01
 0.60999975E+01     0.12689919E+01     0.97761899E-02     0.20000000E+02    -0.15781389E+00     0.26323909E+00     0.36959565E+00     0.56247320E-02     126     0.12578236E-01
 0.61999984E+01     0.12805108E+01     0.98951655E-02     0.20000000E+02    -0.15784077E+00     0.25859296E+00     0.36995873E+00     0.57197828E-02     127     0.14313264E-01
 0.62999992E+01     0.12920157E+01     0.10014489E-01     0.20000000E+02    -0.15786551E+00     0.25298387E+00     0.37040520E+00     0.58074938E-02     127     0.14313264E-01
 0.64000001E+01     0.13030940E+01     0.10158669E-01     0.20000000E+02    -0.15782633E+00     0.24673946E+00     0.37105605E+00     0.59151719E-02     127     0.14313264E-01
 0.65000010E+01     0.13136909E+01     0.10328777E-01     0.20000000E+02    -0.15771033E+00     0.23940788E+00     0.37164590E+00     0.60430882E-02     127     0.14313264E-01
 0.65999980E+01     0.13210046E+01     0.10682198E-01     0.20000000E+02    -0.15708274E+00     0.22229014E+00     0.37220797E+00     0.63001355E-02     127     0.14313264E-01
 0.69000006E+01     0.13353196E+01     0.12124920E-01     0.20000000E+02    -0.15399849E+00     0.15751566E+00     0.37369806E+00     0.73877252E-02     128     0.16175576E-01
 0.69999981E+01     0.13450890E+01     0.12319164E-01     0.20000000E+02    -0.15374629E+00     0.15064797E+00     0.37423307E+00     0.75453389E-02     128     0.16175576E-01
 0.70999990E+01     0.13521209E+01     0.12652030E-01     0.20000000E+02    -0.15306488E+00     0.13879809E+00     0.37472382E+00     0.78143608E-02     128     0.16175576E-01
 0.71999998E+01     0.13625509E+01     0.12803253E-01     0.20000000E+02    -0.15291300E+00     0.13422175E+00     0.37524977E+00     0.79409312E-02     128     0.16175576E-01
 0.73000002E+01     0.13725414E+01     0.12974398E-01     0.20000000E+02    -0.15269025E+00     0.13050279E+00     0.37576208E+00     0.80924854E-02     128     0.16175576E-01
 0.73999977E+01     0.13829238E+01     0.13122630E-01     0.20000000E+02    -0.15252653E+00     0.12661624E+00     0.37627286E+00     0.82193203E-02     129     0.18169271E-01
 0.74999986E+01     0.13933958E+01     0.13264132E-01     0.20000000E+02    -0.15237907E+00     0.12391824E+00     0.37725490E+00     0.83492678E-02     129     0.18169271E-01
 0.75999994E+01     0.14032260E+01     0.13431038E-01     0.20000000E+02    -0.15212163E+00     0.12104364E+00     0.37772709E+00     0.84993010E-02     129     0.18169271E-01
 0.77000003E+01     0.14135953E+01     0.13568347E-01     0.20000000E+02    -0.15194714E+00     0.11812444E+00     0.37819332E+00     0.86202342E-02     129     0.18169271E-01
 0.77999973E+01     0.14239590E+01     0.13703017E-01     0.20000000E+02    -0.15176974E+00     0.11615749E+00     0.37864897E+00     0.87451711E-02     129     0.18169271E-01
 0.78999982E+01     0.14337996E+01     0.13856727E-01     0.20000000E+02    -0.15150467E+00     0.11418299E+00     0.37907389E+00     0.88870227E-02     129     0.18169271E-01
 0.79999990E+01     0.14433651E+01     0.14017359E-01     0.20000000E+02    -0.15119043E+00     0.11217660E+00     0.37941587E+00     0.90353098E-02     130     0.20298893E-01
 0.81000004E+01     0.14533271E+01     0.14159006E-01     0.20000000E+02    -0.15094022E+00     0.11002945E+00     0.37993869E+00     0.91688167E-02     130     0.20298893E-01
 0.82000008E+01     0.14633284E+01     0.14297639E-01     0.20000000E+02    -0.15069801E+00     0.10844941E+00     0.38055503E+00     0.92963474E-02     130     0.20298893E-01
 0.82999983E+01     0.14730215E+01     0.14448951E-01     0.20000000E+02    -0.15040588E+00     0.10700034E+00     0.38116914E+00     0.94407089E-02     130     0.20298893E-01
 0.83999987E+01     0.14823821E+01     0.14612920E-01     0.20000000E+02    -0.15005966E+00     0.10562564E+00     0.38178805E+00     0.95969252E-02     130     0.20298893E-01
 0.85000000E+01     0.14904033E+01     0.14831911E-01     0.20000000E+02    -0.14949872E+00     0.10250103E+00     0.38237461E+00     0.98008839E-02     130     0.20298893E-01
 0.86000004E+01     0.14999919E+01     0.14982682E-01     0.20000000E+02    -0.14918746E+00     0.10105740E+00     0.38293988E+00     0.99445134E-02     131     0.22569172E-01
 0.86999979E+01     0.15092461E+01     0.15143649E-01     0.20000000E+02    -0.14882025E+00     0.99979468E-01     0.38352582E+00     0.10102008E-01     131     0.22569172E-01
 0.87999983E+01     0.15182587E+01     0.15312103E-01     0.20000000E+02    -0.14841114E+00     0.99058643E-01     0.38407734E+00     0.10267576E-01     131     0.22569172E-01
 0.88999996E+01     0.15267562E+01     0.15501898E-01     0.20000000E+02    -0.14792356E+00     0.98003954E-01     0.38509098E+00     0.10454621E-01     131     0.22569172E-01
 0.90000000E+01     0.15349555E+01     0.15701544E-01     0.20000000E+02    -0.14738305E+00     0.97028047E-01     0.38562936E+00     0.10649664E-01     131     0.22569172E-01
 0.90999975E+01     0.15429231E+01     0.15910691E-01     0.20000000E+02    -0.14680620E+00     0.95874012E-01     0.38613266E+00     0.10853997E-01     131     0.22569172E-01
 0.91999989E+01     0.15457888E+01     0.16222170E-01     0.20000000E+02    -0.14527051E+00     0.95021263E-01     0.38648671E+00     0.11168078E-01     131     0.22569172E-01
 0.92999992E+01     0.15474589E+01     0.16573103E-01     0.20000000E+02    -0.14352353E+00     0.94241984E-01     0.38695017E+00     0.11524469E-01     132     0.24985466E-01
 0.94000006E+01     0.15539927E+01     0.16832557E-01     0.20000000E+02    -0.14269876E+00     0.93254603E-01     0.38740256E+00     0.11781157E-01     132     0.24985466E-01
 0.94999971E+01     0.15607333E+01     0.17094895E-01     0.20000000E+02    -0.14192921E+00     0.92582010E-01     0.38785747E+00     0.12043707E-01     132     0.24985466E-01
 0.95999985E+01     0.15677353E+01     0.17361857E-01     0.20000000E+02    -0.14122124E+00     0.91839693E-01     0.38829190E+00     0.12309855E-01     132     0.24985466E-01
 0.96999989E+01     0.15743465E+01     0.17654497E-01     0.20000000E+02    -0.14046359E+00     0.91168709E-01     0.38869727E+00     0.12602036E-01     132     0.24985466E-01
 0.98000002E+01     0.15805701E+01     0.17972939E-01     0.20000000E+02    -0.13965939E+00     0.90464525E-01     0.38904360E+00     0.12919346E-01     132     0.24985466E-01
 0.99000006E+01     0.15867705E+01     0.18308882E-01     0.20000000E+02    -0.13887231E+00     0.89744598E-01     0.38949522E+00     0.13253370E-01     132     0.24985466E-01
 0.99999981E+01     0.15924528E+01     0.18680632E-01     0.20000000E+02    -0.13802268E+00     0.89005694E-01     0.39014539E+00     0.13625847E-01     133     0.27553435E-01
 0.10099998E+02     0.15987831E+01     0.19033337E-01     0.20000000E+02    -0.13728964E+00     0.88253297E-01     0.39072818E+00     0.13979316E-01     133     0.27553435E-01
 0.10200000E+02     0.16046365E+01     0.19430565E-01     0.20000000E+02    -0.13649890E+00     0.87549850E-01     0.39125472E+00     0.14379307E-01     133     0.27553435E-01
 0.10300000E+02     0.16097264E+01     0.19874046E-01     0.20000000E+02    -0.13562405E+00     0.85935965E-01     0.39189494E+00     0.14821825E-01     133     0.27553435E-01
 0.10399998E+02     0.16169281E+01     0.20217683E-01     0.20000000E+02    -0.13505915E+00     0.86084709E-01     0.39247718E+00     0.15172398E-01     133     0.27553435E-01
 0.10499999E+02     0.16209637E+01     0.20755256E-01     0.20000000E+02    -0.13408338E+00     0.84923066E-01     0.39296404E+00     0.15712295E-01     133     0.27553435E-01
 0.10599999E+02     0.16265466E+01     0.21231275E-01     0.20000000E+02    -0.13334911E+00     0.84393114E-01     0.39411017E+00     0.16195163E-01     133     0.27553435E-01
 0.10700000E+02     0.16308993E+01     0.21795211E-01     0.20000000E+02    -0.13247028E+00     0.83965212E-01     0.39459136E+00     0.16765937E-01     133     0.27553435E-01
 0.10799997E+02     0.16355306E+01     0.22346199E-01     0.20000000E+02    -0.13165785E+00     0.83392225E-01     0.39504346E+00     0.17321521E-01     134     0.30279335E-01
 0.10899999E+02     0.16387095E+01     0.23033507E-01     0.20000000E+02    -0.13069922E+00     0.82965799E-01     0.39549175E+00     0.18016849E-01     134     0.30279335E-01
 0.10999999E+02     0.16426331E+01     0.23682995E-01     0.20000000E+02    -0.12986855E+00     0.82438625E-01     0.39600843E+00     0.18672224E-01     134     0.30279335E-01
 0.11100000E+02     0.16447952E+01     0.24481764E-01     0.20000000E+02    -0.12887976E+00     0.81962533E-01     0.39638016E+00     0.19480342E-01     134     0.30279335E-01
 0.11200001E+02     0.16476893E+01     0.25240790E-01     0.20000000E+02    -0.12801620E+00     0.81350707E-01     0.39680889E+00     0.20247560E-01     134     0.30279335E-01
 0.11299998E+02     0.16498456E+01     0.26101353E-01     0.20000000E+02    -0.12712596E+00     0.80939136E-01     0.39728260E+00     0.21120159E-01     134     0.30279335E-01
 0.11399999E+02     0.16517854E+01     0.26978346E-01     0.20000000E+02    -0.12626572E+00     0.80526419E-01     0.39766470E+00     0.22009635E-01     134     0.30279335E-01
 0.11500000E+02     0.16537235E+01     0.27845290E-01     0.20000000E+02    -0.12545729E+00     0.79887114E-01     0.39808962E+00     0.22888739E-01     134     0.30279335E-01
 0.11600000E+02     0.16534107E+01     0.28969256E-01     0.20000000E+02    -0.12451990E+00     0.79488263E-01     0.39845827E+00     0.24030410E-01     134     0.30279335E-01
 0.11699998E+02     0.16545626E+01     0.29918237E-01     0.20000000E+02    -0.12376253E+00     0.79103887E-01     0.39875412E+00     0.24992721E-01     135     0.33169542E-01
 0.11799999E+02     0.16535186E+01     0.31040141E-01     0.20000000E+02    -0.12291232E+00     0.78788228E-01     0.39904851E+00     0.26132701E-01     135     0.33169542E-01
 0.11900000E+02     0.16501743E+01     0.32405443E-01     0.20000000E+02    -0.12200919E+00     0.78527592E-01     0.39941451E+00     0.27522802E-01     135     0.33169542E-01
 0.12000000E+02     0.16458862E+01     0.33767637E-01     0.20000000E+02    -0.12117285E+00     0.78318208E-01     0.39988923E+00     0.28912924E-01     135     0.33169542E-01
 0.12099998E+02     0.16393330E+01     0.35285410E-01     0.20000000E+02    -0.12034610E+00     0.78060731E-01     0.40027842E+00     0.30462839E-01     135     0.33169542E-01
 0.12199999E+02     0.16309378E+01     0.36880817E-01     0.20000000E+02    -0.11960074E+00     0.77877894E-01     0.40059775E+00     0.32095272E-01     135     0.33169542E-01
 0.12299999E+02     0.16132011E+01     0.39146397E-01     0.20000000E+02    -0.11881826E+00     0.77793896E-01     0.40083402E+00     0.34420148E-01     135     0.33169542E-01
 0.12400001E+02     0.15953919E+01     0.41271999E-01     0.20000000E+02    -0.11829903E+00     0.77661395E-01     0.40101379E+00     0.36604781E-01     135     0.33169542E-01
 0.12499997E+02     0.15307897E+01     0.46639193E-01     0.20000000E+02    -0.11801276E+00     0.78317799E-01     0.40027079E+00     0.42142857E-01     134     0.30279335E-01
 0.12699999E+02     0.12433296E+01     0.66082507E-01     0.20000000E+02    -0.11735821E+00     0.82418427E-01     0.39677933E+00     0.62179342E-01     132     0.24985466E-01
 0.12800000E+02     0.12205244E+01     0.69620252E-01     0.20000000E+02    -0.11800306E+00     0.83227500E-01     0.39679903E+00     0.65783374E-01     132     0.24985466E-01
 0.12900001E+02     0.12120460E+01     0.71460389E-01     0.20000000E+02    -0.11822589E+00     0.82022175E-01     0.39697960E+00     0.67636415E-01     132     0.24985466E-01
 0.12999998E+02     0.11911241E+01     0.75003415E-01     0.20000000E+02    -0.11910407E+00     0.81932031E-01     0.39621133E+00     0.71230739E-01     132     0.24985466E-01
 0.13099999E+02     0.11908507E+01     0.76152377E-01     0.20000000E+02    -0.11933679E+00     0.81618689E-01     0.39730448E+00     0.72393425E-01     132     0.24985466E-01
 0.13300000E+02     0.11738960E+01     0.80613837E-01     0.20000000E+02    -0.12059020E+00     0.80587924E-01     0.39773887E+00     0.76909497E-01     132     0.24985466E-01
 0.13399998E+02     0.11753798E+01     0.81609674E-01     0.20000000E+02    -0.12084543E+00     0.80258474E-01     0.39818293E+00     0.77914059E-01     132     0.24985466E-01
 0.13499999E+02     0.11781781E+01     0.82528017E-01     0.20000000E+02    -0.12108897E+00     0.80665909E-01     0.39871460E+00     0.78843467E-01     133     0.27553435E-01
 0.13599999E+02     0.11638929E+01     0.85651226E-01     0.20000000E+02    -0.12218297E+00     0.79454497E-01     0.39843145E+00     0.82004443E-01     133     0.27553435E-01
 0.13700001E+02     0.11663479E+01     0.86569414E-01     0.20000000E+02    -0.12242810E+00     0.79317719E-01     0.39928329E+00     0.82929239E-01     133     0.27553435E-01
 0.13799997E+02     0.11685090E+01     0.87539189E-01     0.20000000E+02    -0.12271319E+00     0.78825407E-01     0.39934760E+00     0.83904773E-01     133     0.27553435E-01
 0.13899999E+02     0.11566806E+01     0.90427428E-01     0.20000000E+02    -0.12379790E+00     0.78029968E-01     0.39858747E+00     0.86826392E-01     133     0.27553435E-01
 0.13999999E+02     0.11602745E+01     0.91296487E-01     0.20000000E+02    -0.12410830E+00     0.78277044E-01     0.39989084E+00     0.87706402E-01     133     0.27553435E-01
 0.14100000E+02     0.11615227E+01     0.92358246E-01     0.20000000E+02    -0.12445092E+00     0.77371672E-01     0.40011948E+00     0.88770188E-01     133     0.27553435E-01
 0.14199998E+02     0.11654738E+01     0.93179837E-01     0.20000000E+02    -0.12475522E+00     0.77379018E-01     0.40057302E+00     0.89600593E-01     133     0.27553435E-01
 0.14299998E+02     0.11122738E+01     0.10142462E+00     0.20000000E+02    -0.12155525E+00     0.77411413E-01     0.40021184E+00     0.97958982E-01     133     0.27553435E-01
 0.14400000E+02     0.11136007E+01     0.10257287E+00     0.20000000E+02    -0.12173251E+00     0.76963536E-01     0.40063834E+00     0.99113673E-01     133     0.27553435E-01
 0.14500000E+02     0.11006874E+01     0.10588004E+00     0.20000000E+02    -0.12244602E+00     0.76239377E-01     0.40068048E+00     0.10245427E+00     133     0.27553435E-01
 0.14600000E+02     0.11021305E+01     0.10704146E+00     0.20000000E+02    -0.12262584E+00     0.75837083E-01     0.40125653E+00     0.10362239E+00     133     0.27553435E-01
 0.14699998E+02     0.11054935E+01     0.10797554E+00     0.20000000E+02    -0.12277313E+00     0.75894050E-01     0.40241164E+00     0.10456795E+00     133     0.27553435E-01
 0.14799999E+02     0.11071199E+01     0.10906491E+00     0.20000000E+02    -0.12291867E+00     0.75486049E-01     0.40221158E+00     0.10566191E+00     133     0.27553435E-01
 0.15099998E+02     0.11693784E+01     0.10465866E+00     0.20000000E+02    -0.12943593E+00     0.72961912E-01     0.40444073E+00     0.10117481E+00     134     0.30279335E-01
 0.15199999E+02     0.11730499E+01     0.10549956E+00     0.20000000E+02    -0.12978974E+00     0.72440863E-01     0.40479502E+00     0.10201944E+00     134     0.30279335E-01
 0.15299999E+02     0.11774576E+01     0.10626344E+00     0.20000000E+02    -0.13010201E+00     0.72488099E-01     0.40594426E+00     0.10279257E+00     134     0.30279335E-01
 0.15400001E+02     0.11714464E+01     0.10863589E+00     0.20000000E+02    -0.13133378E+00     0.72028019E-01     0.40654629E+00     0.10519424E+00     134     0.30279335E-01
 0.15499998E+02     0.11757717E+01     0.10940326E+00     0.20000000E+02    -0.13161951E+00     0.72146133E-01     0.40667927E+00     0.10596781E+00     134     0.30279335E-01
 0.15599998E+02     0.11780957E+01     0.11038291E+00     0.20000000E+02    -0.13204654E+00     0.71019098E-01     0.40753937E+00     0.10694747E+00     134     0.30279335E-01
 0.15699999E+02     0.11823102E+01     0.11113095E+00     0.20000000E+02    -0.13239023E+00     0.70919007E-01     0.40703368E+00     0.10769768E+00     134     0.30279335E-01
 0.15800000E+02     0.11880388E+01     0.11171595E+00     0.20000000E+02    -0.13266592E+00     0.71265243E-01     0.40890187E+00     0.10829432E+00     135     0.33169542E-01
 0.15899998E+02     0.11902348E+01     0.11270661E+00     0.20000000E+02    -0.13309690E+00     0.70416242E-01     0.40876925E+00     0.10928290E+00     135     0.33169542E-01
 0.15999998E+02     0.11846368E+01     0.11501811E+00     0.20000000E+02    -0.13437711E+00     0.69879822E-01     0.40832981E+00     0.11161616E+00     135     0.33169542E-01
 0.16099998E+02     0.11893252E+01     0.11577289E+00     0.20000000E+02    -0.13473614E+00     0.69970496E-01     0.40980414E+00     0.11237875E+00     135     0.33169542E-01
 0.16200001E+02     0.11922188E+01     0.11662639E+00     0.20000000E+02    -0.13510831E+00     0.69118649E-01     0.40908071E+00     0.11322996E+00     135     0.33169542E-01
 0.16300001E+02     0.11967719E+01     0.11731165E+00     0.20000000E+02    -0.13542664E+00     0.69119044E-01     0.40887886E+00     0.11391799E+00     135     0.33169542E-01
 0.16399998E+02     0.12021469E+01     0.11795830E+00     0.20000000E+02    -0.13579236E+00     0.69182493E-01     0.41064432E+00     0.11457374E+00     135     0.33169542E-01
 0.16499998E+02     0.12057923E+01     0.11879086E+00     0.20000000E+02    -0.13625091E+00     0.68441115E-01     0.41130233E+00     0.11540749E+00     135     0.33169542E-01
 0.16600000E+02     0.12017008E+01     0.12080041E+00     0.20000000E+02    -0.13728479E+00     0.67999944E-01     0.41048482E+00     0.11743625E+00     135     0.33169542E-01
 0.16700001E+02     0.12047398E+01     0.12182747E+00     0.20000000E+02    -0.13786772E+00     0.66995144E-01     0.41231725E+00     0.11847094E+00     136     0.36230825E-01
 0.16799997E+02     0.12100574E+01     0.12247900E+00     0.20000000E+02    -0.13826248E+00     0.67343585E-01     0.41201735E+00     0.11912823E+00     136     0.36230825E-01
 0.16900000E+02     0.12150465E+01     0.12309720E+00     0.20000000E+02    -0.13857707E+00     0.67271538E-01     0.41207194E+00     0.11975116E+00     136     0.36230825E-01
 0.17000000E+02     0.12188452E+01     0.12390000E+00     0.20000000E+02    -0.13901819E+00     0.66371232E-01     0.41307753E+00     0.12055515E+00     136     0.36230825E-01
 0.17100000E+02     0.12232646E+01     0.12462595E+00     0.20000000E+02    -0.13943622E+00     0.65945975E-01     0.41445777E+00     0.12128689E+00     136     0.36230825E-01
 0.17199997E+02     0.12282908E+01     0.12528770E+00     0.20000000E+02    -0.13981023E+00     0.66065341E-01     0.41526529E+00     0.12195808E+00     136     0.36230825E-01
 0.17299999E+02     0.12258295E+01     0.12721363E+00     0.20000000E+02    -0.14101660E+00     0.65839618E-01     0.41604117E+00     0.12390672E+00     136     0.36230825E-01
 0.17400000E+02     0.12297705E+01     0.12809613E+00     0.20000000E+02    -0.14149486E+00     0.65752953E-01     0.41589570E+00     0.12479626E+00     136     0.36230825E-01
 0.17500000E+02     0.12333310E+01     0.12888370E+00     0.20000000E+02    -0.14195380E+00     0.65207951E-01     0.41592246E+00     0.12558308E+00     136     0.36230825E-01
 0.17599997E+02     0.12373101E+01     0.12957937E+00     0.20000000E+02    -0.14232127E+00     0.64850502E-01     0.41642612E+00     0.12628064E+00     137     0.39470624E-01
 0.17699999E+02     0.12416543E+01     0.13029318E+00     0.20000000E+02    -0.14276542E+00     0.64564869E-01     0.41718373E+00     0.12699686E+00     137     0.39470624E-01
 0.17799999E+02     0.12455795E+01     0.13103566E+00     0.20000000E+02    -0.14318593E+00     0.64064696E-01     0.41693249E+00     0.12773673E+00     137     0.39470624E-01
 0.17900000E+02     0.12504054E+01     0.13169351E+00     0.20000000E+02    -0.14360332E+00     0.64063370E-01     0.41752058E+00     0.12839977E+00     137     0.39470624E-01
 0.18000000E+02     0.12477640E+01     0.13354418E+00     0.20000000E+02    -0.14484921E+00     0.62983193E-01     0.41862044E+00     0.13026665E+00     137     0.39470624E-01
 0.18099998E+02     0.12522197E+01     0.13438509E+00     0.20000000E+02    -0.14530410E+00     0.63505881E-01     0.41921616E+00     0.13111898E+00     137     0.39470624E-01
 0.18199999E+02     0.12564964E+01     0.13511056E+00     0.20000000E+02    -0.14585029E+00     0.63005269E-01     0.41898906E+00     0.13184650E+00     137     0.39470624E-01
 0.18299999E+02     0.12604560E+01     0.13584284E+00     0.20000000E+02    -0.14623785E+00     0.62331907E-01     0.41993421E+00     0.13257813E+00     137     0.39470624E-01
 0.18400000E+02     0.12652975E+01     0.13647692E+00     0.20000000E+02    -0.14666855E+00     0.62007066E-01     0.41848305E+00     0.13321462E+00     138     0.42896152E-01
 0.18499998E+02     0.12706022E+01     0.13707261E+00     0.20000000E+02    -0.14707547E+00     0.62397622E-01     0.42057306E+00     0.13381381E+00     138     0.42896152E-01
 0.18599998E+02     0.12756716E+01     0.13765915E+00     0.20000000E+02    -0.14746293E+00     0.61904944E-01     0.42130810E+00     0.13440846E+00     138     0.42896152E-01
 0.18699999E+02     0.12794139E+01     0.13838030E+00     0.20000000E+02    -0.14794074E+00     0.61077058E-01     0.42243627E+00     0.13512994E+00     138     0.42896152E-01
 0.18800001E+02     0.12844071E+01     0.13903163E+00     0.20000000E+02    -0.14838587E+00     0.61200339E-01     0.42331398E+00     0.13578911E+00     138     0.42896152E-01
 0.18899998E+02     0.12831726E+01     0.14077796E+00     0.20000000E+02    -0.14961290E+00     0.61191354E-01     0.42278114E+00     0.13755578E+00     138     0.42896152E-01
 0.18999998E+02     0.12870790E+01     0.14160068E+00     0.20000000E+02    -0.15016775E+00     0.60890883E-01     0.42368427E+00     0.13838390E+00     138     0.42896152E-01
 0.19099998E+02     0.12906572E+01     0.14232823E+00     0.20000000E+02    -0.15063511E+00     0.60321625E-01     0.42393643E+00     0.13911225E+00     138     0.42896152E-01
 0.19200001E+02     0.12960868E+01     0.14299992E+00     0.20000000E+02    -0.15116559E+00     0.60195629E-01     0.42502701E+00     0.13979107E+00     138     0.42896152E-01
 0.19300001E+02     0.13012891E+01     0.14349246E+00     0.20000000E+02    -0.15149763E+00     0.60312208E-01     0.42485860E+00     0.14028670E+00     138     0.42896152E-01
 0.19399998E+02     0.13054470E+01     0.14423281E+00     0.20000000E+02    -0.15206386E+00     0.59819542E-01     0.42723393E+00     0.14103299E+00     139     0.46514940E-01
 0.19499998E+02     0.13082477E+01     0.14495692E+00     0.20000000E+02    -0.15255974E+00     0.59131123E-01     0.42609218E+00     0.14174752E+00     139     0.46514940E-01
 0.19600000E+02     0.13157494E+01     0.14542098E+00     0.20000000E+02    -0.15295297E+00     0.59809666E-01     0.42737123E+00     0.14222923E+00     139     0.46514940E-01
 0.19700001E+02     0.13113512E+01     0.14753656E+00     0.20000000E+02    -0.15447506E+00     0.58583077E-01     0.42776340E+00     0.14435746E+00     139     0.46514940E-01
 0.19799997E+02     0.13171854E+01     0.14813618E+00     0.20000000E+02    -0.15486161E+00     0.59174962E-01     0.42867738E+00     0.14496721E+00     139     0.46514940E-01
 0.19900000E+02     0.13204732E+01     0.14884779E+00     0.20000000E+02    -0.15544471E+00     0.58161609E-01     0.42852306E+00     0.14567547E+00     139     0.46514940E-01
 0.20000000E+02     0.13256574E+01     0.14939190E+00     0.20000000E+02    -0.15584894E+00     0.57999622E-01     0.42962122E+00     0.14622469E+00     139     0.46514940E-01
 0.20100000E+02     0.13305757E+01     0.14999944E+00     0.20000000E+02    -0.15627922E+00     0.58318842E-01     0.42934346E+00     0.14683180E+00     139     0.46514940E-01
 0.20199997E+02     0.13362623E+01     0.15045026E+00     0.20000000E+02    -0.15665406E+00     0.58438927E-01     0.42957392E+00     0.14729124E+00     139     0.46514940E-01
 0.20299999E+02     0.13397530E+01     0.15121022E+00     0.20000000E+02    -0.15730898E+00     0.57260007E-01     0.43106171E+00     0.14804685E+00     140     0.50334580E-01
 0.20400000E+02     0.13448863E+01     0.15176105E+00     0.20000000E+02    -0.15770178E+00     0.57118256E-01     0.43090725E+00     0.14860462E+00     140     0.50334580E-01
 0.20500000E+02     0.13498452E+01     0.15235992E+00     0.20000000E+02    -0.15812585E+00     0.57187874E-01     0.43232408E+00     0.14920990E+00     140     0.50334580E-01
 0.20599998E+02     0.13479433E+01     0.15420224E+00     0.20000000E+02    -0.15963285E+00     0.56716558E-01     0.43117160E+00     0.15106922E+00     140     0.50334580E-01
 0.20699999E+02     0.13527653E+01     0.15488715E+00     0.20000000E+02    -0.16020453E+00     0.56679919E-01     0.43165591E+00     0.15175940E+00     140     0.50334580E-01
 0.20799999E+02     0.13572024E+01     0.15548688E+00     0.20000000E+02    -0.16066198E+00     0.56318514E-01     0.43390632E+00     0.15236495E+00     140     0.50334580E-01
 0.20900000E+02     0.13627208E+01     0.15609062E+00     0.20000000E+02    -0.16114403E+00     0.56303956E-01     0.43331227E+00     0.15297127E+00     140     0.50334580E-01
 0.21000000E+02     0.13674077E+01     0.15665346E+00     0.20000000E+02    -0.16172391E+00     0.56023069E-01     0.43418711E+00     0.15353721E+00     140     0.50334580E-01
 0.21099998E+02     0.13713012E+01     0.15722315E+00     0.20000000E+02    -0.16211623E+00     0.55608258E-01     0.43484807E+00     0.15410829E+00     141     0.54362021E-01
 0.21199999E+02     0.13739508E+01     0.15790723E+00     0.20000000E+02    -0.16279252E+00     0.54562487E-01     0.43452767E+00     0.15477924E+00     141     0.54362021E-01
 0.21299999E+02     0.13802058E+01     0.15848510E+00     0.20000000E+02    -0.16323276E+00     0.55218916E-01     0.43600333E+00     0.15537517E+00     140     0.50334580E-01
 0.21400000E+02     0.13778325E+01     0.16037302E+00     0.20000000E+02    -0.16479550E+00     0.54525632E-01     0.43718448E+00     0.15727866E+00     141     0.54362021E-01
