  
       RFOIL         Version 3.00
  
 Calculated polar for: OSO_2025_WT2_T30                
  
 1  Reynolds number fixed
  
 xtrf =      0.05000000 (suction)     0.05000000 (pressure)
 Rot. Parameters:  f0 =      1.00000000 c/r =      0.00000000
 Mach =      0.00000000     Re =     20.00000000 e 6     Ncrit =      3.00000000
  
             alpha                CL                CD            Re(CL)                CM             S_xtr             P_xtr               CDp            I_stag            X_stag
  ------- -------- --------- --------- -------- ------- ------- -------- 
-0.23900000E+02    -0.95772660E+00     0.15973391E+00     0.20000000E+02     0.54795593E-02     0.47009027E+00     0.32539219E-01     0.15631051E+00      87     0.64913616E-01
-0.23800001E+02    -0.95666277E+00     0.15895380E+00     0.20000000E+02     0.45562116E-02     0.46798235E+00     0.34384061E-01     0.15554062E+00      87     0.64913616E-01
-0.23700001E+02    -0.95131147E+00     0.15845700E+00     0.20000000E+02     0.38616462E-02     0.46838361E+00     0.34123335E-01     0.15503800E+00      87     0.64913616E-01
-0.23600000E+02    -0.94680423E+00     0.15784606E+00     0.20000000E+02     0.30698730E-02     0.47362944E+00     0.34413818E-01     0.15443783E+00      87     0.64913616E-01
-0.23500000E+02    -0.94286186E+00     0.15709822E+00     0.20000000E+02     0.22651223E-02     0.46103182E+00     0.35005566E-01     0.15366146E+00      87     0.64913616E-01
-0.23400002E+02    -0.93975300E+00     0.15633433E+00     0.20000000E+02     0.14531608E-02     0.46423471E+00     0.35702366E-01     0.15290475E+00      87     0.64913616E-01
-0.23200001E+02    -0.93667281E+00     0.15389228E+00     0.20000000E+02    -0.73821156E-03     0.46462116E+00     0.36250066E-01     0.15044627E+00      88     0.58372140E-01
-0.23100000E+02    -0.92941213E+00     0.15338182E+00     0.20000000E+02    -0.14351350E-02     0.46164727E+00     0.35161868E-01     0.14991465E+00      88     0.58372140E-01
-0.23000002E+02    -0.92644352E+00     0.15274523E+00     0.20000000E+02    -0.20471863E-02     0.46224442E+00     0.36034483E-01     0.14928439E+00      88     0.58372140E-01
-0.22900002E+02    -0.92090219E+00     0.15219690E+00     0.20000000E+02    -0.27834456E-02     0.46167305E+00     0.35915479E-01     0.14872938E+00      88     0.58372140E-01
-0.22800001E+02    -0.91495442E+00     0.15168740E+00     0.20000000E+02    -0.34129331E-02     0.46026361E+00     0.35374518E-01     0.14820692E+00      88     0.58372140E-01
-0.22700001E+02    -0.91240788E+00     0.15091887E+00     0.20000000E+02    -0.42494596E-02     0.45844048E+00     0.36705364E-01     0.14744268E+00      88     0.58372140E-01
-0.22600002E+02    -0.90856117E+00     0.15023439E+00     0.20000000E+02    -0.49778367E-02     0.45211515E+00     0.37084095E-01     0.14674319E+00      88     0.58372140E-01
-0.22500000E+02    -0.90474856E+00     0.14948152E+00     0.20000000E+02    -0.58070263E-02     0.45060861E+00     0.37637357E-01     0.14598708E+00      88     0.58372140E-01
-0.22400002E+02    -0.89626074E+00     0.14913425E+00     0.20000000E+02    -0.63095689E-02     0.45566535E+00     0.35898324E-01     0.14562957E+00      88     0.58372140E-01
-0.22200001E+02    -0.89659470E+00     0.14651164E+00     0.20000000E+02    -0.85111130E-02     0.44935215E+00     0.38485859E-01     0.14299427E+00      88     0.58372140E-01
-0.22100000E+02    -0.89124906E+00     0.14592646E+00     0.20000000E+02    -0.91841687E-02     0.44818768E+00     0.38410712E-01     0.14240147E+00      88     0.58372140E-01
-0.22000000E+02    -0.88702679E+00     0.14525041E+00     0.20000000E+02    -0.98588252E-02     0.44272983E+00     0.39233580E-01     0.14171416E+00      89     0.52287284E-01
-0.21900002E+02    -0.87967509E+00     0.14488274E+00     0.20000000E+02    -0.10376299E-01     0.44638830E+00     0.37442874E-01     0.14133826E+00      89     0.52287284E-01
-0.21800001E+02    -0.87478596E+00     0.14426771E+00     0.20000000E+02    -0.11019430E-01     0.44582713E+00     0.37606943E-01     0.14071865E+00      89     0.52287284E-01
-0.21700001E+02    -0.87195677E+00     0.14350496E+00     0.20000000E+02    -0.11778286E-01     0.44481108E+00     0.39276406E-01     0.13996281E+00      89     0.52287284E-01
-0.21600000E+02    -0.86876106E+00     0.14272691E+00     0.20000000E+02    -0.12493994E-01     0.43854231E+00     0.40111434E-01     0.13917206E+00      89     0.52287284E-01
-0.21500002E+02    -0.86919242E+00     0.14103086E+00     0.20000000E+02    -0.13698711E-01     0.44365746E+00     0.40135294E-01     0.13746901E+00      89     0.52287284E-01
-0.21400000E+02    -0.86278296E+00     0.14057752E+00     0.20000000E+02    -0.14315167E-01     0.44402075E+00     0.39433293E-01     0.13700782E+00      89     0.52287284E-01
-0.21300001E+02    -0.85991085E+00     0.13979684E+00     0.20000000E+02    -0.15063688E-01     0.43708450E+00     0.40601566E-01     0.13621764E+00      89     0.52287284E-01
-0.21200001E+02    -0.85218066E+00     0.13936672E+00     0.20000000E+02    -0.15606383E-01     0.44139764E+00     0.39277051E-01     0.13578370E+00      89     0.52287284E-01
-0.21100002E+02    -0.84995413E+00     0.13856949E+00     0.20000000E+02    -0.16301759E-01     0.43578181E+00     0.40827133E-01     0.13498305E+00      89     0.52287284E-01
-0.21000000E+02    -0.84671915E+00     0.13790333E+00     0.20000000E+02    -0.16926803E-01     0.43502906E+00     0.42047098E-01     0.13432069E+00      89     0.52287284E-01
-0.20900000E+02    -0.83628744E+00     0.13736159E+00     0.20000000E+02    -0.17624065E-01     0.50000001E-01     0.40051565E-01     0.13322739E+00      90     0.46679072E-01
-0.20800001E+02    -0.83408648E+00     0.13659836E+00     0.20000000E+02    -0.18307125E-01     0.50000001E-01     0.41692343E-01     0.13247260E+00      90     0.46679072E-01
-0.20700003E+02    -0.82887787E+00     0.13597889E+00     0.20000000E+02    -0.18953150E-01     0.50000001E-01     0.41683070E-01     0.13184531E+00      90     0.46679072E-01
-0.20600000E+02    -0.82221276E+00     0.13543886E+00     0.20000000E+02    -0.19528007E-01     0.50000001E-01     0.40636536E-01     0.13128766E+00      90     0.46679072E-01
-0.20400002E+02    -0.82146668E+00     0.13288499E+00     0.20000000E+02    -0.21390228E-01     0.50000001E-01     0.43604545E-01     0.12873110E+00      90     0.46679072E-01
-0.20300001E+02    -0.81667161E+00     0.13227761E+00     0.20000000E+02    -0.21990340E-01     0.50000001E-01     0.43952584E-01     0.12811822E+00      90     0.46679072E-01
-0.20200001E+02    -0.80963409E+00     0.13185522E+00     0.20000000E+02    -0.22513684E-01     0.50000001E-01     0.42500176E-01     0.12767810E+00      90     0.46679072E-01
-0.20100000E+02    -0.80588579E+00     0.13114405E+00     0.20000000E+02    -0.23105929E-01     0.50000001E-01     0.43893296E-01     0.12697105E+00      90     0.46679072E-01
-0.20000002E+02    -0.80115134E+00     0.13051482E+00     0.20000000E+02    -0.23736166E-01     0.50000001E-01     0.44393010E-01     0.12633866E+00      90     0.46679072E-01
-0.19900000E+02    -0.79656899E+00     0.12991129E+00     0.20000000E+02    -0.24288088E-01     0.50000001E-01     0.44689663E-01     0.12573189E+00      90     0.46679072E-01
-0.19800001E+02    -0.78990322E+00     0.12948331E+00     0.20000000E+02    -0.24800286E-01     0.50000001E-01     0.44000831E-01     0.12528977E+00      91     0.41550286E-01
-0.19700001E+02    -0.78544319E+00     0.12870663E+00     0.20000000E+02    -0.25431138E-01     0.50000001E-01     0.44314280E-01     0.12450754E+00      91     0.41550286E-01
-0.19500000E+02    -0.78314519E+00     0.12627549E+00     0.20000000E+02    -0.27123146E-01     0.50000001E-01     0.45725618E-01     0.12206278E+00      91     0.41550286E-01
-0.19400002E+02    -0.77757519E+00     0.12578009E+00     0.20000000E+02    -0.27632615E-01     0.50000001E-01     0.45621965E-01     0.12155966E+00      91     0.41550286E-01
-0.19300001E+02    -0.77290571E+00     0.12510166E+00     0.20000000E+02    -0.28211365E-01     0.50000001E-01     0.46216842E-01     0.12087844E+00      91     0.41550286E-01
-0.19200001E+02    -0.76719493E+00     0.12456272E+00     0.20000000E+02    -0.28729584E-01     0.50000001E-01     0.46058547E-01     0.12033173E+00      91     0.41550286E-01
-0.19100000E+02    -0.76218057E+00     0.12400147E+00     0.20000000E+02    -0.29288309E-01     0.50000001E-01     0.46464264E-01     0.11976624E+00      91     0.41550286E-01
-0.19000002E+02    -0.75702012E+00     0.12343286E+00     0.20000000E+02    -0.29791439E-01     0.50000001E-01     0.46705808E-01     0.11919227E+00      91     0.41550286E-01
-0.18900002E+02    -0.75274128E+00     0.12270732E+00     0.20000000E+02    -0.30343577E-01     0.50000001E-01     0.47808841E-01     0.11846770E+00      91     0.41550286E-01
-0.18800001E+02    -0.74671429E+00     0.12220901E+00     0.20000000E+02    -0.30850926E-01     0.50000001E-01     0.47043689E-01     0.11795791E+00      91     0.41550286E-01
-0.18500002E+02    -0.73727775E+00     0.11925521E+00     0.20000000E+02    -0.32916829E-01     0.50000001E-01     0.48003934E-01     0.11497524E+00      92     0.36888096E-01
-0.18400000E+02    -0.73206544E+00     0.11868591E+00     0.20000000E+02    -0.33459276E-01     0.50000001E-01     0.48399467E-01     0.11440104E+00      92     0.36888096E-01
-0.18300001E+02    -0.72909278E+00     0.11795588E+00     0.20000000E+02    -0.33986997E-01     0.50000001E-01     0.49796775E-01     0.11367790E+00      92     0.36888096E-01
-0.18200001E+02    -0.72369093E+00     0.11732399E+00     0.20000000E+02    -0.34513116E-01     0.50000001E-01     0.50000001E-01     0.11304056E+00      92     0.36888096E-01
-0.18100002E+02    -0.71693224E+00     0.11685503E+00     0.20000000E+02    -0.34952454E-01     0.50000001E-01     0.49263354E-01     0.11255839E+00      92     0.36888096E-01
-0.18000000E+02    -0.71267217E+00     0.11621796E+00     0.20000000E+02    -0.35420496E-01     0.50000001E-01     0.50000001E-01     0.11192119E+00      92     0.36888096E-01
-0.17900000E+02    -0.70715523E+00     0.11563427E+00     0.20000000E+02    -0.35928126E-01     0.50000001E-01     0.50000001E-01     0.11133043E+00      92     0.36888096E-01
-0.17800001E+02    -0.70195091E+00     0.11497820E+00     0.20000000E+02    -0.36463894E-01     0.50000001E-01     0.50000001E-01     0.11066611E+00      92     0.36888096E-01
-0.17500000E+02    -0.69110680E+00     0.11220134E+00     0.20000000E+02    -0.38327683E-01     0.50000001E-01     0.50000001E-01     0.10785682E+00      93     0.32668442E-01
-0.17400002E+02    -0.68547416E+00     0.11163957E+00     0.20000000E+02    -0.38782895E-01     0.50000001E-01     0.50000001E-01     0.10728810E+00      93     0.32668442E-01
-0.17300001E+02    -0.67974955E+00     0.11106734E+00     0.20000000E+02    -0.39260302E-01     0.50000001E-01     0.50000001E-01     0.10670943E+00      93     0.32668442E-01
-0.17200001E+02    -0.67405909E+00     0.11052273E+00     0.20000000E+02    -0.39702613E-01     0.50000001E-01     0.50000001E-01     0.10615793E+00      93     0.32668442E-01
-0.17100000E+02    -0.66830826E+00     0.10996978E+00     0.20000000E+02    -0.40163405E-01     0.50000001E-01     0.50000001E-01     0.10559852E+00      93     0.32668442E-01
-0.17000002E+02    -0.66266948E+00     0.10940959E+00     0.20000000E+02    -0.40598717E-01     0.50000001E-01     0.50000001E-01     0.10503165E+00      93     0.32668442E-01
-0.16900000E+02    -0.65704137E+00     0.10883790E+00     0.20000000E+02    -0.41057937E-01     0.50000001E-01     0.50000001E-01     0.10445365E+00      93     0.32668442E-01
-0.16800001E+02    -0.65158927E+00     0.10822082E+00     0.20000000E+02    -0.41539259E-01     0.50000001E-01     0.50000001E-01     0.10382929E+00      93     0.32668442E-01
-0.16700001E+02    -0.64656997E+00     0.10755231E+00     0.20000000E+02    -0.42008687E-01     0.50000001E-01     0.50000001E-01     0.10315265E+00      94     0.28860003E-01
-0.16600000E+02    -0.64618295E+00     0.10603417E+00     0.20000000E+02    -0.42848468E-01     0.50000001E-01     0.50000001E-01     0.10161665E+00      94     0.28860003E-01
-0.16500000E+02    -0.64070076E+00     0.10544364E+00     0.20000000E+02    -0.43282211E-01     0.50000001E-01     0.50000001E-01     0.10101942E+00      94     0.28860003E-01
-0.16400002E+02    -0.63500667E+00     0.10487283E+00     0.20000000E+02    -0.43728251E-01     0.50000001E-01     0.50000001E-01     0.10044228E+00      94     0.28860003E-01
-0.16300001E+02    -0.62922823E+00     0.10429384E+00     0.20000000E+02    -0.44157304E-01     0.50000001E-01     0.50000001E-01     0.99856719E-01      94     0.28860003E-01
-0.16200001E+02    -0.62349868E+00     0.10376013E+00     0.20000000E+02    -0.44563513E-01     0.50000001E-01     0.50000001E-01     0.99316739E-01      94     0.28860003E-01
-0.16100000E+02    -0.61769378E+00     0.10320498E+00     0.20000000E+02    -0.44992592E-01     0.50000001E-01     0.50000001E-01     0.98755442E-01      94     0.28860003E-01
-0.16000002E+02    -0.61197716E+00     0.10266510E+00     0.20000000E+02    -0.45381825E-01     0.50000001E-01     0.50000001E-01     0.98209262E-01      94     0.28860003E-01
-0.15900001E+02    -0.60632855E+00     0.10204642E+00     0.20000000E+02    -0.45799717E-01     0.50000001E-01     0.50000001E-01     0.97584151E-01      95     0.25427796E-01
-0.15800000E+02    -0.60066020E+00     0.10148860E+00     0.20000000E+02    -0.46256132E-01     0.50000001E-01     0.50000001E-01     0.97019382E-01      95     0.25427796E-01
-0.15700001E+02    -0.59560889E+00     0.10083437E+00     0.20000000E+02    -0.46672020E-01     0.50000001E-01     0.50000001E-01     0.96357785E-01      95     0.25427796E-01
-0.15600002E+02    -0.59518254E+00     0.99351361E-01     0.20000000E+02    -0.47434848E-01     0.50000001E-01     0.50000001E-01     0.94857544E-01      95     0.25427796E-01
-0.15500001E+02    -0.58956063E+00     0.98751351E-01     0.20000000E+02    -0.47870249E-01     0.50000001E-01     0.50000001E-01     0.94250597E-01      95     0.25427796E-01
-0.15400001E+02    -0.58399183E+00     0.98177880E-01     0.20000000E+02    -0.48257269E-01     0.50000001E-01     0.50000001E-01     0.93671024E-01      95     0.25427796E-01
-0.15300001E+02    -0.57817197E+00     0.97585939E-01     0.20000000E+02    -0.48659995E-01     0.50000001E-01     0.50000001E-01     0.93072861E-01      95     0.25427796E-01
-0.15200001E+02    -0.57236212E+00     0.97057238E-01     0.20000000E+02    -0.49044829E-01     0.50000001E-01     0.50000001E-01     0.92538342E-01      95     0.25427796E-01
-0.15100001E+02    -0.56647742E+00     0.96490659E-01     0.20000000E+02    -0.49436219E-01     0.50000001E-01     0.50000001E-01     0.91965348E-01      95     0.25427796E-01
-0.15000001E+02    -0.56063962E+00     0.95937975E-01     0.20000000E+02    -0.49832210E-01     0.50000001E-01     0.50000001E-01     0.91406479E-01      96     0.22336682E-01
-0.14900000E+02    -0.55495107E+00     0.95394611E-01     0.20000000E+02    -0.50205465E-01     0.50000001E-01     0.50000001E-01     0.90857081E-01      96     0.22336682E-01
-0.14800000E+02    -0.54920208E+00     0.94797015E-01     0.20000000E+02    -0.50598308E-01     0.50000001E-01     0.50000001E-01     0.90253234E-01      96     0.22336682E-01
-0.14700002E+02    -0.54377323E+00     0.94179399E-01     0.20000000E+02    -0.50993882E-01     0.50000001E-01     0.50000001E-01     0.89628734E-01      96     0.22336682E-01
-0.14600000E+02    -0.53989947E+00     0.93318738E-01     0.20000000E+02    -0.51474828E-01     0.50000001E-01     0.50000001E-01     0.88758320E-01      96     0.22336682E-01
-0.14500000E+02    -0.53803372E+00     0.92129022E-01     0.20000000E+02    -0.52088164E-01     0.50000001E-01     0.50000001E-01     0.87554857E-01      96     0.22336682E-01
-0.14400001E+02    -0.53226376E+00     0.91548547E-01     0.20000000E+02    -0.52464083E-01     0.50000001E-01     0.50000001E-01     0.86968184E-01      96     0.22336682E-01
-0.14300001E+02    -0.52650160E+00     0.90990432E-01     0.20000000E+02    -0.52823968E-01     0.50000001E-01     0.50000001E-01     0.86404197E-01      96     0.22336682E-01
-0.14200001E+02    -0.52052152E+00     0.90447091E-01     0.20000000E+02    -0.53199083E-01     0.50000001E-01     0.50000001E-01     0.85854717E-01      97     0.19552818E-01
-0.14100001E+02    -0.51465744E+00     0.89903720E-01     0.20000000E+02    -0.53545207E-01     0.50000001E-01     0.50000001E-01     0.85305661E-01      97     0.19552818E-01
-0.14000001E+02    -0.50881040E+00     0.89355521E-01     0.20000000E+02    -0.53896420E-01     0.50000001E-01     0.50000001E-01     0.84751777E-01      97     0.19552818E-01
-0.13900002E+02    -0.50295061E+00     0.88807397E-01     0.20000000E+02    -0.54245543E-01     0.50000001E-01     0.50000001E-01     0.84197722E-01      97     0.19552818E-01
-0.13800001E+02    -0.49728066E+00     0.88221766E-01     0.20000000E+02    -0.54612730E-01     0.50000001E-01     0.50000001E-01     0.83606035E-01      97     0.19552818E-01
-0.13700001E+02    -0.49195179E+00     0.87599553E-01     0.20000000E+02    -0.54964088E-01     0.50000001E-01     0.50000001E-01     0.82977146E-01      97     0.19552818E-01
-0.13600001E+02    -0.49158382E+00     0.86154185E-01     0.20000000E+02    -0.55627357E-01     0.50000001E-01     0.50000001E-01     0.81515022E-01      97     0.19552818E-01
-0.13500001E+02    -0.48594105E+00     0.85566372E-01     0.20000000E+02    -0.55984907E-01     0.50000001E-01     0.50000001E-01     0.80921054E-01      97     0.19552818E-01
-0.13400001E+02    -0.48015773E+00     0.85009366E-01     0.20000000E+02    -0.56323066E-01     0.50000001E-01     0.50000001E-01     0.80358006E-01      98     0.17045036E-01
-0.13300000E+02    -0.47424293E+00     0.84466040E-01     0.20000000E+02    -0.56654830E-01     0.50000001E-01     0.50000001E-01     0.79809062E-01      98     0.17045036E-01
-0.13200001E+02    -0.46830404E+00     0.83929069E-01     0.20000000E+02    -0.56985330E-01     0.50000001E-01     0.50000001E-01     0.79266548E-01      98     0.17045036E-01
-0.13100000E+02    -0.46237329E+00     0.83388276E-01     0.20000000E+02    -0.57312448E-01     0.50000001E-01     0.50000001E-01     0.78720212E-01      98     0.17045036E-01
-0.13000001E+02    -0.45645323E+00     0.82852028E-01     0.20000000E+02    -0.57628229E-01     0.50000001E-01     0.50000001E-01     0.78178547E-01      98     0.17045036E-01
-0.12900001E+02    -0.45059264E+00     0.82296394E-01     0.20000000E+02    -0.57966813E-01     0.50000001E-01     0.50000001E-01     0.77617176E-01      98     0.17045036E-01
-0.12800001E+02    -0.44484887E+00     0.81718013E-01     0.20000000E+02    -0.58302682E-01     0.50000001E-01     0.50000001E-01     0.77032819E-01      98     0.17045036E-01
-0.12700001E+02    -0.43970954E+00     0.81061006E-01     0.20000000E+02    -0.58647022E-01     0.50000001E-01     0.50000001E-01     0.76368861E-01      98     0.17045036E-01
-0.12600001E+02    -0.43924898E+00     0.79665929E-01     0.20000000E+02    -0.59245594E-01     0.50000001E-01     0.50000001E-01     0.74957594E-01      99     0.14785348E-01
-0.12500001E+02    -0.43344173E+00     0.79132751E-01     0.20000000E+02    -0.59556745E-01     0.50000001E-01     0.50000001E-01     0.74418843E-01      99     0.14785348E-01
-0.12400002E+02    -0.42749095E+00     0.78595027E-01     0.20000000E+02    -0.59876695E-01     0.50000001E-01     0.50000001E-01     0.73875591E-01      99     0.14785348E-01
-0.12300001E+02    -0.42155427E+00     0.78061275E-01     0.20000000E+02    -0.60169216E-01     0.50000001E-01     0.50000001E-01     0.73336609E-01      99     0.14785348E-01
-0.12200001E+02    -0.41558599E+00     0.77528097E-01     0.20000000E+02    -0.60470175E-01     0.50000001E-01     0.50000001E-01     0.72798096E-01      99     0.14785348E-01
-0.12100001E+02    -0.40955374E+00     0.76993942E-01     0.20000000E+02    -0.60782798E-01     0.50000001E-01     0.50000001E-01     0.72258629E-01      99     0.14785348E-01
-0.12000000E+02    -0.40367162E+00     0.76458648E-01     0.20000000E+02    -0.61071813E-01     0.50000001E-01     0.50000001E-01     0.71717940E-01      99     0.14785348E-01
-0.11900001E+02    -0.39786875E+00     0.75908534E-01     0.20000000E+02    -0.61370682E-01     0.50000001E-01     0.50000001E-01     0.71162075E-01     100     0.12748995E-01
-0.11800000E+02    -0.39242724E+00     0.75290397E-01     0.20000000E+02    -0.61682083E-01     0.50000001E-01     0.50000001E-01     0.70537813E-01     100     0.12748995E-01
-0.11700001E+02    -0.39223984E+00     0.73892102E-01     0.20000000E+02    -0.62246136E-01     0.50000001E-01     0.50000001E-01     0.69123022E-01     100     0.12748995E-01
-0.11600000E+02    -0.38649753E+00     0.73320791E-01     0.20000000E+02    -0.62533580E-01     0.50000001E-01     0.50000001E-01     0.68546183E-01     100     0.12748995E-01
-0.11500001E+02    -0.38059831E+00     0.72796680E-01     0.20000000E+02    -0.62819518E-01     0.50000001E-01     0.50000001E-01     0.68016835E-01     100     0.12748995E-01
-0.11400001E+02    -0.37461510E+00     0.72260402E-01     0.20000000E+02    -0.63100293E-01     0.50000001E-01     0.50000001E-01     0.67475334E-01     100     0.12748995E-01
-0.11300001E+02    -0.36861277E+00     0.71739852E-01     0.20000000E+02    -0.63374899E-01     0.50000001E-01     0.50000001E-01     0.66949673E-01     100     0.12748995E-01
-0.11200001E+02    -0.36260891E+00     0.71218550E-01     0.20000000E+02    -0.63646719E-01     0.50000001E-01     0.50000001E-01     0.66423230E-01     101     0.10914493E-01
-0.11100001E+02    -0.35662603E+00     0.70690140E-01     0.20000000E+02    -0.63926704E-01     0.50000001E-01     0.50000001E-01     0.65889634E-01     101     0.10914493E-01
-0.11000001E+02    -0.35078385E+00     0.70152938E-01     0.20000000E+02    -0.64208105E-01     0.50000001E-01     0.50000001E-01     0.65346986E-01     101     0.10914493E-01
-0.10900001E+02    -0.34528881E+00     0.69568761E-01     0.20000000E+02    -0.64493962E-01     0.50000001E-01     0.50000001E-01     0.64756878E-01     101     0.10914493E-01
-0.10800001E+02    -0.34529430E+00     0.68185233E-01     0.20000000E+02    -0.65001175E-01     0.50000001E-01     0.50000001E-01     0.63356973E-01     101     0.10914493E-01
-0.10700001E+02    -0.33948138E+00     0.67642473E-01     0.20000000E+02    -0.65272406E-01     0.50000001E-01     0.50000001E-01     0.62808886E-01     101     0.10914493E-01
-0.10600001E+02    -0.33354652E+00     0.67120776E-01     0.20000000E+02    -0.65534584E-01     0.50000001E-01     0.50000001E-01     0.62282108E-01     101     0.10914493E-01
-0.10500001E+02    -0.32754743E+00     0.66601552E-01     0.20000000E+02    -0.65791808E-01     0.50000001E-01     0.50000001E-01     0.61757747E-01     102     0.92633720E-02
-0.10400002E+02    -0.32154122E+00     0.66090949E-01     0.20000000E+02    -0.66040456E-01     0.50000001E-01     0.50000001E-01     0.61242230E-01     102     0.92633720E-02
-0.10300000E+02    -0.31553432E+00     0.65575644E-01     0.20000000E+02    -0.66290744E-01     0.50000001E-01     0.50000001E-01     0.60722020E-01     102     0.92633720E-02
-0.10200001E+02    -0.30956969E+00     0.65058462E-01     0.20000000E+02    -0.66546589E-01     0.50000001E-01     0.50000001E-01     0.60199764E-01     102     0.92633720E-02
-0.10100000E+02    -0.30384937E+00     0.64525947E-01     0.20000000E+02    -0.66799194E-01     0.50000001E-01     0.50000001E-01     0.59661828E-01     102     0.92633720E-02
-0.10000001E+02    -0.29868141E+00     0.63888878E-01     0.20000000E+02    -0.67076176E-01     0.50000001E-01     0.50000001E-01     0.59018299E-01     102     0.92633720E-02
-0.99000006E+01    -0.29841852E+00     0.62595770E-01     0.20000000E+02    -0.67534089E-01     0.50000001E-01     0.50000001E-01     0.57709742E-01     102     0.92633720E-02
-0.98000011E+01    -0.29256883E+00     0.62073287E-01     0.20000000E+02    -0.67771368E-01     0.50000001E-01     0.50000001E-01     0.57182036E-01     103     0.77798865E-02
-0.97000008E+01    -0.28659084E+00     0.61562639E-01     0.20000000E+02    -0.68008400E-01     0.50000001E-01     0.50000001E-01     0.56666531E-01     103     0.77798865E-02
-0.96000013E+01    -0.28053063E+00     0.61062053E-01     0.20000000E+02    -0.68246163E-01     0.50000001E-01     0.50000001E-01     0.56161173E-01     103     0.77798865E-02
-0.95000010E+01    -0.27451247E+00     0.60562983E-01     0.20000000E+02    -0.68477072E-01     0.50000001E-01     0.50000001E-01     0.55657439E-01     103     0.77798865E-02
-0.94000006E+01    -0.26851791E+00     0.60052000E-01     0.20000000E+02    -0.68708435E-01     0.50000001E-01     0.50000001E-01     0.55141568E-01     103     0.77798865E-02
-0.93000011E+01    -0.26270822E+00     0.59520338E-01     0.20000000E+02    -0.68939708E-01     0.50000001E-01     0.50000001E-01     0.54604862E-01     103     0.77798865E-02
-0.91999998E+01    -0.25731233E+00     0.58941200E-01     0.20000000E+02    -0.69189616E-01     0.50000001E-01     0.50000001E-01     0.54019850E-01     103     0.77798865E-02
-0.91000013E+01    -0.25747272E+00     0.57655264E-01     0.20000000E+02    -0.69621980E-01     0.50000001E-01     0.50000001E-01     0.52717939E-01     104     0.64506866E-02
-0.90000000E+01    -0.25161421E+00     0.57130098E-01     0.20000000E+02    -0.69842182E-01     0.50000001E-01     0.50000001E-01     0.52187838E-01     104     0.64506866E-02
-0.89000015E+01    -0.24563582E+00     0.56639213E-01     0.20000000E+02    -0.70059776E-01     0.50000001E-01     0.50000001E-01     0.51692251E-01     104     0.64506866E-02
-0.88000002E+01    -0.23962739E+00     0.56152098E-01     0.20000000E+02    -0.70271961E-01     0.50000001E-01     0.50000001E-01     0.51200591E-01     104     0.64506866E-02
-0.87000017E+01    -0.23359461E+00     0.55668037E-01     0.20000000E+02    -0.70484228E-01     0.50000001E-01     0.50000001E-01     0.50712023E-01     104     0.64506866E-02
-0.86000004E+01    -0.22763099E+00     0.55173431E-01     0.20000000E+02    -0.70696332E-01     0.50000001E-01     0.50000001E-01     0.50212767E-01     104     0.64506866E-02
-0.85000019E+01    -0.22185551E+00     0.54667044E-01     0.20000000E+02    -0.70912741E-01     0.50000001E-01     0.50000001E-01     0.49701296E-01     105     0.52645961E-02
-0.84000006E+01    -0.21672976E+00     0.54071341E-01     0.20000000E+02    -0.71145713E-01     0.50000001E-01     0.50000001E-01     0.49099509E-01     105     0.52645961E-02
-0.83000011E+01    -0.21680404E+00     0.52841675E-01     0.20000000E+02    -0.71528964E-01     0.50000001E-01     0.50000001E-01     0.47854539E-01     105     0.52645961E-02
-0.82000008E+01    -0.21090515E+00     0.52358299E-01     0.20000000E+02    -0.71733594E-01     0.50000001E-01     0.50000001E-01     0.47366571E-01     105     0.52645961E-02
-0.81000013E+01    -0.20493093E+00     0.51881574E-01     0.20000000E+02    -0.71930915E-01     0.50000001E-01     0.50000001E-01     0.46885405E-01     105     0.52645961E-02
-0.80000010E+01    -0.19893309E+00     0.51408630E-01     0.20000000E+02    -0.72123826E-01     0.50000001E-01     0.50000001E-01     0.46408154E-01     105     0.52645961E-02
-0.79000001E+01    -0.19296630E+00     0.50935209E-01     0.20000000E+02    -0.72313510E-01     0.50000001E-01     0.50000001E-01     0.45930315E-01     105     0.52645961E-02
-0.78000011E+01    -0.18712094E+00     0.50444845E-01     0.20000000E+02    -0.72507657E-01     0.50000001E-01     0.50000001E-01     0.45435216E-01     106     0.42122267E-02
-0.77000003E+01    -0.18169658E+00     0.49905948E-01     0.20000000E+02    -0.72713204E-01     0.50000001E-01     0.50000001E-01     0.44891004E-01     106     0.42122267E-02
-0.76000009E+01    -0.18237777E+00     0.48658904E-01     0.20000000E+02    -0.73076256E-01     0.50000001E-01     0.50000001E-01     0.43628104E-01     106     0.42122267E-02
-0.75000005E+01    -0.17658162E+00     0.48182759E-01     0.20000000E+02    -0.73259249E-01     0.50000001E-01     0.50000001E-01     0.43147475E-01     106     0.42122267E-02
-0.74000010E+01    -0.17066963E+00     0.47717921E-01     0.20000000E+02    -0.73438697E-01     0.50000001E-01     0.50000001E-01     0.42678382E-01     106     0.42122267E-02
-0.73000002E+01    -0.16470034E+00     0.47260795E-01     0.20000000E+02    -0.73614679E-01     0.50000001E-01     0.50000001E-01     0.42217080E-01     106     0.42122267E-02
-0.72000012E+01    -0.15880074E+00     0.46797682E-01     0.20000000E+02    -0.73787682E-01     0.50000001E-01     0.50000001E-01     0.41749727E-01     106     0.42122267E-02
-0.71000004E+01    -0.15303886E+00     0.46314649E-01     0.20000000E+02    -0.73962010E-01     0.50000001E-01     0.50000001E-01     0.41262113E-01     107     0.32861971E-02
-0.70000014E+01    -0.14786319E+00     0.45786686E-01     0.20000000E+02    -0.74144430E-01     0.50000001E-01     0.50000001E-01     0.40728796E-01     107     0.32861971E-02
-0.69000006E+01    -0.14870650E+00     0.44584610E-01     0.20000000E+02    -0.74472196E-01     0.50000001E-01     0.50000001E-01     0.39511230E-01     107     0.32861971E-02
-0.68000016E+01    -0.14294805E+00     0.44115420E-01     0.20000000E+02    -0.74634500E-01     0.50000001E-01     0.50000001E-01     0.39037775E-01     107     0.32861971E-02
-0.67000008E+01    -0.13711612E+00     0.43668009E-01     0.20000000E+02    -0.74788220E-01     0.50000001E-01     0.50000001E-01     0.38586259E-01     107     0.32861971E-02
-0.66000018E+01    -0.13127378E+00     0.43221943E-01     0.20000000E+02    -0.74941255E-01     0.50000001E-01     0.50000001E-01     0.38136177E-01     107     0.32861971E-02
-0.65000010E+01    -0.12555043E+00     0.42773746E-01     0.20000000E+02    -0.75091988E-01     0.50000001E-01     0.50000001E-01     0.37683714E-01     108     0.24803814E-02
-0.64000001E+01    -0.12018496E+00     0.42281274E-01     0.20000000E+02    -0.75249456E-01     0.50000001E-01     0.50000001E-01     0.37186518E-01     108     0.24803814E-02
-0.63000011E+01    -0.12175962E+00     0.41070979E-01     0.20000000E+02    -0.75544789E-01     0.50000001E-01     0.50000001E-01     0.35960212E-01     108     0.24803814E-02
-0.62000003E+01    -0.11619913E+00     0.40613096E-01     0.20000000E+02    -0.75685933E-01     0.50000001E-01     0.50000001E-01     0.35498109E-01     108     0.24803814E-02
-0.61000009E+01    -0.11054061E+00     0.40171284E-01     0.20000000E+02    -0.75819358E-01     0.50000001E-01     0.50000001E-01     0.35052303E-01     108     0.24803814E-02
-0.60000000E+01    -0.10488737E+00     0.39732520E-01     0.20000000E+02    -0.75948395E-01     0.50000001E-01     0.50000001E-01     0.34609634E-01     108     0.24803814E-02
-0.59000010E+01    -0.99338382E-01     0.39280765E-01     0.20000000E+02    -0.76076388E-01     0.50000001E-01     0.50000001E-01     0.34153745E-01     108     0.24803814E-02
-0.58000002E+01    -0.94295733E-01     0.38784377E-01     0.20000000E+02    -0.76211929E-01     0.50000001E-01     0.50000001E-01     0.33652429E-01     109     0.17901587E-02
-0.57000012E+01    -0.96391544E-01     0.37605774E-01     0.20000000E+02    -0.76455221E-01     0.50000001E-01     0.50000001E-01     0.32458059E-01     109     0.17901587E-02
-0.56000004E+01    -0.91027081E-01     0.37164386E-01     0.20000000E+02    -0.76565124E-01     0.50000001E-01     0.50000001E-01     0.32012627E-01     109     0.17901587E-02
-0.55000014E+01    -0.85602067E-01     0.36730900E-01     0.20000000E+02    -0.76670632E-01     0.50000001E-01     0.50000001E-01     0.31575255E-01     109     0.17901587E-02
-0.54000006E+01    -0.80269523E-01     0.36293246E-01     0.20000000E+02    -0.76771028E-01     0.50000001E-01     0.50000001E-01     0.31133652E-01     109     0.17901587E-02
-0.53000016E+01    -0.75339518E-01     0.35824396E-01     0.20000000E+02    -0.76870352E-01     0.50000001E-01     0.50000001E-01     0.30660335E-01     109     0.17901587E-02
-0.52000008E+01    -0.78446954E-01     0.34638595E-01     0.20000000E+02    -0.77061214E-01     0.50000001E-01     0.50000001E-01     0.29458323E-01     109     0.17901587E-02
-0.51000013E+01    -0.73520966E-01     0.34196295E-01     0.20000000E+02    -0.77136107E-01     0.50000001E-01     0.50000001E-01     0.29011905E-01     110     0.12126006E-02
-0.50000010E+01    -0.68506829E-01     0.33763196E-01     0.20000000E+02    -0.77205829E-01     0.50000001E-01     0.50000001E-01     0.28574908E-01     110     0.12126006E-02
-0.49000015E+01    -0.63635342E-01     0.33318602E-01     0.20000000E+02    -0.77273585E-01     0.50000001E-01     0.50000001E-01     0.28126245E-01     110     0.12126006E-02
-0.48000007E+01    -0.59636761E-01     0.32812010E-01     0.20000000E+02    -0.77335820E-01     0.50000001E-01     0.50000001E-01     0.27614549E-01     110     0.12126006E-02
-0.47000003E+01    -0.63728824E-01     0.31657878E-01     0.20000000E+02    -0.77430032E-01     0.50000001E-01     0.50000001E-01     0.26444484E-01     110     0.12126006E-02
-0.46000009E+01    -0.59373148E-01     0.31218424E-01     0.20000000E+02    -0.77451237E-01     0.50000001E-01     0.50000001E-01     0.26001025E-01     110     0.12126006E-02
-0.45000000E+01    -0.55163737E-01     0.30766835E-01     0.20000000E+02    -0.77469833E-01     0.50000001E-01     0.50000001E-01     0.25545344E-01     110     0.12126006E-02
-0.44000010E+01    -0.52037966E-01     0.30244257E-01     0.20000000E+02    -0.77473551E-01     0.50000001E-01     0.50000001E-01     0.25017424E-01     110     0.12126006E-02
-0.43000002E+01    -0.58282219E-01     0.29064355E-01     0.20000000E+02    -0.77425428E-01     0.50000001E-01     0.50000001E-01     0.23821132E-01     111     0.74606086E-03
-0.42000012E+01    -0.55074025E-01     0.28598916E-01     0.20000000E+02    -0.77368155E-01     0.50000001E-01     0.50000001E-01     0.23351381E-01     111     0.74606086E-03
-0.41000004E+01    -0.52878819E-01     0.28075684E-01     0.20000000E+02    -0.77287294E-01     0.50000001E-01     0.50000001E-01     0.22822980E-01     111     0.74606086E-03
-0.40000014E+01    -0.63479453E-01     0.26778150E-01     0.20000000E+02    -0.76984383E-01     0.50000001E-01     0.50000001E-01     0.21507535E-01     111     0.74606086E-03
-0.39000006E+01    -0.62877543E-01     0.26232235E-01     0.20000000E+02    -0.76765478E-01     0.50000001E-01     0.50000001E-01     0.20956386E-01     111     0.74606086E-03
-0.38000014E+01    -0.82278401E-01     0.24658430E-01     0.20000000E+02    -0.75865649E-01     0.50000001E-01     0.50000001E-01     0.19361746E-01     111     0.74606086E-03
-0.37000005E+01    -0.14635654E+00     0.21085609E-01     0.20000000E+02    -0.74529864E-01     0.50000001E-01     0.50000001E-01     0.15723927E-01     110     0.12126006E-02
-0.36000016E+01    -0.14034168E+00     0.19488379E-01     0.20000000E+02    -0.78628175E-01     0.50000001E-01     0.50000001E-01     0.14085386E-01     110     0.12126006E-02
-0.35000007E+01    -0.12746035E+00     0.18166320E-01     0.20000000E+02    -0.82918756E-01     0.50000001E-01     0.50000001E-01     0.12724940E-01     111     0.74606086E-03
-0.34000015E+01    -0.11350753E+00     0.17620269E-01     0.20000000E+02    -0.85113682E-01     0.50000001E-01     0.50000001E-01     0.12162887E-01     111     0.74606086E-03
-0.33000009E+01    -0.96028022E-01     0.16577778E-01     0.20000000E+02    -0.89298330E-01     0.50000001E-01     0.50000001E-01     0.11085136E-01     111     0.74606086E-03
-0.32000017E+01    -0.79784788E-01     0.16019356E-01     0.20000000E+02    -0.91880918E-01     0.50000001E-01     0.50000001E-01     0.10507051E-01     111     0.74606086E-03
-0.31000009E+01    -0.60882501E-01     0.15237275E-01     0.20000000E+02    -0.95537975E-01     0.50000001E-01     0.50000001E-01     0.96942680E-02     112     0.38927357E-03
-0.30000000E+01    -0.41203883E-01     0.14495442E-01     0.20000000E+02    -0.99192083E-01     0.50000001E-01     0.50000001E-01     0.89206435E-02     112     0.38927357E-03
-0.29000010E+01    -0.23113929E-01     0.13985291E-01     0.20000000E+02    -0.10190892E+00     0.50000001E-01     0.50000001E-01     0.83871074E-02     112     0.38927357E-03
-0.28000002E+01    -0.46597114E-02     0.13478084E-01     0.20000000E+02    -0.10466184E+00     0.50000001E-01     0.50000001E-01     0.78545455E-02     112     0.38927357E-03
-0.27000012E+01     0.14016061E-01     0.12976221E-01     0.20000000E+02    -0.10741288E+00     0.50000001E-01     0.50000001E-01     0.73252409E-02     113     0.14580940E-03
-0.26000004E+01     0.32186221E-01     0.12532195E-01     0.20000000E+02    -0.10989020E+00     0.50000001E-01     0.50000001E-01     0.68544345E-02     113     0.14580940E-03
-0.25000012E+01     0.49990088E-01     0.12124222E-01     0.20000000E+02    -0.11217967E+00     0.50000001E-01     0.50000001E-01     0.64189881E-02     113     0.14580940E-03
-0.24000003E+01     0.67622930E-01     0.11731518E-01     0.20000000E+02    -0.11437083E+00     0.50000001E-01     0.50000001E-01     0.59960955E-02     113     0.14580940E-03
-0.23000014E+01     0.85671164E-01     0.11305542E-01     0.20000000E+02    -0.11668602E+00     0.50000001E-01     0.50000001E-01     0.55329702E-02     114     0.22011809E-04
-0.22000005E+01     0.99682853E-01     0.11210317E-01     0.20000000E+02    -0.11747980E+00     0.50000001E-01     0.50000001E-01     0.54287366E-02     114     0.22011809E-04
-0.21000013E+01     0.11328273E+00     0.11147456E-01     0.20000000E+02    -0.11811908E+00     0.50000001E-01     0.50000001E-01     0.53598881E-02     114     0.22011809E-04
-0.20000007E+01     0.12679604E+00     0.11091198E-01     0.20000000E+02    -0.11872473E+00     0.50000001E-01     0.50000001E-01     0.52980976E-02     114     0.22011809E-04
-0.19000015E+01     0.14024258E+00     0.11040223E-01     0.20000000E+02    -0.11930228E+00     0.50000001E-01     0.50000001E-01     0.52420134E-02     115     0.52234973E-05
-0.18000008E+01     0.15362786E+00     0.10994144E-01     0.20000000E+02    -0.11985700E+00     0.50000001E-01     0.50000001E-01     0.51909415E-02     115     0.52234973E-05
-0.17000016E+01     0.16695952E+00     0.10951556E-01     0.20000000E+02    -0.12039098E+00     0.50000001E-01     0.50000001E-01     0.51437858E-02     115     0.52234973E-05
-0.16000009E+01     0.18024768E+00     0.10912348E-01     0.20000000E+02    -0.12090705E+00     0.50000001E-01     0.50000001E-01     0.51003015E-02     115     0.52234973E-05
-0.15000000E+01     0.19349720E+00     0.10875955E-01     0.20000000E+02    -0.12140787E+00     0.50000001E-01     0.50000001E-01     0.50598611E-02     116     0.82350911E-04
-0.14000009E+01     0.20671131E+00     0.10842538E-01     0.20000000E+02    -0.12189489E+00     0.50000001E-01     0.50000001E-01     0.50224336E-02     116     0.82350911E-04
-0.13000002E+01     0.21989505E+00     0.10811371E-01     0.20000000E+02    -0.12236909E+00     0.50000001E-01     0.50000001E-01     0.49874643E-02     116     0.82350911E-04
-0.12000011E+01     0.23304312E+00     0.10782335E-01     0.20000000E+02    -0.12283235E+00     0.50000001E-01     0.50000001E-01     0.49548163E-02     116     0.82350911E-04
-0.11000003E+01     0.24617113E+00     0.10755504E-01     0.20000000E+02    -0.12328357E+00     0.50000001E-01     0.50000001E-01     0.49244370E-02     116     0.82350911E-04
-0.10000012E+01     0.25926983E+00     0.10730278E-01     0.20000000E+02    -0.12372576E+00     0.50000001E-01     0.50000001E-01     0.48958883E-02     117     0.24611084E-03
-0.90000039E+00     0.27234656E+00     0.10707168E-01     0.20000000E+02    -0.12415785E+00     0.50000001E-01     0.50000001E-01     0.48694429E-02     117     0.24611084E-03
-0.80000126E+00     0.28539649E+00     0.10685523E-01     0.20000000E+02    -0.12458162E+00     0.50000001E-01     0.50000001E-01     0.48446469E-02     117     0.24611084E-03
-0.70000046E+00     0.29842633E+00     0.10665521E-01     0.20000000E+02    -0.12499680E+00     0.50000001E-01     0.50000001E-01     0.48215427E-02     117     0.24611084E-03
-0.60000139E+00     0.31143525E+00     0.10646965E-01     0.20000000E+02    -0.12540406E+00     0.50000001E-01     0.50000001E-01     0.48000501E-02     118     0.50025358E-03
-0.50000060E+00     0.32442650E+00     0.10629800E-01     0.20000000E+02    -0.12580340E+00     0.50000001E-01     0.50000001E-01     0.47799856E-02     118     0.50025358E-03
-0.40000150E+00     0.33739367E+00     0.10614027E-01     0.20000000E+02    -0.12619598E+00     0.50000001E-01     0.50000001E-01     0.47613941E-02     118     0.50025358E-03
-0.30000070E+00     0.35034534E+00     0.10599561E-01     0.20000000E+02    -0.12658089E+00     0.50000001E-01     0.50000001E-01     0.47441940E-02     118     0.50025358E-03
-0.20000160E+00     0.36327633E+00     0.10586316E-01     0.20000000E+02    -0.12695955E+00     0.50000001E-01     0.50000001E-01     0.47282758E-02     118     0.50025358E-03
-0.10000080E+00     0.37619022E+00     0.10574251E-01     0.20000000E+02    -0.12733127E+00     0.50000001E-01     0.50000001E-01     0.47136894E-02     119     0.85647090E-03
 0.00000000E+00     0.38908395E+00     0.10563389E-01     0.20000000E+02    -0.12769723E+00     0.50000001E-01     0.50000001E-01     0.47003184E-02     119     0.85647090E-03
 0.99999093E-01     0.40196478E+00     0.10553612E-01     0.20000000E+02    -0.12805636E+00     0.50000001E-01     0.50000001E-01     0.46881051E-02     119     0.85647090E-03
 0.19999990E+00     0.41482469E+00     0.10544910E-01     0.20000000E+02    -0.12840997E+00     0.50000001E-01     0.50000001E-01     0.46770354E-02     119     0.85647090E-03
 0.29999900E+00     0.42767140E+00     0.10537264E-01     0.20000000E+02    -0.12875728E+00     0.50000001E-01     0.50000001E-01     0.46670604E-02     119     0.85647090E-03
 0.39999980E+00     0.44049650E+00     0.10530696E-01     0.20000000E+02    -0.12909888E+00     0.50000001E-01     0.50000001E-01     0.46583107E-02     120     0.13216801E-02
 0.49999887E+00     0.45330861E+00     0.10525041E-01     0.20000000E+02    -0.12943542E+00     0.50000001E-01     0.50000001E-01     0.46504731E-02     120     0.13216801E-02
 0.59999967E+00     0.46610096E+00     0.10520376E-01     0.20000000E+02    -0.12976612E+00     0.50000001E-01     0.50000001E-01     0.46436903E-02     120     0.13216801E-02
 0.69999880E+00     0.47888049E+00     0.10516668E-01     0.20000000E+02    -0.13009164E+00     0.50000001E-01     0.50000001E-01     0.46379259E-02     120     0.13216801E-02
 0.79999959E+00     0.49164250E+00     0.10513894E-01     0.20000000E+02    -0.13041165E+00     0.50000001E-01     0.50000001E-01     0.46331417E-02     120     0.13216801E-02
 0.89999866E+00     0.50438827E+00     0.10511825E-01     0.20000000E+02    -0.13072620E+00     0.50000001E-01     0.50000001E-01     0.46292399E-02     121     0.19007844E-02
 0.99999946E+00     0.51711667E+00     0.10510992E-01     0.20000000E+02    -0.13103615E+00     0.50000001E-01     0.50000001E-01     0.46265102E-02     121     0.19007844E-02
 0.10999986E+01     0.52983004E+00     0.10510925E-01     0.20000000E+02    -0.13134035E+00     0.50000001E-01     0.50000001E-01     0.46245921E-02     121     0.19007844E-02
 0.11999993E+01     0.54252988E+00     0.10511607E-01     0.20000000E+02    -0.13163958E+00     0.50000001E-01     0.50000001E-01     0.46235118E-02     121     0.19007844E-02
 0.12999984E+01     0.55521232E+00     0.10513260E-01     0.20000000E+02    -0.13193372E+00     0.50000001E-01     0.50000001E-01     0.46234187E-02     121     0.19007844E-02
 0.13999993E+01     0.56787574E+00     0.10515461E-01     0.20000000E+02    -0.13222346E+00     0.50000001E-01     0.50000001E-01     0.46240669E-02     122     0.25991555E-02
 0.14999983E+01     0.58052278E+00     0.10518965E-01     0.20000000E+02    -0.13250810E+00     0.50000001E-01     0.50000001E-01     0.46259090E-02     122     0.25991555E-02
 0.15999992E+01     0.59315485E+00     0.10522975E-01     0.20000000E+02    -0.13278769E+00     0.50000001E-01     0.50000001E-01     0.46283701E-02     122     0.25991555E-02
 0.16999999E+01     0.60577315E+00     0.10527797E-01     0.20000000E+02    -0.13306221E+00     0.50000001E-01     0.50000001E-01     0.46316786E-02     122     0.25991555E-02
 0.17999990E+01     0.61837000E+00     0.10533432E-01     0.20000000E+02    -0.13333246E+00     0.50000001E-01     0.50000001E-01     0.46358467E-02     122     0.25991555E-02
 0.18999999E+01     0.63095438E+00     0.10539563E-01     0.20000000E+02    -0.13359737E+00     0.50000001E-01     0.50000001E-01     0.46406751E-02     123     0.34217748E-02
 0.19999989E+01     0.64352173E+00     0.10546965E-01     0.20000000E+02    -0.13385791E+00     0.50000001E-01     0.50000001E-01     0.46467194E-02     123     0.34217748E-02
 0.20999997E+01     0.65607160E+00     0.10554926E-01     0.20000000E+02    -0.13411340E+00     0.50000001E-01     0.50000001E-01     0.46533584E-02     123     0.34217748E-02
 0.21999989E+01     0.66860515E+00     0.10563507E-01     0.20000000E+02    -0.13436450E+00     0.50000001E-01     0.50000001E-01     0.46607070E-02     123     0.34217748E-02
 0.22999997E+01     0.68112016E+00     0.10572942E-01     0.20000000E+02    -0.13461031E+00     0.50000001E-01     0.50000001E-01     0.46689101E-02     123     0.34217748E-02
 0.23999987E+01     0.69361913E+00     0.10583094E-01     0.20000000E+02    -0.13485147E+00     0.50000001E-01     0.50000001E-01     0.46780221E-02     124     0.43732501E-02
 0.24999995E+01     0.70610118E+00     0.10593923E-01     0.20000000E+02    -0.13508838E+00     0.50000001E-01     0.50000001E-01     0.46877479E-02     124     0.43732501E-02
 0.25999987E+01     0.71856576E+00     0.10605549E-01     0.20000000E+02    -0.13531987E+00     0.50000001E-01     0.50000001E-01     0.46983091E-02     124     0.43732501E-02
 0.26999993E+01     0.73101264E+00     0.10617905E-01     0.20000000E+02    -0.13554703E+00     0.50000001E-01     0.50000001E-01     0.47096154E-02     124     0.43732501E-02
 0.27999985E+01     0.74344260E+00     0.10630841E-01     0.20000000E+02    -0.13576944E+00     0.50000001E-01     0.50000001E-01     0.47216113E-02     124     0.43732501E-02
 0.28999994E+01     0.75585026E+00     0.10644256E-01     0.20000000E+02    -0.13598748E+00     0.50000001E-01     0.50000001E-01     0.47342428E-02     125     0.54580495E-02
 0.29999983E+01     0.76824450E+00     0.10658668E-01     0.20000000E+02    -0.13620004E+00     0.50000001E-01     0.50000001E-01     0.47477828E-02     125     0.54580495E-02
 0.30999992E+01     0.78061640E+00     0.10674212E-01     0.20000000E+02    -0.13640794E+00     0.50000001E-01     0.50000001E-01     0.47624442E-02     125     0.54580495E-02
 0.31999984E+01     0.79297346E+00     0.10689924E-01     0.20000000E+02    -0.13661128E+00     0.50000001E-01     0.50000001E-01     0.47774152E-02     125     0.54580495E-02
 0.32999990E+01     0.80530882E+00     0.10706477E-01     0.20000000E+02    -0.13680983E+00     0.50000001E-01     0.50000001E-01     0.47932090E-02     125     0.54580495E-02
 0.33999999E+01     0.81762743E+00     0.10723726E-01     0.20000000E+02    -0.13700344E+00     0.50000001E-01     0.50000001E-01     0.48097777E-02     125     0.54580495E-02
 0.34999990E+01     0.82992697E+00     0.10741184E-01     0.20000000E+02    -0.13719265E+00     0.50000001E-01     0.50000001E-01     0.48267962E-02     126     0.66809705E-02
 0.35999999E+01     0.84220541E+00     0.10759763E-01     0.20000000E+02    -0.13737623E+00     0.50000001E-01     0.50000001E-01     0.48447596E-02     126     0.66809705E-02
 0.36999989E+01     0.85446316E+00     0.10779364E-01     0.20000000E+02    -0.13755532E+00     0.50000001E-01     0.50000001E-01     0.48638200E-02     126     0.66809705E-02
 0.37999997E+01     0.86670262E+00     0.10799319E-01     0.20000000E+02    -0.13772929E+00     0.50000001E-01     0.50000001E-01     0.48832567E-02     126     0.66809705E-02
 0.38999987E+01     0.87892044E+00     0.10819966E-01     0.20000000E+02    -0.13789821E+00     0.50000001E-01     0.50000001E-01     0.49034408E-02     126     0.66809705E-02
 0.39999995E+01     0.89111841E+00     0.10840848E-01     0.20000000E+02    -0.13806282E+00     0.50000001E-01     0.50000001E-01     0.49241032E-02     127     0.80471234E-02
 0.40999985E+01     0.90329623E+00     0.10862803E-01     0.20000000E+02    -0.13822155E+00     0.50000001E-01     0.50000001E-01     0.49456982E-02     127     0.80471234E-02
 0.41999993E+01     0.91545022E+00     0.10885409E-01     0.20000000E+02    -0.13837577E+00     0.50000001E-01     0.50000001E-01     0.49679731E-02     127     0.80471234E-02
 0.42999988E+01     0.92758268E+00     0.10908706E-01     0.20000000E+02    -0.13852468E+00     0.50000001E-01     0.50000001E-01     0.49910033E-02     127     0.80471234E-02
 0.43999991E+01     0.93969744E+00     0.10932644E-01     0.20000000E+02    -0.13866866E+00     0.50000001E-01     0.50000001E-01     0.50147339E-02     127     0.80471234E-02
 0.44999986E+01     0.95178556E+00     0.10957611E-01     0.20000000E+02    -0.13880739E+00     0.50000001E-01     0.50000001E-01     0.50395490E-02     127     0.80471234E-02
 0.45999994E+01     0.96385413E+00     0.10982565E-01     0.20000000E+02    -0.13894053E+00     0.50000001E-01     0.50000001E-01     0.50645475E-02     128     0.95619382E-02
 0.47000003E+01     0.97589922E+00     0.11008481E-01     0.20000000E+02    -0.13906895E+00     0.50000001E-01     0.50000001E-01     0.50904234E-02     128     0.95619382E-02
 0.47999973E+01     0.98791784E+00     0.11035180E-01     0.20000000E+02    -0.13919148E+00     0.50000001E-01     0.50000001E-01     0.51170629E-02     128     0.95619382E-02
 0.48999982E+01     0.99991482E+00     0.11062530E-01     0.20000000E+02    -0.13930857E+00     0.50000001E-01     0.50000001E-01     0.51444191E-02     128     0.95619382E-02
 0.49999990E+01     0.10118893E+01     0.11090479E-01     0.20000000E+02    -0.13942051E+00     0.50000001E-01     0.50000001E-01     0.51724492E-02     128     0.95619382E-02
 0.50999999E+01     0.10238366E+01     0.11119016E-01     0.20000000E+02    -0.13952740E+00     0.50000001E-01     0.50000001E-01     0.52013341E-02     129     0.11231796E-01
 0.52000008E+01     0.10357603E+01     0.11148380E-01     0.20000000E+02    -0.13962799E+00     0.50000001E-01     0.50000001E-01     0.52308366E-02     129     0.11231796E-01
 0.52999978E+01     0.10476580E+01     0.11178368E-01     0.20000000E+02    -0.13972339E+00     0.50000001E-01     0.50000001E-01     0.52610491E-02     129     0.11231796E-01
 0.53999987E+01     0.10595307E+01     0.11209011E-01     0.20000000E+02    -0.13981250E+00     0.50000001E-01     0.50000001E-01     0.52919919E-02     129     0.11231796E-01
 0.54999995E+01     0.10713750E+01     0.11240381E-01     0.20000000E+02    -0.13989678E+00     0.50000001E-01     0.50000001E-01     0.53236387E-02     129     0.11231796E-01
 0.56000004E+01     0.10831925E+01     0.11272374E-01     0.20000000E+02    -0.13997465E+00     0.50000001E-01     0.50000001E-01     0.53560184E-02     129     0.11231796E-01
 0.56999979E+01     0.10949867E+01     0.11305019E-01     0.20000000E+02    -0.14004649E+00     0.50000001E-01     0.50000001E-01     0.53893114E-02     130     0.13063635E-01
 0.57999988E+01     0.11067470E+01     0.11338524E-01     0.20000000E+02    -0.14011186E+00     0.50000001E-01     0.50000001E-01     0.54232427E-02     130     0.13063635E-01
 0.58999996E+01     0.11184833E+01     0.11372488E-01     0.20000000E+02    -0.14017211E+00     0.50000001E-01     0.50000001E-01     0.54577580E-02     130     0.13063635E-01
 0.60000000E+01     0.11301827E+01     0.11407256E-01     0.20000000E+02    -0.14022571E+00     0.50000001E-01     0.50000001E-01     0.54930761E-02     130     0.13063635E-01
 0.60999975E+01     0.11418625E+01     0.11442634E-01     0.20000000E+02    -0.14027333E+00     0.50000001E-01     0.50000001E-01     0.55290977E-02     130     0.13063635E-01
 0.61999984E+01     0.11535054E+01     0.11478847E-01     0.20000000E+02    -0.14031434E+00     0.50000001E-01     0.50000001E-01     0.55659530E-02     130     0.13063635E-01
 0.62999992E+01     0.11651188E+01     0.11515773E-01     0.20000000E+02    -0.14034784E+00     0.50000001E-01     0.50000001E-01     0.56038075E-02     131     0.15065445E-01
 0.64000001E+01     0.11765920E+01     0.11559161E-01     0.20000000E+02    -0.14035574E+00     0.49700569E-01     0.50000001E-01     0.56463978E-02     131     0.15065445E-01
 0.65000010E+01     0.11878333E+01     0.11613540E-01     0.20000000E+02    -0.14032140E+00     0.48925187E-01     0.50000001E-01     0.56972150E-02     131     0.15065445E-01
 0.65999980E+01     0.11990981E+01     0.11665423E-01     0.20000000E+02    -0.14029101E+00     0.48260961E-01     0.50000001E-01     0.57464731E-02     131     0.15065445E-01
 0.66999989E+01     0.12103599E+01     0.11716383E-01     0.20000000E+02    -0.14025803E+00     0.47501661E-01     0.50000001E-01     0.57953848E-02     131     0.15065445E-01
 0.67999997E+01     0.12216302E+01     0.11765340E-01     0.20000000E+02    -0.14022651E+00     0.46710812E-01     0.50000001E-01     0.58430694E-02     131     0.15065445E-01
 0.69000006E+01     0.12321302E+01     0.11852446E-01     0.20000000E+02    -0.14005555E+00     0.44181455E-01     0.50000001E-01     0.59172940E-02     132     0.17246265E-01
 0.69999981E+01     0.12431679E+01     0.11910065E-01     0.20000000E+02    -0.13998085E+00     0.43561891E-01     0.50000001E-01     0.59721633E-02     132     0.17246265E-01
 0.70999990E+01     0.12542272E+01     0.11965336E-01     0.20000000E+02    -0.13990954E+00     0.43065257E-01     0.50000001E-01     0.60256016E-02     132     0.17246265E-01
 0.71999998E+01     0.12652590E+01     0.12020648E-01     0.20000000E+02    -0.13983171E+00     0.42497344E-01     0.50000001E-01     0.60792738E-02     132     0.17246265E-01
 0.73000002E+01     0.12762908E+01     0.12074509E-01     0.20000000E+02    -0.13975288E+00     0.41913971E-01     0.50000001E-01     0.61322125E-02     132     0.17246265E-01
 0.73999977E+01     0.12865906E+01     0.12162152E-01     0.20000000E+02    -0.13954343E+00     0.39634880E-01     0.50000001E-01     0.62092664E-02     132     0.17246265E-01
 0.74999986E+01     0.12981669E+01     0.12186749E-01     0.20000000E+02    -0.13956176E+00     0.40817320E-01     0.50000001E-01     0.62408019E-02     133     0.19616185E-01
 0.75999994E+01     0.13080999E+01     0.12287962E-01     0.20000000E+02    -0.13928406E+00     0.38604859E-01     0.50000001E-01     0.63310838E-02     133     0.19616185E-01
 0.77000003E+01     0.13188121E+01     0.12349771E-01     0.20000000E+02    -0.13914658E+00     0.38135540E-01     0.50000001E-01     0.63914210E-02     133     0.19616185E-01
 0.77999973E+01     0.13295193E+01     0.12410586E-01     0.20000000E+02    -0.13900639E+00     0.37684545E-01     0.50000001E-01     0.64513572E-02     133     0.19616185E-01
 0.78999982E+01     0.13401852E+01     0.12471318E-01     0.20000000E+02    -0.13885911E+00     0.37170514E-01     0.50000001E-01     0.65114466E-02     133     0.19616185E-01
 0.79999990E+01     0.13508220E+01     0.12532360E-01     0.20000000E+02    -0.13870487E+00     0.36744714E-01     0.50000001E-01     0.65706284E-02     133     0.19616185E-01
 0.81000004E+01     0.13613546E+01     0.12595730E-01     0.20000000E+02    -0.13853222E+00     0.36343127E-01     0.50000001E-01     0.66333637E-02     133     0.19616185E-01
 0.82000008E+01     0.13717777E+01     0.12661903E-01     0.20000000E+02    -0.13833897E+00     0.35901260E-01     0.50000001E-01     0.66990033E-02     134     0.22186713E-01
 0.82999983E+01     0.13821037E+01     0.12729074E-01     0.20000000E+02    -0.13812749E+00     0.35497341E-01     0.50000001E-01     0.67654816E-02     134     0.22186713E-01
 0.83999987E+01     0.13923501E+01     0.12795307E-01     0.20000000E+02    -0.13790067E+00     0.35210133E-01     0.50000001E-01     0.68315919E-02     134     0.22186713E-01
 0.85000000E+01     0.14023021E+01     0.12869250E-01     0.20000000E+02    -0.13761826E+00     0.34741696E-01     0.50000001E-01     0.69041150E-02     134     0.22186713E-01
 0.86000004E+01     0.14113625E+01     0.12975099E-01     0.20000000E+02    -0.13717654E+00     0.32988232E-01     0.50000001E-01     0.70023299E-02     134     0.22186713E-01
 0.86999979E+01     0.14212995E+01     0.13042299E-01     0.20000000E+02    -0.13688914E+00     0.32656070E-01     0.50000001E-01     0.70687626E-02     134     0.22186713E-01
 0.87999983E+01     0.14310868E+01     0.13111876E-01     0.20000000E+02    -0.13657467E+00     0.32375436E-01     0.50000001E-01     0.71389973E-02     135     0.24970656E-01
 0.88999996E+01     0.14406416E+01     0.13186093E-01     0.20000000E+02    -0.13621633E+00     0.31969223E-01     0.50000001E-01     0.72131138E-02     135     0.24970656E-01
 0.90000000E+01     0.14501232E+01     0.13259227E-01     0.20000000E+02    -0.13584332E+00     0.31693451E-01     0.50000001E-01     0.72868099E-02     135     0.24970656E-01
 0.90999975E+01     0.14594374E+01     0.13334923E-01     0.20000000E+02    -0.13544159E+00     0.31408943E-01     0.50000001E-01     0.73630391E-02     135     0.24970656E-01
 0.91999989E+01     0.14685887E+01     0.13413212E-01     0.20000000E+02    -0.13500904E+00     0.31114776E-01     0.50000001E-01     0.74418071E-02     135     0.24970656E-01
 0.92999992E+01     0.14775738E+01     0.13494788E-01     0.20000000E+02    -0.13454674E+00     0.30814573E-01     0.50000001E-01     0.75237243E-02     135     0.24970656E-01
 0.94000006E+01     0.14864625E+01     0.13578041E-01     0.20000000E+02    -0.13406760E+00     0.30551104E-01     0.50000001E-01     0.76074223E-02     135     0.24970656E-01
 0.94999971E+01     0.14942033E+01     0.13695888E-01     0.20000000E+02    -0.13338237E+00     0.29150274E-01     0.50000001E-01     0.77206390E-02     136     0.27982261E-01
 0.95999985E+01     0.15028397E+01     0.13777717E-01     0.20000000E+02    -0.13285527E+00     0.28872410E-01     0.50000001E-01     0.78040725E-02     136     0.27982261E-01
 0.96999989E+01     0.15085170E+01     0.13857372E-01     0.20000000E+02    -0.13173908E+00     0.28571269E-01     0.50000001E-01     0.78856032E-02     136     0.27982261E-01
 0.98000002E+01     0.15093451E+01     0.13896072E-01     0.20000000E+02    -0.12963405E+00     0.29464893E-01     0.50000001E-01     0.79374667E-02     136     0.27982261E-01
 0.99000006E+01     0.15138419E+01     0.13984713E-01     0.20000000E+02    -0.12829642E+00     0.29280882E-01     0.50000001E-01     0.80308151E-02     136     0.27982261E-01
 0.99999981E+01     0.15199082E+01     0.14129893E-01     0.20000000E+02    -0.12730394E+00     0.28036783E-01     0.50000001E-01     0.81733782E-02     136     0.27982261E-01
 0.10099998E+02     0.15275855E+01     0.14250050E-01     0.20000000E+02    -0.12661892E+00     0.27812986E-01     0.50000001E-01     0.82958099E-02     136     0.27982261E-01
 0.10200000E+02     0.15355204E+01     0.14370264E-01     0.20000000E+02    -0.12599005E+00     0.27620496E-01     0.50000001E-01     0.84182918E-02     136     0.27982261E-01
 0.10300000E+02     0.15418262E+01     0.14548187E-01     0.20000000E+02    -0.12508674E+00     0.26459737E-01     0.50000001E-01     0.85921381E-02     136     0.27982261E-01
 0.10399998E+02     0.15509174E+01     0.14625491E-01     0.20000000E+02    -0.12466407E+00     0.27168985E-01     0.50000001E-01     0.86781494E-02     137     0.31237058E-01
 0.10499999E+02     0.15582443E+01     0.14762084E-01     0.20000000E+02    -0.12394160E+00     0.26928175E-01     0.50000001E-01     0.88168941E-02     137     0.31237058E-01
 0.10599999E+02     0.15644351E+01     0.14941579E-01     0.20000000E+02    -0.12303887E+00     0.25737716E-01     0.50000001E-01     0.89938212E-02     137     0.31237058E-01
 0.10700000E+02     0.15720273E+01     0.15073841E-01     0.20000000E+02    -0.12237686E+00     0.25517808E-01     0.50000001E-01     0.91291899E-02     137     0.31237058E-01
 0.10799997E+02     0.15791475E+01     0.15214559E-01     0.20000000E+02    -0.12163599E+00     0.25299065E-01     0.50000001E-01     0.92722680E-02     137     0.31237058E-01
 0.10899999E+02     0.15862619E+01     0.15357370E-01     0.20000000E+02    -0.12090206E+00     0.25134575E-01     0.50000001E-01     0.94187334E-02     137     0.31237058E-01
 0.10999999E+02     0.15934008E+01     0.15505096E-01     0.20000000E+02    -0.12018397E+00     0.24889749E-01     0.50000001E-01     0.95696840E-02     137     0.31237058E-01
 0.11100000E+02     0.16003233E+01     0.15657395E-01     0.20000000E+02    -0.11943221E+00     0.24716344E-01     0.50000001E-01     0.97258016E-02     137     0.31237058E-01
 0.11200001E+02     0.16068033E+01     0.15818568E-01     0.20000000E+02    -0.11861118E+00     0.24531648E-01     0.50000001E-01     0.98915994E-02     138     0.34752071E-01
 0.11299998E+02     0.16134267E+01     0.15982432E-01     0.20000000E+02    -0.11782649E+00     0.24342755E-01     0.50000001E-01     0.10059551E-01     138     0.34752071E-01
 0.11399999E+02     0.16199094E+01     0.16154768E-01     0.20000000E+02    -0.11702966E+00     0.24124056E-01     0.50000001E-01     0.10235766E-01     138     0.34752071E-01
 0.11500000E+02     0.16260289E+01     0.16331064E-01     0.20000000E+02    -0.11617526E+00     0.24036679E-01     0.50000001E-01     0.10417393E-01     138     0.34752071E-01
 0.11600000E+02     0.16319051E+01     0.16522700E-01     0.20000000E+02    -0.11529872E+00     0.23806592E-01     0.50000001E-01     0.10613313E-01     138     0.34752071E-01
 0.11699998E+02     0.16378880E+01     0.16717132E-01     0.20000000E+02    -0.11445395E+00     0.23604728E-01     0.50000001E-01     0.10812274E-01     138     0.34752071E-01
 0.11799999E+02     0.16432675E+01     0.16925143E-01     0.20000000E+02    -0.11351779E+00     0.23458080E-01     0.50000001E-01     0.11025912E-01     138     0.34752071E-01
 0.11900000E+02     0.16489844E+01     0.17128993E-01     0.20000000E+02    -0.11265239E+00     0.23343273E-01     0.50000001E-01     0.11235458E-01     138     0.34752071E-01
 0.12000000E+02     0.16542889E+01     0.17351037E-01     0.20000000E+02    -0.11173767E+00     0.23146791E-01     0.50000001E-01     0.11463543E-01     139     0.38545102E-01
 0.12099998E+02     0.16592927E+01     0.17583685E-01     0.20000000E+02    -0.11078946E+00     0.23016058E-01     0.50000001E-01     0.11702983E-01     139     0.38545102E-01
 0.12199999E+02     0.16645103E+01     0.17819328E-01     0.20000000E+02    -0.10989287E+00     0.22815296E-01     0.50000001E-01     0.11944958E-01     139     0.38545102E-01
 0.12299999E+02     0.16688935E+01     0.18079886E-01     0.20000000E+02    -0.10888733E+00     0.22637492E-01     0.50000001E-01     0.12213262E-01     139     0.38545102E-01
 0.12400001E+02     0.16737169E+01     0.18337760E-01     0.20000000E+02    -0.10797058E+00     0.22442382E-01     0.50000001E-01     0.12478415E-01     139     0.38545102E-01
 0.12499997E+02     0.16777000E+01     0.18624960E-01     0.20000000E+02    -0.10695339E+00     0.22287304E-01     0.50000001E-01     0.12773395E-01     139     0.38545102E-01
 0.12599998E+02     0.16818700E+01     0.18917385E-01     0.20000000E+02    -0.10598846E+00     0.22129139E-01     0.50000001E-01     0.13074209E-01     139     0.38545102E-01
 0.12699999E+02     0.16852716E+01     0.19243540E-01     0.20000000E+02    -0.10494391E+00     0.22038929E-01     0.50000001E-01     0.13410271E-01     139     0.38545102E-01
 0.12800000E+02     0.16890744E+01     0.19568313E-01     0.20000000E+02    -0.10398728E+00     0.21968506E-01     0.50000001E-01     0.13744805E-01     139     0.38545102E-01
 0.12900001E+02     0.16917592E+01     0.19940551E-01     0.20000000E+02    -0.10291503E+00     0.21891933E-01     0.50000001E-01     0.14128523E-01     139     0.38545102E-01
 0.12999998E+02     0.16913359E+01     0.20469323E-01     0.20000000E+02    -0.10151942E+00     0.21084942E-01     0.50000001E-01     0.14667379E-01     139     0.38545102E-01
 0.13099999E+02     0.16931039E+01     0.20920862E-01     0.20000000E+02    -0.10044130E+00     0.20971466E-01     0.50000001E-01     0.15132035E-01     140     0.42634714E-01
 0.13200000E+02     0.16946443E+01     0.21397995E-01     0.20000000E+02    -0.99388689E-01     0.20915078E-01     0.50000001E-01     0.15623344E-01     140     0.42634714E-01
 0.13300000E+02     0.16945599E+01     0.21977717E-01     0.20000000E+02    -0.98231450E-01     0.20740122E-01     0.50000001E-01     0.16218847E-01     140     0.42634714E-01
 0.13399998E+02     0.16940849E+01     0.22606857E-01     0.20000000E+02    -0.97116739E-01     0.20646840E-01     0.50000001E-01     0.16865805E-01     140     0.42634714E-01
 0.13499999E+02     0.16931443E+01     0.23291199E-01     0.20000000E+02    -0.96049145E-01     0.20642661E-01     0.50000001E-01     0.17570185E-01     140     0.42634714E-01
 0.13599999E+02     0.16904444E+01     0.24122169E-01     0.20000000E+02    -0.94946884E-01     0.20534994E-01     0.50000001E-01     0.18424273E-01     140     0.42634714E-01
 0.13700001E+02     0.16856995E+01     0.25130602E-01     0.20000000E+02    -0.93834959E-01     0.20433042E-01     0.50000001E-01     0.19460414E-01     140     0.42634714E-01
 0.13799997E+02     0.16805485E+01     0.26236586E-01     0.20000000E+02    -0.92859454E-01     0.20351492E-01     0.50000001E-01     0.20595944E-01     140     0.42634714E-01
 0.13899999E+02     0.16715171E+01     0.27705528E-01     0.20000000E+02    -0.91892771E-01     0.20270843E-01     0.50000001E-01     0.22103518E-01     140     0.42634714E-01
 0.13999999E+02     0.16604468E+01     0.29454524E-01     0.20000000E+02    -0.91110177E-01     0.20261001E-01     0.50000001E-01     0.23897436E-01     140     0.42634714E-01
 0.14100000E+02     0.16450235E+01     0.31714365E-01     0.20000000E+02    -0.90523526E-01     0.20210709E-01     0.50000001E-01     0.26212644E-01     140     0.42634714E-01
 0.14199998E+02     0.16263139E+01     0.34467887E-01     0.20000000E+02    -0.90264931E-01     0.20365110E-01     0.50000001E-01     0.29032029E-01     140     0.42634714E-01
 0.14400000E+02     0.15449368E+01     0.44984616E-01     0.20000000E+02    -0.91050699E-01     0.20576824E-01     0.50000001E-01     0.39775703E-01     140     0.42634714E-01
 0.14500000E+02     0.14633977E+01     0.54173965E-01     0.20000000E+02    -0.91734156E-01     0.21023916E-01     0.50000001E-01     0.49149390E-01     139     0.38545102E-01
 0.14600000E+02     0.13824720E+01     0.62700778E-01     0.20000000E+02    -0.92102319E-01     0.22129523E-01     0.50000001E-01     0.57845179E-01     139     0.38545102E-01
 0.14699998E+02     0.13271787E+01     0.69063134E-01     0.20000000E+02    -0.92924736E-01     0.22325855E-01     0.50000001E-01     0.64318739E-01     138     0.34752071E-01
 0.14799999E+02     0.13022357E+01     0.72701290E-01     0.20000000E+02    -0.93690827E-01     0.22404687E-01     0.50000001E-01     0.68016253E-01     138     0.34752071E-01
 0.14900000E+02     0.12827108E+01     0.75990163E-01     0.20000000E+02    -0.94594181E-01     0.22509156E-01     0.50000001E-01     0.71355678E-01     138     0.34752071E-01
 0.15000001E+02     0.12786266E+01     0.77498674E-01     0.20000000E+02    -0.94920114E-01     0.22322224E-01     0.50000001E-01     0.72882466E-01     138     0.34752071E-01
 0.15099998E+02     0.12636945E+01     0.80474898E-01     0.20000000E+02    -0.95942095E-01     0.22554815E-01     0.50000001E-01     0.75904414E-01     138     0.34752071E-01
 0.15199999E+02     0.12596171E+01     0.82026221E-01     0.20000000E+02    -0.96359536E-01     0.21728355E-01     0.50000001E-01     0.77468514E-01     138     0.34752071E-01
 0.15299999E+02     0.12470174E+01     0.84871672E-01     0.20000000E+02    -0.97495362E-01     0.21665152E-01     0.50000001E-01     0.80353878E-01     138     0.34752071E-01
 0.15400001E+02     0.12464445E+01     0.86118691E-01     0.20000000E+02    -0.97868800E-01     0.21537500E-01     0.50000001E-01     0.81614062E-01     138     0.34752071E-01
 0.15499998E+02     0.12367018E+01     0.88666156E-01     0.20000000E+02    -0.98964274E-01     0.21516196E-01     0.50000001E-01     0.84196880E-01     138     0.34752071E-01
 0.15599998E+02     0.12390081E+01     0.89688465E-01     0.20000000E+02    -0.99330157E-01     0.22211976E-01     0.50000001E-01     0.85236177E-01     138     0.34752071E-01
 0.15699999E+02     0.12376716E+01     0.91004543E-01     0.20000000E+02    -0.99781968E-01     0.21484781E-01     0.50000001E-01     0.86561836E-01     139     0.38545102E-01
 0.15800000E+02     0.12390842E+01     0.92066653E-01     0.20000000E+02    -0.10017642E+00     0.21764116E-01     0.50000001E-01     0.87638535E-01     139     0.38545102E-01
 0.15899998E+02     0.12320368E+01     0.94437964E-01     0.20000000E+02    -0.10130899E+00     0.21951819E-01     0.50000001E-01     0.90043083E-01     139     0.38545102E-01
 0.15999998E+02     0.12304969E+01     0.95803991E-01     0.20000000E+02    -0.10184504E+00     0.21018833E-01     0.50000001E-01     0.91415808E-01     139     0.38545102E-01
 0.16099998E+02     0.12317455E+01     0.96847966E-01     0.20000000E+02    -0.10222006E+00     0.20887800E-01     0.50000001E-01     0.92469603E-01     139     0.38545102E-01
 0.16200001E+02     0.12251732E+01     0.99211946E-01     0.20000000E+02    -0.10343424E+00     0.20965565E-01     0.50000001E-01     0.94865441E-01     139     0.38545102E-01
 0.16300001E+02     0.12261542E+01     0.10033838E+00     0.20000000E+02    -0.10392784E+00     0.20683648E-01     0.50000001E-01     0.96001446E-01     139     0.38545102E-01
 0.16399998E+02     0.12284224E+01     0.10130477E+00     0.20000000E+02    -0.10434731E+00     0.20660635E-01     0.50000001E-01     0.96976906E-01     139     0.38545102E-01
 0.16499998E+02     0.12312362E+01     0.10220096E+00     0.20000000E+02    -0.10473435E+00     0.20708364E-01     0.50000001E-01     0.97883545E-01     139     0.38545102E-01
 0.16600000E+02     0.12272160E+01     0.10427975E+00     0.20000000E+02    -0.10585609E+00     0.21155808E-01     0.50000001E-01     0.99994339E-01     139     0.38545102E-01
 0.16700001E+02     0.12261380E+01     0.10563106E+00     0.20000000E+02    -0.10648246E+00     0.20300444E-01     0.50000001E-01     0.10135039E+00     139     0.38545102E-01
 0.16799997E+02     0.12287638E+01     0.10654215E+00     0.20000000E+02    -0.10689670E+00     0.20175602E-01     0.50000001E-01     0.10227007E+00     139     0.38545102E-01
 0.16900000E+02     0.12315314E+01     0.10748751E+00     0.20000000E+02    -0.10737993E+00     0.20050004E-01     0.50000001E-01     0.10322361E+00     139     0.38545102E-01
