  
       RFOIL         Version 3.00
  
 Calculated polar for: OSO_2025_WT2_T36                
  
 1  Reynolds number fixed
  
 xtrf =      0.05000000 (suction)     0.05000000 (pressure)
 Rot. Parameters:  f0 =      1.00000000 c/r =      0.00000000
 Mach =      0.00000000     Re =      9.00000000 e 6     Ncrit =      3.00000000
  
             alpha                CL                CD            Re(CL)                CM             S_xtr             P_xtr               CDp            I_stag            X_stag
  ------- -------- --------- --------- -------- ------- ------- -------- 
-0.13900002E+02    -0.34922388E+00     0.10941448E+00     0.90000000E+01    -0.30266998E-01     0.50000001E-01     0.50000001E-01     0.10414629E+00      93     0.13668647E-01
-0.13800001E+02    -0.34329328E+00     0.10881288E+00     0.90000000E+01    -0.30748561E-01     0.50000001E-01     0.50000001E-01     0.10353835E+00      93     0.13668647E-01
-0.13700001E+02    -0.33732602E+00     0.10822156E+00     0.90000000E+01    -0.31223372E-01     0.50000001E-01     0.50000001E-01     0.10294074E+00      94     0.12147127E-01
-0.13600001E+02    -0.33150819E+00     0.10761190E+00     0.90000000E+01    -0.31677231E-01     0.50000001E-01     0.50000001E-01     0.10232467E+00      94     0.12147127E-01
-0.13500001E+02    -0.32568327E+00     0.10698278E+00     0.90000000E+01    -0.32153651E-01     0.50000001E-01     0.50000001E-01     0.10168887E+00      94     0.12147127E-01
-0.13400001E+02    -0.32010037E+00     0.10628671E+00     0.90000000E+01    -0.32697044E-01     0.50000001E-01     0.50000001E-01     0.10098477E+00      94     0.12147127E-01
-0.13300000E+02    -0.31546539E+00     0.10546190E+00     0.90000000E+01    -0.33226520E-01     0.50000001E-01     0.50000001E-01     0.10015037E+00      94     0.12147127E-01
-0.13200001E+02    -0.31203368E+00     0.10439631E+00     0.90000000E+01    -0.33861127E-01     0.50000001E-01     0.50000001E-01     0.99072285E-01      94     0.12147127E-01
-0.13100000E+02    -0.30603397E+00     0.10377319E+00     0.90000000E+01    -0.34353450E-01     0.50000001E-01     0.50000001E-01     0.98442934E-01      95     0.10720035E-01
-0.13000001E+02    -0.30006856E+00     0.10316531E+00     0.90000000E+01    -0.34816500E-01     0.50000001E-01     0.50000001E-01     0.97828895E-01      95     0.10720035E-01
-0.12900001E+02    -0.29410571E+00     0.10255774E+00     0.90000000E+01    -0.35239764E-01     0.50000001E-01     0.50000001E-01     0.97214833E-01      95     0.10720035E-01
-0.12800001E+02    -0.28812477E+00     0.10199463E+00     0.90000000E+01    -0.35670798E-01     0.50000001E-01     0.50000001E-01     0.96646033E-01      95     0.10720035E-01
-0.12700001E+02    -0.28205639E+00     0.10139579E+00     0.90000000E+01    -0.36137465E-01     0.50000001E-01     0.50000001E-01     0.96040964E-01      95     0.10720035E-01
-0.12600001E+02    -0.27612105E+00     0.10077297E+00     0.90000000E+01    -0.36604106E-01     0.50000001E-01     0.50000001E-01     0.95411561E-01      95     0.10720035E-01
-0.12500001E+02    -0.27046973E+00     0.10013192E+00     0.90000000E+01    -0.37042383E-01     0.50000001E-01     0.50000001E-01     0.94763719E-01      96     0.93848221E-02
-0.12400002E+02    -0.26528975E+00     0.99369735E-01     0.90000000E+01    -0.37553139E-01     0.50000001E-01     0.50000001E-01     0.93992680E-01      96     0.93848221E-02
-0.12300001E+02    -0.26230702E+00     0.98247968E-01     0.90000000E+01    -0.38163628E-01     0.50000001E-01     0.50000001E-01     0.92858300E-01      96     0.93848221E-02
-0.12200001E+02    -0.25650418E+00     0.97615175E-01     0.90000000E+01    -0.38607199E-01     0.50000001E-01     0.50000001E-01     0.92218883E-01      96     0.93848221E-02
-0.12100001E+02    -0.25036639E+00     0.96988596E-01     0.90000000E+01    -0.39053671E-01     0.50000001E-01     0.50000001E-01     0.91586120E-01      96     0.93848221E-02
-0.12000000E+02    -0.24428916E+00     0.96409790E-01     0.90000000E+01    -0.39478902E-01     0.50000001E-01     0.50000001E-01     0.91001622E-01      96     0.93848221E-02
-0.11900001E+02    -0.23824148E+00     0.95823042E-01     0.90000000E+01    -0.39893705E-01     0.50000001E-01     0.50000001E-01     0.90408944E-01      96     0.93848221E-02
-0.11800000E+02    -0.23221645E+00     0.95262885E-01     0.90000000E+01    -0.40295668E-01     0.50000001E-01     0.50000001E-01     0.89843370E-01      97     0.81395451E-02
-0.11700001E+02    -0.22625010E+00     0.94634071E-01     0.90000000E+01    -0.40725648E-01     0.50000001E-01     0.50000001E-01     0.89208193E-01      97     0.81395451E-02
-0.11600000E+02    -0.22039370E+00     0.93987271E-01     0.90000000E+01    -0.41177575E-01     0.50000001E-01     0.50000001E-01     0.88554941E-01      97     0.81395451E-02
-0.11500001E+02    -0.21527830E+00     0.93249440E-01     0.90000000E+01    -0.41632153E-01     0.50000001E-01     0.50000001E-01     0.87808646E-01      97     0.81395451E-02
-0.11400001E+02    -0.21226265E+00     0.92163727E-01     0.90000000E+01    -0.42210668E-01     0.50000001E-01     0.50000001E-01     0.86710110E-01      97     0.81395451E-02
-0.11300001E+02    -0.20625260E+00     0.91528915E-01     0.90000000E+01    -0.42639665E-01     0.50000001E-01     0.50000001E-01     0.86069331E-01      97     0.81395451E-02
-0.11200001E+02    -0.20023879E+00     0.90968296E-01     0.90000000E+01    -0.43018494E-01     0.50000001E-01     0.50000001E-01     0.85502684E-01      98     0.69827633E-02
-0.11100001E+02    -0.19406408E+00     0.90396672E-01     0.90000000E+01    -0.43420460E-01     0.50000001E-01     0.50000001E-01     0.84925696E-01      98     0.69827633E-02
-0.11000001E+02    -0.18789239E+00     0.89812711E-01     0.90000000E+01    -0.43832894E-01     0.50000001E-01     0.50000001E-01     0.84335968E-01      98     0.69827633E-02
-0.10900001E+02    -0.18175596E+00     0.89237325E-01     0.90000000E+01    -0.44223920E-01     0.50000001E-01     0.50000001E-01     0.83755292E-01      98     0.69827633E-02
-0.10800001E+02    -0.17573768E+00     0.88645734E-01     0.90000000E+01    -0.44612940E-01     0.50000001E-01     0.50000001E-01     0.83157741E-01      98     0.69827633E-02
-0.10700001E+02    -0.16992234E+00     0.88027723E-01     0.90000000E+01    -0.44997826E-01     0.50000001E-01     0.50000001E-01     0.82533933E-01      98     0.69827633E-02
-0.10600001E+02    -0.16461793E+00     0.87297492E-01     0.90000000E+01    -0.45441560E-01     0.50000001E-01     0.50000001E-01     0.81796169E-01      98     0.69827633E-02
-0.10500001E+02    -0.16165443E+00     0.86190239E-01     0.90000000E+01    -0.45980290E-01     0.50000001E-01     0.50000001E-01     0.80675803E-01      99     0.59136827E-02
-0.10400002E+02    -0.15562315E+00     0.85613206E-01     0.90000000E+01    -0.46377178E-01     0.50000001E-01     0.50000001E-01     0.80092713E-01      99     0.59136827E-02
-0.10300000E+02    -0.14940420E+00     0.85048325E-01     0.90000000E+01    -0.46777684E-01     0.50000001E-01     0.50000001E-01     0.79522692E-01      99     0.59136827E-02
-0.10200001E+02    -0.14324862E+00     0.84473446E-01     0.90000000E+01    -0.47133274E-01     0.50000001E-01     0.50000001E-01     0.78942522E-01      99     0.59136827E-02
-0.10100000E+02    -0.13706945E+00     0.83926804E-01     0.90000000E+01    -0.47490936E-01     0.50000001E-01     0.50000001E-01     0.78390583E-01      99     0.59136827E-02
-0.10000001E+02    -0.13083391E+00     0.83348528E-01     0.90000000E+01    -0.47870420E-01     0.50000001E-01     0.50000001E-01     0.77806994E-01      99     0.59136827E-02
-0.99000006E+01    -0.12477612E+00     0.82757629E-01     0.90000000E+01    -0.48247021E-01     0.50000001E-01     0.50000001E-01     0.77210493E-01     100     0.49317535E-02
-0.98000011E+01    -0.11885346E+00     0.82146145E-01     0.90000000E+01    -0.48622839E-01     0.50000001E-01     0.50000001E-01     0.76593071E-01     100     0.49317535E-02
-0.97000008E+01    -0.11416408E+00     0.81356645E-01     0.90000000E+01    -0.49036454E-01     0.50000001E-01     0.50000001E-01     0.75795375E-01     100     0.49317535E-02
-0.96000013E+01    -0.11069028E+00     0.80352411E-01     0.90000000E+01    -0.49534086E-01     0.50000001E-01     0.50000001E-01     0.74779257E-01     100     0.49317535E-02
-0.95000010E+01    -0.10451388E+00     0.79791516E-01     0.90000000E+01    -0.49888451E-01     0.50000001E-01     0.50000001E-01     0.74213326E-01     100     0.49317535E-02
-0.94000006E+01    -0.98249771E-01     0.79235114E-01     0.90000000E+01    -0.50251115E-01     0.50000001E-01     0.50000001E-01     0.73651895E-01     100     0.49317535E-02
-0.93000011E+01    -0.92024453E-01     0.78682959E-01     0.90000000E+01    -0.50586641E-01     0.50000001E-01     0.50000001E-01     0.73094606E-01     100     0.49317535E-02
-0.91999998E+01    -0.85747637E-01     0.78131825E-01     0.90000000E+01    -0.50941892E-01     0.50000001E-01     0.50000001E-01     0.72538570E-01     101     0.40368550E-02
-0.91000013E+01    -0.79512715E-01     0.77570759E-01     0.90000000E+01    -0.51295608E-01     0.50000001E-01     0.50000001E-01     0.71972333E-01     101     0.40368550E-02
-0.90000000E+01    -0.73538765E-01     0.76999761E-01     0.90000000E+01    -0.51628027E-01     0.50000001E-01     0.50000001E-01     0.71395971E-01     101     0.40368550E-02
-0.89000015E+01    -0.67752190E-01     0.76374844E-01     0.90000000E+01    -0.52006591E-01     0.50000001E-01     0.50000001E-01     0.70764966E-01     101     0.40368550E-02
-0.88000002E+01    -0.64692236E-01     0.75337499E-01     0.90000000E+01    -0.52470040E-01     0.50000001E-01     0.50000001E-01     0.69715627E-01     101     0.40368550E-02
-0.87000017E+01    -0.59117198E-01     0.74683107E-01     0.90000000E+01    -0.52841350E-01     0.50000001E-01     0.50000001E-01     0.69054693E-01     101     0.40368550E-02
-0.86000004E+01    -0.52899800E-01     0.74130282E-01     0.90000000E+01    -0.53173248E-01     0.50000001E-01     0.50000001E-01     0.68497002E-01     102     0.32292409E-02
-0.85000019E+01    -0.46585683E-01     0.73590279E-01     0.90000000E+01    -0.53499490E-01     0.50000001E-01     0.50000001E-01     0.67952178E-01     102     0.32292409E-02
-0.84000006E+01    -0.40366579E-01     0.73050551E-01     0.90000000E+01    -0.53812653E-01     0.50000001E-01     0.50000001E-01     0.67407869E-01     102     0.32292409E-02
-0.83000011E+01    -0.34024887E-01     0.72511882E-01     0.90000000E+01    -0.54140206E-01     0.50000001E-01     0.50000001E-01     0.66864304E-01     102     0.32292409E-02
-0.82000008E+01    -0.27830003E-01     0.71961299E-01     0.90000000E+01    -0.54467533E-01     0.50000001E-01     0.50000001E-01     0.66308819E-01     102     0.32292409E-02
-0.81000013E+01    -0.21914113E-01     0.71381189E-01     0.90000000E+01    -0.54793283E-01     0.50000001E-01     0.50000001E-01     0.65723538E-01     102     0.32292409E-02
-0.80000010E+01    -0.16793439E-01     0.70668094E-01     0.90000000E+01    -0.55157311E-01     0.50000001E-01     0.50000001E-01     0.65002918E-01     102     0.32292409E-02
-0.79000001E+01    -0.13543518E-01     0.69675408E-01     0.90000000E+01    -0.55594649E-01     0.50000001E-01     0.50000001E-01     0.63998863E-01     103     0.25093697E-02
-0.78000011E+01    -0.73563047E-02     0.69131225E-01     0.90000000E+01    -0.55902641E-01     0.50000001E-01     0.50000001E-01     0.63449904E-01     103     0.25093697E-02
-0.77000003E+01    -0.10325758E-02     0.68618760E-01     0.90000000E+01    -0.56203440E-01     0.50000001E-01     0.50000001E-01     0.62933065E-01     103     0.25093697E-02
-0.76000009E+01     0.53302408E-02     0.68093263E-01     0.90000000E+01    -0.56508031E-01     0.50000001E-01     0.50000001E-01     0.62403079E-01     103     0.25093697E-02
-0.75000005E+01     0.11694687E-01     0.67561008E-01     0.90000000E+01    -0.56816954E-01     0.50000001E-01     0.50000001E-01     0.61866220E-01     103     0.25093697E-02
-0.74000010E+01     0.17983178E-01     0.67029268E-01     0.90000000E+01    -0.57119887E-01     0.50000001E-01     0.50000001E-01     0.61329950E-01     103     0.25093697E-02
-0.73000002E+01     0.24078626E-01     0.66492379E-01     0.90000000E+01    -0.57425208E-01     0.50000001E-01     0.50000001E-01     0.60788099E-01     104     0.18779053E-02
-0.72000012E+01     0.29568911E-01     0.65826356E-01     0.90000000E+01    -0.57746146E-01     0.50000001E-01     0.50000001E-01     0.60115825E-01     104     0.18779053E-02
-0.71000004E+01     0.32307986E-01     0.64826705E-01     0.90000000E+01    -0.58163207E-01     0.50000001E-01     0.50000001E-01     0.59104111E-01     104     0.18779053E-02
-0.70000014E+01     0.38488276E-01     0.64274110E-01     0.90000000E+01    -0.58458891E-01     0.50000001E-01     0.50000001E-01     0.58546793E-01     104     0.18779053E-02
-0.69000006E+01     0.44832986E-01     0.63762851E-01     0.90000000E+01    -0.58749773E-01     0.50000001E-01     0.50000001E-01     0.58031108E-01     104     0.18779053E-02
-0.68000016E+01     0.51205695E-01     0.63255608E-01     0.90000000E+01    -0.59026152E-01     0.50000001E-01     0.50000001E-01     0.57519689E-01     104     0.18779053E-02
-0.67000008E+01     0.57540134E-01     0.62742241E-01     0.90000000E+01    -0.59304580E-01     0.50000001E-01     0.50000001E-01     0.57002183E-01     104     0.18779053E-02
-0.66000018E+01     0.63871510E-01     0.62235463E-01     0.90000000E+01    -0.59591424E-01     0.50000001E-01     0.50000001E-01     0.56491122E-01     105     0.13357622E-02
-0.65000010E+01     0.69960184E-01     0.61697498E-01     0.90000000E+01    -0.59869632E-01     0.50000001E-01     0.50000001E-01     0.55948455E-01     105     0.13357622E-02
-0.64000001E+01     0.75535387E-01     0.61083455E-01     0.90000000E+01    -0.60173336E-01     0.50000001E-01     0.50000001E-01     0.55328481E-01     105     0.13357622E-02
-0.63000011E+01     0.78156523E-01     0.60077656E-01     0.90000000E+01    -0.60558494E-01     0.50000001E-01     0.50000001E-01     0.54310586E-01     105     0.13357622E-02
-0.62000003E+01     0.84323019E-01     0.59565689E-01     0.90000000E+01    -0.60828503E-01     0.50000001E-01     0.50000001E-01     0.53794138E-01     105     0.13357622E-02
-0.61000009E+01     0.90679601E-01     0.59055585E-01     0.90000000E+01    -0.61094619E-01     0.50000001E-01     0.50000001E-01     0.53279907E-01     105     0.13357622E-02
-0.60000000E+01     0.97043894E-01     0.58565572E-01     0.90000000E+01    -0.61350290E-01     0.50000001E-01     0.50000001E-01     0.52785888E-01     106     0.88392844E-03
-0.59000010E+01     0.10341944E+00     0.58083300E-01     0.90000000E+01    -0.61611440E-01     0.50000001E-01     0.50000001E-01     0.52299760E-01     106     0.88392844E-03
-0.58000002E+01     0.10970336E+00     0.57583906E-01     0.90000000E+01    -0.61870981E-01     0.50000001E-01     0.50000001E-01     0.51796176E-01     106     0.88392844E-03
-0.57000012E+01     0.11572897E+00     0.57047073E-01     0.90000000E+01    -0.62130373E-01     0.50000001E-01     0.50000001E-01     0.51254608E-01     106     0.88392844E-03
-0.56000004E+01     0.12099865E+00     0.56421954E-01     0.90000000E+01    -0.62414981E-01     0.50000001E-01     0.50000001E-01     0.50623279E-01     106     0.88392844E-03
-0.55000014E+01     0.12374221E+00     0.55471219E-01     0.90000000E+01    -0.62763378E-01     0.50000001E-01     0.50000001E-01     0.49660992E-01     106     0.88392844E-03
-0.54000006E+01     0.13003750E+00     0.54987118E-01     0.90000000E+01    -0.63010119E-01     0.50000001E-01     0.50000001E-01     0.49172834E-01     106     0.88392844E-03
-0.53000016E+01     0.13637950E+00     0.54519460E-01     0.90000000E+01    -0.63248754E-01     0.50000001E-01     0.50000001E-01     0.48701461E-01     107     0.52343018E-03
-0.52000008E+01     0.14275934E+00     0.54047897E-01     0.90000000E+01    -0.63485771E-01     0.50000001E-01     0.50000001E-01     0.48226099E-01     107     0.52343018E-03
-0.51000013E+01     0.14907952E+00     0.53572170E-01     0.90000000E+01    -0.63721776E-01     0.50000001E-01     0.50000001E-01     0.47746509E-01     107     0.52343018E-03
-0.50000010E+01     0.15524726E+00     0.53078610E-01     0.90000000E+01    -0.63957058E-01     0.50000001E-01     0.50000001E-01     0.47248822E-01     107     0.52343018E-03
-0.49000015E+01     0.16101240E+00     0.52538626E-01     0.90000000E+01    -0.64203754E-01     0.50000001E-01     0.50000001E-01     0.46703823E-01     107     0.52343018E-03
-0.48000007E+01     0.16359368E+00     0.51938124E-01     0.90000000E+01    -0.64528659E-01     0.50000001E-01     0.50000001E-01     0.46091799E-01     107     0.52343018E-03
-0.47000003E+01     0.16913605E+00     0.51647089E-01     0.90000000E+01    -0.64766817E-01     0.50000001E-01     0.50000001E-01     0.45795567E-01     107     0.52343018E-03
-0.46000009E+01     0.17543824E+00     0.51378652E-01     0.90000000E+01    -0.64987078E-01     0.50000001E-01     0.50000001E-01     0.45523383E-01     108     0.25559045E-03
-0.45000000E+01     0.18177103E+00     0.51106427E-01     0.90000000E+01    -0.65201946E-01     0.50000001E-01     0.50000001E-01     0.45247525E-01     108     0.25559045E-03
-0.44000010E+01     0.18809195E+00     0.50826136E-01     0.90000000E+01    -0.65416016E-01     0.50000001E-01     0.50000001E-01     0.44963613E-01     108     0.25559045E-03
-0.43000002E+01     0.19428629E+00     0.50525516E-01     0.90000000E+01    -0.65629616E-01     0.50000001E-01     0.50000001E-01     0.44659168E-01     108     0.25559045E-03
-0.42000012E+01     0.20011453E+00     0.50191365E-01     0.90000000E+01    -0.65846495E-01     0.50000001E-01     0.50000001E-01     0.44320531E-01     108     0.25559045E-03
-0.41000004E+01     0.20397073E+00     0.49676448E-01     0.90000000E+01    -0.66108778E-01     0.50000001E-01     0.50000001E-01     0.43797113E-01     108     0.25559045E-03
-0.40000014E+01     0.20781933E+00     0.49170308E-01     0.90000000E+01    -0.66359535E-01     0.50000001E-01     0.50000001E-01     0.43282568E-01     108     0.25559045E-03
-0.39000006E+01     0.21406123E+00     0.48844595E-01     0.90000000E+01    -0.66556677E-01     0.50000001E-01     0.50000001E-01     0.42953372E-01     109     0.82218816E-04
-0.38000014E+01     0.22035298E+00     0.48511326E-01     0.90000000E+01    -0.66748470E-01     0.50000001E-01     0.50000001E-01     0.42616718E-01     109     0.82218816E-04
-0.37000005E+01     0.22659737E+00     0.48179030E-01     0.90000000E+01    -0.66935480E-01     0.50000001E-01     0.50000001E-01     0.42281087E-01     109     0.82218816E-04
-0.36000016E+01     0.23270473E+00     0.47825612E-01     0.90000000E+01    -0.67124218E-01     0.50000001E-01     0.50000001E-01     0.41924015E-01     109     0.82218816E-04
-0.35000007E+01     0.23837225E+00     0.47438990E-01     0.90000000E+01    -0.67315556E-01     0.50000001E-01     0.50000001E-01     0.41533004E-01     109     0.82218816E-04
-0.34000015E+01     0.24060717E+00     0.46739556E-01     0.90000000E+01    -0.67576118E-01     0.50000001E-01     0.50000001E-01     0.40822271E-01     109     0.82218816E-04
-0.33000009E+01     0.24579994E+00     0.46324808E-01     0.90000000E+01    -0.67761220E-01     0.50000001E-01     0.50000001E-01     0.40402558E-01     109     0.82218816E-04
-0.32000017E+01     0.25197062E+00     0.45956615E-01     0.90000000E+01    -0.67928806E-01     0.50000001E-01     0.50000001E-01     0.40031087E-01     110     0.45936558E-05
-0.31000009E+01     0.25814179E+00     0.45606159E-01     0.90000000E+01    -0.68091489E-01     0.50000001E-01     0.50000001E-01     0.39677512E-01     110     0.45936558E-05
-0.30000000E+01     0.26426941E+00     0.45248274E-01     0.90000000E+01    -0.68251446E-01     0.50000001E-01     0.50000001E-01     0.39316401E-01     110     0.45936558E-05
-0.29000010E+01     0.27013472E+00     0.44874050E-01     0.90000000E+01    -0.68409644E-01     0.50000001E-01     0.50000001E-01     0.38938567E-01     110     0.45936558E-05
-0.28000002E+01     0.27518213E+00     0.44414338E-01     0.90000000E+01    -0.68577431E-01     0.50000001E-01     0.50000001E-01     0.38473763E-01     110     0.45936558E-05
-0.27000012E+01     0.27672487E+00     0.43656204E-01     0.90000000E+01    -0.68793908E-01     0.50000001E-01     0.50000001E-01     0.37703980E-01     110     0.45936558E-05
-0.26000004E+01     0.28269798E+00     0.43287799E-01     0.90000000E+01    -0.68933666E-01     0.50000001E-01     0.50000001E-01     0.37332453E-01     110     0.45936558E-05
-0.25000012E+01     0.28872642E+00     0.42926285E-01     0.90000000E+01    -0.69064416E-01     0.50000001E-01     0.50000001E-01     0.36968052E-01     111     0.22930024E-04
-0.24000003E+01     0.29468146E+00     0.42575032E-01     0.90000000E+01    -0.69187142E-01     0.50000001E-01     0.50000001E-01     0.36613964E-01     111     0.22930024E-04
-0.23000014E+01     0.30045861E+00     0.42187642E-01     0.90000000E+01    -0.69311686E-01     0.50000001E-01     0.50000001E-01     0.36223307E-01     111     0.22930024E-04
-0.22000005E+01     0.30557880E+00     0.41752275E-01     0.90000000E+01    -0.69437675E-01     0.50000001E-01     0.50000001E-01     0.35783604E-01     111     0.22930024E-04
-0.21000013E+01     0.30630940E+00     0.40945157E-01     0.90000000E+01    -0.69609299E-01     0.50000001E-01     0.50000001E-01     0.34964316E-01     111     0.22930024E-04
-0.20000007E+01     0.31200069E+00     0.40572640E-01     0.90000000E+01    -0.69705792E-01     0.50000001E-01     0.50000001E-01     0.34588818E-01     111     0.22930024E-04
-0.19000015E+01     0.31776333E+00     0.40207814E-01     0.90000000E+01    -0.69796093E-01     0.50000001E-01     0.50000001E-01     0.34221269E-01     111     0.22930024E-04
-0.18000008E+01     0.32349584E+00     0.39843079E-01     0.90000000E+01    -0.69881067E-01     0.50000001E-01     0.50000001E-01     0.33853829E-01     112     0.13751644E-03
-0.17000016E+01     0.32894775E+00     0.39456092E-01     0.90000000E+01    -0.69960460E-01     0.50000001E-01     0.50000001E-01     0.33463780E-01     112     0.13751644E-03
-0.16000009E+01     0.33339629E+00     0.38991936E-01     0.90000000E+01    -0.70037432E-01     0.50000001E-01     0.50000001E-01     0.32994952E-01     112     0.13751644E-03
-0.15000000E+01     0.33374560E+00     0.38196042E-01     0.90000000E+01    -0.70130780E-01     0.50000001E-01     0.50000001E-01     0.32187529E-01     112     0.13751644E-03
-0.14000009E+01     0.33911213E+00     0.37829258E-01     0.90000000E+01    -0.70173949E-01     0.50000001E-01     0.50000001E-01     0.31818110E-01     112     0.13751644E-03
-0.13000002E+01     0.34449777E+00     0.37464488E-01     0.90000000E+01    -0.70207901E-01     0.50000001E-01     0.50000001E-01     0.31450901E-01     112     0.13751644E-03
-0.12000011E+01     0.34967533E+00     0.37088186E-01     0.90000000E+01    -0.70230655E-01     0.50000001E-01     0.50000001E-01     0.31071888E-01     112     0.13751644E-03
-0.11000003E+01     0.35423312E+00     0.36670066E-01     0.90000000E+01    -0.70246167E-01     0.50000001E-01     0.50000001E-01     0.30650213E-01     112     0.13751644E-03
-0.10000012E+01     0.35295299E+00     0.35809129E-01     0.90000000E+01    -0.70243977E-01     0.50000001E-01     0.50000001E-01     0.29776761E-01     113     0.34877725E-03
-0.90000039E+00     0.35773629E+00     0.35433736E-01     0.90000000E+01    -0.70219450E-01     0.50000001E-01     0.50000001E-01     0.29398864E-01     113     0.34877725E-03
-0.80000126E+00     0.36255696E+00     0.35066068E-01     0.90000000E+01    -0.70182592E-01     0.50000001E-01     0.50000001E-01     0.29028868E-01     113     0.34877725E-03
-0.70000046E+00     0.36709288E+00     0.34685161E-01     0.90000000E+01    -0.70127673E-01     0.50000001E-01     0.50000001E-01     0.28645493E-01     113     0.34877725E-03
-0.60000139E+00     0.37067756E+00     0.34249391E-01     0.90000000E+01    -0.70046663E-01     0.50000001E-01     0.50000001E-01     0.28206080E-01     113     0.34877725E-03
-0.50000060E+00     0.36788675E+00     0.33382583E-01     0.90000000E+01    -0.69880329E-01     0.50000001E-01     0.50000001E-01     0.27326947E-01     113     0.34877725E-03
-0.40000150E+00     0.37176499E+00     0.33002883E-01     0.90000000E+01    -0.69742173E-01     0.50000001E-01     0.50000001E-01     0.26944987E-01     113     0.34877725E-03
-0.30000070E+00     0.37547189E+00     0.32621972E-01     0.90000000E+01    -0.69581874E-01     0.50000001E-01     0.50000001E-01     0.26561951E-01     113     0.34877725E-03
-0.20000160E+00     0.37833855E+00     0.32201868E-01     0.90000000E+01    -0.69378600E-01     0.50000001E-01     0.50000001E-01     0.26138987E-01     114     0.65841351E-03
-0.10000080E+00     0.37235558E+00     0.31263493E-01     0.90000000E+01    -0.68938091E-01     0.50000001E-01     0.50000001E-01     0.25187589E-01     114     0.65841351E-03
 0.00000000E+00     0.37459773E+00     0.30858593E-01     0.90000000E+01    -0.68621360E-01     0.50000001E-01     0.50000001E-01     0.24780603E-01     114     0.65841351E-03
 0.99999093E-01     0.37626874E+00     0.30448791E-01     0.90000000E+01    -0.68241522E-01     0.50000001E-01     0.50000001E-01     0.24368674E-01     114     0.65841351E-03
 0.19999990E+00     0.37519503E+00     0.29912679E-01     0.90000000E+01    -0.67713156E-01     0.50000001E-01     0.50000001E-01     0.23828367E-01     114     0.65841351E-03
 0.29999900E+00     0.36411533E+00     0.28938161E-01     0.90000000E+01    -0.66626042E-01     0.50000001E-01     0.50000001E-01     0.22842452E-01     114     0.65841351E-03
 0.39999980E+00     0.36117515E+00     0.28440919E-01     0.90000000E+01    -0.65710559E-01     0.50000001E-01     0.50000001E-01     0.22343433E-01     114     0.65841351E-03
 0.49999887E+00     0.30579099E+00     0.26981479E-01     0.90000000E+01    -0.59345204E-01     0.50000001E-01     0.50000001E-01     0.20871760E-01     114     0.65841351E-03
 0.59999967E+00     0.29630676E+00     0.25684355E-01     0.90000000E+01    -0.59836596E-01     0.50000001E-01     0.50000001E-01     0.19549878E-01     114     0.65841351E-03
 0.69999880E+00     0.30218112E+00     0.25163373E-01     0.90000000E+01    -0.60582992E-01     0.50000001E-01     0.50000001E-01     0.19020863E-01     114     0.65841351E-03
 0.79999959E+00     0.30943444E+00     0.24492536E-01     0.90000000E+01    -0.61906271E-01     0.50000001E-01     0.50000001E-01     0.18337011E-01     114     0.65841351E-03
 0.89999866E+00     0.31910029E+00     0.23561217E-01     0.90000000E+01    -0.64259909E-01     0.50000001E-01     0.50000001E-01     0.17383499E-01     114     0.65841351E-03
 0.99999946E+00     0.33102953E+00     0.23122476E-01     0.90000000E+01    -0.65684833E-01     0.50000001E-01     0.50000001E-01     0.16936092E-01     114     0.65841351E-03
 0.10999986E+01     0.34419480E+00     0.22597240E-01     0.90000000E+01    -0.67517675E-01     0.50000001E-01     0.50000001E-01     0.16398840E-01     114     0.65841351E-03
 0.11999993E+01     0.36038291E+00     0.21794895E-01     0.90000000E+01    -0.70570864E-01     0.50000001E-01     0.50000001E-01     0.15573614E-01     115     0.10680658E-02
 0.12999984E+01     0.37504208E+00     0.21432158E-01     0.90000000E+01    -0.72229706E-01     0.50000001E-01     0.50000001E-01     0.15202433E-01     115     0.10680658E-02
 0.13999993E+01     0.39041442E+00     0.21059830E-01     0.90000000E+01    -0.74044250E-01     0.50000001E-01     0.50000001E-01     0.14820533E-01     115     0.10680658E-02
 0.14999983E+01     0.41012812E+00     0.20355372E-01     0.90000000E+01    -0.77444658E-01     0.50000001E-01     0.50000001E-01     0.14092718E-01     115     0.10680658E-02
 0.15999992E+01     0.42676672E+00     0.20021720E-01     0.90000000E+01    -0.79403162E-01     0.50000001E-01     0.50000001E-01     0.13748800E-01     115     0.10680658E-02
 0.16999999E+01     0.44333589E+00     0.19727791E-01     0.90000000E+01    -0.81243612E-01     0.50000001E-01     0.50000001E-01     0.13446030E-01     116     0.15789367E-02
 0.17999990E+01     0.46070141E+00     0.19407786E-01     0.90000000E+01    -0.83293304E-01     0.50000001E-01     0.50000001E-01     0.13115311E-01     116     0.15789367E-02
 0.18999999E+01     0.48243687E+00     0.18863050E-01     0.90000000E+01    -0.86700417E-01     0.50000001E-01     0.50000001E-01     0.12548171E-01     116     0.15789367E-02
 0.19999989E+01     0.49982545E+00     0.18615793E-01     0.90000000E+01    -0.88593706E-01     0.50000001E-01     0.50000001E-01     0.12291476E-01     116     0.15789367E-02
 0.20999997E+01     0.51773202E+00     0.18359318E-01     0.90000000E+01    -0.90606727E-01     0.50000001E-01     0.50000001E-01     0.12024634E-01     117     0.21921741E-02
 0.21999989E+01     0.53871393E+00     0.17971892E-01     0.90000000E+01    -0.93514085E-01     0.50000001E-01     0.50000001E-01     0.11618821E-01     117     0.21921741E-02
 0.22999997E+01     0.55754942E+00     0.17717695E-01     0.90000000E+01    -0.95711596E-01     0.50000001E-01     0.50000001E-01     0.11352002E-01     117     0.21921741E-02
 0.23999987E+01     0.57602990E+00     0.17489839E-01     0.90000000E+01    -0.97773768E-01     0.50000001E-01     0.50000001E-01     0.11112574E-01     117     0.21921741E-02
 0.24999995E+01     0.59688592E+00     0.17180599E-01     0.90000000E+01    -0.10049155E+00     0.50000001E-01     0.50000001E-01     0.10785326E-01     118     0.29090899E-02
 0.25999987E+01     0.61510712E+00     0.16992746E-01     0.90000000E+01    -0.10242041E+00     0.50000001E-01     0.50000001E-01     0.10586091E-01     118     0.29090899E-02
 0.26999993E+01     0.63508183E+00     0.16747981E-01     0.90000000E+01    -0.10482488E+00     0.50000001E-01     0.50000001E-01     0.10324745E-01     118     0.29090899E-02
 0.27999985E+01     0.65351343E+00     0.16573230E-01     0.90000000E+01    -0.10677283E+00     0.50000001E-01     0.50000001E-01     0.10136876E-01     118     0.29090899E-02
 0.28999994E+01     0.67279625E+00     0.16371774E-01     0.90000000E+01    -0.10894392E+00     0.50000001E-01     0.50000001E-01     0.99193677E-02     119     0.37310193E-02
 0.29999983E+01     0.69119805E+00     0.16210768E-01     0.90000000E+01    -0.11085531E+00     0.50000001E-01     0.50000001E-01     0.97435769E-02     119     0.37310193E-02
 0.30999992E+01     0.70961696E+00     0.16054150E-01     0.90000000E+01    -0.11276088E+00     0.50000001E-01     0.50000001E-01     0.95708426E-02     119     0.37310193E-02
 0.31999984E+01     0.72796172E+00     0.15903257E-01     0.90000000E+01    -0.11463969E+00     0.50000001E-01     0.50000001E-01     0.94026960E-02     119     0.37310193E-02
 0.32999990E+01     0.74631792E+00     0.15757006E-01     0.90000000E+01    -0.11651355E+00     0.50000001E-01     0.50000001E-01     0.92375949E-02     120     0.46595004E-02
 0.33999999E+01     0.76340240E+00     0.15656058E-01     0.90000000E+01    -0.11803451E+00     0.50000001E-01     0.50000001E-01     0.91213286E-02     120     0.46595004E-02
 0.34999990E+01     0.77801377E+00     0.15635967E-01     0.90000000E+01    -0.11888664E+00     0.50000001E-01     0.50000001E-01     0.90950551E-02     120     0.46595004E-02
 0.35999999E+01     0.79191214E+00     0.15639095E-01     0.90000000E+01    -0.11954676E+00     0.50000001E-01     0.50000001E-01     0.90944637E-02     120     0.46595004E-02
 0.36999989E+01     0.80559099E+00     0.15648793E-01     0.90000000E+01    -0.12015259E+00     0.50000001E-01     0.50000001E-01     0.91011040E-02     121     0.56962054E-02
 0.37999997E+01     0.81911188E+00     0.15663525E-01     0.90000000E+01    -0.12071698E+00     0.50000001E-01     0.50000001E-01     0.91131572E-02     121     0.56962054E-02
 0.38999987E+01     0.83247495E+00     0.15683293E-01     0.90000000E+01    -0.12124217E+00     0.50000001E-01     0.50000001E-01     0.91305133E-02     121     0.56962054E-02
 0.39999995E+01     0.84569401E+00     0.15707323E-01     0.90000000E+01    -0.12173337E+00     0.50000001E-01     0.50000001E-01     0.91524459E-02     121     0.56962054E-02
 0.40999985E+01     0.85878175E+00     0.15735207E-01     0.90000000E+01    -0.12219258E+00     0.50000001E-01     0.50000001E-01     0.91785099E-02     121     0.56962054E-02
 0.41999993E+01     0.87174374E+00     0.15766880E-01     0.90000000E+01    -0.12262260E+00     0.50000001E-01     0.50000001E-01     0.92087053E-02     122     0.68430351E-02
 0.42999988E+01     0.88458604E+00     0.15802173E-01     0.90000000E+01    -0.12302465E+00     0.50000001E-01     0.50000001E-01     0.92426045E-02     122     0.68430351E-02
 0.43999991E+01     0.89730752E+00     0.15840873E-01     0.90000000E+01    -0.12339981E+00     0.50000001E-01     0.50000001E-01     0.92801312E-02     122     0.68430351E-02
 0.44999986E+01     0.90991783E+00     0.15882913E-01     0.90000000E+01    -0.12375023E+00     0.50000001E-01     0.50000001E-01     0.93211839E-02     122     0.68430351E-02
 0.45999994E+01     0.92241037E+00     0.15928103E-01     0.90000000E+01    -0.12407567E+00     0.50000001E-01     0.50000001E-01     0.93655726E-02     122     0.68430351E-02
 0.47000003E+01     0.93478936E+00     0.15976440E-01     0.90000000E+01    -0.12437667E+00     0.50000001E-01     0.50000001E-01     0.94134435E-02     123     0.81021339E-02
 0.47999973E+01     0.94705373E+00     0.16027903E-01     0.90000000E+01    -0.12465370E+00     0.50000001E-01     0.50000001E-01     0.94644129E-02     123     0.81021339E-02
 0.48999982E+01     0.95920706E+00     0.16082404E-01     0.90000000E+01    -0.12490702E+00     0.50000001E-01     0.50000001E-01     0.95186727E-02     123     0.81021339E-02
 0.49999990E+01     0.97124022E+00     0.16139964E-01     0.90000000E+01    -0.12513675E+00     0.50000001E-01     0.50000001E-01     0.95761148E-02     123     0.81021339E-02
 0.50999999E+01     0.98315358E+00     0.16200811E-01     0.90000000E+01    -0.12534191E+00     0.50000001E-01     0.50000001E-01     0.96370177E-02     123     0.81021339E-02
 0.52000008E+01     0.99493033E+00     0.16265070E-01     0.90000000E+01    -0.12552083E+00     0.50000001E-01     0.50000001E-01     0.97014252E-02     123     0.81021339E-02
 0.52999978E+01     0.10065962E+01     0.16332207E-01     0.90000000E+01    -0.12567823E+00     0.50000001E-01     0.50000001E-01     0.97691668E-02     124     0.94758309E-02
 0.53999987E+01     0.10181172E+01     0.16402757E-01     0.90000000E+01    -0.12580758E+00     0.50000001E-01     0.50000001E-01     0.98402556E-02     124     0.94758309E-02
 0.54999995E+01     0.10295050E+01     0.16476598E-01     0.90000000E+01    -0.12591109E+00     0.50000001E-01     0.50000001E-01     0.99148499E-02     124     0.94758309E-02
 0.56000004E+01     0.10407352E+01     0.16554512E-01     0.90000000E+01    -0.12598574E+00     0.50000001E-01     0.50000001E-01     0.99936156E-02     124     0.94758309E-02
 0.56999979E+01     0.10517992E+01     0.16635897E-01     0.90000000E+01    -0.12603113E+00     0.50000001E-01     0.50000001E-01     0.10076145E-01     124     0.94758309E-02
 0.57999988E+01     0.10626349E+01     0.16721752E-01     0.90000000E+01    -0.12603308E+00     0.50000001E-01     0.50000001E-01     0.10163472E-01     125     0.10966896E-01
 0.58999996E+01     0.10732079E+01     0.16812302E-01     0.90000000E+01    -0.12598805E+00     0.50000001E-01     0.50000001E-01     0.10255566E-01     125     0.10966896E-01
 0.60000000E+01     0.10834458E+01     0.16908249E-01     0.90000000E+01    -0.12588245E+00     0.50000001E-01     0.50000001E-01     0.10353347E-01     125     0.10966896E-01
 0.60999975E+01     0.10933491E+01     0.17010365E-01     0.90000000E+01    -0.12571688E+00     0.50000001E-01     0.50000001E-01     0.10457606E-01     125     0.10966896E-01
 0.61999984E+01     0.11028094E+01     0.17120121E-01     0.90000000E+01    -0.12547290E+00     0.50000001E-01     0.50000001E-01     0.10569874E-01     125     0.10966896E-01
 0.62999992E+01     0.11045007E+01     0.17291728E-01     0.90000000E+01    -0.12379641E+00     0.50000001E-01     0.50000001E-01     0.10749415E-01     125     0.10966896E-01
 0.64000001E+01     0.11043669E+01     0.17503694E-01     0.90000000E+01    -0.12180983E+00     0.50000001E-01     0.50000001E-01     0.10971014E-01     126     0.12578236E-01
 0.65000010E+01     0.11089997E+01     0.17697521E-01     0.90000000E+01    -0.12072224E+00     0.50000001E-01     0.50000001E-01     0.11171417E-01     126     0.12578236E-01
 0.65999980E+01     0.11170775E+01     0.17865656E-01     0.90000000E+01    -0.12026666E+00     0.50000001E-01     0.50000001E-01     0.11343579E-01     126     0.12578236E-01
 0.66999989E+01     0.11259398E+01     0.18034957E-01     0.90000000E+01    -0.11996558E+00     0.50000001E-01     0.50000001E-01     0.11516530E-01     126     0.12578236E-01
 0.67999997E+01     0.11350062E+01     0.18207371E-01     0.90000000E+01    -0.11970741E+00     0.50000001E-01     0.50000001E-01     0.11692771E-01     126     0.12578236E-01
 0.69000006E+01     0.11441154E+01     0.18384553E-01     0.90000000E+01    -0.11946483E+00     0.50000001E-01     0.50000001E-01     0.11873642E-01     126     0.12578236E-01
 0.69999981E+01     0.11529526E+01     0.18574767E-01     0.90000000E+01    -0.11918583E+00     0.50000001E-01     0.50000001E-01     0.12068124E-01     126     0.12578236E-01
 0.70999990E+01     0.11615171E+01     0.18777482E-01     0.90000000E+01    -0.11887337E+00     0.50000001E-01     0.50000001E-01     0.12275666E-01     127     0.14313264E-01
 0.71999998E+01     0.11701053E+01     0.18984182E-01     0.90000000E+01    -0.11857194E+00     0.50000001E-01     0.50000001E-01     0.12487056E-01     127     0.14313264E-01
 0.73000002E+01     0.11783706E+01     0.19208780E-01     0.90000000E+01    -0.11823019E+00     0.50000001E-01     0.50000001E-01     0.12716927E-01     127     0.14313264E-01
 0.73999977E+01     0.11861719E+01     0.19453593E-01     0.90000000E+01    -0.11782994E+00     0.50000001E-01     0.50000001E-01     0.12967626E-01     127     0.14313264E-01
 0.74999986E+01     0.11941358E+01     0.19699315E-01     0.90000000E+01    -0.11746406E+00     0.50000001E-01     0.50000001E-01     0.13219245E-01     127     0.14313264E-01
 0.75999994E+01     0.12015790E+01     0.19975426E-01     0.90000000E+01    -0.11703653E+00     0.50000001E-01     0.50000001E-01     0.13501947E-01     127     0.14313264E-01
 0.77000003E+01     0.12087113E+01     0.20268364E-01     0.90000000E+01    -0.11658006E+00     0.50000001E-01     0.50000001E-01     0.13802379E-01     128     0.16175576E-01
 0.77999973E+01     0.12158850E+01     0.20570207E-01     0.90000000E+01    -0.11614472E+00     0.50000001E-01     0.50000001E-01     0.14111514E-01     128     0.16175576E-01
 0.78999982E+01     0.12222459E+01     0.20918522E-01     0.90000000E+01    -0.11562007E+00     0.50000001E-01     0.50000001E-01     0.14468394E-01     128     0.16175576E-01
 0.79999990E+01     0.12289120E+01     0.21263627E-01     0.90000000E+01    -0.11515354E+00     0.50000001E-01     0.50000001E-01     0.14821799E-01     128     0.16175576E-01
 0.81000004E+01     0.12345988E+01     0.21672178E-01     0.90000000E+01    -0.11458788E+00     0.50000001E-01     0.50000001E-01     0.15240393E-01     128     0.16175576E-01
 0.82000008E+01     0.12405204E+01     0.22077419E-01     0.90000000E+01    -0.11407667E+00     0.50000001E-01     0.50000001E-01     0.15655490E-01     128     0.16175576E-01
 0.82999983E+01     0.12455841E+01     0.22551615E-01     0.90000000E+01    -0.11349522E+00     0.50000001E-01     0.50000001E-01     0.16141035E-01     128     0.16175576E-01
 0.83999987E+01     0.12506833E+01     0.23032455E-01     0.90000000E+01    -0.11294607E+00     0.50000001E-01     0.50000001E-01     0.16633797E-01     129     0.18169271E-01
 0.85000000E+01     0.12547871E+01     0.23603072E-01     0.90000000E+01    -0.11232980E+00     0.50000001E-01     0.50000001E-01     0.17217761E-01     129     0.18169271E-01
 0.86000004E+01     0.12592716E+01     0.24154654E-01     0.90000000E+01    -0.11178996E+00     0.50000001E-01     0.50000001E-01     0.17782621E-01     129     0.18169271E-01
 0.86999979E+01     0.12619632E+01     0.24854228E-01     0.90000000E+01    -0.11112480E+00     0.50000001E-01     0.50000001E-01     0.18498668E-01     129     0.18169271E-01
 0.87999983E+01     0.12656547E+01     0.25502892E-01     0.90000000E+01    -0.11059599E+00     0.50000001E-01     0.50000001E-01     0.19162485E-01     129     0.18169271E-01
 0.88999996E+01     0.12671881E+01     0.26328320E-01     0.90000000E+01    -0.10994629E+00     0.50000001E-01     0.50000001E-01     0.20007335E-01     129     0.18169271E-01
 0.90000000E+01     0.12680854E+01     0.27220482E-01     0.90000000E+01    -0.10931584E+00     0.50000001E-01     0.50000001E-01     0.20920616E-01     129     0.18169271E-01
 0.90999975E+01     0.12691996E+01     0.28115034E-01     0.90000000E+01    -0.10877338E+00     0.50000001E-01     0.50000001E-01     0.21836210E-01     129     0.18169271E-01
 0.91999989E+01     0.12688453E+01     0.29152788E-01     0.90000000E+01    -0.10821886E+00     0.50000001E-01     0.50000001E-01     0.22898382E-01     129     0.18169271E-01
 0.92999992E+01     0.12663620E+01     0.30374061E-01     0.90000000E+01    -0.10765162E+00     0.50000001E-01     0.50000001E-01     0.24149356E-01     130     0.20298893E-01
 0.94000006E+01     0.12621720E+01     0.31757735E-01     0.90000000E+01    -0.10714367E+00     0.50000001E-01     0.50000001E-01     0.25566906E-01     130     0.20298893E-01
 0.94999971E+01     0.12525574E+01     0.33627838E-01     0.90000000E+01    -0.10664740E+00     0.50000001E-01     0.50000001E-01     0.27484633E-01     130     0.20298893E-01
 0.95999985E+01     0.12424479E+01     0.35544705E-01     0.90000000E+01    -0.10636956E+00     0.50000001E-01     0.50000001E-01     0.29451044E-01     130     0.20298893E-01
 0.96999989E+01     0.12225870E+01     0.38329516E-01     0.90000000E+01    -0.10630323E+00     0.50000001E-01     0.50000001E-01     0.32310992E-01     130     0.20298893E-01
 0.98000002E+01     0.11817019E+01     0.42885058E-01     0.90000000E+01    -0.10669875E+00     0.50000001E-01     0.50000001E-01     0.36992960E-01     129     0.18169271E-01
 0.99000006E+01     0.11152966E+01     0.48795644E-01     0.90000000E+01    -0.10718467E+00     0.50000001E-01     0.50000001E-01     0.43074649E-01     129     0.18169271E-01
 0.99999981E+01     0.10124370E+01     0.54741092E-01     0.90000000E+01    -0.10668992E+00     0.50000001E-01     0.50000001E-01     0.49229581E-01     128     0.16175576E-01
 0.10099998E+02     0.94292760E+00     0.61510891E-01     0.90000000E+01    -0.10640170E+00     0.50000001E-01     0.50000001E-01     0.56133166E-01     128     0.16175576E-01
 0.10200000E+02     0.91594660E+00     0.64977460E-01     0.90000000E+01    -0.10669769E+00     0.50000001E-01     0.50000001E-01     0.59662599E-01     128     0.16175576E-01
 0.10300000E+02     0.91212499E+00     0.66334128E-01     0.90000000E+01    -0.10686743E+00     0.50000001E-01     0.50000001E-01     0.61040021E-01     128     0.16175576E-01
 0.10399998E+02     0.89448059E+00     0.69260165E-01     0.90000000E+01    -0.10747530E+00     0.50000001E-01     0.50000001E-01     0.64015388E-01     127     0.14313264E-01
 0.10499999E+02     0.89379126E+00     0.70436880E-01     0.90000000E+01    -0.10774427E+00     0.50000001E-01     0.50000001E-01     0.65208644E-01     128     0.16175576E-01
 0.10599999E+02     0.88197756E+00     0.72935209E-01     0.90000000E+01    -0.10844555E+00     0.50000001E-01     0.50000001E-01     0.67747258E-01     128     0.16175576E-01
 0.10700000E+02     0.88159156E+00     0.74150242E-01     0.90000000E+01    -0.10878769E+00     0.50000001E-01     0.50000001E-01     0.68978786E-01     128     0.16175576E-01
 0.10799997E+02     0.88298118E+00     0.75173430E-01     0.90000000E+01    -0.10910971E+00     0.50000001E-01     0.50000001E-01     0.70015177E-01     128     0.16175576E-01
 0.10899999E+02     0.88424742E+00     0.76230645E-01     0.90000000E+01    -0.10943338E+00     0.50000001E-01     0.50000001E-01     0.71086466E-01     128     0.16175576E-01
 0.10999999E+02     0.87607634E+00     0.78534424E-01     0.90000000E+01    -0.11025582E+00     0.50000001E-01     0.50000001E-01     0.73425569E-01     128     0.16175576E-01
 0.11100000E+02     0.87808651E+00     0.79541087E-01     0.90000000E+01    -0.11061937E+00     0.50000001E-01     0.50000001E-01     0.74444383E-01     128     0.16175576E-01
 0.11200001E+02     0.88082248E+00     0.80471508E-01     0.90000000E+01    -0.11095511E+00     0.50000001E-01     0.50000001E-01     0.75386681E-01     128     0.16175576E-01
 0.11299998E+02     0.88304347E+00     0.81467971E-01     0.90000000E+01    -0.11131984E+00     0.50000001E-01     0.50000001E-01     0.76395154E-01     128     0.16175576E-01
 0.11399999E+02     0.87766677E+00     0.83538614E-01     0.90000000E+01    -0.11215770E+00     0.50000001E-01     0.50000001E-01     0.78497306E-01     128     0.16175576E-01
 0.19499998E+02     0.12107495E+01     0.15149787E+00     0.90000000E+01    -0.15473215E+00     0.50000001E-01     0.50000001E-01     0.14727904E+00     138     0.42896152E-01
 0.19600000E+02     0.12132962E+01     0.15278557E+00     0.90000000E+01    -0.15582247E+00     0.50000001E-01     0.50000001E-01     0.14858709E+00     138     0.42896152E-01
 0.19700001E+02     0.12173300E+01     0.15362321E+00     0.90000000E+01    -0.15652679E+00     0.50000001E-01     0.50000001E-01     0.14943543E+00     138     0.42896152E-01
 0.19799997E+02     0.12224889E+01     0.15427150E+00     0.90000000E+01    -0.15708551E+00     0.50000001E-01     0.50000001E-01     0.15009369E+00     138     0.42896152E-01
 0.19900000E+02     0.12274091E+01     0.15487017E+00     0.90000000E+01    -0.15765674E+00     0.50000001E-01     0.50000001E-01     0.15069744E+00     138     0.42896152E-01
 0.20000000E+02     0.12325957E+01     0.15548562E+00     0.90000000E+01    -0.15818006E+00     0.50000001E-01     0.50000001E-01     0.15132180E+00     138     0.42896152E-01
 0.20100000E+02     0.12516867E+01     0.15775248E+00     0.90000000E+01    -0.16214776E+00     0.50000001E-01     0.40455824E+00     0.15410489E+00     139     0.46514940E-01
 0.20199997E+02     0.12562157E+01     0.15834230E+00     0.90000000E+01    -0.16271877E+00     0.49647283E-01     0.40849924E+00     0.15470332E+00     139     0.46514940E-01
 0.20299999E+02     0.12622013E+01     0.15895881E+00     0.90000000E+01    -0.16323531E+00     0.49985386E-01     0.40691575E+00     0.15532666E+00     139     0.46514940E-01
 0.20400000E+02     0.12671713E+01     0.15951823E+00     0.90000000E+01    -0.16370264E+00     0.50000001E-01     0.40712714E+00     0.15589200E+00     139     0.46514940E-01
 0.20500000E+02     0.12713839E+01     0.16014282E+00     0.90000000E+01    -0.16430160E+00     0.49647521E-01     0.40994304E+00     0.15652376E+00     139     0.46514940E-01
 0.20599998E+02     0.12725496E+01     0.16153081E+00     0.90000000E+01    -0.16553426E+00     0.49577750E-01     0.41023785E+00     0.15792505E+00     139     0.46514940E-01
 0.20699999E+02     0.12754416E+01     0.16238643E+00     0.90000000E+01    -0.16634785E+00     0.48865680E-01     0.40714866E+00     0.15877624E+00     139     0.46514940E-01
 0.20799999E+02     0.12807598E+01     0.16296153E+00     0.90000000E+01    -0.16684628E+00     0.48914071E-01     0.41161570E+00     0.15936893E+00     139     0.46514940E-01
 0.20900000E+02     0.12863110E+01     0.16355269E+00     0.90000000E+01    -0.16739541E+00     0.49345236E-01     0.41076747E+00     0.15996169E+00     140     0.50334580E-01
 0.21000000E+02     0.12905517E+01     0.16424759E+00     0.90000000E+01    -0.16810994E+00     0.48565965E-01     0.41234112E+00     0.16066252E+00     140     0.50334580E-01
 0.21099998E+02     0.12953509E+01     0.16477035E+00     0.90000000E+01    -0.16849348E+00     0.49059659E-01     0.41274959E+00     0.16119282E+00     139     0.46514940E-01
 0.21199999E+02     0.13011426E+01     0.16528118E+00     0.90000000E+01    -0.16904397E+00     0.49133174E-01     0.41451547E+00     0.16171750E+00     140     0.50334580E-01
 0.21299999E+02     0.13037473E+01     0.16603370E+00     0.90000000E+01    -0.16984011E+00     0.47456820E-01     0.41548944E+00     0.16246432E+00     140     0.50334580E-01
 0.21400000E+02     0.13061154E+01     0.16701408E+00     0.90000000E+01    -0.17076662E+00     0.46815567E-01     0.41380861E+00     0.16344249E+00     140     0.50334580E-01
 0.21499998E+02     0.13103240E+01     0.16793270E+00     0.90000000E+01    -0.17158121E+00     0.47513068E-01     0.41517672E+00     0.16438343E+00     140     0.50334580E-01
 0.21599998E+02     0.13144220E+01     0.16864505E+00     0.90000000E+01    -0.17216867E+00     0.47698572E-01     0.41470850E+00     0.16510227E+00     140     0.50334580E-01
 0.21699999E+02     0.13197520E+01     0.16924281E+00     0.90000000E+01    -0.17277545E+00     0.47955107E-01     0.41538909E+00     0.16570960E+00     140     0.50334580E-01
 0.21800001E+02     0.13248786E+01     0.16989459E+00     0.90000000E+01    -0.17345808E+00     0.48051540E-01     0.41769058E+00     0.16637233E+00     140     0.50334580E-01
 0.21899998E+02     0.13265136E+01     0.17057854E+00     0.90000000E+01    -0.17422585E+00     0.46326160E-01     0.41358212E+00     0.16703179E+00     141     0.54362021E-01
 0.21999998E+02     0.13332375E+01     0.17108989E+00     0.90000000E+01    -0.17469965E+00     0.47072303E-01     0.41788968E+00     0.16756995E+00     141     0.54362021E-01
 0.22099998E+02     0.13370422E+01     0.17169827E+00     0.90000000E+01    -0.17537706E+00     0.46352673E-01     0.41810822E+00     0.16817516E+00     141     0.54362021E-01
 0.22200001E+02     0.13427202E+01     0.17223567E+00     0.90000000E+01    -0.17589115E+00     0.46786766E-01     0.41556683E+00     0.16871566E+00     141     0.54362021E-01
 0.22299997E+02     0.13459421E+01     0.17287011E+00     0.90000000E+01    -0.17659126E+00     0.46230089E-01     0.41934839E+00     0.16935563E+00     141     0.54362021E-01
 0.22399998E+02     0.13470012E+01     0.17423560E+00     0.90000000E+01    -0.17779829E+00     0.46195935E-01     0.41852880E+00     0.17073214E+00     141     0.54362021E-01
 0.22500000E+02     0.13484557E+01     0.17516539E+00     0.90000000E+01    -0.17890486E+00     0.44490695E-01     0.41865575E+00     0.17165701E+00     141     0.54362021E-01
 0.22600000E+02     0.13541026E+01     0.17573939E+00     0.90000000E+01    -0.17940018E+00     0.45139309E-01     0.42042562E+00     0.17224588E+00     141     0.54362021E-01
 0.22700001E+02     0.13596370E+01     0.17623885E+00     0.90000000E+01    -0.17988651E+00     0.45658782E-01     0.42029467E+00     0.17275423E+00     142     0.58604252E-01
 0.22799997E+02     0.13628469E+01     0.17696318E+00     0.90000000E+01    -0.18082654E+00     0.44443876E-01     0.42125398E+00     0.17347442E+00     142     0.58604252E-01
 0.22900000E+02     0.13702956E+01     0.17734070E+00     0.90000000E+01    -0.18110290E+00     0.46017513E-01     0.42316705E+00     0.17388044E+00     142     0.58604252E-01
 0.23000000E+02     0.13733387E+01     0.17800753E+00     0.90000000E+01    -0.18194820E+00     0.45128804E-01     0.42369986E+00     0.17454244E+00     142     0.58604252E-01
 0.23100000E+02     0.13788935E+01     0.17856573E+00     0.90000000E+01    -0.18258488E+00     0.45406256E-01     0.42209980E+00     0.17510396E+00     142     0.58604252E-01
 0.23199997E+02     0.13823310E+01     0.17917342E+00     0.90000000E+01    -0.18320073E+00     0.44614173E-01     0.42492819E+00     0.17571825E+00     142     0.58604252E-01
 0.23299999E+02     0.13835610E+01     0.18057261E+00     0.90000000E+01    -0.18457766E+00     0.44369057E-01     0.42657116E+00     0.17713581E+00     142     0.58604252E-01
 0.23400000E+02     0.13875302E+01     0.18131486E+00     0.90000000E+01    -0.18540348E+00     0.44425566E-01     0.42437506E+00     0.17788158E+00     142     0.58604252E-01
 0.23500000E+02     0.13924594E+01     0.18181495E+00     0.90000000E+01    -0.18597038E+00     0.44937670E-01     0.42498621E+00     0.17839141E+00     142     0.58604252E-01
 0.23599998E+02     0.13950571E+01     0.18263453E+00     0.90000000E+01    -0.18689592E+00     0.43574743E-01     0.42517316E+00     0.17920622E+00     142     0.58604252E-01
 0.23699999E+02     0.14008415E+01     0.18311231E+00     0.90000000E+01    -0.18752921E+00     0.43979082E-01     0.42570373E+00     0.17969283E+00     143     0.63067533E-01
 0.23799999E+02     0.14055686E+01     0.18367831E+00     0.90000000E+01    -0.18814789E+00     0.43972746E-01     0.42936382E+00     0.18027283E+00     143     0.63067533E-01
 0.23900000E+02     0.14099329E+01     0.18422824E+00     0.90000000E+01    -0.18883146E+00     0.43815989E-01     0.42683956E+00     0.18082207E+00     143     0.63067533E-01
