  
       RFOIL         Version 3.00
  
 Calculated polar for: OSO_2025_WT2_T33                
  
 1  Reynolds number fixed
  
 xtrf =      1.00000000 (suction)     1.00000000 (pressure)
 Rot. Parameters:  f0 =      1.00000000 c/r =      0.00000000
 Mach =      0.00000000     Re =      3.00000000 e 6     Ncrit =      9.00000000
  
             alpha                CL                CD            Re(CL)                CM             S_xtr             P_xtr               CDp            I_stag            X_stag
  ------- -------- --------- --------- -------- ------- ------- -------- 
-0.20700003E+02    -0.79203361E+00     0.15422416E+00     0.30000000E+01     0.63495436E-02     0.99972588E+00     0.91659047E-01     0.15176639E+00      87     0.45182135E-01
-0.20600000E+02    -0.78657424E+00     0.15330999E+00     0.30000000E+01     0.52169887E-02     0.99967444E+00     0.93119808E-01     0.15085866E+00      88     0.40837713E-01
-0.20500000E+02    -0.78067410E+00     0.15266392E+00     0.30000000E+01     0.42505185E-02     0.99962997E+00     0.93776740E-01     0.15021014E+00      88     0.40837713E-01
-0.20400002E+02    -0.77429897E+00     0.15183198E+00     0.30000000E+01     0.31522359E-02     0.99957860E+00     0.94273023E-01     0.14937651E+00      88     0.40837713E-01
-0.20300001E+02    -0.76887155E+00     0.15134275E+00     0.30000000E+01     0.26048154E-02     0.99955380E+00     0.95196567E-01     0.14888397E+00      88     0.40837713E-01
-0.20200001E+02    -0.76183575E+00     0.15031794E+00     0.30000000E+01     0.10453757E-02     0.99946249E+00     0.95637843E-01     0.14785683E+00      88     0.40837713E-01
-0.20100000E+02    -0.75778818E+00     0.14920714E+00     0.30000000E+01    -0.20672719E-03     0.99939632E+00     0.96853331E-01     0.14675383E+00      88     0.40837713E-01
-0.19700001E+02    -0.73432958E+00     0.14514689E+00     0.30000000E+01    -0.56777629E-02     0.99898165E+00     0.99935569E-01     0.14269435E+00      89     0.36834702E-01
-0.19600000E+02    -0.72596335E+00     0.14420708E+00     0.30000000E+01    -0.73836013E-02     0.99878103E+00     0.10120466E+00     0.14175658E+00      89     0.36834702E-01
-0.19500000E+02    -0.72064608E+00     0.14349951E+00     0.30000000E+01    -0.80641210E-02     0.99872917E+00     0.10177474E+00     0.14104737E+00      89     0.36834702E-01
-0.19400002E+02    -0.71075875E+00     0.14242843E+00     0.30000000E+01    -0.10175774E-01     0.99840540E+00     0.10265613E+00     0.13997117E+00      89     0.36834702E-01
-0.19300001E+02    -0.70578784E+00     0.14128366E+00     0.30000000E+01    -0.11504428E-01     0.99822503E+00     0.10419229E+00     0.13883437E+00      89     0.36834702E-01
-0.19200001E+02    -0.69858450E+00     0.13987702E+00     0.30000000E+01    -0.13748514E-01     0.99776369E+00     0.10554983E+00     0.13743302E+00      89     0.36834702E-01
-0.19100000E+02    -0.69544911E+00     0.13872607E+00     0.30000000E+01    -0.14704438E-01     0.99765903E+00     0.10643636E+00     0.13628000E+00      89     0.36834702E-01
-0.19000002E+02    -0.68822563E+00     0.13779142E+00     0.30000000E+01    -0.16199011E-01     0.99728483E+00     0.10750792E+00     0.13534825E+00      89     0.36834702E-01
-0.18900002E+02    -0.68042541E+00     0.13681386E+00     0.30000000E+01    -0.17779676E-01     0.99680984E+00     0.10876311E+00     0.13437168E+00      90     0.33153079E-01
-0.18800001E+02    -0.67029488E+00     0.13584928E+00     0.30000000E+01    -0.19777810E-01     0.99602306E+00     0.10989425E+00     0.13340373E+00      90     0.33153079E-01
-0.18700001E+02    -0.66283000E+00     0.13473330E+00     0.30000000E+01    -0.21470446E-01     0.99532294E+00     0.11123921E+00     0.13228981E+00      90     0.33153079E-01
-0.18600000E+02    -0.65348089E+00     0.13351496E+00     0.30000000E+01    -0.23790782E-01     0.99425912E+00     0.11227451E+00     0.13107648E+00      90     0.33153079E-01
-0.18500002E+02    -0.64901817E+00     0.13249564E+00     0.30000000E+01    -0.24920851E-01     0.99391913E+00     0.11378076E+00     0.13006644E+00      90     0.33153079E-01
-0.18400000E+02    -0.64763856E+00     0.13147794E+00     0.30000000E+01    -0.25309399E-01     0.98737663E+00     0.11534306E+00     0.12905322E+00      90     0.33153079E-01
-0.18300001E+02    -0.64502966E+00     0.13050942E+00     0.30000000E+01    -0.25843248E-01     0.98334295E+00     0.11648062E+00     0.12808214E+00      90     0.33153079E-01
-0.18200001E+02    -0.62874538E+00     0.12856579E+00     0.30000000E+01    -0.29595520E-01     0.66032928E+00     0.11870351E+00     0.12487510E+00      91     0.29771008E-01
-0.18100002E+02    -0.62546313E+00     0.12777366E+00     0.30000000E+01    -0.30209210E-01     0.64238244E+00     0.12008427E+00     0.12402830E+00      91     0.29771008E-01
-0.18000000E+02    -0.62334967E+00     0.12689485E+00     0.30000000E+01    -0.30820198E-01     0.63131076E+00     0.12242511E+00     0.12312375E+00      91     0.29771008E-01
-0.17900000E+02    -0.61936355E+00     0.12613888E+00     0.30000000E+01    -0.31442560E-01     0.62025338E+00     0.12407841E+00     0.12233140E+00      91     0.29771008E-01
-0.17800001E+02    -0.61529166E+00     0.12541734E+00     0.30000000E+01    -0.32009147E-01     0.60976917E+00     0.12560064E+00     0.12157951E+00      91     0.29771008E-01
-0.17700001E+02    -0.61361605E+00     0.12438460E+00     0.30000000E+01    -0.32682758E-01     0.59812540E+00     0.12772971E+00     0.12050806E+00      91     0.29771008E-01
-0.17600000E+02    -0.61346370E+00     0.12309509E+00     0.30000000E+01    -0.33456307E-01     0.59208024E+00     0.12990145E+00     0.11920787E+00      91     0.29771008E-01
-0.17500000E+02    -0.60949588E+00     0.12230512E+00     0.30000000E+01    -0.34092065E-01     0.59022933E+00     0.13132027E+00     0.11841390E+00      91     0.29771008E-01
-0.17400002E+02    -0.60600471E+00     0.12155999E+00     0.30000000E+01    -0.34610119E-01     0.58434826E+00     0.13342638E+00     0.11765312E+00      91     0.29771008E-01
-0.17300001E+02    -0.60471410E+00     0.12061938E+00     0.30000000E+01    -0.35187643E-01     0.57926327E+00     0.13634928E+00     0.11671326E+00      91     0.29771008E-01
-0.17200001E+02    -0.60300386E+00     0.11959260E+00     0.30000000E+01    -0.35842039E-01     0.57447016E+00     0.13872150E+00     0.11568169E+00      92     0.26666561E-01
-0.17100000E+02    -0.60119200E+00     0.11849121E+00     0.30000000E+01    -0.36517765E-01     0.57040739E+00     0.14112619E+00     0.11456543E+00      92     0.26666561E-01
-0.17000002E+02    -0.60264778E+00     0.11714789E+00     0.30000000E+01    -0.37233058E-01     0.56323570E+00     0.14485046E+00     0.11321564E+00      92     0.26666561E-01
-0.16900000E+02    -0.60188365E+00     0.11607580E+00     0.30000000E+01    -0.37863564E-01     0.56043792E+00     0.14825390E+00     0.11215401E+00      92     0.26666561E-01
-0.16800001E+02    -0.60026133E+00     0.11508964E+00     0.30000000E+01    -0.38453653E-01     0.55903965E+00     0.15159044E+00     0.11117457E+00      92     0.26666561E-01
-0.16500000E+02    -0.60781753E+00     0.11060412E+00     0.30000000E+01    -0.40639792E-01     0.55029732E+00     0.16464826E+00     0.10671906E+00      92     0.26666561E-01
-0.16200001E+02    -0.63796234E+00     0.10352713E+00     0.30000000E+01    -0.43387543E-01     0.54421240E+00     0.18729140E+00     0.99731758E-01      92     0.26666561E-01
-0.16000002E+02    -0.62091255E+00     0.10373536E+00     0.30000000E+01    -0.46716902E-01     0.53567618E+00     0.19750641E+00     0.10000516E+00      92     0.26666561E-01
-0.15600002E+02    -0.67938882E+00     0.91714777E-01     0.30000000E+01    -0.47832571E-01     0.53330439E+00     0.22296688E+00     0.88027298E-01      92     0.26666561E-01
-0.15500001E+02    -0.66496754E+00     0.94397776E-01     0.30000000E+01    -0.49673103E-01     0.52929205E+00     0.22582625E+00     0.90750366E-01      92     0.26666561E-01
-0.15400001E+02    -0.67063874E+00     0.92772178E-01     0.30000000E+01    -0.50275117E-01     0.52771038E+00     0.23016861E+00     0.89116797E-01      92     0.26666561E-01
-0.15300001E+02    -0.67549211E+00     0.91506161E-01     0.30000000E+01    -0.50742786E-01     0.52593476E+00     0.23366718E+00     0.87862827E-01      92     0.26666561E-01
-0.15200001E+02    -0.67470181E+00     0.90686269E-01     0.30000000E+01    -0.51165428E-01     0.52370733E+00     0.23666714E+00     0.87034516E-01      92     0.26666561E-01
-0.15100001E+02    -0.68458593E+00     0.88750817E-01     0.30000000E+01    -0.51797435E-01     0.52232671E+00     0.24046358E+00     0.85097849E-01      93     0.23817979E-01
-0.15000001E+02    -0.68366414E+00     0.87928481E-01     0.30000000E+01    -0.52198872E-01     0.51989102E+00     0.24296361E+00     0.84269360E-01      93     0.23817979E-01
-0.14900000E+02    -0.68569523E+00     0.86847730E-01     0.30000000E+01    -0.52654028E-01     0.51827240E+00     0.24654087E+00     0.83191998E-01      93     0.23817979E-01
-0.14800000E+02    -0.69034028E+00     0.85450806E-01     0.30000000E+01    -0.53181726E-01     0.51694310E+00     0.24841242E+00     0.81789128E-01      93     0.23817979E-01
-0.14700002E+02    -0.69058424E+00     0.84465317E-01     0.30000000E+01    -0.53623933E-01     0.51515394E+00     0.25150910E+00     0.80798507E-01      93     0.23817979E-01
-0.14600000E+02    -0.68866730E+00     0.83693288E-01     0.30000000E+01    -0.54012358E-01     0.51319987E+00     0.25346726E+00     0.80016822E-01      93     0.23817979E-01
-0.14500000E+02    -0.68931997E+00     0.82826100E-01     0.30000000E+01    -0.54391503E-01     0.51023084E+00     0.25535890E+00     0.79148732E-01      93     0.23817979E-01
-0.14400001E+02    -0.69429767E+00     0.81379019E-01     0.30000000E+01    -0.54936912E-01     0.50875765E+00     0.25778881E+00     0.77687070E-01      93     0.23817979E-01
-0.14300001E+02    -0.69087118E+00     0.80709636E-01     0.30000000E+01    -0.55325832E-01     0.50666255E+00     0.25942343E+00     0.76998122E-01      93     0.23817979E-01
-0.14200001E+02    -0.68896359E+00     0.80036633E-01     0.30000000E+01    -0.55683203E-01     0.50441527E+00     0.26106402E+00     0.76312460E-01      93     0.23817979E-01
-0.14100001E+02    -0.68844658E+00     0.79275854E-01     0.30000000E+01    -0.56031123E-01     0.50285882E+00     0.26264763E+00     0.75559840E-01      93     0.23817979E-01
-0.14000001E+02    -0.69149965E+00     0.78151174E-01     0.30000000E+01    -0.56509610E-01     0.50158197E+00     0.26460016E+00     0.74427895E-01      93     0.23817979E-01
-0.13900002E+02    -0.69007295E+00     0.77337578E-01     0.30000000E+01    -0.56923807E-01     0.50003642E+00     0.26622370E+00     0.73599495E-01      94     0.21205073E-01
-0.13800001E+02    -0.68592411E+00     0.76752901E-01     0.30000000E+01    -0.57316251E-01     0.49829617E+00     0.26757330E+00     0.72993942E-01      94     0.21205073E-01
-0.13700001E+02    -0.68461120E+00     0.76153643E-01     0.30000000E+01    -0.57610955E-01     0.49674079E+00     0.26898369E+00     0.72398119E-01      94     0.21205073E-01
-0.13600001E+02    -0.68337822E+00     0.75521633E-01     0.30000000E+01    -0.57947826E-01     0.49513263E+00     0.27030492E+00     0.71765609E-01      94     0.21205073E-01
-0.13500001E+02    -0.68760699E+00     0.74359082E-01     0.30000000E+01    -0.58441233E-01     0.49391517E+00     0.27216503E+00     0.70589729E-01      94     0.21205073E-01
-0.13400001E+02    -0.68393505E+00     0.73859729E-01     0.30000000E+01    -0.58785740E-01     0.49214965E+00     0.27340823E+00     0.70073158E-01      94     0.21205073E-01
-0.13300000E+02    -0.67978251E+00     0.73337436E-01     0.30000000E+01    -0.59149716E-01     0.49018541E+00     0.27460235E+00     0.69526866E-01      94     0.21205073E-01
-0.13200001E+02    -0.67641395E+00     0.72842330E-01     0.30000000E+01    -0.59474912E-01     0.48831677E+00     0.27577409E+00     0.69019318E-01      94     0.21205073E-01
-0.13100000E+02    -0.67493939E+00     0.72351806E-01     0.30000000E+01    -0.59764300E-01     0.48710427E+00     0.27692884E+00     0.68536811E-01      94     0.21205073E-01
-0.13000001E+02    -0.68165171E+00     0.71237735E-01     0.30000000E+01    -0.60243998E-01     0.48620492E+00     0.27925777E+00     0.67422681E-01      94     0.21205073E-01
-0.12900001E+02    -0.67769295E+00     0.70801228E-01     0.30000000E+01    -0.60566109E-01     0.48472500E+00     0.28031334E+00     0.66976242E-01      94     0.21205073E-01
-0.12800001E+02    -0.67176253E+00     0.70508063E-01     0.30000000E+01    -0.60844809E-01     0.48222297E+00     0.28072599E+00     0.66666700E-01      95     0.18808823E-01
-0.12700001E+02    -0.67062187E+00     0.69731742E-01     0.30000000E+01    -0.61312221E-01     0.48187137E+00     0.28248295E+00     0.65865159E-01      95     0.18808823E-01
-0.12600001E+02    -0.66908449E+00     0.69216490E-01     0.30000000E+01    -0.61588265E-01     0.47953320E+00     0.28364390E+00     0.65342255E-01      95     0.18808823E-01
-0.12500001E+02    -0.67408365E+00     0.68385310E-01     0.30000000E+01    -0.61951131E-01     0.47946027E+00     0.28570682E+00     0.64524330E-01      95     0.18808823E-01
-0.12400002E+02    -0.67123425E+00     0.67903318E-01     0.30000000E+01    -0.62244475E-01     0.47708061E+00     0.28693262E+00     0.64029783E-01      95     0.18808823E-01
-0.12300001E+02    -0.66832155E+00     0.67323759E-01     0.30000000E+01    -0.62606610E-01     0.47646359E+00     0.28827038E+00     0.63437186E-01      95     0.18808823E-01
-0.12200001E+02    -0.67582679E+00     0.65739758E-01     0.30000000E+01    -0.63254021E-01     0.47422263E+00     0.29026455E+00     0.61794210E-01      95     0.18808823E-01
-0.12100001E+02    -0.66935980E+00     0.65620221E-01     0.30000000E+01    -0.63396834E-01     0.47290075E+00     0.29095098E+00     0.61685205E-01      95     0.18808823E-01
-0.12000000E+02    -0.66848779E+00     0.65109663E-01     0.30000000E+01    -0.63614249E-01     0.47174624E+00     0.29258606E+00     0.61192594E-01      96     0.16611833E-01
-0.11900001E+02    -0.66261828E+00     0.64796820E-01     0.30000000E+01    -0.63836485E-01     0.47047412E+00     0.29289082E+00     0.60874488E-01      96     0.16611833E-01
-0.11800000E+02    -0.66250598E+00     0.63997991E-01     0.30000000E+01    -0.64159550E-01     0.46938181E+00     0.29455754E+00     0.60075074E-01      96     0.16611833E-01
-0.11700001E+02    -0.66239685E+00     0.63104726E-01     0.30000000E+01    -0.64500935E-01     0.46825662E+00     0.29525498E+00     0.59164815E-01      96     0.16611833E-01
-0.11600000E+02    -0.65944713E+00     0.62478494E-01     0.30000000E+01    -0.64801306E-01     0.46708807E+00     0.29612407E+00     0.58522873E-01      96     0.16611833E-01
-0.11500001E+02    -0.65794623E+00     0.61461795E-01     0.30000000E+01    -0.65206498E-01     0.46584582E+00     0.29742786E+00     0.57476699E-01      96     0.16611833E-01
-0.11400001E+02    -0.65552491E+00     0.60835537E-01     0.30000000E+01    -0.65438390E-01     0.46462095E+00     0.29888174E+00     0.56845535E-01      96     0.16611833E-01
-0.11200001E+02    -0.65531963E+00     0.59163816E-01     0.30000000E+01    -0.65872170E-01     0.46234217E+00     0.30077249E+00     0.55170380E-01      96     0.16611833E-01
-0.11100001E+02    -0.65242887E+00     0.58460109E-01     0.30000000E+01    -0.66103108E-01     0.46108314E+00     0.30175436E+00     0.54459609E-01      96     0.16611833E-01
-0.10900001E+02    -0.65227449E+00     0.46501208E-01     0.30000000E+01    -0.66345997E-01     0.45865476E+00     0.30342570E+00     0.42459227E-01      97     0.14598641E-01
-0.10800001E+02    -0.65643305E+00     0.45292299E-01     0.30000000E+01    -0.66716321E-01     0.45791483E+00     0.30461505E+00     0.41223440E-01      97     0.14598641E-01
-0.10700001E+02    -0.65582091E+00     0.44413045E-01     0.30000000E+01    -0.67080170E-01     0.45698848E+00     0.30570650E+00     0.40312562E-01      97     0.14598641E-01
-0.10600001E+02    -0.64947212E+00     0.44192899E-01     0.30000000E+01    -0.67160018E-01     0.45513645E+00     0.30637822E+00     0.40099107E-01      97     0.14598641E-01
-0.10500001E+02    -0.64743370E+00     0.43666273E-01     0.30000000E+01    -0.67257397E-01     0.45409676E+00     0.30753255E+00     0.39584678E-01      97     0.14598641E-01
-0.10400002E+02    -0.64576334E+00     0.43049920E-01     0.30000000E+01    -0.67411721E-01     0.45303613E+00     0.30829135E+00     0.38966924E-01      97     0.14598641E-01
-0.10300000E+02    -0.64884138E+00     0.42097032E-01     0.30000000E+01    -0.67588530E-01     0.45220727E+00     0.30893210E+00     0.38002349E-01      97     0.14598641E-01
-0.10200001E+02    -0.64728451E+00     0.41444238E-01     0.30000000E+01    -0.67770392E-01     0.45116842E+00     0.30998835E+00     0.37342153E-01      97     0.14598641E-01
-0.10100000E+02    -0.64543569E+00     0.40751901E-01     0.30000000E+01    -0.67990899E-01     0.45013621E+00     0.31117702E+00     0.36634278E-01      97     0.14598641E-01
-0.10000001E+02    -0.64301145E+00     0.40111877E-01     0.30000000E+01    -0.68183064E-01     0.44904590E+00     0.31189054E+00     0.35974916E-01      98     0.12755311E-01
-0.99000006E+01    -0.64827830E+00     0.38931232E-01     0.30000000E+01    -0.68410635E-01     0.44820338E+00     0.31287980E+00     0.34759574E-01      98     0.12755311E-01
-0.98000011E+01    -0.64570343E+00     0.38285814E-01     0.30000000E+01    -0.68609327E-01     0.44700882E+00     0.31346342E+00     0.34084555E-01      98     0.12755311E-01
-0.97000008E+01    -0.64334697E+00     0.37882186E-01     0.30000000E+01    -0.68540692E-01     0.44576511E+00     0.31466398E+00     0.33694811E-01      98     0.12755311E-01
-0.96000013E+01    -0.63974011E+00     0.37452664E-01     0.30000000E+01    -0.68575084E-01     0.44453797E+00     0.31497025E+00     0.33262331E-01      98     0.12755311E-01
-0.95000010E+01    -0.65399426E+00     0.35993360E-01     0.30000000E+01    -0.68393081E-01     0.44413143E+00     0.31623632E+00     0.31802308E-01      98     0.12755311E-01
-0.94000006E+01    -0.65742588E+00     0.35156939E-01     0.30000000E+01    -0.68313509E-01     0.44342232E+00     0.31733537E+00     0.30965989E-01      98     0.12755311E-01
-0.93000011E+01    -0.67418069E+00     0.33548739E-01     0.30000000E+01    -0.68009019E-01     0.44307476E+00     0.31881621E+00     0.29336974E-01      98     0.12755311E-01
-0.91999998E+01    -0.67582822E+00     0.32795649E-01     0.30000000E+01    -0.67903295E-01     0.44224727E+00     0.31967047E+00     0.28570065E-01      98     0.12755311E-01
-0.91000013E+01    -0.67996043E+00     0.31905401E-01     0.30000000E+01    -0.67721471E-01     0.44149923E+00     0.32039580E+00     0.27660510E-01      98     0.12755311E-01
-0.90000000E+01    -0.69705737E+00     0.30222794E-01     0.30000000E+01    -0.67249186E-01     0.44108385E+00     0.32130751E+00     0.25937140E-01      98     0.12755311E-01
-0.89000015E+01    -0.82916737E+00     0.16896652E-01     0.30000000E+01    -0.71636759E-01     0.44361427E+00     0.32609525E+00     0.12467007E-01      97     0.14598641E-01
-0.88000002E+01    -0.81387997E+00     0.15727671E-01     0.30000000E+01    -0.74761055E-01     0.44237605E+00     0.32689804E+00     0.11255377E-01      97     0.14598641E-01
-0.87000017E+01    -0.79825944E+00     0.14966297E-01     0.30000000E+01    -0.77116810E-01     0.44109693E+00     0.32774210E+00     0.10456616E-01      98     0.12755311E-01
-0.86000004E+01    -0.78160149E+00     0.14212884E-01     0.30000000E+01    -0.79655647E-01     0.43976936E+00     0.32825515E+00     0.96590659E-02      98     0.12755311E-01
-0.85000019E+01    -0.76482993E+00     0.13597085E-01     0.30000000E+01    -0.81943899E-01     0.43844396E+00     0.32870468E+00     0.89985440E-02      98     0.12755311E-01
-0.84000006E+01    -0.74807775E+00     0.13084826E-01     0.30000000E+01    -0.84031366E-01     0.43711954E+00     0.32909444E+00     0.84406491E-02      98     0.12755311E-01
-0.83000011E+01    -0.73107398E+00     0.12581633E-01     0.30000000E+01    -0.86182848E-01     0.43576965E+00     0.32994664E+00     0.78965714E-02      99     0.11069483E-01
-0.82000008E+01    -0.71640807E+00     0.12331735E-01     0.30000000E+01    -0.87394387E-01     0.43442193E+00     0.33050501E+00     0.76296278E-02      99     0.11069483E-01
-0.81000013E+01    -0.70203775E+00     0.12116348E-01     0.30000000E+01    -0.88481329E-01     0.43226400E+00     0.33133614E+00     0.73985495E-02      99     0.11069483E-01
-0.80000010E+01    -0.68810272E+00     0.11972954E-01     0.30000000E+01    -0.89327052E-01     0.43081263E+00     0.33173567E+00     0.72442740E-02      99     0.11069483E-01
-0.79000001E+01    -0.67415261E+00     0.11839540E-01     0.30000000E+01    -0.90139151E-01     0.42986250E+00     0.33239222E+00     0.71083265E-02      99     0.11069483E-01
-0.78000011E+01    -0.66040117E+00     0.11733196E-01     0.30000000E+01    -0.90860218E-01     0.42878994E+00     0.33303428E+00     0.69973730E-02     100     0.95301569E-02
-0.77000003E+01    -0.64673924E+00     0.11641619E-01     0.30000000E+01    -0.91534495E-01     0.42771930E+00     0.33336002E+00     0.68966886E-02     100     0.95301569E-02
-0.76000009E+01    -0.63333899E+00     0.11582128E-01     0.30000000E+01    -0.92097379E-01     0.42661446E+00     0.33422184E+00     0.68316907E-02     100     0.95301569E-02
-0.75000005E+01    -0.61996800E+00     0.11528471E-01     0.30000000E+01    -0.92643261E-01     0.42550740E+00     0.33478054E+00     0.67677074E-02     100     0.95301569E-02
-0.74000010E+01    -0.60651040E+00     0.11466036E-01     0.30000000E+01    -0.93223304E-01     0.42440075E+00     0.33508641E+00     0.66918978E-02     101     0.81278561E-02
-0.73000002E+01    -0.59307861E+00     0.11407549E-01     0.30000000E+01    -0.93792200E-01     0.42331567E+00     0.33539212E+00     0.66194413E-02     101     0.81278561E-02
-0.72000012E+01    -0.57968014E+00     0.11354186E-01     0.30000000E+01    -0.94346985E-01     0.42219442E+00     0.33569714E+00     0.65509807E-02     101     0.81278561E-02
-0.71000004E+01    -0.56642264E+00     0.11316787E-01     0.30000000E+01    -0.94842471E-01     0.42101902E+00     0.33612925E+00     0.64976658E-02     101     0.81278561E-02
-0.70000014E+01    -0.55309325E+00     0.11273570E-01     0.30000000E+01    -0.95366172E-01     0.41974741E+00     0.33640957E+00     0.64374139E-02     101     0.81278561E-02
-0.69000006E+01    -0.53987747E+00     0.11239665E-01     0.30000000E+01    -0.95858224E-01     0.41770855E+00     0.33669487E+00     0.63844188E-02     102     0.68541314E-02
-0.68000016E+01    -0.52646387E+00     0.11196942E-01     0.30000000E+01    -0.96374258E-01     0.41690260E+00     0.33695281E+00     0.63332813E-02     102     0.68541314E-02
-0.67000008E+01    -0.51311314E+00     0.11160470E-01     0.30000000E+01    -0.96867353E-01     0.41600019E+00     0.33719841E+00     0.62865391E-02     102     0.68541314E-02
-0.66000018E+01    -0.49981260E+00     0.11129497E-01     0.30000000E+01    -0.97343564E-01     0.41504064E+00     0.33741063E+00     0.62438096E-02     102     0.68541314E-02
-0.65000010E+01    -0.48634723E+00     0.11080903E-01     0.30000000E+01    -0.97888723E-01     0.41407806E+00     0.33771628E+00     0.61823200E-02     103     0.57018539E-02
-0.64000001E+01    -0.47243699E+00     0.10984809E-01     0.30000000E+01    -0.98613240E-01     0.41306323E+00     0.33826029E+00     0.60822773E-02     103     0.57018539E-02
-0.63000011E+01    -0.45864266E+00     0.10902669E-01     0.30000000E+01    -0.99289611E-01     0.41206586E+00     0.33875895E+00     0.59950575E-02     103     0.57018539E-02
-0.62000003E+01    -0.44493526E+00     0.10831159E-01     0.30000000E+01    -0.99928193E-01     0.41109395E+00     0.33919957E+00     0.59171775E-02     103     0.57018539E-02
-0.61000009E+01    -0.43132436E+00     0.10770480E-01     0.30000000E+01    -0.10052855E+00     0.41009980E+00     0.33958942E+00     0.58483854E-02     104     0.46647848E-02
-0.60000000E+01    -0.41777745E+00     0.10717276E-01     0.30000000E+01    -0.10110377E+00     0.40906274E+00     0.33995894E+00     0.57859756E-02     104     0.46647848E-02
-0.59000010E+01    -0.40427881E+00     0.10669978E-01     0.30000000E+01    -0.10165919E+00     0.40801242E+00     0.34030846E+00     0.57288241E-02     104     0.46647848E-02
-0.58000002E+01    -0.39083570E+00     0.10629292E-01     0.30000000E+01    -0.10219237E+00     0.40685147E+00     0.34064278E+00     0.56771846E-02     104     0.46647848E-02
-0.57000012E+01    -0.37744179E+00     0.10593577E-01     0.30000000E+01    -0.10270895E+00     0.40562260E+00     0.34096596E+00     0.56297840E-02     105     0.37378250E-02
-0.56000004E+01    -0.36398274E+00     0.10555686E-01     0.30000000E+01    -0.10322844E+00     0.40461424E+00     0.34128690E+00     0.55879084E-02     105     0.37378250E-02
-0.55000014E+01    -0.35045186E+00     0.10514971E-01     0.30000000E+01    -0.10375331E+00     0.40387562E+00     0.34160712E+00     0.55446620E-02     105     0.37378250E-02
-0.54000006E+01    -0.33696795E+00     0.10478482E-01     0.30000000E+01    -0.10426475E+00     0.40263972E+00     0.34192377E+00     0.55032074E-02     105     0.37378250E-02
-0.53000016E+01    -0.32354185E+00     0.10447800E-01     0.30000000E+01    -0.10475828E+00     0.40175503E+00     0.34223390E+00     0.54663257E-02     105     0.37378250E-02
-0.52000008E+01    -0.31015244E+00     0.10420346E-01     0.30000000E+01    -0.10523878E+00     0.40087554E+00     0.34254751E+00     0.54315734E-02     106     0.29167181E-02
-0.51000013E+01    -0.29679397E+00     0.10396139E-01     0.30000000E+01    -0.10570902E+00     0.39997718E+00     0.34285447E+00     0.53990567E-02     106     0.29167181E-02
-0.50000010E+01    -0.28351042E+00     0.10378816E-01     0.30000000E+01    -0.10615361E+00     0.39909700E+00     0.34330940E+00     0.53734593E-02     106     0.29167181E-02
-0.49000015E+01    -0.27019900E+00     0.10359730E-01     0.30000000E+01    -0.10660770E+00     0.39820504E+00     0.34362534E+00     0.53441715E-02     106     0.29167181E-02
-0.48000007E+01    -0.25691035E+00     0.10342776E-01     0.30000000E+01    -0.10705512E+00     0.39731655E+00     0.34392819E+00     0.53160056E-02     107     0.21980663E-02
-0.47000003E+01    -0.24365209E+00     0.10328854E-01     0.30000000E+01    -0.10749298E+00     0.39639235E+00     0.34424353E+00     0.52900175E-02     107     0.21980663E-02
-0.46000009E+01    -0.23041922E+00     0.10317156E-01     0.30000000E+01    -0.10792330E+00     0.39545861E+00     0.34453818E+00     0.52656098E-02     107     0.21980663E-02
-0.45000000E+01    -0.21722744E+00     0.10309022E-01     0.30000000E+01    -0.10834021E+00     0.39439467E+00     0.34483513E+00     0.52435007E-02     107     0.21980663E-02
-0.44000010E+01    -0.20407870E+00     0.10304658E-01     0.30000000E+01    -0.10874452E+00     0.39326465E+00     0.34512025E+00     0.52244575E-02     108     0.15796433E-02
-0.43000002E+01    -0.19086763E+00     0.10296574E-01     0.30000000E+01    -0.10915574E+00     0.39231128E+00     0.34538111E+00     0.52085803E-02     108     0.15796433E-02
-0.42000012E+01    -0.17757353E+00     0.10284502E-01     0.30000000E+01    -0.10957259E+00     0.39167416E+00     0.34562761E+00     0.51909615E-02     108     0.15796433E-02
-0.41000004E+01    -0.16432582E+00     0.10275805E-01     0.30000000E+01    -0.10997727E+00     0.39094898E+00     0.34583870E+00     0.51753079E-02     108     0.15796433E-02
-0.40000014E+01    -0.15079193E+00     0.10242919E-01     0.30000000E+01    -0.11048609E+00     0.39019206E+00     0.34629348E+00     0.51377951E-02     109     0.10605047E-02
-0.39000006E+01    -0.13714336E+00     0.10199339E-01     0.30000000E+01    -0.11104015E+00     0.38897049E+00     0.34682497E+00     0.50921896E-02     109     0.10605047E-02
-0.38000014E+01    -0.12356967E+00     0.10163109E-01     0.30000000E+01    -0.11156629E+00     0.38816950E+00     0.34729716E+00     0.50542178E-02     109     0.10605047E-02
-0.37000005E+01    -0.11006132E+00     0.10132453E-01     0.30000000E+01    -0.11207119E+00     0.38735542E+00     0.34775859E+00     0.50208098E-02     109     0.10605047E-02
-0.36000016E+01    -0.96619226E-01     0.10107603E-01     0.30000000E+01    -0.11255381E+00     0.38654956E+00     0.34816331E+00     0.49918885E-02     110     0.64034248E-03
-0.35000007E+01    -0.83233833E-01     0.10087963E-01     0.30000000E+01    -0.11301789E+00     0.38574037E+00     0.34853765E+00     0.49669147E-02     110     0.64034248E-03
-0.34000015E+01    -0.69889240E-01     0.10071724E-01     0.30000000E+01    -0.11346888E+00     0.38492751E+00     0.34889710E+00     0.49445340E-02     110     0.64034248E-03
-0.33000009E+01    -0.56584623E-01     0.10058801E-01     0.30000000E+01    -0.11390830E+00     0.38409099E+00     0.34924710E+00     0.49245050E-02     110     0.64034248E-03
-0.32000017E+01    -0.43315887E-01     0.10048954E-01     0.30000000E+01    -0.11433636E+00     0.38318646E+00     0.34957883E+00     0.49064602E-02     111     0.32030090E-03
-0.31000009E+01    -0.30093439E-01     0.10042954E-01     0.30000000E+01    -0.11475221E+00     0.38222256E+00     0.34992072E+00     0.48916419E-02     111     0.32030090E-03
-0.30000000E+01    -0.16935155E-01     0.10041198E-01     0.30000000E+01    -0.11515106E+00     0.38116550E+00     0.35041618E+00     0.48817531E-02     111     0.32030090E-03
-0.29000010E+01    -0.36667227E-02     0.10033093E-01     0.30000000E+01    -0.11556525E+00     0.38033578E+00     0.35075048E+00     0.48718094E-02     111     0.32030090E-03
-0.28000002E+01     0.96916519E-02     0.10020159E-01     0.30000000E+01    -0.11598846E+00     0.37974152E+00     0.35108158E+00     0.48585283E-02     111     0.32030090E-03
-0.27000012E+01     0.23003662E-01     0.10010431E-01     0.30000000E+01    -0.11640016E+00     0.37910306E+00     0.35140565E+00     0.48468639E-02     112     0.10796922E-03
-0.26000004E+01     0.36286157E-01     0.10002866E-01     0.30000000E+01    -0.11680602E+00     0.37844104E+00     0.35172355E+00     0.48363963E-02     112     0.10796922E-03
-0.25000012E+01     0.49522988E-01     0.99983998E-02     0.30000000E+01    -0.11720064E+00     0.37733641E+00     0.35205874E+00     0.48260954E-02     112     0.10796922E-03
-0.24000003E+01     0.62735334E-01     0.99960100E-02     0.30000000E+01    -0.11758735E+00     0.37659663E+00     0.35238463E+00     0.48180684E-02     112     0.10796922E-03
-0.23000014E+01     0.75921267E-01     0.99953925E-02     0.30000000E+01    -0.11796793E+00     0.37586120E+00     0.35271779E+00     0.48111076E-02     113     0.97485645E-05
-0.22000005E+01     0.89076094E-01     0.99972337E-02     0.30000000E+01    -0.11833975E+00     0.37513578E+00     0.35303673E+00     0.48056208E-02     113     0.97485645E-05
-0.21000013E+01     0.10219904E+00     0.10001383E-01     0.30000000E+01    -0.11870361E+00     0.37438750E+00     0.35334465E+00     0.48014126E-02     113     0.97485645E-05
-0.20000007E+01     0.11529120E+00     0.10007604E-01     0.30000000E+01    -0.11905856E+00     0.37365562E+00     0.35364318E+00     0.47984426E-02     113     0.97485645E-05
-0.19000015E+01     0.12833345E+00     0.10017211E-01     0.30000000E+01    -0.11940031E+00     0.37290588E+00     0.35393021E+00     0.47976654E-02     113     0.97485645E-05
-0.18000008E+01     0.14134212E+00     0.10028956E-01     0.30000000E+01    -0.11973311E+00     0.37212402E+00     0.35416868E+00     0.47980724E-02     114     0.15062575E-04
-0.17000016E+01     0.15429994E+00     0.10044191E-01     0.30000000E+01    -0.12005183E+00     0.37129200E+00     0.35440171E+00     0.48011043E-02     114     0.15062575E-04
-0.16000009E+01     0.16748968E+00     0.10043334E-01     0.30000000E+01    -0.12045044E+00     0.37038368E+00     0.35488355E+00     0.47910665E-02     114     0.15062575E-04
-0.15000000E+01     0.18075904E+00     0.10035810E-01     0.30000000E+01    -0.12087992E+00     0.36936796E+00     0.35543531E+00     0.47784406E-02     114     0.15062575E-04
-0.14000009E+01     0.19416066E+00     0.10020552E-01     0.30000000E+01    -0.12132018E+00     0.36870110E+00     0.35596573E+00     0.47686924E-02     114     0.15062575E-04
-0.13000002E+01     0.20758751E+00     0.10004788E-01     0.30000000E+01    -0.12175612E+00     0.36815730E+00     0.35642004E+00     0.47575901E-02     115     0.11537309E-03
-0.12000011E+01     0.22094768E+00     0.99935206E-02     0.30000000E+01    -0.12217397E+00     0.36755604E+00     0.35684851E+00     0.47495575E-02     115     0.11537309E-03
-0.11000003E+01     0.23424523E+00     0.99866772E-02     0.30000000E+01    -0.12257583E+00     0.36696059E+00     0.35725826E+00     0.47447272E-02     115     0.11537309E-03
-0.10000012E+01     0.24749899E+00     0.99825552E-02     0.30000000E+01    -0.12296513E+00     0.36631221E+00     0.35764146E+00     0.47413940E-02     115     0.11537309E-03
-0.90000039E+00     0.26068988E+00     0.99823391E-02     0.30000000E+01    -0.12334058E+00     0.36527067E+00     0.35799551E+00     0.47385916E-02     115     0.11537309E-03
-0.80000126E+00     0.27384138E+00     0.99845557E-02     0.30000000E+01    -0.12370545E+00     0.36458796E+00     0.35853830E+00     0.47409176E-02     116     0.30344969E-03
-0.70000046E+00     0.28696650E+00     0.99893864E-02     0.30000000E+01    -0.12406095E+00     0.36392272E+00     0.35890990E+00     0.47430797E-02     116     0.30344969E-03
-0.60000139E+00     0.30005589E+00     0.99964505E-02     0.30000000E+01    -0.12440825E+00     0.36324191E+00     0.35926414E+00     0.47463514E-02     116     0.30344969E-03
-0.50000060E+00     0.31311080E+00     0.10005572E-01     0.30000000E+01    -0.12474789E+00     0.36256894E+00     0.35962507E+00     0.47508311E-02     116     0.30344969E-03
-0.40000150E+00     0.32612062E+00     0.10017936E-01     0.30000000E+01    -0.12507442E+00     0.36187658E+00     0.35997683E+00     0.47572209E-02     116     0.30344969E-03
-0.30000070E+00     0.33909890E+00     0.10031923E-01     0.30000000E+01    -0.12539379E+00     0.36118084E+00     0.36031187E+00     0.47645909E-02     117     0.58610301E-03
-0.20000160E+00     0.35203764E+00     0.10048748E-01     0.30000000E+01    -0.12570369E+00     0.36045069E+00     0.36067241E+00     0.47739870E-02     117     0.58610301E-03
-0.10000080E+00     0.36493018E+00     0.10067830E-01     0.30000000E+01    -0.12600389E+00     0.35962099E+00     0.36102137E+00     0.47844322E-02     117     0.58610301E-03
 0.00000000E+00     0.37777561E+00     0.10089985E-01     0.30000000E+01    -0.12629411E+00     0.35874218E+00     0.36135277E+00     0.47973963E-02     117     0.58610301E-03
 0.99999093E-01     0.39056176E+00     0.10115304E-01     0.30000000E+01    -0.12657110E+00     0.35779870E+00     0.36170560E+00     0.48163142E-02     117     0.58610301E-03
 0.19999990E+00     0.40369022E+00     0.10119779E-01     0.30000000E+01    -0.12690325E+00     0.35734475E+00     0.36203608E+00     0.48224633E-02     118     0.97300706E-03
 0.29999900E+00     0.41676024E+00     0.10127975E-01     0.30000000E+01    -0.12722231E+00     0.35684317E+00     0.36235222E+00     0.48306063E-02     118     0.97300706E-03
 0.39999980E+00     0.42977422E+00     0.10139364E-01     0.30000000E+01    -0.12752791E+00     0.35630789E+00     0.36266148E+00     0.48405989E-02     118     0.97300706E-03
 0.49999887E+00     0.44273311E+00     0.10153684E-01     0.30000000E+01    -0.12782100E+00     0.35571930E+00     0.36293659E+00     0.48524980E-02     118     0.97300706E-03
 0.59999967E+00     0.45564902E+00     0.10170392E-01     0.30000000E+01    -0.12810387E+00     0.35513464E+00     0.36318076E+00     0.48656291E-02     118     0.97300706E-03
 0.69999880E+00     0.46878269E+00     0.10174346E-01     0.30000000E+01    -0.12845695E+00     0.35417908E+00     0.36370420E+00     0.48673018E-02     119     0.14674140E-02
 0.79999959E+00     0.48195350E+00     0.10176262E-01     0.30000000E+01    -0.12882452E+00     0.35356650E+00     0.36430496E+00     0.48719132E-02     119     0.14674140E-02
 0.89999866E+00     0.49505374E+00     0.10182130E-01     0.30000000E+01    -0.12917255E+00     0.35291964E+00     0.36485097E+00     0.48792213E-02     119     0.14674140E-02
 0.99999946E+00     0.50809759E+00     0.10191577E-01     0.30000000E+01    -0.12950514E+00     0.35229811E+00     0.36534566E+00     0.48891623E-02     119     0.14674140E-02
 0.10999986E+01     0.52107930E+00     0.10204701E-01     0.30000000E+01    -0.12982173E+00     0.35167131E+00     0.36581981E+00     0.49019093E-02     119     0.14674140E-02
 0.11999993E+01     0.53400856E+00     0.10220575E-01     0.30000000E+01    -0.13012554E+00     0.35104641E+00     0.36623231E+00     0.49163001E-02     120     0.20708691E-02
 0.12999984E+01     0.54688931E+00     0.10239262E-01     0.30000000E+01    -0.13041762E+00     0.35041264E+00     0.36662832E+00     0.49324888E-02     120     0.20708691E-02
 0.13999993E+01     0.55971408E+00     0.10260663E-01     0.30000000E+01    -0.13069752E+00     0.34970605E+00     0.36722320E+00     0.49521751E-02     120     0.20708691E-02
 0.14999983E+01     0.57248920E+00     0.10285613E-01     0.30000000E+01    -0.13096529E+00     0.34902176E+00     0.36760673E+00     0.49730921E-02     120     0.20708691E-02
 0.15999992E+01     0.58519083E+00     0.10314034E-01     0.30000000E+01    -0.13121744E+00     0.34817806E+00     0.36798748E+00     0.49956292E-02     120     0.20708691E-02
 0.16999999E+01     0.59782696E+00     0.10345968E-01     0.30000000E+01    -0.13145535E+00     0.34731242E+00     0.36837688E+00     0.50213453E-02     120     0.20708691E-02
 0.17999990E+01     0.61067843E+00     0.10364871E-01     0.30000000E+01    -0.13172822E+00     0.34670067E+00     0.36876506E+00     0.50445166E-02     121     0.27848454E-02
 0.18999999E+01     0.62365931E+00     0.10377026E-01     0.30000000E+01    -0.13201892E+00     0.34627098E+00     0.36914527E+00     0.50608711E-02     121     0.27848454E-02
 0.19999989E+01     0.63659054E+00     0.10391603E-01     0.30000000E+01    -0.13229872E+00     0.34576339E+00     0.36950821E+00     0.50783032E-02     121     0.27848454E-02
 0.20999997E+01     0.64950681E+00     0.10406648E-01     0.30000000E+01    -0.13257526E+00     0.34498289E+00     0.36988816E+00     0.50948090E-02     121     0.27848454E-02
 0.21999989E+01     0.66233414E+00     0.10426858E-01     0.30000000E+01    -0.13283342E+00     0.34442210E+00     0.37026024E+00     0.51155016E-02     121     0.27848454E-02
 0.22999997E+01     0.67511058E+00     0.10449517E-01     0.30000000E+01    -0.13308123E+00     0.34385982E+00     0.37063551E+00     0.51378254E-02     122     0.36099148E-02
 0.23999987E+01     0.68783754E+00     0.10474367E-01     0.30000000E+01    -0.13331878E+00     0.34326929E+00     0.37100306E+00     0.51609320E-02     122     0.36099148E-02
 0.24999995E+01     0.70052367E+00     0.10501372E-01     0.30000000E+01    -0.13354661E+00     0.34267256E+00     0.37134761E+00     0.51852525E-02     122     0.36099148E-02
 0.25999987E+01     0.71316224E+00     0.10530543E-01     0.30000000E+01    -0.13376357E+00     0.34210175E+00     0.37166750E+00     0.52109482E-02     122     0.36099148E-02
 0.26999993E+01     0.72575021E+00     0.10562202E-01     0.30000000E+01    -0.13396931E+00     0.34152263E+00     0.37195972E+00     0.52379747E-02     122     0.36099148E-02
 0.27999985E+01     0.73829395E+00     0.10595812E-01     0.30000000E+01    -0.13416384E+00     0.34093490E+00     0.37221792E+00     0.52662115E-02     123     0.45458898E-02
 0.28999994E+01     0.75105405E+00     0.10619184E-01     0.30000000E+01    -0.13442624E+00     0.34034038E+00     0.37282193E+00     0.52881041E-02     123     0.45458898E-02
 0.29999983E+01     0.76381886E+00     0.10642744E-01     0.30000000E+01    -0.13469106E+00     0.33974308E+00     0.37345594E+00     0.53129373E-02     123     0.45458898E-02
 0.30999992E+01     0.77647823E+00     0.10671139E-01     0.30000000E+01    -0.13493268E+00     0.33909568E+00     0.37403536E+00     0.53411531E-02     123     0.45458898E-02
 0.31999984E+01     0.78906476E+00     0.10703192E-01     0.30000000E+01    -0.13515618E+00     0.33841336E+00     0.37455025E+00     0.53721266E-02     123     0.45458898E-02
 0.32999990E+01     0.80155635E+00     0.10739659E-01     0.30000000E+01    -0.13535954E+00     0.33769566E+00     0.37502035E+00     0.54066828E-02     123     0.45458898E-02
 0.33999999E+01     0.81392550E+00     0.10781939E-01     0.30000000E+01    -0.13553847E+00     0.33684078E+00     0.37548089E+00     0.54457160E-02     124     0.55926382E-02
 0.34999990E+01     0.82649440E+00     0.10812518E-01     0.30000000E+01    -0.13574983E+00     0.33623236E+00     0.37613133E+00     0.54843416E-02     124     0.55926382E-02
 0.35999999E+01     0.83933085E+00     0.10829924E-01     0.30000000E+01    -0.13600069E+00     0.33581126E+00     0.37654603E+00     0.55097369E-02     124     0.55926382E-02
 0.36999989E+01     0.85216254E+00     0.10846783E-01     0.30000000E+01    -0.13625057E+00     0.33511963E+00     0.37696198E+00     0.55332021E-02     124     0.55926382E-02
 0.37999997E+01     0.86483949E+00     0.10871976E-01     0.30000000E+01    -0.13647006E+00     0.33463025E+00     0.37738067E+00     0.55635236E-02     124     0.55926382E-02
 0.38999987E+01     0.87746549E+00     0.10898794E-01     0.30000000E+01    -0.13668016E+00     0.33410215E+00     0.37780046E+00     0.55947574E-02     125     0.67499871E-02
 0.39999995E+01     0.89003533E+00     0.10928635E-01     0.30000000E+01    -0.13687736E+00     0.33357376E+00     0.37821966E+00     0.56275469E-02     125     0.67499871E-02
 0.40999985E+01     0.90254092E+00     0.10961277E-01     0.30000000E+01    -0.13706157E+00     0.33303198E+00     0.37862366E+00     0.56617986E-02     125     0.67499871E-02
 0.41999993E+01     0.91500115E+00     0.10995470E-01     0.30000000E+01    -0.13723595E+00     0.33247751E+00     0.37901914E+00     0.56966189E-02     125     0.67499871E-02
 0.42999988E+01     0.92741162E+00     0.11032060E-01     0.30000000E+01    -0.13740091E+00     0.33192489E+00     0.37942013E+00     0.57330648E-02     125     0.67499871E-02
 0.43999991E+01     0.93976992E+00     0.11070951E-01     0.30000000E+01    -0.13755478E+00     0.33138400E+00     0.37982601E+00     0.57712691E-02     126     0.80180895E-02
 0.44999986E+01     0.95208240E+00     0.11111917E-01     0.30000000E+01    -0.13769899E+00     0.33083007E+00     0.38021663E+00     0.58102887E-02     126     0.80180895E-02
 0.45999994E+01     0.96433395E+00     0.11155196E-01     0.30000000E+01    -0.13783076E+00     0.33027226E+00     0.38059333E+00     0.58506140E-02     126     0.80180895E-02
 0.47000003E+01     0.97652537E+00     0.11200926E-01     0.30000000E+01    -0.13795005E+00     0.32972372E+00     0.38093179E+00     0.58925985E-02     126     0.80180895E-02
 0.47999973E+01     0.98864460E+00     0.11249408E-01     0.30000000E+01    -0.13805421E+00     0.32914364E+00     0.38125095E+00     0.59361379E-02     126     0.80180895E-02
 0.48999982E+01     0.10006845E+01     0.11301261E-01     0.30000000E+01    -0.13814253E+00     0.32852718E+00     0.38152194E+00     0.59824521E-02     127     0.93974452E-02
 0.49999990E+01     0.10129087E+01     0.11347108E-01     0.30000000E+01    -0.13828947E+00     0.32785547E+00     0.38221833E+00     0.60272301E-02     127     0.93974452E-02
 0.50999999E+01     0.10250288E+01     0.11396972E-01     0.30000000E+01    -0.13841635E+00     0.32713282E+00     0.38288289E+00     0.60775294E-02     127     0.93974452E-02
 0.52000008E+01     0.10369962E+01     0.11452874E-01     0.30000000E+01    -0.13851306E+00     0.32606140E+00     0.38348317E+00     0.61349939E-02     127     0.93974452E-02
 0.52999978E+01     0.10496187E+01     0.11477219E-01     0.30000000E+01    -0.13871580E+00     0.32567883E+00     0.38403746E+00     0.61709168E-02     127     0.93974452E-02
 0.53999987E+01     0.10621293E+01     0.11506259E-01     0.30000000E+01    -0.13889624E+00     0.32525206E+00     0.38455379E+00     0.62099164E-02     127     0.93974452E-02
 0.54999995E+01     0.10745581E+01     0.11538475E-01     0.30000000E+01    -0.13906147E+00     0.32479027E+00     0.38525525E+00     0.62531158E-02     128     0.10889112E-01
 0.56000004E+01     0.10869120E+01     0.11574219E-01     0.30000000E+01    -0.13920914E+00     0.32431787E+00     0.38572949E+00     0.62965741E-02     128     0.10889112E-01
 0.56999979E+01     0.10991994E+01     0.11612134E-01     0.30000000E+01    -0.13934381E+00     0.32380986E+00     0.38617861E+00     0.63410937E-02     128     0.10889112E-01
 0.57999988E+01     0.11114138E+01     0.11653069E-01     0.30000000E+01    -0.13946311E+00     0.32331014E+00     0.38663483E+00     0.63877231E-02     128     0.10889112E-01
 0.58999996E+01     0.11235596E+01     0.11697214E-01     0.30000000E+01    -0.13956979E+00     0.32278958E+00     0.38708019E+00     0.64362935E-02     128     0.10889112E-01
 0.60000000E+01     0.11356323E+01     0.11743411E-01     0.30000000E+01    -0.13966253E+00     0.32227018E+00     0.38753599E+00     0.64863651E-02     129     0.12494802E-01
 0.60999975E+01     0.11476411E+01     0.11792480E-01     0.30000000E+01    -0.13974206E+00     0.32173750E+00     0.38797915E+00     0.65376014E-02     129     0.12494802E-01
 0.61999984E+01     0.11595680E+01     0.11843922E-01     0.30000000E+01    -0.13980566E+00     0.32121503E+00     0.38841167E+00     0.65903906E-02     129     0.12494802E-01
 0.62999992E+01     0.11714000E+01     0.11899879E-01     0.30000000E+01    -0.13985163E+00     0.32043985E+00     0.38883844E+00     0.66438369E-02     129     0.12494802E-01
 0.64000001E+01     0.11831750E+01     0.11956861E-01     0.30000000E+01    -0.13988644E+00     0.31989861E+00     0.38927871E+00     0.67000007E-02     129     0.12494802E-01
 0.65000010E+01     0.11948694E+01     0.12017559E-01     0.30000000E+01    -0.13990450E+00     0.31935555E+00     0.38970190E+00     0.67590973E-02     129     0.12494802E-01
 0.65999980E+01     0.12064657E+01     0.12080752E-01     0.30000000E+01    -0.13990457E+00     0.31878611E+00     0.39009276E+00     0.68200496E-02     130     0.14216917E-01
 0.66999989E+01     0.12179468E+01     0.12148511E-01     0.30000000E+01    -0.13988198E+00     0.31817570E+00     0.39047801E+00     0.68841176E-02     130     0.14216917E-01
 0.67999997E+01     0.12292761E+01     0.12221341E-01     0.30000000E+01    -0.13983117E+00     0.31752086E+00     0.39081860E+00     0.69522443E-02     130     0.14216917E-01
 0.69000006E+01     0.12404116E+01     0.12300490E-01     0.30000000E+01    -0.13974363E+00     0.31679165E+00     0.39110231E+00     0.70254221E-02     130     0.14216917E-01
 0.69999981E+01     0.12518442E+01     0.12369548E-01     0.30000000E+01    -0.13972972E+00     0.31611764E+00     0.39184883E+00     0.71008848E-02     130     0.14216917E-01
 0.70999990E+01     0.12640448E+01     0.12406420E-01     0.30000000E+01    -0.13984406E+00     0.31575027E+00     0.39257792E+00     0.71524191E-02     131     0.16058823E-01
 0.71999998E+01     0.12760842E+01     0.12448826E-01     0.30000000E+01    -0.13992621E+00     0.31532854E+00     0.39321378E+00     0.72075347E-02     131     0.16058823E-01
 0.73000002E+01     0.12880127E+01     0.12495075E-01     0.30000000E+01    -0.13998972E+00     0.31488860E+00     0.39408320E+00     0.72676181E-02     131     0.16058823E-01
 0.73999977E+01     0.12998079E+01     0.12546226E-01     0.30000000E+01    -0.14002211E+00     0.31442234E+00     0.39462110E+00     0.73289638E-02     131     0.16058823E-01
 0.74999986E+01     0.13114963E+01     0.12600181E-01     0.30000000E+01    -0.14003561E+00     0.31394595E+00     0.39511374E+00     0.73920279E-02     131     0.16058823E-01
 0.75999994E+01     0.13231642E+01     0.12655567E-01     0.30000000E+01    -0.14004391E+00     0.31321910E+00     0.39558953E+00     0.74548577E-02     132     0.18024575E-01
 0.77000003E+01     0.13346442E+01     0.12717811E-01     0.30000000E+01    -0.14001696E+00     0.31271634E+00     0.39608631E+00     0.75236182E-02     132     0.18024575E-01
 0.77999973E+01     0.13459659E+01     0.12787021E-01     0.30000000E+01    -0.13996665E+00     0.31138796E+00     0.39656502E+00     0.75904597E-02     132     0.18024575E-01
 0.78999982E+01     0.13569651E+01     0.12867070E-01     0.30000000E+01    -0.13986006E+00     0.30998659E+00     0.39704987E+00     0.76628062E-02     132     0.18024575E-01
 0.79999990E+01     0.13680090E+01     0.12944933E-01     0.30000000E+01    -0.13975516E+00     0.30944842E+00     0.39753726E+00     0.77421884E-02     132     0.18024575E-01
 0.81000004E+01     0.13786598E+01     0.13039395E-01     0.30000000E+01    -0.13958310E+00     0.30837062E+00     0.39801332E+00     0.78298692E-02     132     0.18024575E-01
 0.82000008E+01     0.13884759E+01     0.13163392E-01     0.30000000E+01    -0.13926952E+00     0.30654112E+00     0.39846256E+00     0.79367124E-02     133     0.20119486E-01
 0.82999983E+01     0.13999218E+01     0.13222846E-01     0.30000000E+01    -0.13922696E+00     0.30607104E+00     0.39891821E+00     0.80094580E-02     133     0.20119486E-01
 0.83999987E+01     0.14113028E+01     0.13283320E-01     0.30000000E+01    -0.13916999E+00     0.30560094E+00     0.39938572E+00     0.80788676E-02     133     0.20119486E-01
 0.85000000E+01     0.14226955E+01     0.13343798E-01     0.30000000E+01    -0.13911502E+00     0.30467930E+00     0.39982617E+00     0.81458502E-02     133     0.20119486E-01
 0.86000004E+01     0.14337848E+01     0.13414587E-01     0.30000000E+01    -0.13900836E+00     0.30336261E+00     0.40024522E+00     0.82177166E-02     133     0.20119486E-01
 0.86999979E+01     0.14445686E+01     0.13494559E-01     0.30000000E+01    -0.13884300E+00     0.30276772E+00     0.40062481E+00     0.83003305E-02     133     0.20119486E-01
 0.87999983E+01     0.14550296E+01     0.13585779E-01     0.30000000E+01    -0.13862236E+00     0.30170646E+00     0.40095711E+00     0.83891181E-02     134     0.22349956E-01
 0.88999996E+01     0.14651903E+01     0.13681151E-01     0.30000000E+01    -0.13834828E+00     0.30112523E+00     0.40160921E+00     0.84886551E-02     134     0.22349956E-01
 0.90000000E+01     0.14743927E+01     0.13802267E-01     0.30000000E+01    -0.13789846E+00     0.30004284E+00     0.40240183E+00     0.86107608E-02     134     0.22349956E-01
 0.90999975E+01     0.14835253E+01     0.13916152E-01     0.30000000E+01    -0.13741882E+00     0.29993388E+00     0.40304023E+00     0.87368507E-02     134     0.22349956E-01
 0.91999989E+01     0.14916381E+01     0.14064893E-01     0.30000000E+01    -0.13676213E+00     0.29882029E+00     0.40365264E+00     0.88838488E-02     134     0.22349956E-01
 0.92999992E+01     0.14995455E+01     0.14225991E-01     0.30000000E+01    -0.13607544E+00     0.29759860E+00     0.40449205E+00     0.90432055E-02     134     0.22349956E-01
 0.94000006E+01     0.15087407E+01     0.14349526E-01     0.30000000E+01    -0.13561808E+00     0.29655746E+00     0.40500808E+00     0.91767451E-02     135     0.24723656E-01
 0.94999971E+01     0.15189186E+01     0.14448426E-01     0.30000000E+01    -0.13534050E+00     0.29600450E+00     0.40554255E+00     0.92881154E-02     135     0.24723656E-01
 0.95999985E+01     0.15292171E+01     0.14547043E-01     0.30000000E+01    -0.13508990E+00     0.29536650E+00     0.40605611E+00     0.93976781E-02     135     0.24723656E-01
 0.96999989E+01     0.15394207E+01     0.14651838E-01     0.30000000E+01    -0.13482933E+00     0.29373258E+00     0.40657115E+00     0.95059257E-02     135     0.24723656E-01
 0.98000002E+01     0.15494933E+01     0.14763234E-01     0.30000000E+01    -0.13454685E+00     0.29304236E+00     0.40708682E+00     0.96236290E-02     135     0.24723656E-01
 0.99000006E+01     0.15595282E+01     0.14878220E-01     0.30000000E+01    -0.13426086E+00     0.29236433E+00     0.40760833E+00     0.97439103E-02     135     0.24723656E-01
 0.99999981E+01     0.15692955E+01     0.15004190E-01     0.30000000E+01    -0.13393407E+00     0.29128340E+00     0.40811813E+00     0.98699313E-02     136     0.27249757E-01
 0.10099998E+02     0.15791179E+01     0.15129460E-01     0.30000000E+01    -0.13361697E+00     0.29059109E+00     0.40860701E+00     0.99970018E-02     136     0.27249757E-01
 0.10200000E+02     0.15883907E+01     0.15276879E-01     0.30000000E+01    -0.13321193E+00     0.28936264E+00     0.40909997E+00     0.10138033E-01     136     0.27249757E-01
 0.10300000E+02     0.15971825E+01     0.15442963E-01     0.30000000E+01    -0.13273247E+00     0.28788033E+00     0.40956697E+00     0.10293343E-01     136     0.27249757E-01
 0.10399998E+02     0.16075622E+01     0.15549378E-01     0.30000000E+01    -0.13250785E+00     0.28668112E+00     0.41004309E+00     0.10410210E-01     136     0.27249757E-01
 0.10499999E+02     0.16176496E+01     0.15665691E-01     0.30000000E+01    -0.13223524E+00     0.28547820E+00     0.41049659E+00     0.10531235E-01     136     0.27249757E-01
 0.10599999E+02     0.16274751E+01     0.15792973E-01     0.30000000E+01    -0.13191800E+00     0.28465092E+00     0.41091743E+00     0.10663196E-01     137     0.29939037E-01
 0.10700000E+02     0.16369412E+01     0.15934348E-01     0.30000000E+01    -0.13154402E+00     0.28335929E+00     0.41125605E+00     0.10803582E-01     137     0.29939037E-01
 0.10799997E+02     0.16459290E+01     0.16104104E-01     0.30000000E+01    -0.13111134E+00     0.28150296E+00     0.41196078E+00     0.10966977E-01     137     0.29939037E-01
 0.10899999E+02     0.16548301E+01     0.16281065E-01     0.30000000E+01    -0.13067223E+00     0.28013775E+00     0.41279471E+00     0.11141866E-01     137     0.29939037E-01
 0.10999999E+02     0.16632707E+01     0.16475180E-01     0.30000000E+01    -0.13015987E+00     0.27841166E+00     0.41350314E+00     0.11332914E-01     137     0.29939037E-01
 0.11100000E+02     0.16733193E+01     0.16609726E-01     0.30000000E+01    -0.12990032E+00     0.27748773E+00     0.41450787E+00     0.11482333E-01     137     0.29939037E-01
 0.11200001E+02     0.16830045E+01     0.16756246E-01     0.30000000E+01    -0.12957999E+00     0.27650487E+00     0.41509038E+00     0.11639666E-01     138     0.32803934E-01
 0.11299998E+02     0.16924388E+01     0.16913196E-01     0.30000000E+01    -0.12921949E+00     0.27550003E+00     0.41567025E+00     0.11805119E-01     138     0.32803934E-01
 0.11399999E+02     0.17016958E+01     0.17078944E-01     0.30000000E+01    -0.12883313E+00     0.27453929E+00     0.41623130E+00     0.11978088E-01     138     0.32803934E-01
 0.11500000E+02     0.17107375E+01     0.17254887E-01     0.30000000E+01    -0.12841292E+00     0.27350605E+00     0.41677749E+00     0.12158887E-01     138     0.32803934E-01
 0.11600000E+02     0.17195123E+01     0.17443012E-01     0.30000000E+01    -0.12795562E+00     0.27245516E+00     0.41731960E+00     0.12349631E-01     138     0.32803934E-01
 0.11699998E+02     0.17278811E+01     0.17648626E-01     0.30000000E+01    -0.12743461E+00     0.27140462E+00     0.41788277E+00     0.12555759E-01     138     0.32803934E-01
 0.11799999E+02     0.17357857E+01     0.17874043E-01     0.30000000E+01    -0.12684181E+00     0.27029526E+00     0.41839984E+00     0.12780493E-01     139     0.35858847E-01
 0.11900000E+02     0.17440313E+01     0.18084608E-01     0.30000000E+01    -0.12630750E+00     0.26826292E+00     0.41895223E+00     0.12993329E-01     139     0.35858847E-01
 0.12000000E+02     0.17528601E+01     0.18278966E-01     0.30000000E+01    -0.12586299E+00     0.26705441E+00     0.41946852E+00     0.13193911E-01     139     0.35858847E-01
 0.12099998E+02     0.17614552E+01     0.18482054E-01     0.30000000E+01    -0.12538651E+00     0.26580149E+00     0.41998878E+00     0.13401074E-01     139     0.35858847E-01
 0.12199999E+02     0.17696648E+01     0.18703608E-01     0.30000000E+01    -0.12485369E+00     0.26458427E+00     0.42049223E+00     0.13624669E-01     139     0.35858847E-01
 0.12299999E+02     0.17771966E+01     0.18955469E-01     0.30000000E+01    -0.12421878E+00     0.26330796E+00     0.42095909E+00     0.13875616E-01     139     0.35858847E-01
 0.12400001E+02     0.17841942E+01     0.19230824E-01     0.30000000E+01    -0.12350687E+00     0.26201916E+00     0.42140669E+00     0.14147341E-01     139     0.35858847E-01
 0.12499997E+02     0.17911334E+01     0.19510213E-01     0.30000000E+01    -0.12279502E+00     0.26062715E+00     0.42178270E+00     0.14424113E-01     139     0.35858847E-01
 0.12599998E+02     0.17994926E+01     0.19736290E-01     0.30000000E+01    -0.12230304E+00     0.25913477E+00     0.42230049E+00     0.14655756E-01     140     0.39120480E-01
 0.12699999E+02     0.18074471E+01     0.19996166E-01     0.30000000E+01    -0.12176511E+00     0.25763044E+00     0.42317641E+00     0.14924899E-01     140     0.39120480E-01
 0.12800000E+02     0.18146851E+01     0.20287538E-01     0.30000000E+01    -0.12112525E+00     0.25608194E+00     0.42398581E+00     0.15222812E-01     140     0.39120480E-01
 0.12900001E+02     0.18213983E+01     0.20606261E-01     0.30000000E+01    -0.12041856E+00     0.25455698E+00     0.42505795E+00     0.15547002E-01     140     0.39120480E-01
 0.12999998E+02     0.18256891E+01     0.21032158E-01     0.30000000E+01    -0.11937311E+00     0.25173125E+00     0.42562327E+00     0.15960911E-01     140     0.39120480E-01
 0.13099999E+02     0.18336332E+01     0.21302760E-01     0.30000000E+01    -0.11884908E+00     0.25118509E+00     0.42623350E+00     0.16246181E-01     140     0.39120480E-01
 0.13200000E+02     0.18389046E+01     0.21692596E-01     0.30000000E+01    -0.11795767E+00     0.24792773E+00     0.42679396E+00     0.16634220E-01     140     0.39120480E-01
 0.13300000E+02     0.18444860E+01     0.22079114E-01     0.30000000E+01    -0.11712396E+00     0.24601068E+00     0.42733508E+00     0.17021861E-01     141     0.42607810E-01
 0.13399998E+02     0.18483620E+01     0.22546388E-01     0.30000000E+01    -0.11606502E+00     0.24404868E+00     0.42786056E+00     0.17484780E-01     141     0.42607810E-01
 0.13499999E+02     0.18536371E+01     0.22949716E-01     0.30000000E+01    -0.11521222E+00     0.24187590E+00     0.42840040E+00     0.17891997E-01     141     0.42607810E-01
 0.13599999E+02     0.18587869E+01     0.23379333E-01     0.30000000E+01    -0.11435789E+00     0.23956302E+00     0.42893866E+00     0.18324330E-01     141     0.42607810E-01
 0.13700001E+02     0.18620671E+01     0.23904670E-01     0.30000000E+01    -0.11327127E+00     0.23723637E+00     0.42944267E+00     0.18848671E-01     141     0.42607810E-01
 0.13799997E+02     0.18642246E+01     0.24487119E-01     0.30000000E+01    -0.11206992E+00     0.23491076E+00     0.42995378E+00     0.19424941E-01     141     0.42607810E-01
 0.13899999E+02     0.18675146E+01     0.25029352E-01     0.30000000E+01    -0.11103344E+00     0.23213945E+00     0.43043625E+00     0.19970026E-01     141     0.42607810E-01
 0.13999999E+02     0.18696648E+01     0.25635937E-01     0.30000000E+01    -0.10988425E+00     0.22943835E+00     0.43094483E+00     0.20575687E-01     141     0.42607810E-01
 0.14100000E+02     0.18687690E+01     0.26418667E-01     0.30000000E+01    -0.10841067E+00     0.22675434E+00     0.43135014E+00     0.21352056E-01     141     0.42607810E-01
 0.14199998E+02     0.18701067E+01     0.27092211E-01     0.30000000E+01    -0.10724628E+00     0.22370982E+00     0.43177319E+00     0.22028513E-01     142     0.46341963E-01
 0.14299998E+02     0.18692030E+01     0.27896270E-01     0.30000000E+01    -0.10587721E+00     0.22069769E+00     0.43215901E+00     0.22832936E-01     142     0.46341963E-01
 0.14400000E+02     0.18609600E+01     0.29126912E-01     0.30000000E+01    -0.10382117E+00     0.21531835E+00     0.43243760E+00     0.24051124E-01     142     0.46341963E-01
 0.14500000E+02     0.18566976E+01     0.30177111E-01     0.30000000E+01    -0.10229407E+00     0.21216322E+00     0.43272895E+00     0.25105748E-01     142     0.46341963E-01
 0.14600000E+02     0.18570226E+01     0.30943446E-01     0.30000000E+01    -0.10128058E+00     0.21135412E+00     0.43303427E+00     0.25888581E-01     142     0.46341963E-01
 0.14699998E+02     0.18434145E+01     0.32556247E-01     0.30000000E+01    -0.99188186E-01     0.20584616E+00     0.43317264E+00     0.27503029E-01     142     0.46341963E-01
 0.14799999E+02     0.18328551E+01     0.34027543E-01     0.30000000E+01    -0.97604126E-01     0.20307127E+00     0.43354413E+00     0.28994013E-01     142     0.46341963E-01
 0.14900000E+02     0.18212392E+01     0.35576351E-01     0.30000000E+01    -0.96184529E-01     0.20012575E+00     0.43400589E+00     0.30568359E-01     142     0.46341963E-01
 0.15000001E+02     0.18075709E+01     0.37286561E-01     0.30000000E+01    -0.94935462E-01     0.19749789E+00     0.43432793E+00     0.32317962E-01     142     0.46341963E-01
 0.15099998E+02     0.17900759E+01     0.39256971E-01     0.30000000E+01    -0.93844868E-01     0.19546458E+00     0.43451971E+00     0.34337617E-01     142     0.46341963E-01
 0.15199999E+02     0.17674398E+01     0.41685432E-01     0.30000000E+01    -0.93035489E-01     0.19384499E+00     0.43458211E+00     0.36827773E-01     142     0.46341963E-01
 0.15299999E+02     0.17433498E+01     0.44287540E-01     0.30000000E+01    -0.92650823E-01     0.19245532E+00     0.43462506E+00     0.39507162E-01     142     0.46341963E-01
 0.15400001E+02     0.17150487E+01     0.47203481E-01     0.30000000E+01    -0.92604630E-01     0.19159688E+00     0.43446377E+00     0.42513855E-01     142     0.46341963E-01
 0.15499998E+02     0.16994158E+01     0.49175452E-01     0.30000000E+01    -0.92693888E-01     0.19237091E+00     0.43467492E+00     0.44560723E-01     142     0.46341963E-01
 0.15599998E+02     0.16417416E+01     0.53595636E-01     0.30000000E+01    -0.93117893E-01     0.19154540E+00     0.43366036E+00     0.49124468E-01     141     0.42607810E-01
 0.15699999E+02     0.16164107E+01     0.55421375E-01     0.30000000E+01    -0.93376927E-01     0.19326955E+00     0.43354428E+00     0.51044963E-01     141     0.42607810E-01
 0.15800000E+02     0.15707215E+01     0.58604255E-01     0.30000000E+01    -0.93707897E-01     0.19386418E+00     0.43304721E+00     0.54347038E-01     141     0.42607810E-01
 0.15899998E+02     0.15208282E+01     0.64467408E-01     0.30000000E+01    -0.94345294E-01     0.19456324E+00     0.43264547E+00     0.60338125E-01     141     0.42607810E-01
 0.16099998E+02     0.14480721E+01     0.73797099E-01     0.30000000E+01    -0.96008800E-01     0.19211876E+00     0.43216050E+00     0.69819704E-01     140     0.39120480E-01
 0.16200001E+02     0.14184514E+01     0.78087509E-01     0.30000000E+01    -0.97198367E-01     0.18974717E+00     0.43200839E+00     0.74166730E-01     140     0.39120480E-01
 0.16300001E+02     0.13896710E+01     0.82395062E-01     0.30000000E+01    -0.98598756E-01     0.18714420E+00     0.43180010E+00     0.78520671E-01     140     0.39120480E-01
 0.16399998E+02     0.13665740E+01     0.86331047E-01     0.30000000E+01    -0.10003439E+00     0.18435174E+00     0.43167964E+00     0.82494676E-01     140     0.39120480E-01
 0.16600000E+02     0.13306886E+01     0.92914149E-01     0.30000000E+01    -0.10264073E+00     0.17722395E+00     0.43181992E+00     0.89114279E-01     140     0.39120480E-01
 0.16700001E+02     0.13046994E+01     0.97314343E-01     0.30000000E+01    -0.10460025E+00     0.17114136E+00     0.43151781E+00     0.93527131E-01     140     0.39120480E-01
 0.16799997E+02     0.12932303E+01     0.10012119E+00     0.30000000E+01    -0.10592319E+00     0.16918942E+00     0.43175122E+00     0.96359700E-01     140     0.39120480E-01
 0.16900000E+02     0.12759517E+01     0.10345300E+00     0.30000000E+01    -0.10752305E+00     0.16317403E+00     0.43184039E+00     0.99686049E-01     139     0.35858847E-01
 0.17000000E+02     0.12682971E+01     0.10576084E+00     0.30000000E+01    -0.10869686E+00     0.16119312E+00     0.43157488E+00     0.10201181E+00     140     0.39120480E-01
 0.17100000E+02     0.12665128E+01     0.10725878E+00     0.30000000E+01    -0.10940210E+00     0.15906700E+00     0.43203554E+00     0.10351507E+00     140     0.39120480E-01
 0.17199997E+02     0.12453966E+01     0.11124434E+00     0.30000000E+01    -0.11158401E+00     0.15259506E+00     0.43213901E+00     0.10749473E+00     140     0.39120480E-01
 0.17299999E+02     0.12381668E+01     0.11337361E+00     0.30000000E+01    -0.11267606E+00     0.14820465E+00     0.43268421E+00     0.10961414E+00     140     0.39120480E-01
 0.17400000E+02     0.12265064E+01     0.11628372E+00     0.30000000E+01    -0.11435455E+00     0.14437555E+00     0.43261963E+00     0.11253109E+00     139     0.35858847E-01
 0.17500000E+02     0.12216856E+01     0.11815257E+00     0.30000000E+01    -0.11545884E+00     0.14050645E+00     0.43277797E+00     0.11439025E+00     140     0.39120480E-01
 0.17599997E+02     0.12086055E+01     0.12121458E+00     0.30000000E+01    -0.11724500E+00     0.13540971E+00     0.43294513E+00     0.11744800E+00     140     0.39120480E-01
 0.17699999E+02     0.12110485E+01     0.12218259E+00     0.30000000E+01    -0.11780207E+00     0.13477193E+00     0.43361422E+00     0.11842578E+00     140     0.39120480E-01
 0.17799999E+02     0.11962062E+01     0.12539174E+00     0.30000000E+01    -0.11985206E+00     0.12784392E+00     0.43313900E+00     0.12161508E+00     140     0.39120480E-01
 0.17900000E+02     0.11956284E+01     0.12681735E+00     0.30000000E+01    -0.12071506E+00     0.12596519E+00     0.43351233E+00     0.12304369E+00     140     0.39120480E-01
 0.18000000E+02     0.11895461E+01     0.12879007E+00     0.30000000E+01    -0.12202127E+00     0.12147873E+00     0.43406543E+00     0.12499745E+00     140     0.39120480E-01
 0.18099998E+02     0.11898193E+01     0.13015480E+00     0.30000000E+01    -0.12294479E+00     0.11992864E+00     0.43489385E+00     0.12637743E+00     140     0.39120480E-01
 0.18199999E+02     0.11820045E+01     0.13248029E+00     0.30000000E+01    -0.12454727E+00     0.11584040E+00     0.43504518E+00     0.12869126E+00     140     0.39120480E-01
 0.18299999E+02     0.11834079E+01     0.13360080E+00     0.30000000E+01    -0.12531352E+00     0.11415929E+00     0.43561679E+00     0.12981561E+00     140     0.39120480E-01
 0.18400000E+02     0.11813769E+01     0.13513969E+00     0.30000000E+01    -0.12636149E+00     0.11058263E+00     0.43659279E+00     0.13134886E+00     140     0.39120480E-01
 0.18499998E+02     0.11759195E+01     0.13734715E+00     0.30000000E+01    -0.12791458E+00     0.10787917E+00     0.43614951E+00     0.13355269E+00     140     0.39120480E-01
 0.18599998E+02     0.11771874E+01     0.13845468E+00     0.30000000E+01    -0.12875676E+00     0.10594760E+00     0.43681327E+00     0.13466518E+00     140     0.39120480E-01
 0.18699999E+02     0.11780249E+01     0.13961843E+00     0.30000000E+01    -0.12961499E+00     0.10370050E+00     0.43728924E+00     0.13582715E+00     140     0.39120480E-01
 0.18800001E+02     0.11790488E+01     0.14074887E+00     0.30000000E+01    -0.13046482E+00     0.10193889E+00     0.43772057E+00     0.13695826E+00     140     0.39120480E-01
 0.18899998E+02     0.11747456E+01     0.14272593E+00     0.30000000E+01    -0.13190369E+00     0.99466957E-01     0.43773973E+00     0.13893516E+00     140     0.39120480E-01
 0.18999998E+02     0.11766112E+01     0.14382467E+00     0.30000000E+01    -0.13275106E+00     0.97789951E-01     0.43891013E+00     0.14004198E+00     140     0.39120480E-01
 0.19099998E+02     0.11785181E+01     0.14481765E+00     0.30000000E+01    -0.13352177E+00     0.96210569E-01     0.43956825E+00     0.14103821E+00     141     0.42607810E-01
 0.19200001E+02     0.11797106E+01     0.14593171E+00     0.30000000E+01    -0.13441601E+00     0.94627649E-01     0.43948936E+00     0.14214550E+00     141     0.42607810E-01
 0.19300001E+02     0.11769587E+01     0.14768192E+00     0.30000000E+01    -0.13582090E+00     0.91663621E-01     0.43979737E+00     0.14389099E+00     141     0.42607810E-01
 0.19399998E+02     0.11774994E+01     0.14889869E+00     0.30000000E+01    -0.13675801E+00     0.90077929E-01     0.44000059E+00     0.14511211E+00     141     0.42607810E-01
 0.19499998E+02     0.11821789E+01     0.14969413E+00     0.30000000E+01    -0.13744161E+00     0.90256259E-01     0.44094330E+00     0.14592309E+00     141     0.42607810E-01
 0.19600000E+02     0.11853402E+01     0.15052463E+00     0.30000000E+01    -0.13805172E+00     0.89491323E-01     0.44160852E+00     0.14676009E+00     141     0.42607810E-01
 0.19700001E+02     0.11828671E+01     0.15204516E+00     0.30000000E+01    -0.13941050E+00     0.85842833E-01     0.44179243E+00     0.14825083E+00     141     0.42607810E-01
 0.19799997E+02     0.11853279E+01     0.15302140E+00     0.30000000E+01    -0.14015958E+00     0.85186057E-01     0.44242969E+00     0.14924024E+00     141     0.42607810E-01
 0.19900000E+02     0.11859759E+01     0.15440838E+00     0.30000000E+01    -0.14131626E+00     0.83699681E-01     0.44284689E+00     0.15063393E+00     141     0.42607810E-01
 0.20000000E+02     0.11885971E+01     0.15537408E+00     0.30000000E+01    -0.14216894E+00     0.82930468E-01     0.44321322E+00     0.15160626E+00     141     0.42607810E-01
 0.20100000E+02     0.11907157E+01     0.15628971E+00     0.30000000E+01    -0.14288472E+00     0.81598766E-01     0.44418332E+00     0.15251887E+00     141     0.42607810E-01
 0.20199997E+02     0.11916753E+01     0.15732992E+00     0.30000000E+01    -0.14382705E+00     0.80109678E-01     0.44390392E+00     0.15355004E+00     141     0.42607810E-01
 0.20299999E+02     0.11941285E+01     0.15825404E+00     0.30000000E+01    -0.14463913E+00     0.79026066E-01     0.44432420E+00     0.15447092E+00     142     0.46341963E-01
 0.20400000E+02     0.11960945E+01     0.15939471E+00     0.30000000E+01    -0.14567891E+00     0.78578435E-01     0.44426876E+00     0.15562712E+00     141     0.42607810E-01
 0.20500000E+02     0.11979942E+01     0.16055763E+00     0.30000000E+01    -0.14669879E+00     0.77090979E-01     0.44545400E+00     0.15679449E+00     142     0.46341963E-01
 0.20599998E+02     0.12009941E+01     0.16145970E+00     0.30000000E+01    -0.14751847E+00     0.76136410E-01     0.44709069E+00     0.15770821E+00     142     0.46341963E-01
 0.20699999E+02     0.12050539E+01     0.16220339E+00     0.30000000E+01    -0.14813200E+00     0.76259404E-01     0.44702837E+00     0.15845972E+00     142     0.46341963E-01
