  
       RFOIL         Version 3.00
  
 Calculated polar for: OSO_2025_WT2_T21                
  
 1  Reynolds number fixed
  
 xtrf =      1.00000000 (suction)     1.00000000 (pressure)
 Rot. Parameters:  f0 =      1.00000000 c/r =      0.00000000
 Mach =      0.00000000     Re =      3.00000000 e 6     Ncrit =      9.00000000
  
             alpha                CL                CD            Re(CL)                CM             S_xtr             P_xtr               CDp            I_stag            X_stag
  ------- -------- --------- --------- -------- ------- ------- -------- 
-0.21600000E+02    -0.54589236E+00     0.20460659E+00     0.30000000E+01     0.22110689E-01     0.10000000E+01     0.98908423E-02     0.20367524E+00     101     0.47999002E-01
-0.21500002E+02    -0.54161656E+00     0.20388305E+00     0.30000000E+01     0.21055013E-01     0.10000000E+01     0.99603618E-02     0.20295596E+00     101     0.47999002E-01
-0.21100002E+02    -0.52527142E+00     0.20105401E+00     0.30000000E+01     0.17198155E-01     0.10000000E+01     0.10212588E-01     0.20015006E+00     101     0.47999002E-01
-0.21000000E+02    -0.52179074E+00     0.20006754E+00     0.30000000E+01     0.16051402E-01     0.10000000E+01     0.10262689E-01     0.19916710E+00     101     0.47999002E-01
-0.19600000E+02    -0.41087064E+00     0.18393700E+00     0.30000000E+01    -0.19085824E-01     0.69696707E+00     0.12784579E-01     0.18181728E+00     102     0.41903831E-01
-0.19300001E+02    -0.82703680E+00     0.81815593E-01     0.30000000E+01    -0.74148551E-01     0.10000000E+01     0.13320694E-01     0.79626292E-01      99     0.61320473E-01
-0.19200001E+02    -0.83242494E+00     0.78983918E-01     0.30000000E+01    -0.76408677E-01     0.10000000E+01     0.13378583E-01     0.76747909E-01      99     0.61320473E-01
-0.19100000E+02    -0.83758557E+00     0.76320827E-01     0.30000000E+01    -0.78509867E-01     0.10000000E+01     0.13400688E-01     0.74038051E-01      99     0.61320473E-01
-0.19000002E+02    -0.84224522E+00     0.73876321E-01     0.30000000E+01    -0.80410145E-01     0.10000000E+01     0.13433442E-01     0.71550019E-01      99     0.61320473E-01
-0.18800001E+02    -0.83877039E+00     0.70071034E-01     0.30000000E+01    -0.84988542E-01     0.81408262E+00     0.13545604E-01     0.67064114E-01      99     0.61320473E-01
-0.18700001E+02    -0.84050900E+00     0.68331406E-01     0.30000000E+01    -0.86317264E-01     0.79553306E+00     0.13582665E-01     0.65223433E-01      99     0.61320473E-01
-0.18600000E+02    -0.84078026E+00     0.66874772E-01     0.30000000E+01    -0.87422140E-01     0.78172797E+00     0.13633588E-01     0.63687071E-01      99     0.61320473E-01
-0.18500002E+02    -0.84176975E+00     0.65699875E-01     0.30000000E+01    -0.88602588E-01     0.77076024E+00     0.13679884E-01     0.62442269E-01      99     0.61320473E-01
-0.18400000E+02    -0.84170491E+00     0.64659372E-01     0.30000000E+01    -0.89609899E-01     0.76134419E+00     0.13705951E-01     0.61340764E-01      99     0.61320473E-01
-0.18300001E+02    -0.84216297E+00     0.63544221E-01     0.30000000E+01    -0.90666853E-01     0.75346428E+00     0.13741580E-01     0.60171485E-01      99     0.61320473E-01
-0.18200001E+02    -0.84094459E+00     0.62631391E-01     0.30000000E+01    -0.91498561E-01     0.74608797E+00     0.13792318E-01     0.59209492E-01      99     0.61320473E-01
-0.18100002E+02    -0.84050345E+00     0.61617643E-01     0.30000000E+01    -0.92417531E-01     0.73944634E+00     0.13837473E-01     0.58144633E-01      99     0.61320473E-01
-0.18000000E+02    -0.83887690E+00     0.60745042E-01     0.30000000E+01    -0.93175575E-01     0.73347759E+00     0.13878192E-01     0.57232581E-01      99     0.61320473E-01
-0.17900000E+02    -0.83736110E+00     0.59863791E-01     0.30000000E+01    -0.93931578E-01     0.72777659E+00     0.13917109E-01     0.56306608E-01      99     0.61320473E-01
-0.17800001E+02    -0.83603615E+00     0.58953986E-01     0.30000000E+01    -0.94702207E-01     0.72271901E+00     0.13956909E-01     0.55359669E-01      99     0.61320473E-01
-0.17700001E+02    -0.83340859E+00     0.58201000E-01     0.30000000E+01    -0.95317081E-01     0.71760863E+00     0.13990910E-01     0.54566815E-01      99     0.61320473E-01
-0.17600000E+02    -0.83065009E+00     0.57471685E-01     0.30000000E+01    -0.95924959E-01     0.71076667E+00     0.14023108E-01     0.53799175E-01      99     0.61320473E-01
-0.17500000E+02    -0.82892066E+00     0.56606658E-01     0.30000000E+01    -0.96621506E-01     0.70649737E+00     0.14048867E-01     0.52892625E-01     100     0.54487012E-01
-0.17400002E+02    -0.82580245E+00     0.55910595E-01     0.30000000E+01    -0.97165793E-01     0.70254207E+00     0.14069103E-01     0.52169513E-01     100     0.54487012E-01
-0.17300001E+02    -0.82432508E+00     0.55022616E-01     0.30000000E+01    -0.97835898E-01     0.69875753E+00     0.14142824E-01     0.51250357E-01     100     0.54487012E-01
-0.17200001E+02    -0.82610363E+00     0.53875070E-01     0.30000000E+01    -0.98728508E-01     0.69540846E+00     0.14269835E-01     0.50057195E-01     100     0.54487012E-01
-0.17100000E+02    -0.82600695E+00     0.52927837E-01     0.30000000E+01    -0.99417284E-01     0.69223261E+00     0.14413695E-01     0.49078997E-01     100     0.54487012E-01
-0.17000002E+02    -0.82571161E+00     0.51992256E-01     0.30000000E+01    -0.10010541E+00     0.68905127E+00     0.14489968E-01     0.48110530E-01     100     0.54487012E-01
-0.16900000E+02    -0.82444781E+00     0.51166687E-01     0.30000000E+01    -0.10069626E+00     0.68584675E+00     0.14591055E-01     0.47252342E-01     100     0.54487012E-01
-0.16800001E+02    -0.82269651E+00     0.50395302E-01     0.30000000E+01    -0.10121802E+00     0.68278497E+00     0.14719874E-01     0.46454288E-01     100     0.54487012E-01
-0.16700001E+02    -0.82084328E+00     0.49624402E-01     0.30000000E+01    -0.10174843E+00     0.67989492E+00     0.14792467E-01     0.45658223E-01     100     0.54487012E-01
-0.16600000E+02    -0.81914592E+00     0.48843920E-01     0.30000000E+01    -0.10227411E+00     0.67700410E+00     0.14912861E-01     0.44852365E-01     100     0.54487012E-01
-0.16500000E+02    -0.81587857E+00     0.48211951E-01     0.30000000E+01    -0.10267746E+00     0.67408049E+00     0.14971813E-01     0.44192191E-01     100     0.54487012E-01
-0.16400002E+02    -0.81280714E+00     0.47581997E-01     0.30000000E+01    -0.10308933E+00     0.67139935E+00     0.15066085E-01     0.43543279E-01     100     0.54487012E-01
-0.16300001E+02    -0.81032127E+00     0.46874993E-01     0.30000000E+01    -0.10354202E+00     0.66877335E+00     0.15149620E-01     0.42814545E-01     100     0.54487012E-01
-0.16200001E+02    -0.80725336E+00     0.46252292E-01     0.30000000E+01    -0.10394757E+00     0.66487014E+00     0.15232957E-01     0.42163186E-01     100     0.54487012E-01
-0.16100000E+02    -0.80335909E+00     0.45679845E-01     0.30000000E+01    -0.10428685E+00     0.66226625E+00     0.15304057E-01     0.41567437E-01     100     0.54487012E-01
-0.16000002E+02    -0.79975575E+00     0.45107484E-01     0.30000000E+01    -0.10463679E+00     0.65987462E+00     0.15393946E-01     0.40978432E-01     100     0.54487012E-01
-0.15900001E+02    -0.79632407E+00     0.44506118E-01     0.30000000E+01    -0.10500672E+00     0.65751034E+00     0.15467308E-01     0.40357284E-01     100     0.54487012E-01
-0.15800000E+02    -0.79283029E+00     0.43917645E-01     0.30000000E+01    -0.10536987E+00     0.65513557E+00     0.15544379E-01     0.39747268E-01     100     0.54487012E-01
-0.15700001E+02    -0.78856778E+00     0.43393932E-01     0.30000000E+01    -0.10566624E+00     0.65278232E+00     0.15630035E-01     0.39199244E-01     101     0.47999002E-01
-0.15600002E+02    -0.78433067E+00     0.42888716E-01     0.30000000E+01    -0.10595673E+00     0.65051907E+00     0.15729358E-01     0.38675562E-01     101     0.47999002E-01
-0.15500001E+02    -0.78014070E+00     0.42361520E-01     0.30000000E+01    -0.10625957E+00     0.64834738E+00     0.15802450E-01     0.38131233E-01     101     0.47999002E-01
-0.15400001E+02    -0.77617383E+00     0.41812427E-01     0.30000000E+01    -0.10657749E+00     0.64623982E+00     0.15874399E-01     0.37562907E-01     101     0.47999002E-01
-0.15300001E+02    -0.77196723E+00     0.41300435E-01     0.30000000E+01    -0.10687274E+00     0.64410836E+00     0.15964590E-01     0.37029907E-01     101     0.47999002E-01
-0.15200001E+02    -0.76708055E+00     0.40832762E-01     0.30000000E+01    -0.10711709E+00     0.64197534E+00     0.16066341E-01     0.36540434E-01     101     0.47999002E-01
-0.15100001E+02    -0.76233566E+00     0.40372830E-01     0.30000000E+01    -0.10736552E+00     0.63990217E+00     0.16131258E-01     0.36062080E-01     101     0.47999002E-01
-0.15000001E+02    -0.75753498E+00     0.39907124E-01     0.30000000E+01    -0.10761755E+00     0.63794887E+00     0.16221946E-01     0.35580885E-01     101     0.47999002E-01
-0.14900000E+02    -0.75312889E+00     0.39401904E-01     0.30000000E+01    -0.10789426E+00     0.63503951E+00     0.16296839E-01     0.35053555E-01     101     0.47999002E-01
-0.14800000E+02    -0.74842668E+00     0.38933013E-01     0.30000000E+01    -0.10815227E+00     0.63313442E+00     0.16371861E-01     0.34564406E-01     101     0.47999002E-01
-0.14700002E+02    -0.74240172E+00     0.38568985E-01     0.30000000E+01    -0.10835560E+00     0.63115126E+00     0.16490262E-01     0.34182042E-01     101     0.47999002E-01
-0.14600000E+02    -0.73761940E+00     0.38109507E-01     0.30000000E+01    -0.10857163E+00     0.62929010E+00     0.16512400E-01     0.33702843E-01     101     0.47999002E-01
-0.14500000E+02    -0.73109496E+00     0.37763193E-01     0.30000000E+01    -0.10877155E+00     0.62744641E+00     0.16599964E-01     0.33346929E-01     101     0.47999002E-01
-0.14400001E+02    -0.72561604E+00     0.37347604E-01     0.30000000E+01    -0.10899340E+00     0.62565392E+00     0.16646348E-01     0.32915972E-01     101     0.47999002E-01
-0.14300001E+02    -0.72204351E+00     0.36809217E-01     0.30000000E+01    -0.10924888E+00     0.62393355E+00     0.16777258E-01     0.32357886E-01     102     0.41903831E-01
-0.14200001E+02    -0.71860224E+00     0.36293592E-01     0.30000000E+01    -0.10946080E+00     0.62224394E+00     0.16993696E-01     0.31822480E-01     102     0.41903831E-01
-0.14100001E+02    -0.71426499E+00     0.35833389E-01     0.30000000E+01    -0.10964255E+00     0.62052107E+00     0.17163469E-01     0.31343382E-01     102     0.41903831E-01
-0.14000001E+02    -0.70977008E+00     0.35372850E-01     0.30000000E+01    -0.10982612E+00     0.61879796E+00     0.17313158E-01     0.30868120E-01     102     0.41903831E-01
-0.13900002E+02    -0.70547926E+00     0.34920521E-01     0.30000000E+01    -0.11001496E+00     0.61718619E+00     0.17488843E-01     0.30406037E-01     102     0.41903831E-01
-0.13800001E+02    -0.70102471E+00     0.34459226E-01     0.30000000E+01    -0.11021458E+00     0.61558867E+00     0.17616358E-01     0.29932749E-01     102     0.41903831E-01
-0.13700001E+02    -0.69612300E+00     0.34033068E-01     0.30000000E+01    -0.11038399E+00     0.61400521E+00     0.17767098E-01     0.29496044E-01     102     0.41903831E-01
-0.13600001E+02    -0.69069910E+00     0.33650871E-01     0.30000000E+01    -0.11053292E+00     0.61239982E+00     0.17881306E-01     0.29101592E-01     102     0.41903831E-01
-0.13500001E+02    -0.68525648E+00     0.33278078E-01     0.30000000E+01    -0.11067811E+00     0.61081594E+00     0.18007394E-01     0.28715957E-01     102     0.41903831E-01
-0.13400001E+02    -0.68003762E+00     0.32880895E-01     0.30000000E+01    -0.11083418E+00     0.60918224E+00     0.18143881E-01     0.28302569E-01     102     0.41903831E-01
-0.13300000E+02    -0.67486113E+00     0.32472402E-01     0.30000000E+01    -0.11100363E+00     0.60691398E+00     0.18226409E-01     0.27881831E-01     102     0.41903831E-01
-0.13200001E+02    -0.66970342E+00     0.32068375E-01     0.30000000E+01    -0.11117193E+00     0.60543036E+00     0.18368511E-01     0.27467854E-01     102     0.41903831E-01
-0.13100000E+02    -0.66411400E+00     0.31705443E-01     0.30000000E+01    -0.11130928E+00     0.60393643E+00     0.18489866E-01     0.27093818E-01     102     0.41903831E-01
-0.13000001E+02    -0.65825713E+00     0.31355254E-01     0.30000000E+01    -0.11143723E+00     0.60245800E+00     0.18625282E-01     0.26732020E-01     102     0.41903831E-01
-0.12900001E+02    -0.65247089E+00     0.30998655E-01     0.30000000E+01    -0.11156944E+00     0.60097384E+00     0.18725704E-01     0.26359029E-01     103     0.36247686E-01
-0.12800001E+02    -0.64669824E+00     0.30638358E-01     0.30000000E+01    -0.11171217E+00     0.59952134E+00     0.18860614E-01     0.25982792E-01     103     0.36247686E-01
-0.12700001E+02    -0.64109403E+00     0.30262353E-01     0.30000000E+01    -0.11186367E+00     0.59795690E+00     0.18965349E-01     0.25590407E-01     103     0.36247686E-01
-0.12600001E+02    -0.63558644E+00     0.29887773E-01     0.30000000E+01    -0.11201401E+00     0.59661847E+00     0.19082746E-01     0.25205323E-01     103     0.36247686E-01
-0.12500001E+02    -0.62927377E+00     0.29569332E-01     0.30000000E+01    -0.11214064E+00     0.59522063E+00     0.19207275E-01     0.24876969E-01     103     0.36247686E-01
-0.12400002E+02    -0.62306333E+00     0.29241260E-01     0.30000000E+01    -0.11226020E+00     0.59385157E+00     0.19314915E-01     0.24537152E-01     103     0.36247686E-01
-0.12300001E+02    -0.61665380E+00     0.28924122E-01     0.30000000E+01    -0.11239168E+00     0.59247667E+00     0.19414023E-01     0.24207242E-01     103     0.36247686E-01
-0.12200001E+02    -0.61027622E+00     0.28597008E-01     0.30000000E+01    -0.11252838E+00     0.59112161E+00     0.19482499E-01     0.23865964E-01     103     0.36247686E-01
-0.12100001E+02    -0.60407013E+00     0.28259056E-01     0.30000000E+01    -0.11267663E+00     0.58908838E+00     0.19549413E-01     0.23508267E-01     103     0.36247686E-01
-0.12000000E+02    -0.59976798E+00     0.27835246E-01     0.30000000E+01    -0.11279068E+00     0.58766699E+00     0.19844245E-01     0.23069516E-01     103     0.36247686E-01
-0.11900001E+02    -0.59438401E+00     0.27481681E-01     0.30000000E+01    -0.11288641E+00     0.58641404E+00     0.20071618E-01     0.22710811E-01     103     0.36247686E-01
-0.11800000E+02    -0.58894318E+00     0.27120730E-01     0.30000000E+01    -0.11298411E+00     0.58514988E+00     0.20342365E-01     0.22345444E-01     103     0.36247686E-01
-0.11700001E+02    -0.58329207E+00     0.26765371E-01     0.30000000E+01    -0.11310018E+00     0.58388954E+00     0.20520374E-01     0.21983860E-01     103     0.36247686E-01
-0.11600000E+02    -0.57772785E+00     0.26396502E-01     0.30000000E+01    -0.11323117E+00     0.58263826E+00     0.20732453E-01     0.21607095E-01     104     0.31069152E-01
-0.11500001E+02    -0.57207477E+00     0.26027424E-01     0.30000000E+01    -0.11337911E+00     0.58138269E+00     0.20891368E-01     0.21229433E-01     104     0.31069152E-01
-0.11400001E+02    -0.56603670E+00     0.25691582E-01     0.30000000E+01    -0.11350887E+00     0.58013666E+00     0.21062285E-01     0.20885181E-01     104     0.31069152E-01
-0.11300001E+02    -0.55968142E+00     0.25369029E-01     0.30000000E+01    -0.11363128E+00     0.57886875E+00     0.21248791E-01     0.20552926E-01     104     0.31069152E-01
-0.11200001E+02    -0.55329728E+00     0.25039243E-01     0.30000000E+01    -0.11376723E+00     0.57754201E+00     0.21394210E-01     0.20210939E-01     104     0.31069152E-01
-0.11100001E+02    -0.54682004E+00     0.24710946E-01     0.30000000E+01    -0.11392641E+00     0.57630736E+00     0.21685176E-01     0.19879729E-01     104     0.31069152E-01
-0.11000001E+02    -0.54042041E+00     0.24358898E-01     0.30000000E+01    -0.11410845E+00     0.57512474E+00     0.21858422E-01     0.19521447E-01     104     0.31069152E-01
-0.10900001E+02    -0.53393525E+00     0.24015840E-01     0.30000000E+01    -0.11428881E+00     0.57393539E+00     0.22039238E-01     0.19170258E-01     104     0.31069152E-01
-0.10800001E+02    -0.52693039E+00     0.23702072E-01     0.30000000E+01    -0.11444861E+00     0.57275051E+00     0.22182219E-01     0.18847633E-01     104     0.31069152E-01
-0.10700001E+02    -0.51985925E+00     0.23392983E-01     0.30000000E+01    -0.11460665E+00     0.57157308E+00     0.22355195E-01     0.18528597E-01     104     0.31069152E-01
-0.10600001E+02    -0.51278353E+00     0.23083737E-01     0.30000000E+01    -0.11476418E+00     0.56981379E+00     0.22524010E-01     0.18204810E-01     104     0.31069152E-01
-0.10500001E+02    -0.50616258E+00     0.22760615E-01     0.30000000E+01    -0.11488540E+00     0.56862551E+00     0.22642981E-01     0.17867640E-01     104     0.31069152E-01
-0.10400002E+02    -0.50096458E+00     0.22436036E-01     0.30000000E+01    -0.11479848E+00     0.56742352E+00     0.22735935E-01     0.17525967E-01     105     0.26392410E-01
-0.10300000E+02    -0.49581319E+00     0.22149716E-01     0.30000000E+01    -0.11465827E+00     0.56622577E+00     0.22856893E-01     0.17230004E-01     105     0.26392410E-01
-0.10200001E+02    -0.48832536E+00     0.21774463E-01     0.30000000E+01    -0.11514792E+00     0.56511664E+00     0.23273306E-01     0.16850352E-01     105     0.26392410E-01
-0.10100000E+02    -0.47982404E+00     0.21411005E-01     0.30000000E+01    -0.11576314E+00     0.56398702E+00     0.23638327E-01     0.16482953E-01     105     0.26392410E-01
-0.10000001E+02    -0.47079390E+00     0.21044737E-01     0.30000000E+01    -0.11647379E+00     0.56283993E+00     0.23980081E-01     0.16112980E-01     105     0.26392410E-01
-0.99000006E+01    -0.46112314E+00     0.20695236E-01     0.30000000E+01    -0.11723097E+00     0.56169677E+00     0.24270168E-01     0.15758174E-01     105     0.26392410E-01
-0.98000011E+01    -0.45101064E+00     0.20387121E-01     0.30000000E+01    -0.11795529E+00     0.56055731E+00     0.24519987E-01     0.15443525E-01     105     0.26392410E-01
-0.97000008E+01    -0.44051176E+00     0.20082207E-01     0.30000000E+01    -0.11872758E+00     0.55941743E+00     0.24802653E-01     0.15131004E-01     105     0.26392410E-01
-0.96000013E+01    -0.42970586E+00     0.19778216E-01     0.30000000E+01    -0.11954859E+00     0.55827636E+00     0.25072236E-01     0.14816659E-01     105     0.26392410E-01
-0.95000010E+01    -0.41865987E+00     0.19469064E-01     0.30000000E+01    -0.12042148E+00     0.55707866E+00     0.25361944E-01     0.14494618E-01     105     0.26392410E-01
-0.94000006E+01    -0.40723628E+00     0.19167781E-01     0.30000000E+01    -0.12133830E+00     0.55583543E+00     0.25651008E-01     0.14180023E-01     106     0.22223158E-01
-0.93000011E+01    -0.39548242E+00     0.18890455E-01     0.30000000E+01    -0.12221642E+00     0.55477393E+00     0.25935516E-01     0.13896108E-01     106     0.22223158E-01
-0.91999998E+01    -0.38361791E+00     0.18635629E-01     0.30000000E+01    -0.12305564E+00     0.55315393E+00     0.26172403E-01     0.13631418E-01     106     0.22223158E-01
-0.91000013E+01    -0.37160295E+00     0.18416572E-01     0.30000000E+01    -0.12382139E+00     0.55207014E+00     0.26432043E-01     0.13402682E-01     106     0.22223158E-01
-0.90000000E+01    -0.35913080E+00     0.18082915E-01     0.30000000E+01    -0.12500851E+00     0.55096281E+00     0.26917625E-01     0.13060638E-01     106     0.22223158E-01
-0.89000015E+01    -0.34629154E+00     0.17721023E-01     0.30000000E+01    -0.12634248E+00     0.54986298E+00     0.27472287E-01     0.12691515E-01     106     0.22223158E-01
-0.88000002E+01    -0.33330068E+00     0.17406056E-01     0.30000000E+01    -0.12755804E+00     0.54876834E+00     0.27915556E-01     0.12369878E-01     106     0.22223158E-01
-0.87000017E+01    -0.32017794E+00     0.17118299E-01     0.30000000E+01    -0.12872620E+00     0.54766154E+00     0.28340770E-01     0.12074674E-01     106     0.22223158E-01
-0.86000004E+01    -0.30692643E+00     0.16837416E-01     0.30000000E+01    -0.12989160E+00     0.54650372E+00     0.28720304E-01     0.11781866E-01     107     0.18548056E-01
-0.85000019E+01    -0.29340410E+00     0.16556622E-01     0.30000000E+01    -0.13109967E+00     0.54532641E+00     0.29131291E-01     0.11493651E-01     107     0.18548056E-01
-0.84000006E+01    -0.27960756E+00     0.16280897E-01     0.30000000E+01    -0.13232964E+00     0.54431570E+00     0.29540787E-01     0.11212893E-01     107     0.18548056E-01
-0.83000011E+01    -0.26591566E+00     0.16037155E-01     0.30000000E+01    -0.13345444E+00     0.54326206E+00     0.29923547E-01     0.10961385E-01     107     0.18548056E-01
-0.82000008E+01    -0.25228345E+00     0.15813623E-01     0.30000000E+01    -0.13451084E+00     0.54222006E+00     0.30278172E-01     0.10728007E-01     107     0.18548056E-01
-0.81000013E+01    -0.23865922E+00     0.15605490E-01     0.30000000E+01    -0.13552509E+00     0.54117888E+00     0.30548729E-01     0.10507840E-01     107     0.18548056E-01
-0.80000010E+01    -0.22391048E+00     0.15298957E-01     0.30000000E+01    -0.13701546E+00     0.54012334E+00     0.31180739E-01     0.10191724E-01     107     0.18548056E-01
-0.79000001E+01    -0.20885667E+00     0.14982151E-01     0.30000000E+01    -0.13859580E+00     0.53859514E+00     0.31910725E-01     0.98650269E-02     107     0.18548056E-01
-0.78000011E+01    -0.19400261E+00     0.14706997E-01     0.30000000E+01    -0.14003268E+00     0.53753197E+00     0.32670591E-01     0.95849708E-02     108     0.15338226E-01
-0.77000003E+01    -0.17920789E+00     0.14450904E-01     0.30000000E+01    -0.14140058E+00     0.53643769E+00     0.33189546E-01     0.93184356E-02     108     0.15338226E-01
-0.76000009E+01    -0.16436395E+00     0.14202788E-01     0.30000000E+01    -0.14275786E+00     0.53525728E+00     0.33730138E-01     0.90597821E-02     108     0.15338226E-01
-0.75000005E+01    -0.14950201E+00     0.13970300E-01     0.30000000E+01    -0.14405358E+00     0.53430957E+00     0.34272753E-01     0.88225510E-02     108     0.15338226E-01
-0.74000010E+01    -0.13492003E+00     0.13765106E-01     0.30000000E+01    -0.14522237E+00     0.53333396E+00     0.34761071E-01     0.86092930E-02     108     0.15338226E-01
-0.73000002E+01    -0.12054379E+00     0.13583927E-01     0.30000000E+01    -0.14630093E+00     0.53233480E+00     0.35157453E-01     0.84170923E-02     108     0.15338226E-01
-0.72000012E+01    -0.10506875E+00     0.13330569E-01     0.30000000E+01    -0.14777122E+00     0.53133100E+00     0.35841942E-01     0.81537357E-02     108     0.15338226E-01
-0.71000004E+01    -0.88924363E-01     0.13045944E-01     0.30000000E+01    -0.14945275E+00     0.53032750E+00     0.36778029E-01     0.78624375E-02     109     0.12555218E-01
-0.70000014E+01    -0.73137023E-01     0.12793246E-01     0.30000000E+01    -0.15098512E+00     0.52933967E+00     0.37542425E-01     0.76039992E-02     109     0.12555218E-01
-0.69000006E+01    -0.57513807E-01     0.12557308E-01     0.30000000E+01    -0.15244594E+00     0.52835482E+00     0.38435049E-01     0.73624407E-02     109     0.12555218E-01
-0.68000016E+01    -0.42285085E-01     0.12355963E-01     0.30000000E+01    -0.15374768E+00     0.52736211E+00     0.39102517E-01     0.71492838E-02     109     0.12555218E-01
-0.67000008E+01    -0.27307289E-01     0.12175374E-01     0.30000000E+01    -0.15496378E+00     0.52582020E+00     0.39754845E-01     0.69495034E-02     109     0.12555218E-01
-0.66000018E+01    -0.12568669E-01     0.12014016E-01     0.30000000E+01    -0.15607120E+00     0.52477241E+00     0.40309250E-01     0.67756069E-02     109     0.12555218E-01
-0.65000010E+01     0.26786013E-02     0.11825857E-01     0.30000000E+01    -0.15732256E+00     0.52387387E+00     0.41016679E-01     0.65784999E-02     110     0.10156807E-01
-0.64000001E+01     0.19238716E-01     0.11565718E-01     0.30000000E+01    -0.15900020E+00     0.52292454E+00     0.42214643E-01     0.63147596E-02     110     0.10156807E-01
-0.63000011E+01     0.35187352E-01     0.11347511E-01     0.30000000E+01    -0.16046593E+00     0.52196908E+00     0.43160379E-01     0.60926392E-02     110     0.10156807E-01
-0.62000003E+01     0.50809279E-01     0.11151543E-01     0.30000000E+01    -0.16181602E+00     0.52102208E+00     0.44022966E-01     0.58901999E-02     110     0.10156807E-01
-0.61000009E+01     0.66064067E-01     0.10980152E-01     0.30000000E+01    -0.16303883E+00     0.52008480E+00     0.44889659E-01     0.57094828E-02     110     0.10156807E-01
-0.60000000E+01     0.80866471E-01     0.10836260E-01     0.30000000E+01    -0.16411355E+00     0.51917470E+00     0.45883939E-01     0.55545345E-02     110     0.10156807E-01
-0.59000010E+01     0.95108643E-01     0.10725001E-01     0.30000000E+01    -0.16500457E+00     0.51826435E+00     0.46460439E-01     0.54262788E-02     111     0.81014242E-02
-0.58000002E+01     0.11124049E+00     0.10515065E-01     0.30000000E+01    -0.16649151E+00     0.51733500E+00     0.47894467E-01     0.52033346E-02     111     0.81014242E-02
-0.57000012E+01     0.12688494E+00     0.10333448E-01     0.30000000E+01    -0.16782035E+00     0.51635724E+00     0.49096365E-01     0.50107921E-02     111     0.81014242E-02
-0.56000004E+01     0.14209698E+00     0.10178064E-01     0.30000000E+01    -0.16901101E+00     0.51530105E+00     0.50144568E-01     0.48425458E-02     111     0.81014242E-02
-0.55000014E+01     0.15703243E+00     0.10035587E-01     0.30000000E+01    -0.17008984E+00     0.51400310E+00     0.51200416E-01     0.46949466E-02     111     0.81014242E-02
-0.54000006E+01     0.17158264E+00     0.99138441E-02     0.30000000E+01    -0.17104265E+00     0.51314187E+00     0.52178834E-01     0.45658471E-02     111     0.81014242E-02
-0.53000016E+01     0.18541521E+00     0.98319491E-02     0.30000000E+01    -0.17177410E+00     0.51227760E+00     0.53179614E-01     0.44725174E-02     112     0.63508647E-02
-0.52000008E+01     0.20030215E+00     0.96950755E-02     0.30000000E+01    -0.17282501E+00     0.51138502E+00     0.54844603E-01     0.43318043E-02     112     0.63508647E-02
-0.51000013E+01     0.21445927E+00     0.95957713E-02     0.30000000E+01    -0.17364937E+00     0.51051766E+00     0.56220055E-01     0.42325691E-02     112     0.63508647E-02
-0.50000010E+01     0.22818331E+00     0.95194271E-02     0.30000000E+01    -0.17434114E+00     0.50965214E+00     0.57434883E-01     0.41547227E-02     112     0.63508647E-02
-0.49000015E+01     0.24166751E+00     0.94567873E-02     0.30000000E+01    -0.17495923E+00     0.50881153E+00     0.58650687E-01     0.40876968E-02     112     0.63508647E-02
-0.48000007E+01     0.25493026E+00     0.94067995E-02     0.30000000E+01    -0.17550988E+00     0.50796670E+00     0.59778750E-01     0.40299585E-02     112     0.63508647E-02
-0.47000003E+01     0.26811522E+00     0.93617355E-02     0.30000000E+01    -0.17603914E+00     0.50711334E+00     0.60959987E-01     0.39733299E-02     113     0.48715551E-02
-0.46000009E+01     0.28170088E+00     0.92957253E-02     0.30000000E+01    -0.17668913E+00     0.50621355E+00     0.62772214E-01     0.39047515E-02     113     0.48715551E-02
-0.45000000E+01     0.29518673E+00     0.92354091E-02     0.30000000E+01    -0.17731643E+00     0.50523025E+00     0.64755149E-01     0.38448670E-02     113     0.48715551E-02
-0.44000010E+01     0.30845761E+00     0.91841212E-02     0.30000000E+01    -0.17786248E+00     0.50439036E+00     0.66194974E-01     0.37959157E-02     113     0.48715551E-02
-0.43000002E+01     0.32163090E+00     0.91363546E-02     0.30000000E+01    -0.17836912E+00     0.50360578E+00     0.67619137E-01     0.37494902E-02     113     0.48715551E-02
-0.42000012E+01     0.33471844E+00     0.90941628E-02     0.30000000E+01    -0.17885216E+00     0.50282443E+00     0.69075957E-01     0.37044086E-02     113     0.48715551E-02
-0.41000004E+01     0.34810495E+00     0.90359338E-02     0.30000000E+01    -0.17942825E+00     0.50159496E+00     0.71221150E-01     0.36499337E-02     114     0.36345050E-02
-0.40000014E+01     0.36143762E+00     0.89809159E-02     0.30000000E+01    -0.17999257E+00     0.50077498E+00     0.73583350E-01     0.36026053E-02     114     0.36345050E-02
-0.39000006E+01     0.37448400E+00     0.89428080E-02     0.30000000E+01    -0.18047027E+00     0.49997678E+00     0.75339861E-01     0.35642507E-02     114     0.36345050E-02
-0.38000014E+01     0.38736922E+00     0.89139780E-02     0.30000000E+01    -0.18090099E+00     0.49917230E+00     0.77026665E-01     0.35313852E-02     114     0.36345050E-02
-0.37000005E+01     0.40048099E+00     0.88729002E-02     0.30000000E+01    -0.18140075E+00     0.49837437E+00     0.79508476E-01     0.34898231E-02     114     0.36345050E-02
-0.36000016E+01     0.41359380E+00     0.88323615E-02     0.30000000E+01    -0.18190371E+00     0.49756446E+00     0.81814580E-01     0.34520486E-02     115     0.26149573E-02
-0.35000007E+01     0.42652535E+00     0.88026766E-02     0.30000000E+01    -0.18235531E+00     0.49674773E+00     0.84032066E-01     0.34213015E-02     115     0.26149573E-02
-0.34000015E+01     0.43929523E+00     0.87829279E-02     0.30000000E+01    -0.18276109E+00     0.49587908E+00     0.86220130E-01     0.33960505E-02     115     0.26149573E-02
-0.33000009E+01     0.45234534E+00     0.87480936E-02     0.30000000E+01    -0.18325503E+00     0.49492571E+00     0.90033829E-01     0.33632582E-02     115     0.26149573E-02
-0.32000017E+01     0.46540198E+00     0.87079220E-02     0.30000000E+01    -0.18373010E+00     0.49418828E+00     0.92804246E-01     0.33350484E-02     115     0.26149573E-02
-0.31000009E+01     0.47831514E+00     0.86757038E-02     0.30000000E+01    -0.18415959E+00     0.49344906E+00     0.95595829E-01     0.33089407E-02     115     0.26149573E-02
-0.30000000E+01     0.49133596E+00     0.86379154E-02     0.30000000E+01    -0.18462428E+00     0.49270576E+00     0.99189840E-01     0.32783863E-02     116     0.17916226E-02
-0.29000010E+01     0.50437635E+00     0.85996827E-02     0.30000000E+01    -0.18509741E+00     0.49193856E+00     0.10290414E+00     0.32514464E-02     116     0.17916226E-02
-0.28000002E+01     0.51720864E+00     0.85739689E-02     0.30000000E+01    -0.18551180E+00     0.49116054E+00     0.10659719E+00     0.32305182E-02     116     0.17916226E-02
-0.27000012E+01     0.53042525E+00     0.85267639E-02     0.30000000E+01    -0.18604583E+00     0.48999912E+00     0.11322115E+00     0.31986116E-02     116     0.17916226E-02
-0.26000004E+01     0.54331225E+00     0.84987180E-02     0.30000000E+01    -0.18648165E+00     0.48924270E+00     0.11852113E+00     0.31761439E-02     116     0.17916226E-02
-0.25000012E+01     0.55641425E+00     0.84585501E-02     0.30000000E+01    -0.18698384E+00     0.48848718E+00     0.12530625E+00     0.31515951E-02     117     0.11454731E-02
-0.24000003E+01     0.56957215E+00     0.84159207E-02     0.30000000E+01    -0.18750598E+00     0.48771951E+00     0.13397235E+00     0.31255302E-02     117     0.11454731E-02
-0.23000014E+01     0.58288980E+00     0.83642229E-02     0.30000000E+01    -0.18807845E+00     0.48693758E+00     0.14571947E+00     0.30969051E-02     117     0.11454731E-02
-0.22000005E+01     0.59778666E+00     0.82191387E-02     0.30000000E+01    -0.18913217E+00     0.48609588E+00     0.17925473E+00     0.30289982E-02     117     0.11454731E-02
-0.21000013E+01     0.62471712E+00     0.73111886E-02     0.30000000E+01    -0.19390570E+00     0.48503572E+00     0.39992958E+00     0.26804856E-02     117     0.11454731E-02
-0.20000007E+01     0.63752174E+00     0.72894068E-02     0.30000000E+01    -0.19431201E+00     0.48429179E+00     0.41347420E+00     0.26899804E-02     118     0.65983500E-03
-0.19000015E+01     0.65014881E+00     0.72784540E-02     0.30000000E+01    -0.19465838E+00     0.48362410E+00     0.42207116E+00     0.26993840E-02     118     0.65983500E-03
-0.18000008E+01     0.66263622E+00     0.72771003E-02     0.30000000E+01    -0.19496483E+00     0.48291588E+00     0.42821983E+00     0.27106651E-02     118     0.65983500E-03
-0.17000016E+01     0.67507708E+00     0.72787530E-02     0.30000000E+01    -0.19526222E+00     0.48219335E+00     0.43629876E+00     0.27260557E-02     118     0.65983500E-03
-0.16000009E+01     0.68740410E+00     0.72886162E-02     0.30000000E+01    -0.19552676E+00     0.48146060E+00     0.43971193E+00     0.27410020E-02     118     0.65983500E-03
-0.15000000E+01     0.69960290E+00     0.73069092E-02     0.30000000E+01    -0.19575658E+00     0.48036799E+00     0.44280112E+00     0.27546878E-02     119     0.32014173E-03
-0.14000009E+01     0.71180332E+00     0.73254732E-02     0.30000000E+01    -0.19598930E+00     0.47963408E+00     0.44546419E+00     0.27689426E-02     119     0.32014173E-03
-0.13000002E+01     0.72405064E+00     0.73416806E-02     0.30000000E+01    -0.19623917E+00     0.47891361E+00     0.44774368E+00     0.27869297E-02     119     0.32014173E-03
-0.12000011E+01     0.73621792E+00     0.73622037E-02     0.30000000E+01    -0.19646849E+00     0.47820526E+00     0.45165384E+00     0.28080051E-02     119     0.32014173E-03
-0.11000003E+01     0.74828416E+00     0.73897899E-02     0.30000000E+01    -0.19666965E+00     0.47747180E+00     0.45352197E+00     0.28256006E-02     119     0.32014173E-03
-0.10000012E+01     0.76040834E+00     0.74144597E-02     0.30000000E+01    -0.19689327E+00     0.47672042E+00     0.45588830E+00     0.28451732E-02     120     0.10680849E-03
-0.90000039E+00     0.77251118E+00     0.74409540E-02     0.30000000E+01    -0.19711499E+00     0.47591597E+00     0.45732954E+00     0.28674733E-02     120     0.10680849E-03
-0.80000126E+00     0.78454125E+00     0.74723302E-02     0.30000000E+01    -0.19732063E+00     0.47503388E+00     0.45873064E+00     0.28918209E-02     120     0.10680849E-03
-0.70000046E+00     0.79672563E+00     0.74901511E-02     0.30000000E+01    -0.19754916E+00     0.47435054E+00     0.46005726E+00     0.29127151E-02     120     0.10680849E-03
-0.60000139E+00     0.80888975E+00     0.75074933E-02     0.30000000E+01    -0.19776858E+00     0.47370043E+00     0.46239555E+00     0.29312312E-02     120     0.10680849E-03
-0.50000060E+00     0.82101727E+00     0.75277649E-02     0.30000000E+01    -0.19798103E+00     0.47303116E+00     0.46353966E+00     0.29477621E-02     121     0.68437912E-05
-0.40000150E+00     0.83317101E+00     0.75471913E-02     0.30000000E+01    -0.19820546E+00     0.47234184E+00     0.46528676E+00     0.29661180E-02     121     0.68437912E-05
-0.30000070E+00     0.84535539E+00     0.75659226E-02     0.30000000E+01    -0.19844276E+00     0.47164944E+00     0.46636817E+00     0.29876335E-02     121     0.68437912E-05
-0.20000160E+00     0.85748678E+00     0.75871367E-02     0.30000000E+01    -0.19867031E+00     0.47058430E+00     0.46823266E+00     0.30118539E-02     121     0.68437912E-05
-0.10000080E+00     0.86956835E+00     0.76121287E-02     0.30000000E+01    -0.19888456E+00     0.46988797E+00     0.46910989E+00     0.30343253E-02     121     0.68437912E-05
 0.00000000E+00     0.88161933E+00     0.76392763E-02     0.30000000E+01    -0.19909275E+00     0.46919611E+00     0.46999168E+00     0.30577937E-02     122     0.29858100E-04
 0.99999093E-01     0.89363474E+00     0.76683140E-02     0.30000000E+01    -0.19929394E+00     0.46849599E+00     0.47083855E+00     0.30811341E-02     122     0.29858100E-04
 0.19999990E+00     0.90558469E+00     0.77006794E-02     0.30000000E+01    -0.19948018E+00     0.46780512E+00     0.47224978E+00     0.31064586E-02     122     0.29858100E-04
 0.29999900E+00     0.91745180E+00     0.77377199E-02     0.30000000E+01    -0.19964686E+00     0.46708930E+00     0.47379094E+00     0.31322041E-02     122     0.29858100E-04
 0.39999980E+00     0.92933941E+00     0.77749970E-02     0.30000000E+01    -0.19982277E+00     0.46635240E+00     0.47445264E+00     0.31568119E-02     122     0.29858100E-04
 0.49999887E+00     0.94131291E+00     0.78090294E-02     0.30000000E+01    -0.20003091E+00     0.46550938E+00     0.47538084E+00     0.31879903E-02     123     0.20689871E-03
 0.59999967E+00     0.95334995E+00     0.78368764E-02     0.30000000E+01    -0.20025066E+00     0.46472305E+00     0.47749844E+00     0.32265489E-02     123     0.20689871E-03
 0.69999880E+00     0.96549475E+00     0.78546209E-02     0.30000000E+01    -0.20047979E+00     0.46412513E+00     0.47814924E+00     0.32492909E-02     123     0.20689871E-03
 0.79999959E+00     0.97759944E+00     0.78754043E-02     0.30000000E+01    -0.20070200E+00     0.46348569E+00     0.47880045E+00     0.32736296E-02     123     0.20689871E-03
 0.89999866E+00     0.98959607E+00     0.79006925E-02     0.30000000E+01    -0.20089816E+00     0.46282798E+00     0.48087695E+00     0.33037239E-02     123     0.20689871E-03
 0.99999946E+00     0.10016143E+01     0.79265358E-02     0.30000000E+01    -0.20110349E+00     0.46216503E+00     0.48146707E+00     0.33292891E-02     124     0.56264474E-03
 0.10999986E+01     0.10135431E+01     0.79572685E-02     0.30000000E+01    -0.20128900E+00     0.46114308E+00     0.48260060E+00     0.33557359E-02     124     0.56264474E-03
 0.11999993E+01     0.10253536E+01     0.79933032E-02     0.30000000E+01    -0.20144331E+00     0.46046227E+00     0.48413634E+00     0.33832239E-02     124     0.56264474E-03
 0.12999984E+01     0.10372785E+01     0.80254553E-02     0.30000000E+01    -0.20163436E+00     0.45978960E+00     0.48466411E+00     0.34100357E-02     124     0.56264474E-03
 0.13999993E+01     0.10492826E+01     0.80544697E-02     0.30000000E+01    -0.20185144E+00     0.45912215E+00     0.48545226E+00     0.34415759E-02     124     0.56264474E-03
 0.14999983E+01     0.10612330E+01     0.80860974E-02     0.30000000E+01    -0.20205712E+00     0.45845035E+00     0.48614153E+00     0.34745093E-02     125     0.10895970E-02
 0.15999992E+01     0.10731349E+01     0.81210788E-02     0.30000000E+01    -0.20225325E+00     0.45777026E+00     0.48677036E+00     0.35085450E-02     125     0.10895970E-02
 0.16999999E+01     0.10849919E+01     0.81587117E-02     0.30000000E+01    -0.20244068E+00     0.45707747E+00     0.48737323E+00     0.35440768E-02     125     0.10895970E-02
 0.17999990E+01     0.10967925E+01     0.82001649E-02     0.30000000E+01    -0.20261753E+00     0.45633593E+00     0.48793158E+00     0.35819733E-02     125     0.10895970E-02
 0.18999999E+01     0.11085280E+01     0.82449308E-02     0.30000000E+01    -0.20278293E+00     0.45548254E+00     0.48847303E+00     0.36211614E-02     125     0.10895970E-02
 0.19999989E+01     0.11204269E+01     0.82769645E-02     0.30000000E+01    -0.20297578E+00     0.45478910E+00     0.48902774E+00     0.36588861E-02     126     0.17883774E-02
 0.20999997E+01     0.11324396E+01     0.83007384E-02     0.30000000E+01    -0.20318764E+00     0.45419705E+00     0.48959047E+00     0.36888048E-02     126     0.17883774E-02
 0.21999989E+01     0.11444033E+01     0.83273808E-02     0.30000000E+01    -0.20339106E+00     0.45358363E+00     0.49015230E+00     0.37200060E-02     126     0.17883774E-02
 0.22999997E+01     0.11563483E+01     0.83543034E-02     0.30000000E+01    -0.20359123E+00     0.45262048E+00     0.49070317E+00     0.37493943E-02     126     0.17883774E-02
 0.23999987E+01     0.11682223E+01     0.83866045E-02     0.30000000E+01    -0.20377901E+00     0.45196462E+00     0.49126109E+00     0.37830709E-02     126     0.17883774E-02
 0.24999995E+01     0.11800568E+01     0.84207589E-02     0.30000000E+01    -0.20396037E+00     0.45128474E+00     0.49183547E+00     0.38174288E-02     126     0.17883774E-02
 0.25999987E+01     0.11918626E+01     0.84569706E-02     0.30000000E+01    -0.20413738E+00     0.45063049E+00     0.49240747E+00     0.38540536E-02     127     0.26592987E-02
 0.26999993E+01     0.12036345E+01     0.84949816E-02     0.30000000E+01    -0.20430814E+00     0.44996732E+00     0.49298283E+00     0.38903262E-02     127     0.26592987E-02
 0.27999985E+01     0.12153450E+01     0.85357372E-02     0.30000000E+01    -0.20446582E+00     0.44932055E+00     0.49374953E+00     0.39276099E-02     127     0.26592987E-02
 0.28999994E+01     0.12270362E+01     0.85782818E-02     0.30000000E+01    -0.20462199E+00     0.44866744E+00     0.49425402E+00     0.39657541E-02     127     0.26592987E-02
 0.29999983E+01     0.12387036E+01     0.86222952E-02     0.30000000E+01    -0.20477618E+00     0.44800362E+00     0.49478531E+00     0.40045027E-02     127     0.26592987E-02
 0.30999992E+01     0.12504330E+01     0.86655319E-02     0.30000000E+01    -0.20495358E+00     0.44731256E+00     0.49561372E+00     0.40511824E-02     128     0.37040592E-02
 0.31999984E+01     0.12620862E+01     0.87125655E-02     0.30000000E+01    -0.20511575E+00     0.44657430E+00     0.49634361E+00     0.40986771E-02     128     0.37040592E-02
 0.32999990E+01     0.12736517E+01     0.87649981E-02     0.30000000E+01    -0.20526120E+00     0.44575921E+00     0.49700171E+00     0.41495953E-02     128     0.37040592E-02
 0.33999999E+01     0.12854636E+01     0.87983003E-02     0.30000000E+01    -0.20544831E+00     0.44480529E+00     0.49762270E+00     0.41922187E-02     128     0.37040592E-02
 0.34999990E+01     0.12973377E+01     0.88277897E-02     0.30000000E+01    -0.20564558E+00     0.44419676E+00     0.49821872E+00     0.42312616E-02     128     0.37040592E-02
 0.35999999E+01     0.13091594E+01     0.88606579E-02     0.30000000E+01    -0.20583320E+00     0.44358000E+00     0.49881086E+00     0.42722612E-02     128     0.37040592E-02
 0.36999989E+01     0.13209380E+01     0.88943969E-02     0.30000000E+01    -0.20601371E+00     0.44293869E+00     0.49939886E+00     0.43139593E-02     129     0.49269553E-02
 0.37999997E+01     0.13326735E+01     0.89318324E-02     0.30000000E+01    -0.20618659E+00     0.44229847E+00     0.49998721E+00     0.43570050E-02     129     0.49269553E-02
 0.38999987E+01     0.13443559E+01     0.89717181E-02     0.30000000E+01    -0.20634985E+00     0.44163999E+00     0.50058699E+00     0.44008810E-02     129     0.49269553E-02
 0.39999995E+01     0.13559990E+01     0.90135103E-02     0.30000000E+01    -0.20650652E+00     0.44098240E+00     0.50117171E+00     0.44454462E-02     129     0.49269553E-02
 0.40999985E+01     0.13676047E+01     0.90574808E-02     0.30000000E+01    -0.20665720E+00     0.44033363E+00     0.50176787E+00     0.44913059E-02     129     0.49269553E-02
 0.41999993E+01     0.13791711E+01     0.91038682E-02     0.30000000E+01    -0.20680115E+00     0.43969706E+00     0.50237566E+00     0.45399554E-02     130     0.63347779E-02
 0.42999988E+01     0.13906956E+01     0.91520408E-02     0.30000000E+01    -0.20693767E+00     0.43904999E+00     0.50298125E+00     0.45878841E-02     130     0.63347779E-02
 0.43999991E+01     0.14021056E+01     0.92079537E-02     0.30000000E+01    -0.20705524E+00     0.43808833E+00     0.50357372E+00     0.46388106E-02     130     0.63347779E-02
 0.44999986E+01     0.14135039E+01     0.92634894E-02     0.30000000E+01    -0.20717004E+00     0.43740174E+00     0.50415611E+00     0.46913186E-02     130     0.63347779E-02
 0.45999994E+01     0.14248232E+01     0.93231685E-02     0.30000000E+01    -0.20727053E+00     0.43663889E+00     0.50466841E+00     0.47458336E-02     130     0.63347779E-02
 0.47000003E+01     0.14361254E+01     0.93861772E-02     0.30000000E+01    -0.20737715E+00     0.43580523E+00     0.50573581E+00     0.48081800E-02     130     0.63347779E-02
 0.47999973E+01     0.14478323E+01     0.94228191E-02     0.30000000E+01    -0.20755593E+00     0.43519798E+00     0.50651127E+00     0.48623206E-02     131     0.79378914E-02
 0.48999982E+01     0.14595658E+01     0.94567621E-02     0.30000000E+01    -0.20773846E+00     0.43461195E+00     0.50721461E+00     0.49098372E-02     131     0.79378914E-02
 0.49999990E+01     0.14712352E+01     0.94947293E-02     0.30000000E+01    -0.20790827E+00     0.43400419E+00     0.50788701E+00     0.49598636E-02     131     0.79378914E-02
 0.50999999E+01     0.14828467E+01     0.95345490E-02     0.30000000E+01    -0.20806842E+00     0.43337068E+00     0.50851244E+00     0.50101206E-02     131     0.79378914E-02
 0.52000008E+01     0.14944069E+01     0.95773088E-02     0.30000000E+01    -0.20821925E+00     0.43273184E+00     0.50912708E+00     0.50621480E-02     131     0.79378914E-02
 0.52999978E+01     0.15059016E+01     0.96239261E-02     0.30000000E+01    -0.20835879E+00     0.43178186E+00     0.50974846E+00     0.51147467E-02     131     0.79378914E-02
 0.53999987E+01     0.15173372E+01     0.96734650E-02     0.30000000E+01    -0.20848806E+00     0.43112904E+00     0.51037908E+00     0.51717097E-02     132     0.97505655E-02
 0.54999995E+01     0.15287268E+01     0.97249337E-02     0.30000000E+01    -0.20860927E+00     0.43047619E+00     0.51101500E+00     0.52280179E-02     132     0.97505655E-02
 0.56000004E+01     0.15400642E+01     0.97795995E-02     0.30000000E+01    -0.20872147E+00     0.42983231E+00     0.51163697E+00     0.52863280E-02     132     0.97505655E-02
 0.56999979E+01     0.15513493E+01     0.98369624E-02     0.30000000E+01    -0.20882477E+00     0.42918840E+00     0.51226985E+00     0.53462707E-02     132     0.97505655E-02
 0.57999988E+01     0.15625759E+01     0.98973755E-02     0.30000000E+01    -0.20891790E+00     0.42853475E+00     0.51291293E+00     0.54081795E-02     132     0.97505655E-02
 0.58999996E+01     0.15734701E+01     0.99780913E-02     0.30000000E+01    -0.20895424E+00     0.42705745E+00     0.51354581E+00     0.54784124E-02     132     0.97505655E-02
 0.60000000E+01     0.15848776E+01     0.10024802E-01     0.30000000E+01    -0.20908105E+00     0.42416605E+00     0.51416475E+00     0.55279564E-02     133     0.11791578E-01
 0.60999975E+01     0.15961928E+01     0.10076196E-01     0.30000000E+01    -0.20919071E+00     0.42153043E+00     0.51475483E+00     0.55757081E-02     133     0.11791578E-01
 0.61999984E+01     0.16072901E+01     0.10141473E-01     0.30000000E+01    -0.20926268E+00     0.42003876E+00     0.51533425E+00     0.56361896E-02     133     0.11791578E-01
 0.62999992E+01     0.16182789E+01     0.10217877E-01     0.30000000E+01    -0.20932859E+00     0.41833711E+00     0.51657963E+00     0.57114246E-02     133     0.11791578E-01
 0.64000001E+01     0.16290041E+01     0.10308935E-01     0.30000000E+01    -0.20934537E+00     0.41659006E+00     0.51733279E+00     0.57947636E-02     133     0.11791578E-01
 0.65000010E+01     0.16404961E+01     0.10349468E-01     0.30000000E+01    -0.20949429E+00     0.41403273E+00     0.51803815E+00     0.58486261E-02     133     0.11791578E-01
 0.65999980E+01     0.16517476E+01     0.10405138E-01     0.30000000E+01    -0.20959955E+00     0.41304713E+00     0.51870447E+00     0.59154187E-02     134     0.14084773E-01
 0.66999989E+01     0.16628150E+01     0.10470504E-01     0.30000000E+01    -0.20967361E+00     0.41130060E+00     0.51936620E+00     0.59833340E-02     134     0.14084773E-01
 0.67999997E+01     0.16735477E+01     0.10556162E-01     0.30000000E+01    -0.20969029E+00     0.40911642E+00     0.52001661E+00     0.60614436E-02     134     0.14084773E-01
 0.69000006E+01     0.16843865E+01     0.10634383E-01     0.30000000E+01    -0.20972431E+00     0.40799996E+00     0.52067238E+00     0.61394433E-02     134     0.14084773E-01
 0.69999981E+01     0.16952075E+01     0.10712413E-01     0.30000000E+01    -0.20975685E+00     0.40493020E+00     0.52134264E+00     0.62156143E-02     134     0.14084773E-01
 0.70999990E+01     0.17062110E+01     0.10778752E-01     0.30000000E+01    -0.20981927E+00     0.40292257E+00     0.52200854E+00     0.62853354E-02     134     0.14084773E-01
 0.71999998E+01     0.17171437E+01     0.10847991E-01     0.30000000E+01    -0.20986925E+00     0.40163574E+00     0.52267587E+00     0.63597537E-02     135     0.16660098E-01
 0.73000002E+01     0.17276927E+01     0.10940073E-01     0.30000000E+01    -0.20985377E+00     0.39954022E+00     0.52334458E+00     0.64445934E-02     135     0.16660098E-01
 0.73999977E+01     0.17379073E+01     0.11049689E-01     0.30000000E+01    -0.20978113E+00     0.39623046E+00     0.52400309E+00     0.65395720E-02     135     0.16660098E-01
 0.74999986E+01     0.17487273E+01     0.11122993E-01     0.30000000E+01    -0.20981234E+00     0.39375120E+00     0.52465695E+00     0.66142017E-02     135     0.16660098E-01
 0.75999994E+01     0.17594358E+01     0.11201282E-01     0.30000000E+01    -0.20982283E+00     0.39210373E+00     0.52527487E+00     0.66930307E-02     135     0.16660098E-01
 0.77000003E+01     0.17696190E+01     0.11311201E-01     0.30000000E+01    -0.20974633E+00     0.38950050E+00     0.52595174E+00     0.67906189E-02     135     0.16660098E-01
 0.77999973E+01     0.17798082E+01     0.11422619E-01     0.30000000E+01    -0.20967919E+00     0.38592076E+00     0.52685511E+00     0.68959123E-02     135     0.16660098E-01
 0.78999982E+01     0.17904819E+01     0.11503828E-01     0.30000000E+01    -0.20969260E+00     0.38379601E+00     0.52766120E+00     0.69856034E-02     136     0.19554034E-01
 0.81000004E+01     0.18099437E+01     0.11770627E-01     0.30000000E+01    -0.20939425E+00     0.37519234E+00     0.52939117E+00     0.72249244E-02     136     0.19554034E-01
 0.82000008E+01     0.18195986E+01     0.11905246E-01     0.30000000E+01    -0.20923065E+00     0.37111765E+00     0.53006440E+00     0.73463148E-02     136     0.19554034E-01
 0.82999983E+01     0.18289348E+01     0.12056574E-01     0.30000000E+01    -0.20901173E+00     0.36655372E+00     0.53074706E+00     0.74798199E-02     136     0.19554034E-01
 0.83999987E+01     0.18374608E+01     0.12251238E-01     0.30000000E+01    -0.20865388E+00     0.36022285E+00     0.53142089E+00     0.76422947E-02     136     0.19554034E-01
 0.85000000E+01     0.18448203E+01     0.12508265E-01     0.30000000E+01    -0.20809413E+00     0.35078934E+00     0.53208441E+00     0.78482423E-02     136     0.19554034E-01
 0.86000004E+01     0.18527453E+01     0.12729451E-01     0.30000000E+01    -0.20763123E+00     0.34311867E+00     0.53275591E+00     0.80359355E-02     137     0.22810133E-01
 0.86999979E+01     0.18606584E+01     0.12948204E-01     0.30000000E+01    -0.20716502E+00     0.33667770E+00     0.53343314E+00     0.82230857E-02     137     0.22810133E-01
 0.87999983E+01     0.18677403E+01     0.13208577E-01     0.30000000E+01    -0.20655556E+00     0.32926372E+00     0.53409284E+00     0.84425583E-02     137     0.22810133E-01
 0.88999996E+01     0.18709278E+01     0.13670322E-01     0.30000000E+01    -0.20527329E+00     0.31416237E+00     0.53470290E+00     0.88134836E-02     137     0.22810133E-01
 0.90000000E+01     0.18752073E+01     0.14064991E-01     0.30000000E+01    -0.20417750E+00     0.30328831E+00     0.53530020E+00     0.91408007E-02     137     0.22810133E-01
 0.90999975E+01     0.18782160E+01     0.14513277E-01     0.30000000E+01    -0.20285897E+00     0.29096577E+00     0.53587508E+00     0.95189847E-02     137     0.22810133E-01
 0.91999989E+01     0.18791660E+01     0.15043488E-01     0.30000000E+01    -0.20117472E+00     0.27766004E+00     0.53644937E+00     0.99723935E-02     137     0.22810133E-01
 0.92999992E+01     0.18765252E+01     0.15654784E-01     0.30000000E+01    -0.19877887E+00     0.26518670E+00     0.53718960E+00     0.10513723E-01     137     0.22810133E-01
 0.94000006E+01     0.18717141E+01     0.16318532E-01     0.30000000E+01    -0.19595376E+00     0.25387353E+00     0.53781652E+00     0.11123298E-01     137     0.22810133E-01
 0.94999971E+01     0.18676771E+01     0.17059950E-01     0.30000000E+01    -0.19342536E+00     0.24123968E+00     0.53841174E+00     0.11801335E-01     137     0.22810133E-01
 0.95999985E+01     0.18625127E+01     0.17912952E-01     0.30000000E+01    -0.19078057E+00     0.22900033E+00     0.53897357E+00     0.12589017E-01     137     0.22810133E-01
 0.96999989E+01     0.18568505E+01     0.18854765E-01     0.30000000E+01    -0.18813841E+00     0.21708655E+00     0.53950506E+00     0.13476938E-01     137     0.22810133E-01
 0.98000002E+01     0.18505119E+01     0.19908486E-01     0.30000000E+01    -0.18549035E+00     0.20596157E+00     0.54000592E+00     0.14483416E-01     137     0.22810133E-01
 0.99000006E+01     0.18436121E+01     0.21079062E-01     0.30000000E+01    -0.18287563E+00     0.19595015E+00     0.54051864E+00     0.15614988E-01     137     0.22810133E-01
 0.99999981E+01     0.18367035E+01     0.22345215E-01     0.30000000E+01    -0.18040106E+00     0.18705457E+00     0.54133242E+00     0.16852621E-01     137     0.22810133E-01
 0.10099998E+02     0.18290958E+01     0.23764059E-01     0.30000000E+01    -0.17799184E+00     0.17888044E+00     0.54179519E+00     0.18250003E-01     137     0.22810133E-01
 0.10200000E+02     0.18210598E+01     0.25317971E-01     0.30000000E+01    -0.17572074E+00     0.17172444E+00     0.54197079E+00     0.19792400E-01     138     0.26479401E-01
 0.10300000E+02     0.18121186E+01     0.27059317E-01     0.30000000E+01    -0.17355721E+00     0.16540083E+00     0.54274589E+00     0.21529850E-01     138     0.26479401E-01
 0.10399998E+02     0.18034929E+01     0.28860519E-01     0.30000000E+01    -0.17166358E+00     0.15981272E+00     0.54320663E+00     0.23338955E-01     138     0.26479401E-01
 0.10499999E+02     0.17940955E+01     0.30785222E-01     0.30000000E+01    -0.16993363E+00     0.15497525E+00     0.54367083E+00     0.25277261E-01     138     0.26479401E-01
 0.10599999E+02     0.17836460E+01     0.32831717E-01     0.30000000E+01    -0.16835290E+00     0.15069449E+00     0.54408514E+00     0.27345851E-01     138     0.26479401E-01
 0.10700000E+02     0.17731000E+01     0.34828134E-01     0.30000000E+01    -0.16697638E+00     0.14702532E+00     0.54449314E+00     0.29369436E-01     138     0.26479401E-01
 0.10799997E+02     0.17622104E+01     0.36832497E-01     0.30000000E+01    -0.16575824E+00     0.14365640E+00     0.54490161E+00     0.31407446E-01     138     0.26479401E-01
 0.10899999E+02     0.17498676E+01     0.38866546E-01     0.30000000E+01    -0.16459641E+00     0.14123479E+00     0.54525900E+00     0.33478782E-01     138     0.26479401E-01
 0.10999999E+02     0.17380278E+01     0.40773690E-01     0.30000000E+01    -0.16355845E+00     0.13867700E+00     0.54560715E+00     0.35426226E-01     138     0.26479401E-01
 0.11100000E+02     0.17258774E+01     0.42657200E-01     0.30000000E+01    -0.16258211E+00     0.13645615E+00     0.54594719E+00     0.37352916E-01     138     0.26479401E-01
 0.11200001E+02     0.17131184E+01     0.44525608E-01     0.30000000E+01    -0.16161940E+00     0.13473316E+00     0.54624289E+00     0.39265949E-01     138     0.26479401E-01
 0.11299998E+02     0.16993607E+01     0.46395883E-01     0.30000000E+01    -0.16061990E+00     0.13332146E+00     0.54652286E+00     0.41181672E-01     138     0.26479401E-01
 0.11399999E+02     0.16855309E+01     0.48197329E-01     0.30000000E+01    -0.15963072E+00     0.13207608E+00     0.54677153E+00     0.43028738E-01     138     0.26479401E-01
 0.11500000E+02     0.16717930E+01     0.49968399E-01     0.30000000E+01    -0.15865634E+00     0.13100415E+00     0.54704392E+00     0.44848546E-01     138     0.26479401E-01
 0.11600000E+02     0.16576229E+01     0.51700860E-01     0.30000000E+01    -0.15764928E+00     0.12992737E+00     0.54743332E+00     0.46630379E-01     137     0.22810133E-01
 0.11699998E+02     0.16434680E+01     0.53390205E-01     0.30000000E+01    -0.15663554E+00     0.12901908E+00     0.54777169E+00     0.48370421E-01     137     0.22810133E-01
 0.11799999E+02     0.16289165E+01     0.55084758E-01     0.30000000E+01    -0.15560728E+00     0.12817539E+00     0.54807043E+00     0.50115321E-01     137     0.22810133E-01
 0.11900000E+02     0.16147990E+01     0.56721769E-01     0.30000000E+01    -0.15462343E+00     0.12749463E+00     0.54835963E+00     0.51801886E-01     137     0.22810133E-01
 0.12000000E+02     0.16000974E+01     0.58410436E-01     0.30000000E+01    -0.15365885E+00     0.12654102E+00     0.54864210E+00     0.53537901E-01     137     0.22810133E-01
 0.12099998E+02     0.15860188E+01     0.60036428E-01     0.30000000E+01    -0.15276654E+00     0.12554432E+00     0.54890525E+00     0.55207502E-01     137     0.22810133E-01
 0.12199999E+02     0.15728226E+01     0.61618909E-01     0.30000000E+01    -0.15197083E+00     0.12428211E+00     0.54916072E+00     0.56827240E-01     137     0.22810133E-01
 0.12299999E+02     0.15606300E+01     0.63180409E-01     0.30000000E+01    -0.15131843E+00     0.12270685E+00     0.54943985E+00     0.58426421E-01     137     0.22810133E-01
 0.12400001E+02     0.15485580E+01     0.64749770E-01     0.30000000E+01    -0.15076065E+00     0.12076021E+00     0.54972923E+00     0.60031652E-01     137     0.22810133E-01
 0.12499997E+02     0.15380526E+01     0.66200517E-01     0.30000000E+01    -0.15028688E+00     0.11841215E+00     0.55001235E+00     0.61510224E-01     137     0.22810133E-01
 0.12699999E+02     0.15174236E+01     0.69036894E-01     0.30000000E+01    -0.14956917E+00     0.11379900E+00     0.55059606E+00     0.64396657E-01     137     0.22810133E-01
 0.12800000E+02     0.15094225E+01     0.70947133E-01     0.30000000E+01    -0.14930803E+00     0.11042812E+00     0.55090785E+00     0.66321395E-01     137     0.22810133E-01
 0.12900001E+02     0.15005186E+01     0.73089100E-01     0.30000000E+01    -0.14914419E+00     0.10813492E+00     0.55126798E+00     0.68483576E-01     137     0.22810133E-01
 0.12999998E+02     0.14934989E+01     0.74957557E-01     0.30000000E+01    -0.14900851E+00     0.10513803E+00     0.55157417E+00     0.70366800E-01     137     0.22810133E-01
 0.13099999E+02     0.14866700E+01     0.76888680E-01     0.30000000E+01    -0.14894646E+00     0.10193478E+00     0.55195630E+00     0.72311200E-01     137     0.22810133E-01
 0.13200000E+02     0.14797201E+01     0.78835659E-01     0.30000000E+01    -0.14891335E+00     0.99184051E-01     0.55230629E+00     0.74268214E-01     137     0.22810133E-01
 0.13300000E+02     0.14746386E+01     0.80588266E-01     0.30000000E+01    -0.14893022E+00     0.96059196E-01     0.55271572E+00     0.76032490E-01     137     0.22810133E-01
 0.13399998E+02     0.14699554E+01     0.82269356E-01     0.30000000E+01    -0.14893942E+00     0.92851453E-01     0.55309105E+00     0.77718168E-01     138     0.26479401E-01
 0.13499999E+02     0.14640601E+01     0.84187552E-01     0.30000000E+01    -0.14906967E+00     0.90133607E-01     0.55349743E+00     0.79648785E-01     138     0.26479401E-01
 0.13599999E+02     0.14583865E+01     0.85967429E-01     0.30000000E+01    -0.14912005E+00     0.85274115E-01     0.55384350E+00     0.81419773E-01     138     0.26479401E-01
 0.13700001E+02     0.14531597E+01     0.87843679E-01     0.30000000E+01    -0.14934069E+00     0.82692012E-01     0.55423898E+00     0.83307259E-01     138     0.26479401E-01
 0.13799997E+02     0.14511166E+01     0.89251503E-01     0.30000000E+01    -0.14944518E+00     0.79697415E-01     0.55470997E+00     0.84718175E-01     138     0.26479401E-01
 0.13899999E+02     0.14519340E+01     0.90312324E-01     0.30000000E+01    -0.14951128E+00     0.78867286E-01     0.55558890E+00     0.85791171E-01     138     0.26479401E-01
 0.13999999E+02     0.14450477E+01     0.92416219E-01     0.30000000E+01    -0.14985330E+00     0.74811682E-01     0.55564231E+00     0.87893829E-01     138     0.26479401E-01
 0.14100000E+02     0.14443091E+01     0.93657754E-01     0.30000000E+01    -0.14998895E+00     0.72388209E-01     0.55646002E+00     0.89137845E-01     138     0.26479401E-01
 0.14199998E+02     0.14417684E+01     0.95160037E-01     0.30000000E+01    -0.15019363E+00     0.69722779E-01     0.55692351E+00     0.90637490E-01     138     0.26479401E-01
 0.14299998E+02     0.14398818E+01     0.96645281E-01     0.30000000E+01    -0.15050212E+00     0.67977577E-01     0.55733138E+00     0.92133231E-01     138     0.26479401E-01
 0.14400000E+02     0.14397290E+01     0.97855188E-01     0.30000000E+01    -0.15069199E+00     0.65631889E-01     0.55748701E+00     0.93346424E-01     138     0.26479401E-01
 0.14500000E+02     0.14395422E+01     0.99041089E-01     0.30000000E+01    -0.15087700E+00     0.63638277E-01     0.55836827E+00     0.94534144E-01     138     0.26479401E-01
 0.14600000E+02     0.14372066E+01     0.10061055E+00     0.30000000E+01    -0.15126400E+00     0.61762229E-01     0.55900031E+00     0.96112438E-01     138     0.26479401E-01
 0.14699998E+02     0.14373517E+01     0.10180912E+00     0.30000000E+01    -0.15153688E+00     0.59866898E-01     0.55959076E+00     0.97322665E-01     138     0.26479401E-01
 0.14799999E+02     0.14377313E+01     0.10293725E+00     0.30000000E+01    -0.15175831E+00     0.57828907E-01     0.56012058E+00     0.98454922E-01     138     0.26479401E-01
 0.14900000E+02     0.14380468E+01     0.10410339E+00     0.30000000E+01    -0.15204859E+00     0.56320112E-01     0.56075019E+00     0.99626303E-01     138     0.26479401E-01
 0.15000001E+02     0.14364214E+01     0.10558364E+00     0.30000000E+01    -0.15247563E+00     0.54582711E-01     0.56120938E+00     0.10111330E+00     138     0.26479401E-01
 0.15099998E+02     0.14375198E+01     0.10664129E+00     0.30000000E+01    -0.15273142E+00     0.53248376E-01     0.56178927E+00     0.10218424E+00     138     0.26479401E-01
 0.15199999E+02     0.14389523E+01     0.10764953E+00     0.30000000E+01    -0.15298612E+00     0.51720418E-01     0.56236964E+00     0.10319822E+00     138     0.26479401E-01
 0.15299999E+02     0.14400057E+01     0.10869462E+00     0.30000000E+01    -0.15326045E+00     0.50533552E-01     0.56289667E+00     0.10425005E+00     139     0.30619612E-01
 0.15400001E+02     0.14392307E+01     0.11008822E+00     0.30000000E+01    -0.15373279E+00     0.49223803E-01     0.56340760E+00     0.10565270E+00     139     0.30619612E-01
 0.15499998E+02     0.14398164E+01     0.11122657E+00     0.30000000E+01    -0.15409888E+00     0.47692701E-01     0.56385475E+00     0.10679874E+00     139     0.30619612E-01
 0.15599998E+02     0.14416999E+01     0.11214712E+00     0.30000000E+01    -0.15434344E+00     0.46593040E-01     0.56460696E+00     0.10772692E+00     139     0.30619612E-01
 0.15699999E+02     0.14437962E+01     0.11306901E+00     0.30000000E+01    -0.15464176E+00     0.45510769E-01     0.56516504E+00     0.10865554E+00     139     0.30619612E-01
 0.15800000E+02     0.14432092E+01     0.11435785E+00     0.30000000E+01    -0.15506491E+00     0.44027582E-01     0.56561595E+00     0.10994729E+00     139     0.30619612E-01
 0.15899998E+02     0.14447315E+01     0.11545946E+00     0.30000000E+01    -0.15551147E+00     0.43488782E-01     0.56660187E+00     0.11106019E+00     139     0.30619612E-01
 0.15999998E+02     0.14459103E+01     0.11648953E+00     0.30000000E+01    -0.15588382E+00     0.42360060E-01     0.56705493E+00     0.11209251E+00     139     0.30619612E-01
 0.16099998E+02     0.14478663E+01     0.11739204E+00     0.30000000E+01    -0.15617327E+00     0.41172408E-01     0.56750590E+00     0.11300386E+00     139     0.30619612E-01
 0.16200001E+02     0.14497303E+01     0.11829523E+00     0.30000000E+01    -0.15646145E+00     0.40074326E-01     0.56844008E+00     0.11390968E+00     139     0.30619612E-01
 0.16300001E+02     0.14506429E+01     0.11949144E+00     0.30000000E+01    -0.15700816E+00     0.39246701E-01     0.56883776E+00     0.11511694E+00     139     0.30619612E-01
 0.16399998E+02     0.14519376E+01     0.12056765E+00     0.30000000E+01    -0.15746872E+00     0.38369704E-01     0.56968129E+00     0.11620438E+00     139     0.30619612E-01
 0.16499998E+02     0.14533900E+01     0.12155214E+00     0.30000000E+01    -0.15786679E+00     0.37435800E-01     0.57030416E+00     0.11719401E+00     139     0.30619612E-01
 0.16600000E+02     0.14553188E+01     0.12246010E+00     0.30000000E+01    -0.15824059E+00     0.36602546E-01     0.57105625E+00     0.11810869E+00     139     0.30619612E-01
 0.16700001E+02     0.14578168E+01     0.12330719E+00     0.30000000E+01    -0.15859438E+00     0.35799783E-01     0.57159609E+00     0.11897054E+00     139     0.30619612E-01
 0.16799997E+02     0.14597105E+01     0.12433644E+00     0.30000000E+01    -0.15906280E+00     0.35829026E-01     0.57222843E+00     0.12002145E+00     140     0.35293024E-01
 0.16900000E+02     0.14613826E+01     0.12539589E+00     0.30000000E+01    -0.15960197E+00     0.34797724E-01     0.57284069E+00     0.12109222E+00     140     0.35293024E-01
 0.17000000E+02     0.14634511E+01     0.12629664E+00     0.30000000E+01    -0.16000487E+00     0.34023620E-01     0.57353753E+00     0.12200117E+00     140     0.35293024E-01
 0.17100000E+02     0.14660510E+01     0.12714861E+00     0.30000000E+01    -0.16041937E+00     0.33485599E-01     0.57439125E+00     0.12286202E+00     140     0.35293024E-01
 0.17199997E+02     0.14680678E+01     0.12801428E+00     0.30000000E+01    -0.16081315E+00     0.32769300E-01     0.57492673E+00     0.12373205E+00     140     0.35293024E-01
 0.17299999E+02     0.14691014E+01     0.12912209E+00     0.30000000E+01    -0.16139288E+00     0.32073643E-01     0.57546741E+00     0.12484669E+00     140     0.35293024E-01
 0.17400000E+02     0.14700844E+01     0.13024952E+00     0.30000000E+01    -0.16202267E+00     0.31110870E-01     0.57615918E+00     0.12598126E+00     140     0.35293024E-01
 0.17500000E+02     0.14727604E+01     0.13103545E+00     0.30000000E+01    -0.16235851E+00     0.31017834E-01     0.57676911E+00     0.12678511E+00     140     0.35293024E-01
 0.17599997E+02     0.14757855E+01     0.13185038E+00     0.30000000E+01    -0.16281168E+00     0.30563021E-01     0.57800460E+00     0.12761065E+00     140     0.35293024E-01
 0.17699999E+02     0.14783683E+01     0.13265412E+00     0.30000000E+01    -0.16323709E+00     0.29776352E-01     0.57810330E+00     0.12842014E+00     140     0.35293024E-01
 0.17799999E+02     0.14810292E+01     0.13345292E+00     0.30000000E+01    -0.16363564E+00     0.29402601E-01     0.57888150E+00     0.12922832E+00     140     0.35293024E-01
 0.17900000E+02     0.14824289E+01     0.13455871E+00     0.30000000E+01    -0.16431841E+00     0.28943172E-01     0.57922304E+00     0.13034475E+00     140     0.35293024E-01
 0.18000000E+02     0.14847140E+01     0.13547499E+00     0.30000000E+01    -0.16483372E+00     0.28736249E-01     0.58000541E+00     0.13127704E+00     140     0.35293024E-01
 0.18099998E+02     0.14864775E+01     0.13642263E+00     0.30000000E+01    -0.16541404E+00     0.28006036E-01     0.58072692E+00     0.13222937E+00     141     0.40563036E-01
 0.18199999E+02     0.14888741E+01     0.13723743E+00     0.30000000E+01    -0.16588676E+00     0.27548051E-01     0.58138722E+00     0.13305439E+00     141     0.40563036E-01
 0.18299999E+02     0.14917920E+01     0.13802131E+00     0.30000000E+01    -0.16636331E+00     0.27449783E-01     0.58215076E+00     0.13385105E+00     141     0.40563036E-01
 0.18400000E+02     0.14925565E+01     0.13907874E+00     0.30000000E+01    -0.16699524E+00     0.26447611E-01     0.58321089E+00     0.13491853E+00     141     0.40563036E-01
 0.18499998E+02     0.14950240E+01     0.14005047E+00     0.30000000E+01    -0.16766068E+00     0.26217269E-01     0.58389765E+00     0.13591112E+00     141     0.40563036E-01
 0.18599998E+02     0.14977438E+01     0.14090157E+00     0.30000000E+01    -0.16822158E+00     0.25447918E-01     0.58480597E+00     0.13677244E+00     141     0.40563036E-01
 0.18699999E+02     0.15007368E+01     0.14166275E+00     0.30000000E+01    -0.16869114E+00     0.25550643E-01     0.58509350E+00     0.13754907E+00     141     0.40563036E-01
 0.18800001E+02     0.15035456E+01     0.14243338E+00     0.30000000E+01    -0.16920084E+00     0.25119945E-01     0.58563435E+00     0.13833043E+00     141     0.40563036E-01
 0.18899998E+02     0.15064965E+01     0.14319296E+00     0.30000000E+01    -0.16970769E+00     0.24832375E-01     0.58697456E+00     0.13910075E+00     141     0.40563036E-01
 0.18999998E+02     0.15076543E+01     0.14428242E+00     0.30000000E+01    -0.17049219E+00     0.24123397E-01     0.58736193E+00     0.14019798E+00     141     0.40563036E-01
 0.19099998E+02     0.15095038E+01     0.14522386E+00     0.30000000E+01    -0.17111580E+00     0.23900796E-01     0.58832157E+00     0.14115168E+00     141     0.40563036E-01
 0.19200001E+02     0.15117390E+01     0.14608102E+00     0.30000000E+01    -0.17172495E+00     0.23706699E-01     0.58905578E+00     0.14201865E+00     141     0.40563036E-01
 0.19300001E+02     0.15140502E+01     0.14690351E+00     0.30000000E+01    -0.17231382E+00     0.23351368E-01     0.58948243E+00     0.14284723E+00     141     0.40563036E-01
 0.19399998E+02     0.15167980E+01     0.14766830E+00     0.30000000E+01    -0.17288242E+00     0.23032458E-01     0.59036905E+00     0.14361861E+00     141     0.40563036E-01
 0.19499998E+02     0.15185587E+01     0.14854527E+00     0.30000000E+01    -0.17351089E+00     0.22472123E-01     0.59107059E+00     0.14450434E+00     142     0.46487466E-01
 0.19600000E+02     0.15204351E+01     0.14957416E+00     0.30000000E+01    -0.17430089E+00     0.21970131E-01     0.59184134E+00     0.14555521E+00     142     0.46487466E-01
 0.19700001E+02     0.15230829E+01     0.15046594E+00     0.30000000E+01    -0.17500231E+00     0.21910964E-01     0.59275264E+00     0.14646731E+00     142     0.46487466E-01
 0.19799997E+02     0.15259639E+01     0.15124576E+00     0.30000000E+01    -0.17560488E+00     0.21768417E-01     0.59382308E+00     0.14726351E+00     142     0.46487466E-01
 0.19900000E+02     0.15288607E+01     0.15199018E+00     0.30000000E+01    -0.17617203E+00     0.21659084E-01     0.59417164E+00     0.14802286E+00     142     0.46487466E-01
 0.20000000E+02     0.15317091E+01     0.15273413E+00     0.30000000E+01    -0.17676648E+00     0.20996617E-01     0.59509754E+00     0.14877105E+00     142     0.46487466E-01
 0.20100000E+02     0.15346863E+01     0.15352589E+00     0.30000000E+01    -0.17741999E+00     0.20965012E-01     0.59592015E+00     0.14958124E+00     142     0.46487466E-01
 0.20199997E+02     0.15356423E+01     0.15460171E+00     0.30000000E+01    -0.17826229E+00     0.20541649E-01     0.59687412E+00     0.15066849E+00     142     0.46487466E-01
 0.20299999E+02     0.15379732E+01     0.15549473E+00     0.30000000E+01    -0.17896962E+00     0.20453507E-01     0.59708357E+00     0.15157773E+00     142     0.46487466E-01
 0.20400000E+02     0.15406481E+01     0.15629740E+00     0.30000000E+01    -0.17966545E+00     0.20270692E-01     0.59849304E+00     0.15239127E+00     142     0.46487466E-01
