  
       RFOIL         Version 3.00
  
 Calculated polar for: OSO_2025_WT2_T33                
  
 1  Reynolds number fixed
  
 xtrf =      1.00000000 (suction)     1.00000000 (pressure)
 Rot. Parameters:  f0 =      1.00000000 c/r =      0.00000000
 Mach =      0.00000000     Re =      9.00000000 e 6     Ncrit =      9.00000000
  
             alpha                CL                CD            Re(CL)                CM             S_xtr             P_xtr               CDp            I_stag            X_stag
  ------- -------- --------- --------- -------- ------- ------- -------- 
-0.23100000E+02    -0.90418565E+00     0.16167013E+00     0.90000000E+01     0.83180591E-02     0.99916273E+00     0.69134966E-01     0.15971358E+00      85     0.54956943E-01
-0.23000002E+02    -0.89649916E+00     0.16090406E+00     0.90000000E+01     0.69857570E-02     0.99906898E+00     0.69579050E-01     0.15894522E+00      85     0.54956943E-01
-0.22900002E+02    -0.89209491E+00     0.16036995E+00     0.90000000E+01     0.64095301E-02     0.99906957E+00     0.69550231E-01     0.15840995E+00      85     0.54956943E-01
-0.22800001E+02    -0.88544011E+00     0.15959571E+00     0.90000000E+01     0.51640631E-02     0.99896389E+00     0.70115589E-01     0.15763314E+00      85     0.54956943E-01
-0.22700001E+02    -0.88102907E+00     0.15912428E+00     0.90000000E+01     0.46184305E-02     0.99896395E+00     0.70195198E-01     0.15716189E+00      85     0.54956943E-01
-0.22600002E+02    -0.87577975E+00     0.15835537E+00     0.90000000E+01     0.35315375E-02     0.99888426E+00     0.71119986E-01     0.15639713E+00      86     0.49884733E-01
-0.22500000E+02    -0.86669207E+00     0.15744343E+00     0.90000000E+01     0.17105981E-02     0.99860913E+00     0.71078844E-01     0.15547818E+00      86     0.49884733E-01
-0.20600000E+02    -0.76893586E+00     0.14188403E+00     0.90000000E+01    -0.16179347E-01     0.60939234E+00     0.79632096E-01     0.13857399E+00      88     0.40837713E-01
-0.20500000E+02    -0.76470333E+00     0.14120695E+00     0.90000000E+01    -0.16810380E-01     0.60065144E+00     0.80326445E-01     0.13786867E+00      88     0.40837713E-01
-0.20400002E+02    -0.75938982E+00     0.14057529E+00     0.90000000E+01    -0.17506385E-01     0.59992146E+00     0.80725662E-01     0.13723363E+00      88     0.40837713E-01
-0.20200001E+02    -0.75256693E+00     0.13862863E+00     0.90000000E+01    -0.19047474E-01     0.58143049E+00     0.81483744E-01     0.13521644E+00      88     0.40837713E-01
-0.20100000E+02    -0.74758208E+00     0.13803492E+00     0.90000000E+01    -0.19666443E-01     0.57674146E+00     0.81873588E-01     0.13460822E+00      88     0.40837713E-01
-0.20000002E+02    -0.74271065E+00     0.13736056E+00     0.90000000E+01    -0.20315012E-01     0.57099676E+00     0.82608320E-01     0.13391744E+00      88     0.40837713E-01
-0.19900000E+02    -0.73815483E+00     0.13675365E+00     0.90000000E+01    -0.20956296E-01     0.57148838E+00     0.83464779E-01     0.13331695E+00      88     0.40837713E-01
-0.19800001E+02    -0.73291945E+00     0.13620526E+00     0.90000000E+01    -0.21457767E-01     0.55728471E+00     0.83783321E-01     0.13272303E+00      89     0.36834702E-01
-0.19700001E+02    -0.72972065E+00     0.13550210E+00     0.90000000E+01    -0.22118116E-01     0.55386525E+00     0.85107252E-01     0.13202350E+00      89     0.36834702E-01
-0.19600000E+02    -0.72381443E+00     0.13486643E+00     0.90000000E+01    -0.22761256E-01     0.54989785E+00     0.85157722E-01     0.13137165E+00      89     0.36834702E-01
-0.19500000E+02    -0.71937084E+00     0.13420920E+00     0.90000000E+01    -0.23388969E-01     0.54969096E+00     0.85748307E-01     0.13071482E+00      89     0.36834702E-01
-0.19400002E+02    -0.71833974E+00     0.13273494E+00     0.90000000E+01    -0.24343396E-01     0.54319501E+00     0.86402699E-01     0.12921093E+00      89     0.36834702E-01
-0.19300001E+02    -0.71345115E+00     0.13214260E+00     0.90000000E+01    -0.24936993E-01     0.54151458E+00     0.86717717E-01     0.12860993E+00      89     0.36834702E-01
-0.19200001E+02    -0.70825112E+00     0.13153358E+00     0.90000000E+01    -0.25488166E-01     0.54043299E+00     0.87219402E-01     0.12799700E+00      89     0.36834702E-01
-0.19100000E+02    -0.70291924E+00     0.13090055E+00     0.90000000E+01    -0.26113838E-01     0.53741103E+00     0.88098265E-01     0.12735415E+00      89     0.36834702E-01
-0.19000002E+02    -0.69758528E+00     0.13030986E+00     0.90000000E+01    -0.26664123E-01     0.53037143E+00     0.88381231E-01     0.12674250E+00      89     0.36834702E-01
-0.18900002E+02    -0.69371963E+00     0.12964369E+00     0.90000000E+01    -0.27251722E-01     0.53052366E+00     0.90137362E-01     0.12608752E+00      89     0.36834702E-01
-0.18800001E+02    -0.68823850E+00     0.12910968E+00     0.90000000E+01    -0.27713250E-01     0.52518064E+00     0.90168148E-01     0.12553120E+00      90     0.33153079E-01
-0.18700001E+02    -0.68293017E+00     0.12848356E+00     0.90000000E+01    -0.28328177E-01     0.52129066E+00     0.90694450E-01     0.12489478E+00      90     0.33153079E-01
-0.18600000E+02    -0.67864907E+00     0.12778991E+00     0.90000000E+01    -0.28952586E-01     0.51887274E+00     0.91471851E-01     0.12419736E+00      90     0.33153079E-01
-0.18500002E+02    -0.67411470E+00     0.12708285E+00     0.90000000E+01    -0.29493950E-01     0.51725292E+00     0.91887027E-01     0.12348482E+00      90     0.33153079E-01
-0.18300001E+02    -0.66851163E+00     0.12494871E+00     0.90000000E+01    -0.30967496E-01     0.51332724E+00     0.93430467E-01     0.12133303E+00      90     0.33153079E-01
-0.18200001E+02    -0.66377914E+00     0.12436960E+00     0.90000000E+01    -0.31476568E-01     0.50873220E+00     0.94300471E-01     0.12073760E+00      90     0.33153079E-01
-0.18100002E+02    -0.65825373E+00     0.12378574E+00     0.90000000E+01    -0.32020733E-01     0.50860298E+00     0.95030427E-01     0.12015294E+00      90     0.33153079E-01
-0.18000000E+02    -0.65294099E+00     0.12320774E+00     0.90000000E+01    -0.32523237E-01     0.50650620E+00     0.95550820E-01     0.11956727E+00      90     0.33153079E-01
-0.17900000E+02    -0.64961398E+00     0.12244858E+00     0.90000000E+01    -0.33126879E-01     0.50409842E+00     0.97667649E-01     0.11881412E+00      91     0.29771008E-01
-0.17800001E+02    -0.64277995E+00     0.12195353E+00     0.90000000E+01    -0.33617675E-01     0.50181717E+00     0.97182207E-01     0.11830366E+00      91     0.29771008E-01
-0.17700001E+02    -0.63958710E+00     0.12120979E+00     0.90000000E+01    -0.34153588E-01     0.50026107E+00     0.98800927E-01     0.11756797E+00      91     0.29771008E-01
-0.17600000E+02    -0.63590574E+00     0.12038820E+00     0.90000000E+01    -0.34752093E-01     0.49874026E+00     0.99789463E-01     0.11674447E+00      91     0.29771008E-01
-0.17500000E+02    -0.63542235E+00     0.11890562E+00     0.90000000E+01    -0.35651483E-01     0.49551719E+00     0.10077789E+00     0.11524234E+00      91     0.29771008E-01
-0.17400002E+02    -0.63010037E+00     0.11833865E+00     0.90000000E+01    -0.36114711E-01     0.49300775E+00     0.10131891E+00     0.11466506E+00      91     0.29771008E-01
-0.17300001E+02    -0.62498146E+00     0.11772913E+00     0.90000000E+01    -0.36571879E-01     0.49029538E+00     0.10195814E+00     0.11404593E+00      91     0.29771008E-01
-0.17200001E+02    -0.61995590E+00     0.11709851E+00     0.90000000E+01    -0.37103869E-01     0.48892701E+00     0.10329133E+00     0.11341515E+00      91     0.29771008E-01
-0.17100000E+02    -0.61557060E+00     0.11642192E+00     0.90000000E+01    -0.37627567E-01     0.48728558E+00     0.10473491E+00     0.11274006E+00      92     0.26666561E-01
-0.17000002E+02    -0.61301279E+00     0.11562383E+00     0.90000000E+01    -0.38122728E-01     0.48558640E+00     0.10668121E+00     0.11195295E+00      92     0.26666561E-01
-0.16900000E+02    -0.60683501E+00     0.11508372E+00     0.90000000E+01    -0.38611464E-01     0.48455644E+00     0.10678204E+00     0.11140638E+00      92     0.26666561E-01
-0.16800001E+02    -0.60325652E+00     0.11425099E+00     0.90000000E+01    -0.39164893E-01     0.48273897E+00     0.10796598E+00     0.11057097E+00      92     0.26666561E-01
-0.16700001E+02    -0.60250658E+00     0.11290218E+00     0.90000000E+01    -0.39892502E-01     0.48193604E+00     0.10905716E+00     0.10921106E+00      92     0.26666561E-01
-0.16600000E+02    -0.59772110E+00     0.11217478E+00     0.90000000E+01    -0.40428337E-01     0.48006821E+00     0.10979857E+00     0.10847512E+00      92     0.26666561E-01
-0.16500000E+02    -0.59510696E+00     0.11134466E+00     0.90000000E+01    -0.40955544E-01     0.47891992E+00     0.11259577E+00     0.10765526E+00      92     0.26666561E-01
-0.16400002E+02    -0.58967924E+00     0.11073937E+00     0.90000000E+01    -0.41400917E-01     0.47721297E+00     0.11299241E+00     0.10704254E+00      92     0.26666561E-01
-0.16300001E+02    -0.58587885E+00     0.11003588E+00     0.90000000E+01    -0.41882977E-01     0.47578663E+00     0.11456368E+00     0.10634256E+00      92     0.26666561E-01
-0.16200001E+02    -0.58232641E+00     0.10924489E+00     0.90000000E+01    -0.42360030E-01     0.47316796E+00     0.11649672E+00     0.10555283E+00      92     0.26666561E-01
-0.16100000E+02    -0.57820088E+00     0.10848492E+00     0.90000000E+01    -0.42874563E-01     0.47239411E+00     0.11839195E+00     0.10479698E+00      93     0.23817979E-01
-0.16000002E+02    -0.57545650E+00     0.10758337E+00     0.90000000E+01    -0.43401435E-01     0.46949652E+00     0.11991119E+00     0.10388875E+00      93     0.23817979E-01
-0.15900001E+02    -0.57415986E+00     0.10630965E+00     0.90000000E+01    -0.44097487E-01     0.46914998E+00     0.12055630E+00     0.10260718E+00      93     0.23817979E-01
-0.15800000E+02    -0.57265794E+00     0.10537512E+00     0.90000000E+01    -0.44586513E-01     0.46884868E+00     0.12339005E+00     0.10168783E+00      93     0.23817979E-01
-0.15700001E+02    -0.56843102E+00     0.10465291E+00     0.90000000E+01    -0.45066826E-01     0.46745837E+00     0.12520446E+00     0.10096710E+00      93     0.23817979E-01
-0.15600002E+02    -0.56508076E+00     0.10388086E+00     0.90000000E+01    -0.45513742E-01     0.46604270E+00     0.12781499E+00     0.10020104E+00      93     0.23817979E-01
-0.15500001E+02    -0.56224692E+00     0.10306989E+00     0.90000000E+01    -0.45987222E-01     0.46331593E+00     0.12970155E+00     0.99389434E-01      93     0.23817979E-01
-0.15400001E+02    -0.56016946E+00     0.10206695E+00     0.90000000E+01    -0.46520572E-01     0.46230251E+00     0.13177499E+00     0.98388493E-01      93     0.23817979E-01
-0.15300001E+02    -0.56091994E+00     0.10056335E+00     0.90000000E+01    -0.47210839E-01     0.46285343E+00     0.13377957E+00     0.96881822E-01      94     0.21205073E-01
-0.15200001E+02    -0.55935174E+00     0.99630296E-01     0.90000000E+01    -0.47686215E-01     0.46027559E+00     0.13707079E+00     0.95957384E-01      94     0.21205073E-01
-0.15100001E+02    -0.55761111E+00     0.98723292E-01     0.90000000E+01    -0.48124149E-01     0.45894176E+00     0.13986985E+00     0.95061608E-01      94     0.21205073E-01
-0.15000001E+02    -0.55422777E+00     0.97963855E-01     0.90000000E+01    -0.48539028E-01     0.45749426E+00     0.14242923E+00     0.94307877E-01      94     0.21205073E-01
-0.14800000E+02    -0.54560918E+00     0.98328725E-01     0.90000000E+01    -0.51270504E-01     0.45542005E+00     0.15294279E+00     0.94751835E-01      94     0.21205073E-01
-0.14700002E+02    -0.54136783E+00     0.97734928E-01     0.90000000E+01    -0.51634938E-01     0.45439088E+00     0.15374289E+00     0.94154701E-01      94     0.21205073E-01
-0.14600000E+02    -0.54798317E+00     0.96539304E-01     0.90000000E+01    -0.52022219E-01     0.45372385E+00     0.16148625E+00     0.92996866E-01      94     0.21205073E-01
-0.14400001E+02    -0.56218743E+00     0.93460478E-01     0.90000000E+01    -0.53029973E-01     0.45251384E+00     0.17197992E+00     0.89947872E-01      94     0.21205073E-01
-0.14300001E+02    -0.56576818E+00     0.92453189E-01     0.90000000E+01    -0.53400885E-01     0.45179737E+00     0.17767465E+00     0.88965066E-01      94     0.21205073E-01
-0.14200001E+02    -0.57893586E+00     0.90305828E-01     0.90000000E+01    -0.54035738E-01     0.45019779E+00     0.18404351E+00     0.86824380E-01      94     0.21205073E-01
-0.14100001E+02    -0.58506715E+00     0.89152656E-01     0.90000000E+01    -0.54400481E-01     0.45064762E+00     0.19025603E+00     0.85701227E-01      94     0.21205073E-01
-0.14000001E+02    -0.60130143E+00     0.86819857E-01     0.90000000E+01    -0.55035654E-01     0.45053259E+00     0.19701472E+00     0.83385989E-01      94     0.21205073E-01
-0.13900002E+02    -0.60802495E+00     0.85575469E-01     0.90000000E+01    -0.55402476E-01     0.44849148E+00     0.20316187E+00     0.82163610E-01      94     0.21205073E-01
-0.13800001E+02    -0.62445223E+00     0.83356202E-01     0.90000000E+01    -0.56027215E-01     0.44833612E+00     0.20962504E+00     0.79957895E-01      94     0.21205073E-01
-0.13700001E+02    -0.62852889E+00     0.82302548E-01     0.90000000E+01    -0.56373708E-01     0.44733620E+00     0.21491764E+00     0.78919291E-01      94     0.21205073E-01
-0.13600001E+02    -0.64575332E+00     0.80128014E-01     0.90000000E+01    -0.56977548E-01     0.44702652E+00     0.22079001E+00     0.76756909E-01      94     0.21205073E-01
-0.13500001E+02    -0.65087146E+00     0.79121545E-01     0.90000000E+01    -0.57325222E-01     0.44627386E+00     0.22544865E+00     0.75771019E-01      94     0.21205073E-01
-0.13400001E+02    -0.65293825E+00     0.78277707E-01     0.90000000E+01    -0.57664610E-01     0.44519413E+00     0.22942001E+00     0.74935131E-01      94     0.21205073E-01
-0.13300000E+02    -0.66889572E+00     0.76484643E-01     0.90000000E+01    -0.58227278E-01     0.44488606E+00     0.23402154E+00     0.73148586E-01      94     0.21205073E-01
-0.13200001E+02    -0.66854566E+00     0.75899228E-01     0.90000000E+01    -0.58540497E-01     0.44402549E+00     0.23729028E+00     0.72570063E-01      94     0.21205073E-01
-0.13100000E+02    -0.68455648E+00     0.74294135E-01     0.90000000E+01    -0.59104208E-01     0.44380939E+00     0.24127577E+00     0.70968129E-01      94     0.21205073E-01
-0.13000001E+02    -0.68373221E+00     0.73770590E-01     0.90000000E+01    -0.59396397E-01     0.44303679E+00     0.24407338E+00     0.70449173E-01      94     0.21205073E-01
-0.12900001E+02    -0.68487054E+00     0.73208675E-01     0.90000000E+01    -0.59701007E-01     0.44225135E+00     0.24690819E+00     0.69896802E-01      94     0.21205073E-01
-0.12800001E+02    -0.69827652E+00     0.71878739E-01     0.90000000E+01    -0.60224112E-01     0.44186899E+00     0.25002277E+00     0.68560481E-01      94     0.21205073E-01
-0.12700001E+02    -0.69566578E+00     0.71485259E-01     0.90000000E+01    -0.60502145E-01     0.44100553E+00     0.25222909E+00     0.68167187E-01      95     0.18808823E-01
-0.12600001E+02    -0.69618857E+00     0.70987441E-01     0.90000000E+01    -0.60795352E-01     0.44011739E+00     0.25448993E+00     0.67675911E-01      95     0.18808823E-01
-0.12500001E+02    -0.70915699E+00     0.69585763E-01     0.90000000E+01    -0.61277051E-01     0.43958825E+00     0.25701109E+00     0.66264309E-01      95     0.18808823E-01
-0.12400002E+02    -0.70972878E+00     0.69030158E-01     0.90000000E+01    -0.61537892E-01     0.43894258E+00     0.26058906E+00     0.65715998E-01      95     0.18808823E-01
-0.12300001E+02    -0.70347959E+00     0.68708904E-01     0.90000000E+01    -0.61810911E-01     0.43791777E+00     0.26075414E+00     0.65385908E-01      95     0.18808823E-01
-0.12200001E+02    -0.71887285E+00     0.67017913E-01     0.90000000E+01    -0.62258802E-01     0.43759620E+00     0.26316753E+00     0.63686870E-01      95     0.18808823E-01
-0.12100001E+02    -0.71647751E+00     0.66449225E-01     0.90000000E+01    -0.62511653E-01     0.43648842E+00     0.26459870E+00     0.63115001E-01      95     0.18808823E-01
-0.12000000E+02    -0.71318257E+00     0.65930441E-01     0.90000000E+01    -0.62764615E-01     0.43556529E+00     0.26611474E+00     0.62592737E-01      95     0.18808823E-01
-0.11900001E+02    -0.73032618E+00     0.63775726E-01     0.90000000E+01    -0.63169844E-01     0.43530545E+00     0.26956797E+00     0.60430896E-01      95     0.18808823E-01
-0.11800000E+02    -0.72961241E+00     0.62991902E-01     0.90000000E+01    -0.63391805E-01     0.43411666E+00     0.27104762E+00     0.59646524E-01      95     0.18808823E-01
-0.11700001E+02    -0.72908175E+00     0.62175166E-01     0.90000000E+01    -0.63624159E-01     0.43322450E+00     0.27303866E+00     0.58829665E-01      95     0.18808823E-01
-0.11600000E+02    -0.73967946E+00     0.60163893E-01     0.90000000E+01    -0.63987285E-01     0.43257767E+00     0.27472791E+00     0.56798089E-01      95     0.18808823E-01
-0.11500001E+02    -0.74600518E+00     0.58725223E-01     0.90000000E+01    -0.64151786E-01     0.43187073E+00     0.27779871E+00     0.55369005E-01      95     0.18808823E-01
-0.11400001E+02    -0.76192826E+00     0.56107339E-01     0.90000000E+01    -0.64449802E-01     0.43119663E+00     0.27936369E+00     0.52733459E-01      95     0.18808823E-01
-0.11300001E+02    -0.76103729E+00     0.55046342E-01     0.90000000E+01    -0.64602382E-01     0.43049967E+00     0.28107259E+00     0.51672287E-01      95     0.18808823E-01
-0.10900001E+02    -0.10468342E+01     0.10615405E-01     0.90000000E+01    -0.83238274E-01     0.43614566E+00     0.29380751E+00     0.66887466E-02      93     0.23817979E-01
-0.10800001E+02    -0.10333416E+01     0.10503932E-01     0.90000000E+01    -0.83918236E-01     0.43469718E+00     0.29462326E+00     0.65680072E-02      94     0.21205073E-01
-0.10700001E+02    -0.10198750E+01     0.10405471E-01     0.90000000E+01    -0.84568381E-01     0.43319252E+00     0.29544622E+00     0.64608296E-02      94     0.21205073E-01
-0.10600001E+02    -0.10063341E+01     0.10293311E-01     0.90000000E+01    -0.85257031E-01     0.43158132E+00     0.29763293E+00     0.63444935E-02      94     0.21205073E-01
-0.10500001E+02    -0.99286163E+00     0.10209044E-01     0.90000000E+01    -0.85879929E-01     0.43038550E+00     0.29837504E+00     0.62539792E-02      94     0.21205073E-01
-0.10400002E+02    -0.97929400E+00     0.10107547E-01     0.90000000E+01    -0.86546212E-01     0.42933923E+00     0.29918891E+00     0.61486783E-02      94     0.21205073E-01
-0.10300000E+02    -0.96575177E+00     0.10014023E-01     0.90000000E+01    -0.87195918E-01     0.42824817E+00     0.29990432E+00     0.60505732E-02      95     0.18808823E-01
-0.10200001E+02    -0.95222741E+00     0.99269329E-02     0.90000000E+01    -0.87831423E-01     0.42711034E+00     0.30056751E+00     0.59586028E-02      95     0.18808823E-01
-0.10100000E+02    -0.93873632E+00     0.98476438E-02     0.90000000E+01    -0.88445567E-01     0.42594019E+00     0.30118433E+00     0.58732396E-02      95     0.18808823E-01
-0.10000001E+02    -0.92526811E+00     0.97749345E-02     0.90000000E+01    -0.89044355E-01     0.42479441E+00     0.30182850E+00     0.57937871E-02      95     0.18808823E-01
-0.99000006E+01    -0.91177356E+00     0.96893394E-02     0.90000000E+01    -0.89677684E-01     0.42270949E+00     0.30334276E+00     0.57006180E-02      95     0.18808823E-01
-0.98000011E+01    -0.89839441E+00     0.96375011E-02     0.90000000E+01    -0.90224564E-01     0.42142636E+00     0.30390659E+00     0.56388495E-02      96     0.16611833E-01
-0.97000008E+01    -0.88500816E+00     0.95864441E-02     0.90000000E+01    -0.90770043E-01     0.42008129E+00     0.30503282E+00     0.55801775E-02      96     0.16611833E-01
-0.96000013E+01    -0.87168598E+00     0.95508797E-02     0.90000000E+01    -0.91274537E-01     0.41864637E+00     0.30547208E+00     0.55343211E-02      96     0.16611833E-01
-0.95000010E+01    -0.85823125E+00     0.94960667E-02     0.90000000E+01    -0.91834433E-01     0.41744891E+00     0.30603328E+00     0.54722363E-02      96     0.16611833E-01
-0.94000006E+01    -0.84469944E+00     0.94320225E-02     0.90000000E+01    -0.92421345E-01     0.41654682E+00     0.30664673E+00     0.54045711E-02      96     0.16611833E-01
-0.93000011E+01    -0.83118451E+00     0.93717147E-02     0.90000000E+01    -0.92999510E-01     0.41555879E+00     0.30724519E+00     0.53398600E-02      97     0.14598641E-01
-0.91999998E+01    -0.81768215E+00     0.93155578E-02     0.90000000E+01    -0.93568794E-01     0.41457343E+00     0.30777583E+00     0.52792146E-02      97     0.14598641E-01
-0.91000013E+01    -0.80408418E+00     0.92420271E-02     0.90000000E+01    -0.94185352E-01     0.41355860E+00     0.30880633E+00     0.52047325E-02      97     0.14598641E-01
-0.90000000E+01    -0.79062492E+00     0.91944179E-02     0.90000000E+01    -0.94731405E-01     0.41252255E+00     0.30927008E+00     0.51508425E-02      97     0.14598641E-01
-0.89000015E+01    -0.77718180E+00     0.91500739E-02     0.90000000E+01    -0.95268421E-01     0.41152048E+00     0.30973116E+00     0.50995559E-02      97     0.14598641E-01
-0.88000002E+01    -0.76375651E+00     0.91019459E-02     0.90000000E+01    -0.95817149E-01     0.40962794E+00     0.31072316E+00     0.50424286E-02      98     0.12755311E-01
-0.87000017E+01    -0.75036651E+00     0.90677645E-02     0.90000000E+01    -0.96326932E-01     0.40845501E+00     0.31113085E+00     0.49990891E-02      98     0.12755311E-01
-0.86000004E+01    -0.73697406E+00     0.90350583E-02     0.90000000E+01    -0.96834093E-01     0.40726563E+00     0.31157845E+00     0.49579320E-02      98     0.12755311E-01
-0.85000019E+01    -0.72358584E+00     0.90048928E-02     0.90000000E+01    -0.97334631E-01     0.40596887E+00     0.31198424E+00     0.49191648E-02      98     0.12755311E-01
-0.84000006E+01    -0.71020055E+00     0.89769866E-02     0.90000000E+01    -0.97828202E-01     0.40478733E+00     0.31263816E+00     0.48850453E-02      99     0.11069483E-01
-0.83000011E+01    -0.69685739E+00     0.89592617E-02     0.90000000E+01    -0.98293006E-01     0.40403906E+00     0.31330246E+00     0.48612054E-02      99     0.11069483E-01
-0.82000008E+01    -0.68339503E+00     0.89242822E-02     0.90000000E+01    -0.98809235E-01     0.40316415E+00     0.31375894E+00     0.48182909E-02      99     0.11069483E-01
-0.81000013E+01    -0.66987991E+00     0.88827554E-02     0.90000000E+01    -0.99346526E-01     0.40229908E+00     0.31426933E+00     0.47726571E-02      99     0.11069483E-01
-0.80000010E+01    -0.65638077E+00     0.88430243E-02     0.90000000E+01    -0.99878460E-01     0.40137255E+00     0.31475988E+00     0.47283336E-02      99     0.11069483E-01
-0.79000001E+01    -0.64278454E+00     0.87895598E-02     0.90000000E+01    -0.10045271E+00     0.40042841E+00     0.31578976E+00     0.46742102E-02     100     0.95301569E-02
-0.78000011E+01    -0.62931991E+00     0.87560508E-02     0.90000000E+01    -0.10096749E+00     0.39953274E+00     0.31620076E+00     0.46350723E-02     100     0.95301569E-02
-0.77000003E+01    -0.61578608E+00     0.87125255E-02     0.90000000E+01    -0.10151331E+00     0.39857981E+00     0.31705046E+00     0.45889979E-02     100     0.95301569E-02
-0.76000009E+01    -0.60235995E+00     0.86846938E-02     0.90000000E+01    -0.10201236E+00     0.39762494E+00     0.31743047E+00     0.45539448E-02     100     0.95301569E-02
-0.75000005E+01    -0.58888733E+00     0.86510321E-02     0.90000000E+01    -0.10253030E+00     0.39660019E+00     0.31826705E+00     0.45155711E-02     101     0.81278561E-02
-0.74000010E+01    -0.57548761E+00     0.86286729E-02     0.90000000E+01    -0.10301346E+00     0.39553207E+00     0.31861305E+00     0.44851634E-02     101     0.81278561E-02
-0.73000002E+01    -0.56213248E+00     0.86098798E-02     0.90000000E+01    -0.10348625E+00     0.39357033E+00     0.31896776E+00     0.44555883E-02     101     0.81278561E-02
-0.72000012E+01    -0.54872733E+00     0.85897427E-02     0.90000000E+01    -0.10396335E+00     0.39247075E+00     0.31929162E+00     0.44296240E-02     101     0.81278561E-02
-0.71000004E+01    -0.53527713E+00     0.85669262E-02     0.90000000E+01    -0.10444760E+00     0.39180538E+00     0.32005110E+00     0.44040070E-02     101     0.81278561E-02
-0.70000014E+01    -0.52186674E+00     0.85497973E-02     0.90000000E+01    -0.10491458E+00     0.39105913E+00     0.32033929E+00     0.43808823E-02     102     0.68541314E-02
-0.69000006E+01    -0.50853342E+00     0.85408594E-02     0.90000000E+01    -0.10535505E+00     0.39024967E+00     0.32095942E+00     0.43658041E-02     102     0.68541314E-02
-0.68000016E+01    -0.49521163E+00     0.85331872E-02     0.90000000E+01    -0.10579168E+00     0.38941729E+00     0.32151687E+00     0.43481966E-02     102     0.68541314E-02
-0.67000008E+01    -0.48163843E+00     0.84955869E-02     0.90000000E+01    -0.10632518E+00     0.38860065E+00     0.32232627E+00     0.43087681E-02     102     0.68541314E-02
-0.66000018E+01    -0.46816564E+00     0.84706917E-02     0.90000000E+01    -0.10681879E+00     0.38776144E+00     0.32274204E+00     0.42786724E-02     103     0.57018539E-02
-0.65000010E+01    -0.45460770E+00     0.84352326E-02     0.90000000E+01    -0.10734765E+00     0.38691685E+00     0.32368103E+00     0.42423350E-02     103     0.57018539E-02
-0.64000001E+01    -0.44102269E+00     0.83963992E-02     0.90000000E+01    -0.10788772E+00     0.38604540E+00     0.32493109E+00     0.42053419E-02     103     0.57018539E-02
-0.63000011E+01    -0.42761031E+00     0.83790775E-02     0.90000000E+01    -0.10835870E+00     0.38515526E+00     0.32524493E+00     0.41810852E-02     103     0.57018539E-02
-0.62000003E+01    -0.41415241E+00     0.83568729E-02     0.90000000E+01    -0.10884512E+00     0.38424620E+00     0.32595393E+00     0.41551027E-02     104     0.46647848E-02
-0.61000009E+01    -0.40075922E+00     0.83430884E-02     0.90000000E+01    -0.10930468E+00     0.38328683E+00     0.32625437E+00     0.41342350E-02     104     0.46647848E-02
-0.60000000E+01    -0.38736537E+00     0.83300406E-02     0.90000000E+01    -0.10976127E+00     0.38226837E+00     0.32654098E+00     0.41141706E-02     104     0.46647848E-02
-0.59000010E+01    -0.37401149E+00     0.83199237E-02     0.90000000E+01    -0.11020922E+00     0.38048133E+00     0.32683796E+00     0.40962854E-02     104     0.46647848E-02
-0.58000002E+01    -0.36056510E+00     0.83052479E-02     0.90000000E+01    -0.11066912E+00     0.37988377E+00     0.32714540E+00     0.40780064E-02     105     0.37378250E-02
-0.57000012E+01    -0.34714118E+00     0.82922345E-02     0.90000000E+01    -0.11112362E+00     0.37918839E+00     0.32744664E+00     0.40606088E-02     105     0.37378250E-02
-0.56000004E+01    -0.33373562E+00     0.82814544E-02     0.90000000E+01    -0.11157171E+00     0.37847871E+00     0.32773894E+00     0.40447935E-02     105     0.37378250E-02
-0.55000014E+01    -0.32034490E+00     0.82723228E-02     0.90000000E+01    -0.11201280E+00     0.37777576E+00     0.32801905E+00     0.40301280E-02     105     0.37378250E-02
-0.54000006E+01    -0.30697808E+00     0.82652150E-02     0.90000000E+01    -0.11244784E+00     0.37698877E+00     0.32827500E+00     0.40165866E-02     106     0.29167181E-02
-0.53000016E+01    -0.29362279E+00     0.82592955E-02     0.90000000E+01    -0.11287856E+00     0.37622431E+00     0.32850683E+00     0.40039094E-02     106     0.29167181E-02
-0.52000008E+01    -0.28029108E+00     0.82556382E-02     0.90000000E+01    -0.11330176E+00     0.37544352E+00     0.32875857E+00     0.39928108E-02     106     0.29167181E-02
-0.51000013E+01    -0.26697710E+00     0.82532400E-02     0.90000000E+01    -0.11371921E+00     0.37467331E+00     0.32896087E+00     0.39824187E-02     106     0.29167181E-02
-0.50000010E+01    -0.25368652E+00     0.82533946E-02     0.90000000E+01    -0.11412906E+00     0.37387687E+00     0.32914740E+00     0.39738081E-02     106     0.29167181E-02
-0.49000015E+01    -0.24041963E+00     0.82555749E-02     0.90000000E+01    -0.11453050E+00     0.37305123E+00     0.32949254E+00     0.39640889E-02     107     0.21980663E-02
-0.48000007E+01    -0.22698276E+00     0.82413834E-02     0.90000000E+01    -0.11499136E+00     0.37219021E+00     0.32996058E+00     0.39446149E-02     107     0.21980663E-02
-0.47000003E+01    -0.21354640E+00     0.82275495E-02     0.90000000E+01    -0.11545020E+00     0.37123325E+00     0.33045340E+00     0.39256653E-02     107     0.21980663E-02
-0.46000009E+01    -0.20017216E+00     0.82183387E-02     0.90000000E+01    -0.11589505E+00     0.36958587E+00     0.33088377E+00     0.39089345E-02     107     0.21980663E-02
-0.45000000E+01    -0.18672076E+00     0.82052313E-02     0.90000000E+01    -0.11634950E+00     0.36881173E+00     0.33131689E+00     0.38946476E-02     108     0.15796433E-02
-0.44000010E+01    -0.17324650E+00     0.81915958E-02     0.90000000E+01    -0.11680437E+00     0.36825722E+00     0.33171776E+00     0.38798461E-02     108     0.15796433E-02
-0.43000002E+01    -0.15979181E+00     0.81792912E-02     0.90000000E+01    -0.11725506E+00     0.36760634E+00     0.33210087E+00     0.38658427E-02     108     0.15796433E-02
-0.42000012E+01    -0.14635530E+00     0.81690811E-02     0.90000000E+01    -0.11769912E+00     0.36698642E+00     0.33247995E+00     0.38535367E-02     108     0.15796433E-02
-0.41000004E+01    -0.13294023E+00     0.81602940E-02     0.90000000E+01    -0.11813674E+00     0.36628908E+00     0.33279967E+00     0.38417354E-02     109     0.10605047E-02
-0.40000014E+01    -0.11953507E+00     0.81526535E-02     0.90000000E+01    -0.11857138E+00     0.36560503E+00     0.33315137E+00     0.38310559E-02     109     0.10605047E-02
-0.39000006E+01    -0.10615196E+00     0.81468225E-02     0.90000000E+01    -0.11899959E+00     0.36488894E+00     0.33348373E+00     0.38214247E-02     109     0.10605047E-02
-0.38000014E+01    -0.92782177E-01     0.81422543E-02     0.90000000E+01    -0.11942299E+00     0.36417544E+00     0.33381030E+00     0.38126004E-02     109     0.10605047E-02
-0.37000005E+01    -0.79430349E-01     0.81390338E-02     0.90000000E+01    -0.11984132E+00     0.36347979E+00     0.33412436E+00     0.38044392E-02     110     0.64034248E-03
-0.36000016E+01    -0.66098571E-01     0.81375735E-02     0.90000000E+01    -0.12025377E+00     0.36274853E+00     0.33445615E+00     0.37975223E-02     110     0.64034248E-03
-0.35000007E+01    -0.52781451E-01     0.81373835E-02     0.90000000E+01    -0.12066104E+00     0.36200729E+00     0.33475769E+00     0.37914128E-02     110     0.64034248E-03
-0.34000015E+01    -0.39473549E-01     0.81381788E-02     0.90000000E+01    -0.12106451E+00     0.36120680E+00     0.33508557E+00     0.37860922E-02     110     0.64034248E-03
-0.33000009E+01    -0.26169907E-01     0.81393830E-02     0.90000000E+01    -0.12146543E+00     0.36039236E+00     0.33539602E+00     0.37812945E-02     111     0.32030090E-03
-0.32000017E+01    -0.12871553E-01     0.81414096E-02     0.90000000E+01    -0.12186285E+00     0.35952333E+00     0.33569351E+00     0.37773820E-02     111     0.32030090E-03
-0.31000009E+01     0.41667372E-03     0.81443153E-02     0.90000000E+01    -0.12225675E+00     0.35864559E+00     0.33601215E+00     0.37743347E-02     111     0.32030090E-03
-0.30000000E+01     0.13699020E-01     0.81477445E-02     0.90000000E+01    -0.12264628E+00     0.35776770E+00     0.33628249E+00     0.37738238E-02     111     0.32030090E-03
-0.29000010E+01     0.27043233E-01     0.81476318E-02     0.90000000E+01    -0.12304457E+00     0.35688916E+00     0.33655682E+00     0.37707048E-02     111     0.32030090E-03
-0.28000002E+01     0.40328149E-01     0.81519298E-02     0.90000000E+01    -0.12342608E+00     0.35630304E+00     0.33698714E+00     0.37713842E-02     112     0.10796922E-03
-0.27000012E+01     0.53610981E-01     0.81565399E-02     0.90000000E+01    -0.12380691E+00     0.35570815E+00     0.33721080E+00     0.37715561E-02     112     0.10796922E-03
-0.26000004E+01     0.66873550E-01     0.81622880E-02     0.90000000E+01    -0.12418345E+00     0.35508278E+00     0.33738250E+00     0.37723193E-02     112     0.10796922E-03
-0.25000012E+01     0.80105975E-01     0.81702946E-02     0.90000000E+01    -0.12455070E+00     0.35444140E+00     0.33754680E+00     0.37746499E-02     112     0.10796922E-03
-0.24000003E+01     0.93479194E-01     0.81672296E-02     0.90000000E+01    -0.12496351E+00     0.35379732E+00     0.33804604E+00     0.37662094E-02     113     0.97485645E-05
-0.23000014E+01     0.10682862E+00     0.81659621E-02     0.90000000E+01    -0.12537025E+00     0.35315049E+00     0.33854562E+00     0.37622801E-02     113     0.97485645E-05
-0.22000005E+01     0.12016489E+00     0.81655839E-02     0.90000000E+01    -0.12577339E+00     0.35250425E+00     0.33902788E+00     0.37590368E-02     113     0.97485645E-05
-0.21000013E+01     0.13346788E+00     0.81676384E-02     0.90000000E+01    -0.12616777E+00     0.35180008E+00     0.33947784E+00     0.37573907E-02     113     0.97485645E-05
-0.20000007E+01     0.14676440E+00     0.81701633E-02     0.90000000E+01    -0.12655905E+00     0.35113209E+00     0.33988780E+00     0.37561911E-02     113     0.97485645E-05
-0.19000015E+01     0.16004793E+00     0.81733773E-02     0.90000000E+01    -0.12694673E+00     0.35039645E+00     0.34029588E+00     0.37555136E-02     114     0.15062575E-04
-0.18000008E+01     0.17332256E+00     0.81780097E-02     0.90000000E+01    -0.12733024E+00     0.34968007E+00     0.34068966E+00     0.37566917E-02     114     0.15062575E-04
-0.17000016E+01     0.18659340E+00     0.81826523E-02     0.90000000E+01    -0.12771128E+00     0.34888706E+00     0.34107390E+00     0.37578666E-02     114     0.15062575E-04
-0.16000009E+01     0.19978812E+00     0.81918491E-02     0.90000000E+01    -0.12807770E+00     0.34743470E+00     0.34141120E+00     0.37601949E-02     114     0.15062575E-04
-0.15000000E+01     0.21308006E+00     0.81957020E-02     0.90000000E+01    -0.12845832E+00     0.34675664E+00     0.34176210E+00     0.37643542E-02     114     0.15062575E-04
-0.14000009E+01     0.22641475E+00     0.81969900E-02     0.90000000E+01    -0.12884441E+00     0.34633994E+00     0.34210786E+00     0.37659379E-02     115     0.11537309E-03
-0.13000002E+01     0.23971906E+00     0.82004145E-02     0.90000000E+01    -0.12922359E+00     0.34579965E+00     0.34245113E+00     0.37686862E-02     115     0.11537309E-03
-0.12000011E+01     0.25299874E+00     0.82056252E-02     0.90000000E+01    -0.12959592E+00     0.34525585E+00     0.34279135E+00     0.37725251E-02     115     0.11537309E-03
-0.11000003E+01     0.26626086E+00     0.82117198E-02     0.90000000E+01    -0.12996373E+00     0.34471115E+00     0.34312382E+00     0.37768590E-02     115     0.11537309E-03
-0.10000012E+01     0.27950242E+00     0.82191331E-02     0.90000000E+01    -0.13032603E+00     0.34409210E+00     0.34347171E+00     0.37819194E-02     116     0.30344969E-03
-0.90000039E+00     0.29272449E+00     0.82278717E-02     0.90000000E+01    -0.13068305E+00     0.34351704E+00     0.34380248E+00     0.37879413E-02     116     0.30344969E-03
-0.80000126E+00     0.30592835E+00     0.82374262E-02     0.90000000E+01    -0.13103604E+00     0.34290135E+00     0.34435624E+00     0.37949877E-02     116     0.30344969E-03
-0.70000046E+00     0.31910115E+00     0.82494253E-02     0.90000000E+01    -0.13137908E+00     0.34229878E+00     0.34467351E+00     0.38028411E-02     116     0.30344969E-03
-0.60000139E+00     0.33225149E+00     0.82625942E-02     0.90000000E+01    -0.13171649E+00     0.34170300E+00     0.34496051E+00     0.38113692E-02     116     0.30344969E-03
-0.50000060E+00     0.34537214E+00     0.82772942E-02     0.90000000E+01    -0.13204771E+00     0.34106445E+00     0.34523201E+00     0.38207546E-02     117     0.58610301E-03
-0.40000150E+00     0.35847771E+00     0.82929637E-02     0.90000000E+01    -0.13237302E+00     0.34041858E+00     0.34547037E+00     0.38306434E-02     117     0.58610301E-03
-0.30000070E+00     0.37155989E+00     0.83099287E-02     0.90000000E+01    -0.13269198E+00     0.33975354E+00     0.34568658E+00     0.38414989E-02     117     0.58610301E-03
-0.20000160E+00     0.38462791E+00     0.83278259E-02     0.90000000E+01    -0.13300630E+00     0.33904150E+00     0.34586856E+00     0.38531353E-02     117     0.58610301E-03
-0.10000080E+00     0.39770618E+00     0.83444454E-02     0.90000000E+01    -0.13333383E+00     0.33773842E+00     0.34630647E+00     0.38602613E-02     117     0.58610301E-03
 0.00000000E+00     0.41087893E+00     0.83557982E-02     0.90000000E+01    -0.13367990E+00     0.33698502E+00     0.34681097E+00     0.38690544E-02     117     0.58610301E-03
 0.99999093E-01     0.42409253E+00     0.83644344E-02     0.90000000E+01    -0.13403256E+00     0.33629173E+00     0.34731254E+00     0.38791825E-02     118     0.97300706E-03
 0.19999990E+00     0.43736121E+00     0.83699860E-02     0.90000000E+01    -0.13439231E+00     0.33588243E+00     0.34778482E+00     0.38867267E-02     118     0.97300706E-03
 0.29999900E+00     0.45060357E+00     0.83774226E-02     0.90000000E+01    -0.13474539E+00     0.33542427E+00     0.34826326E+00     0.38955864E-02     118     0.97300706E-03
 0.39999980E+00     0.46382225E+00     0.83864033E-02     0.90000000E+01    -0.13509306E+00     0.33492041E+00     0.34871814E+00     0.39055105E-02     118     0.97300706E-03
 0.49999887E+00     0.47700813E+00     0.83968621E-02     0.90000000E+01    -0.13543324E+00     0.33439255E+00     0.34911090E+00     0.39161169E-02     118     0.97300706E-03
 0.59999967E+00     0.49018115E+00     0.84081013E-02     0.90000000E+01    -0.13576993E+00     0.33384350E+00     0.34951657E+00     0.39275023E-02     119     0.14674140E-02
 0.69999880E+00     0.50333089E+00     0.84206741E-02     0.90000000E+01    -0.13610075E+00     0.33329201E+00     0.34990993E+00     0.39396770E-02     119     0.14674140E-02
 0.79999959E+00     0.51645678E+00     0.84346840E-02     0.90000000E+01    -0.13642588E+00     0.33274454E+00     0.35026872E+00     0.39526569E-02     119     0.14674140E-02
 0.89999866E+00     0.52955800E+00     0.84497752E-02     0.90000000E+01    -0.13674490E+00     0.33217236E+00     0.35064358E+00     0.39662709E-02     119     0.14674140E-02
 0.99999946E+00     0.54263884E+00     0.84663285E-02     0.90000000E+01    -0.13705842E+00     0.33161232E+00     0.35101038E+00     0.39808224E-02     119     0.14674140E-02
 0.10999986E+01     0.55568963E+00     0.84842490E-02     0.90000000E+01    -0.13736537E+00     0.33101809E+00     0.35137981E+00     0.39961077E-02     120     0.20708691E-02
 0.11999993E+01     0.56872112E+00     0.85032210E-02     0.90000000E+01    -0.13766712E+00     0.33045033E+00     0.35173723E+00     0.40121162E-02     120     0.20708691E-02
 0.12999984E+01     0.58173162E+00     0.85232863E-02     0.90000000E+01    -0.13796347E+00     0.32984492E+00     0.35208386E+00     0.40287073E-02     120     0.20708691E-02
 0.13999993E+01     0.59464234E+00     0.85484413E-02     0.90000000E+01    -0.13824272E+00     0.32866585E+00     0.35270494E+00     0.40474739E-02     120     0.20708691E-02
 0.14999983E+01     0.60762489E+00     0.85699493E-02     0.90000000E+01    -0.13853039E+00     0.32801399E+00     0.35304177E+00     0.40654670E-02     120     0.20708691E-02
 0.15999992E+01     0.62057805E+00     0.85926987E-02     0.90000000E+01    -0.13881046E+00     0.32721984E+00     0.35336077E+00     0.40840455E-02     121     0.27848454E-02
 0.16999999E+01     0.63352269E+00     0.86162137E-02     0.90000000E+01    -0.13908678E+00     0.32650128E+00     0.35366407E+00     0.41035516E-02     121     0.27848454E-02
 0.17999990E+01     0.64653248E+00     0.86351233E-02     0.90000000E+01    -0.13937370E+00     0.32596818E+00     0.35393193E+00     0.41233469E-02     121     0.27848454E-02
 0.18999999E+01     0.65958053E+00     0.86522950E-02     0.90000000E+01    -0.13966429E+00     0.32558399E+00     0.35418037E+00     0.41405186E-02     121     0.27848454E-02
 0.19999989E+01     0.67258590E+00     0.86715361E-02     0.90000000E+01    -0.13994497E+00     0.32513878E+00     0.35438207E+00     0.41587930E-02     121     0.27848454E-02
 0.20999997E+01     0.68561381E+00     0.86897686E-02     0.90000000E+01    -0.14023559E+00     0.32465327E+00     0.35475990E+00     0.41746618E-02     122     0.36099148E-02
 0.21999989E+01     0.69867909E+00     0.87062707E-02     0.90000000E+01    -0.14053820E+00     0.32415280E+00     0.35530296E+00     0.41924184E-02     122     0.36099148E-02
 0.22999997E+01     0.71172595E+00     0.87235924E-02     0.90000000E+01    -0.14083692E+00     0.32365057E+00     0.35586506E+00     0.42110826E-02     122     0.36099148E-02
 0.23999987E+01     0.72474331E+00     0.87424228E-02     0.90000000E+01    -0.14112854E+00     0.32314634E+00     0.35640198E+00     0.42308806E-02     122     0.36099148E-02
 0.24999995E+01     0.73773205E+00     0.87625580E-02     0.90000000E+01    -0.14141303E+00     0.32261142E+00     0.35687986E+00     0.42513986E-02     122     0.36099148E-02
 0.25999987E+01     0.75069618E+00     0.87839887E-02     0.90000000E+01    -0.14169261E+00     0.32208014E+00     0.35734764E+00     0.42729327E-02     122     0.36099148E-02
 0.26999993E+01     0.76363397E+00     0.88065118E-02     0.90000000E+01    -0.14196607E+00     0.32155469E+00     0.35777280E+00     0.42952276E-02     123     0.45458898E-02
 0.27999985E+01     0.77654320E+00     0.88306582E-02     0.90000000E+01    -0.14223222E+00     0.32099742E+00     0.35820061E+00     0.43185735E-02     123     0.45458898E-02
 0.28999994E+01     0.78932559E+00     0.88607213E-02     0.90000000E+01    -0.14247695E+00     0.32001480E+00     0.35860813E+00     0.43437812E-02     123     0.45458898E-02
 0.29999983E+01     0.80218494E+00     0.88872900E-02     0.90000000E+01    -0.14273202E+00     0.31942415E+00     0.35902059E+00     0.43688109E-02     123     0.45458898E-02
 0.30999992E+01     0.81501955E+00     0.89144874E-02     0.90000000E+01    -0.14298227E+00     0.31879267E+00     0.35941628E+00     0.43941359E-02     123     0.45458898E-02
 0.31999984E+01     0.82784671E+00     0.89420015E-02     0.90000000E+01    -0.14322849E+00     0.31813386E+00     0.35980722E+00     0.44199745E-02     124     0.55926382E-02
 0.32999990E+01     0.84065765E+00     0.89702047E-02     0.90000000E+01    -0.14347062E+00     0.31746227E+00     0.36018598E+00     0.44462769E-02     124     0.55926382E-02
 0.33999999E+01     0.85344815E+00     0.89990981E-02     0.90000000E+01    -0.14370924E+00     0.31672236E+00     0.36084491E+00     0.44738417E-02     124     0.55926382E-02
 0.34999990E+01     0.86626011E+00     0.90267295E-02     0.90000000E+01    -0.14394872E+00     0.31610957E+00     0.36124134E+00     0.45032678E-02     124     0.55926382E-02
 0.35999999E+01     0.87919563E+00     0.90478929E-02     0.90000000E+01    -0.14420690E+00     0.31574970E+00     0.36160839E+00     0.45269895E-02     124     0.55926382E-02
 0.36999989E+01     0.89208454E+00     0.90708993E-02     0.90000000E+01    -0.14445600E+00     0.31535134E+00     0.36195242E+00     0.45517688E-02     125     0.67499871E-02
 0.37999997E+01     0.90492767E+00     0.90962714E-02     0.90000000E+01    -0.14469446E+00     0.31490892E+00     0.36229947E+00     0.45778221E-02     125     0.67499871E-02
 0.38999987E+01     0.91773480E+00     0.91230432E-02     0.90000000E+01    -0.14492622E+00     0.31445310E+00     0.36260343E+00     0.46046753E-02     125     0.67499871E-02
 0.39999995E+01     0.93045640E+00     0.91535905E-02     0.90000000E+01    -0.14514078E+00     0.31361175E+00     0.36289099E+00     0.46327361E-02     125     0.67499871E-02
 0.40999985E+01     0.94318306E+00     0.91837160E-02     0.90000000E+01    -0.14535469E+00     0.31309941E+00     0.36311921E+00     0.46613687E-02     125     0.67499871E-02
 0.41999993E+01     0.95591611E+00     0.92136608E-02     0.90000000E+01    -0.14557107E+00     0.31261206E+00     0.36346620E+00     0.46883579E-02     125     0.67499871E-02
 0.42999988E+01     0.96868485E+00     0.92425207E-02     0.90000000E+01    -0.14580075E+00     0.31209648E+00     0.36404413E+00     0.47182282E-02     126     0.80180895E-02
 0.43999991E+01     0.98142385E+00     0.92729321E-02     0.90000000E+01    -0.14602403E+00     0.31158954E+00     0.36465508E+00     0.47493922E-02     126     0.80180895E-02
 0.44999986E+01     0.99413025E+00     0.93046008E-02     0.90000000E+01    -0.14624014E+00     0.31106016E+00     0.36522722E+00     0.47813994E-02     126     0.80180895E-02
 0.45999994E+01     0.10068014E+01     0.93376916E-02     0.90000000E+01    -0.14644848E+00     0.31051254E+00     0.36574346E+00     0.48143021E-02     126     0.80180895E-02
 0.47000003E+01     0.10194530E+01     0.93716076E-02     0.90000000E+01    -0.14665292E+00     0.30997810E+00     0.36624697E+00     0.48480597E-02     126     0.80180895E-02
 0.47999973E+01     0.10320814E+01     0.94060134E-02     0.90000000E+01    -0.14685170E+00     0.30937839E+00     0.36670771E+00     0.48821373E-02     127     0.93974452E-02
 0.48999982E+01     0.10446841E+01     0.94419075E-02     0.90000000E+01    -0.14704469E+00     0.30878916E+00     0.36716434E+00     0.49177720E-02     127     0.93974452E-02
 0.49999990E+01     0.10572709E+01     0.94781080E-02     0.90000000E+01    -0.14723344E+00     0.30812949E+00     0.36761439E+00     0.49534771E-02     127     0.93974452E-02
 0.50999999E+01     0.10698335E+01     0.95150899E-02     0.90000000E+01    -0.14741683E+00     0.30746311E+00     0.36803028E+00     0.49898624E-02     127     0.93974452E-02
 0.52000008E+01     0.10823698E+01     0.95529892E-02     0.90000000E+01    -0.14759406E+00     0.30678302E+00     0.36846954E+00     0.50270390E-02     127     0.93974452E-02
 0.52999978E+01     0.10950367E+01     0.95844148E-02     0.90000000E+01    -0.14779450E+00     0.30629009E+00     0.36918911E+00     0.50650737E-02     128     0.10889112E-01
 0.53999987E+01     0.11077617E+01     0.96124895E-02     0.90000000E+01    -0.14800158E+00     0.30567151E+00     0.36960709E+00     0.50966609E-02     128     0.10889112E-01
 0.54999995E+01     0.11204048E+01     0.96443947E-02     0.90000000E+01    -0.14819250E+00     0.30523634E+00     0.37000272E+00     0.51310849E-02     128     0.10889112E-01
 0.56000004E+01     0.11330059E+01     0.96779251E-02     0.90000000E+01    -0.14837490E+00     0.30478650E+00     0.37041140E+00     0.51665008E-02     128     0.10889112E-01
 0.56999979E+01     0.11455655E+01     0.97131152E-02     0.90000000E+01    -0.14854892E+00     0.30431509E+00     0.37081513E+00     0.52030631E-02     128     0.10889112E-01
 0.57999988E+01     0.11580915E+01     0.97493045E-02     0.90000000E+01    -0.14871494E+00     0.30384547E+00     0.37119526E+00     0.52403710E-02     129     0.12494802E-01
 0.58999996E+01     0.11705724E+01     0.97873872E-02     0.90000000E+01    -0.14887187E+00     0.30336195E+00     0.37153593E+00     0.52786004E-02     129     0.12494802E-01
 0.60000000E+01     0.11830122E+01     0.98265307E-02     0.90000000E+01    -0.14902051E+00     0.30286700E+00     0.37184477E+00     0.53173103E-02     129     0.12494802E-01
 0.60999975E+01     0.11954066E+01     0.98675406E-02     0.90000000E+01    -0.14915881E+00     0.30237201E+00     0.37210906E+00     0.53572450E-02     129     0.12494802E-01
 0.61999984E+01     0.12077781E+01     0.99090887E-02     0.90000000E+01    -0.14929494E+00     0.30187157E+00     0.37242696E+00     0.53958097E-02     129     0.12494802E-01
 0.62999992E+01     0.12197499E+01     0.99700484E-02     0.90000000E+01    -0.14936852E+00     0.30012506E+00     0.37306443E+00     0.54460620E-02     129     0.12494802E-01
 0.64000001E+01     0.12317185E+01     0.10030727E-01     0.90000000E+01    -0.14944181E+00     0.29836985E+00     0.37369594E+00     0.54979855E-02     130     0.14216917E-01
 0.65000010E+01     0.12438296E+01     0.10084777E-01     0.90000000E+01    -0.14953631E+00     0.29690406E+00     0.37426832E+00     0.55497759E-02     130     0.14216917E-01
 0.65999980E+01     0.12563626E+01     0.10119305E-01     0.90000000E+01    -0.14970300E+00     0.29602188E+00     0.37484017E+00     0.55887536E-02     130     0.14216917E-01
 0.66999989E+01     0.12685775E+01     0.10167889E-01     0.90000000E+01    -0.14981388E+00     0.29427171E+00     0.37538391E+00     0.56348732E-02     130     0.14216917E-01
 0.67999997E+01     0.12809155E+01     0.10210458E-01     0.90000000E+01    -0.14994417E+00     0.29371098E+00     0.37591282E+00     0.56799445E-02     130     0.14216917E-01
 0.69000006E+01     0.12929995E+01     0.10264138E-01     0.90000000E+01    -0.15002967E+00     0.29251841E+00     0.37638241E+00     0.57308855E-02     131     0.16058823E-01
 0.69999981E+01     0.13049119E+01     0.10324493E-01     0.90000000E+01    -0.15008584E+00     0.29119191E+00     0.37685668E+00     0.57852576E-02     131     0.16058823E-01
 0.70999990E+01     0.13173647E+01     0.10361510E-01     0.90000000E+01    -0.15023093E+00     0.29133672E+00     0.37731901E+00     0.58290255E-02     131     0.16058823E-01
 0.71999998E+01     0.13289300E+01     0.10435907E-01     0.90000000E+01    -0.15022466E+00     0.28932750E+00     0.37775776E+00     0.58910497E-02     131     0.16058823E-01
 0.73000002E+01     0.13407260E+01     0.10499471E-01     0.90000000E+01    -0.15025882E+00     0.28769115E+00     0.37854663E+00     0.59489543E-02     131     0.16058823E-01
 0.73999977E+01     0.13530147E+01     0.10542023E-01     0.90000000E+01    -0.15037115E+00     0.28718674E+00     0.37898162E+00     0.59972098E-02     132     0.18024575E-01
 0.74999986E+01     0.13652275E+01     0.10586882E-01     0.90000000E+01    -0.15047058E+00     0.28664547E+00     0.37942365E+00     0.60449950E-02     132     0.18024575E-01
 0.75999994E+01     0.13772039E+01     0.10640998E-01     0.90000000E+01    -0.15052831E+00     0.28529036E+00     0.37985009E+00     0.60972576E-02     132     0.18024575E-01
 0.77000003E+01     0.13890210E+01     0.10701450E-01     0.90000000E+01    -0.15055692E+00     0.28394642E+00     0.38027433E+00     0.61537675E-02     132     0.18024575E-01
 0.77999973E+01     0.14009503E+01     0.10756365E-01     0.90000000E+01    -0.15060320E+00     0.28327262E+00     0.38065889E+00     0.62079122E-02     132     0.18024575E-01
 0.78999982E+01     0.14127989E+01     0.10813959E-01     0.90000000E+01    -0.15063384E+00     0.28259513E+00     0.38100499E+00     0.62638000E-02     132     0.18024575E-01
 0.79999990E+01     0.14234669E+01     0.10919879E-01     0.90000000E+01    -0.15046240E+00     0.27944642E+00     0.38130188E+00     0.63467072E-02     133     0.20119486E-01
 0.81000004E+01     0.14351984E+01     0.10980344E-01     0.90000000E+01    -0.15046827E+00     0.27853358E+00     0.38157475E+00     0.64032748E-02     133     0.20119486E-01
 0.82000008E+01     0.14472373E+01     0.11030387E-01     0.90000000E+01    -0.15053532E+00     0.27788010E+00     0.38223794E+00     0.64575667E-02     133     0.20119486E-01
 0.82999983E+01     0.14591684E+01     0.11084680E-01     0.90000000E+01    -0.15058213E+00     0.27714482E+00     0.38290679E+00     0.65153115E-02     133     0.20119486E-01
 0.83999987E+01     0.14705261E+01     0.11161136E-01     0.90000000E+01    -0.15053020E+00     0.27491686E+00     0.38354033E+00     0.65858574E-02     133     0.20119486E-01
 0.85000000E+01     0.14816637E+01     0.11245472E-01     0.90000000E+01    -0.15043919E+00     0.27308998E+00     0.38415557E+00     0.66628428E-02     134     0.22349956E-01
 0.86000004E+01     0.14925976E+01     0.11336636E-01     0.90000000E+01    -0.15031174E+00     0.27124208E+00     0.38470998E+00     0.67442656E-02     134     0.22349956E-01
 0.86999979E+01     0.15040054E+01     0.11408941E-01     0.90000000E+01    -0.15026200E+00     0.27021480E+00     0.38527459E+00     0.68156845E-02     134     0.22349956E-01
 0.87999983E+01     0.15150601E+01     0.11493796E-01     0.90000000E+01    -0.15015438E+00     0.26751429E+00     0.38577300E+00     0.68933889E-02     134     0.22349956E-01
 0.88999996E+01     0.15256066E+01     0.11599123E-01     0.90000000E+01    -0.14996004E+00     0.26459640E+00     0.38661996E+00     0.69876993E-02     134     0.22349956E-01
 0.90000000E+01     0.15367227E+01     0.11680320E-01     0.90000000E+01    -0.14985779E+00     0.26351318E+00     0.38714692E+00     0.70658517E-02     134     0.22349956E-01
 0.90999975E+01     0.15477136E+01     0.11765862E-01     0.90000000E+01    -0.14973275E+00     0.26235521E+00     0.38758770E+00     0.71476758E-02     135     0.24723656E-01
 0.91999989E+01     0.15586882E+01     0.11851067E-01     0.90000000E+01    -0.14960389E+00     0.26105192E+00     0.38807005E+00     0.72294301E-02     135     0.24723656E-01
 0.92999992E+01     0.15693990E+01     0.11946804E-01     0.90000000E+01    -0.14942931E+00     0.25837511E+00     0.38853928E+00     0.73164916E-02     135     0.24723656E-01
 0.94000006E+01     0.15803840E+01     0.12030791E-01     0.90000000E+01    -0.14929958E+00     0.25706512E+00     0.38900462E+00     0.73983315E-02     135     0.24723656E-01
 0.94999971E+01     0.15911500E+01     0.12122344E-01     0.90000000E+01    -0.14913201E+00     0.25578082E+00     0.38946357E+00     0.74862926E-02     135     0.24723656E-01
 0.95999985E+01     0.16016296E+01     0.12224159E-01     0.90000000E+01    -0.14891371E+00     0.25438452E+00     0.38989004E+00     0.75815246E-02     135     0.24723656E-01
 0.96999989E+01     0.16119959E+01     0.12329541E-01     0.90000000E+01    -0.14867269E+00     0.25285593E+00     0.39029089E+00     0.76799090E-02     136     0.27249757E-01
 0.98000002E+01     0.16226233E+01     0.12424240E-01     0.90000000E+01    -0.14847608E+00     0.25127697E+00     0.39066309E+00     0.77687609E-02     136     0.27249757E-01
 0.99000006E+01     0.16332231E+01     0.12519024E-01     0.90000000E+01    -0.14827260E+00     0.24972312E+00     0.39097533E+00     0.78603281E-02     136     0.27249757E-01
 0.99999981E+01     0.16421472E+01     0.12674968E-01     0.90000000E+01    -0.14778358E+00     0.24621288E+00     0.39138207E+00     0.79958420E-02     136     0.27249757E-01
 0.10099998E+02     0.16518512E+01     0.12802660E-01     0.90000000E+01    -0.14743055E+00     0.24436167E+00     0.39205748E+00     0.81154276E-02     136     0.27249757E-01
 0.10200000E+02     0.16618867E+01     0.12917675E-01     0.90000000E+01    -0.14713250E+00     0.24236977E+00     0.39270023E+00     0.82238372E-02     136     0.27249757E-01
 0.10300000E+02     0.16717958E+01     0.13036848E-01     0.90000000E+01    -0.14681211E+00     0.24034427E+00     0.39337465E+00     0.83401101E-02     137     0.29939037E-01
 0.10399998E+02     0.16812048E+01     0.13173666E-01     0.90000000E+01    -0.14640449E+00     0.23829390E+00     0.39401907E+00     0.84708668E-02     137     0.29939037E-01
 0.10499999E+02     0.16900615E+01     0.13329809E-01     0.90000000E+01    -0.14590152E+00     0.23615558E+00     0.39454618E+00     0.86167790E-02     137     0.29939037E-01
 0.10599999E+02     0.16992053E+01     0.13475058E-01     0.90000000E+01    -0.14544627E+00     0.23367459E+00     0.39513457E+00     0.87519214E-02     137     0.29939037E-01
 0.10700000E+02     0.17070607E+01     0.13648407E-01     0.90000000E+01    -0.14473665E+00     0.23128240E+00     0.39564797E+00     0.89206435E-02     137     0.29939037E-01
 0.10799997E+02     0.17114184E+01     0.13911681E-01     0.90000000E+01    -0.14335075E+00     0.22904526E+00     0.39648002E+00     0.91791404E-02     137     0.29939037E-01
 0.10899999E+02     0.17159876E+01     0.14177896E-01     0.90000000E+01    -0.14201811E+00     0.22655188E+00     0.39655548E+00     0.94308481E-02     138     0.32803934E-01
 0.10999999E+02     0.17234354E+01     0.14373564E-01     0.90000000E+01    -0.14125369E+00     0.22362770E+00     0.39739829E+00     0.96208649E-02     138     0.32803934E-01
 0.11100000E+02     0.17266005E+01     0.14718821E-01     0.90000000E+01    -0.13976547E+00     0.21715677E+00     0.39747730E+00     0.99246940E-02     138     0.32803934E-01
 0.11200001E+02     0.17331859E+01     0.14956022E-01     0.90000000E+01    -0.13887797E+00     0.21357304E+00     0.39828587E+00     0.10150649E-01     138     0.32803934E-01
 0.11299998E+02     0.17388139E+01     0.15231676E-01     0.90000000E+01    -0.13783741E+00     0.20988157E+00     0.39872971E+00     0.10401444E-01     138     0.32803934E-01
 0.11399999E+02     0.17452084E+01     0.15484616E-01     0.90000000E+01    -0.13693820E+00     0.20584308E+00     0.39916131E+00     0.10640097E-01     138     0.32803934E-01
 0.11500000E+02     0.17498742E+01     0.15807075E-01     0.90000000E+01    -0.13575195E+00     0.20164694E+00     0.39958447E+00     0.10934561E-01     138     0.32803934E-01
 0.11600000E+02     0.17547824E+01     0.16124140E-01     0.90000000E+01    -0.13461417E+00     0.19710927E+00     0.39998603E+00     0.11234837E-01     138     0.32803934E-01
 0.11699998E+02     0.17585665E+01     0.16492050E-01     0.90000000E+01    -0.13330665E+00     0.19225121E+00     0.40035358E+00     0.11572585E-01     139     0.35858847E-01
 0.11799999E+02     0.17622100E+01     0.16872907E-01     0.90000000E+01    -0.13198768E+00     0.18759382E+00     0.40063474E+00     0.11932641E-01     139     0.35858847E-01
 0.11900000E+02     0.17651175E+01     0.17289493E-01     0.90000000E+01    -0.13055964E+00     0.18234965E+00     0.40091133E+00     0.12320612E-01     139     0.35858847E-01
 0.12000000E+02     0.17671444E+01     0.17753944E-01     0.90000000E+01    -0.12901711E+00     0.17719658E+00     0.40126494E+00     0.12751322E-01     139     0.35858847E-01
 0.12099998E+02     0.17689320E+01     0.18238654E-01     0.90000000E+01    -0.12745349E+00     0.17201120E+00     0.40183419E+00     0.13217661E-01     139     0.35858847E-01
 0.12299999E+02     0.17633501E+01     0.19660393E-01     0.90000000E+01    -0.12301802E+00     0.15651600E+00     0.40279353E+00     0.14559040E-01     139     0.35858847E-01
 0.12400001E+02     0.17638959E+01     0.20260017E-01     0.90000000E+01    -0.12136579E+00     0.15159687E+00     0.40335196E+00     0.15134504E-01     139     0.35858847E-01
 0.12499997E+02     0.17631704E+01     0.20920323E-01     0.90000000E+01    -0.11956277E+00     0.14691071E+00     0.40383270E+00     0.15778746E-01     139     0.35858847E-01
 0.12599998E+02     0.17637283E+01     0.21551387E-01     0.90000000E+01    -0.11798112E+00     0.14245953E+00     0.40434879E+00     0.16392797E-01     139     0.35858847E-01
 0.12699999E+02     0.17622386E+01     0.22293707E-01     0.90000000E+01    -0.11615595E+00     0.13802381E+00     0.40478900E+00     0.17114017E-01     139     0.35858847E-01
 0.12800000E+02     0.17622006E+01     0.22985386E-01     0.90000000E+01    -0.11457444E+00     0.13416019E+00     0.40525749E+00     0.17800873E-01     140     0.39120480E-01
 0.12900001E+02     0.17602768E+01     0.23803677E-01     0.90000000E+01    -0.11279275E+00     0.13046551E+00     0.40565827E+00     0.18604273E-01     140     0.39120480E-01
 0.12999998E+02     0.17604462E+01     0.24512438E-01     0.90000000E+01    -0.11134054E+00     0.12702857E+00     0.40603748E+00     0.19310430E-01     140     0.39120480E-01
 0.13099999E+02     0.17572777E+01     0.25442230E-01     0.90000000E+01    -0.10952352E+00     0.12375531E+00     0.40642083E+00     0.20236954E-01     140     0.39120480E-01
 0.13200000E+02     0.17561804E+01     0.26280677E-01     0.90000000E+01    -0.10803580E+00     0.12079667E+00     0.40724096E+00     0.21072820E-01     140     0.39120480E-01
 0.13300000E+02     0.17542224E+01     0.27175864E-01     0.90000000E+01    -0.10651166E+00     0.11816031E+00     0.40714070E+00     0.21970358E-01     140     0.39120480E-01
 0.13399998E+02     0.17503653E+01     0.28219307E-01     0.90000000E+01    -0.10486880E+00     0.11564064E+00     0.40797943E+00     0.23019893E-01     140     0.39120480E-01
 0.13499999E+02     0.17480940E+01     0.29176643E-01     0.90000000E+01    -0.10348674E+00     0.11319847E+00     0.40835717E+00     0.23980068E-01     140     0.39120480E-01
 0.13599999E+02     0.17443315E+01     0.30250605E-01     0.90000000E+01    -0.10205266E+00     0.11110707E+00     0.40866125E+00     0.25066406E-01     140     0.39120480E-01
 0.13700001E+02     0.17381686E+01     0.31472880E-01     0.90000000E+01    -0.10053285E+00     0.10930480E+00     0.40894035E+00     0.26304480E-01     140     0.39120480E-01
 0.13799997E+02     0.17311604E+01     0.32802626E-01     0.90000000E+01    -0.99106215E-01     0.10748498E+00     0.40922287E+00     0.27649965E-01     140     0.39120480E-01
 0.13899999E+02     0.17246389E+01     0.34076080E-01     0.90000000E+01    -0.97888365E-01     0.10591786E+00     0.40950945E+00     0.28948415E-01     140     0.39120480E-01
 0.13999999E+02     0.17170515E+01     0.35442151E-01     0.90000000E+01    -0.96774533E-01     0.10464420E+00     0.40974697E+00     0.30343946E-01     140     0.39120480E-01
 0.14100000E+02     0.17059892E+01     0.37062790E-01     0.90000000E+01    -0.95711179E-01     0.10366834E+00     0.40999699E+00     0.32004088E-01     140     0.39120480E-01
 0.14199998E+02     0.16927743E+01     0.38862918E-01     0.90000000E+01    -0.94827905E-01     0.10285327E+00     0.41016346E+00     0.33849459E-01     140     0.39120480E-01
 0.14299998E+02     0.16598299E+01     0.42130850E-01     0.90000000E+01    -0.93971580E-01     0.10100377E+00     0.41003984E+00     0.37200000E-01     140     0.39120480E-01
 0.14400000E+02     0.16536055E+01     0.43514509E-01     0.90000000E+01    -0.93860567E-01     0.10203301E+00     0.41028062E+00     0.38634330E-01     140     0.39120480E-01
 0.14500000E+02     0.16263348E+01     0.46502672E-01     0.90000000E+01    -0.93939207E-01     0.10234215E+00     0.41026947E+00     0.41717105E-01     140     0.39120480E-01
 0.14699998E+02     0.15549430E+01     0.53057369E-01     0.90000000E+01    -0.94683886E-01     0.10409588E+00     0.40984765E+00     0.48500001E-01     140     0.39120480E-01
 0.14799999E+02     0.15065916E+01     0.55971410E-01     0.90000000E+01    -0.95068179E-01     0.10587133E+00     0.40942827E+00     0.51548757E-01     140     0.39120480E-01
 0.14900000E+02     0.14517684E+01     0.60419779E-01     0.90000000E+01    -0.95474854E-01     0.10831013E+00     0.40849528E+00     0.56142546E-01     139     0.35858847E-01
 0.15000001E+02     0.14180925E+01     0.64587794E-01     0.90000000E+01    -0.95850132E-01     0.10936803E+00     0.40864354E+00     0.60401123E-01     139     0.35858847E-01
 0.15099998E+02     0.14000374E+01     0.67497753E-01     0.90000000E+01    -0.96340030E-01     0.11113027E+00     0.40831789E+00     0.63381478E-01     139     0.35858847E-01
 0.15199999E+02     0.13708050E+01     0.71565434E-01     0.90000000E+01    -0.97155333E-01     0.11138415E+00     0.40863571E+00     0.67524180E-01     139     0.35858847E-01
 0.15299999E+02     0.13341551E+01     0.76516427E-01     0.90000000E+01    -0.98404028E-01     0.10957929E+00     0.40786794E+00     0.72538666E-01     139     0.35858847E-01
 0.15499998E+02     0.12932580E+01     0.83611712E-01     0.90000000E+01    -0.10077941E+00     0.10724399E+00     0.40792474E+00     0.79724796E-01     139     0.35858847E-01
 0.15599998E+02     0.12865126E+01     0.85605226E-01     0.90000000E+01    -0.10144805E+00     0.10594882E+00     0.40793225E+00     0.81737913E-01     139     0.35858847E-01
 0.15699999E+02     0.12742177E+01     0.88345155E-01     0.90000000E+01    -0.10253251E+00     0.10489775E+00     0.40825543E+00     0.84513292E-01     138     0.32803934E-01
 0.15800000E+02     0.12592032E+01     0.91304734E-01     0.90000000E+01    -0.10364373E+00     0.10148368E+00     0.40828428E+00     0.87483220E-01     138     0.32803934E-01
 0.15899998E+02     0.12611147E+01     0.92368878E-01     0.90000000E+01    -0.10402925E+00     0.10180315E+00     0.40899932E+00     0.88565238E-01     139     0.35858847E-01
 0.15999998E+02     0.12475537E+01     0.95442779E-01     0.90000000E+01    -0.10544357E+00     0.10007439E+00     0.40898514E+00     0.91670707E-01     139     0.35858847E-01
 0.16099998E+02     0.12463393E+01     0.96801929E-01     0.90000000E+01    -0.10599095E+00     0.98650984E-01     0.40898612E+00     0.93033724E-01     139     0.35858847E-01
 0.16200001E+02     0.12374630E+01     0.99449478E-01     0.90000000E+01    -0.10727175E+00     0.97822264E-01     0.40934217E+00     0.95714524E-01     139     0.35858847E-01
 0.16300001E+02     0.12360188E+01     0.10083808E+00     0.90000000E+01    -0.10786955E+00     0.96694909E-01     0.40981871E+00     0.97112775E-01     139     0.35858847E-01
 0.16399998E+02     0.12310590E+01     0.10261993E+00     0.90000000E+01    -0.10865483E+00     0.94258741E-01     0.40953773E+00     0.98892614E-01     139     0.35858847E-01
 0.16499998E+02     0.12212064E+01     0.10536451E+00     0.90000000E+01    -0.11005397E+00     0.92772961E-01     0.41042739E+00     0.10166571E+00     139     0.35858847E-01
 0.16600000E+02     0.12221186E+01     0.10656270E+00     0.90000000E+01    -0.11062089E+00     0.91665007E-01     0.41075489E+00     0.10286660E+00     139     0.35858847E-01
 0.16900000E+02     0.12115114E+01     0.11187693E+00     0.90000000E+01    -0.11338233E+00     0.87078564E-01     0.41088384E+00     0.10820876E+00     139     0.35858847E-01
 0.17000000E+02     0.12138789E+01     0.11284520E+00     0.90000000E+01    -0.11383292E+00     0.86694725E-01     0.41126272E+00     0.10918283E+00     139     0.35858847E-01
 0.17100000E+02     0.12143019E+01     0.11408345E+00     0.90000000E+01    -0.11448196E+00     0.85246414E-01     0.41131508E+00     0.11042341E+00     139     0.35858847E-01
 0.17199997E+02     0.12084682E+01     0.11638908E+00     0.90000000E+01    -0.11587584E+00     0.83962373E-01     0.41242853E+00     0.11275445E+00     139     0.35858847E-01
 0.17299999E+02     0.12066457E+01     0.11782978E+00     0.90000000E+01    -0.11665274E+00     0.81719771E-01     0.41289556E+00     0.11419039E+00     139     0.35858847E-01
 0.17400000E+02     0.12110471E+01     0.11862121E+00     0.90000000E+01    -0.11705673E+00     0.81954181E-01     0.41396448E+00     0.11499478E+00     139     0.35858847E-01
 0.17500000E+02     0.12002544E+01     0.12150162E+00     0.90000000E+01    -0.11886673E+00     0.78241445E-01     0.41349015E+00     0.11787990E+00     139     0.35858847E-01
 0.17599997E+02     0.12044250E+01     0.12233983E+00     0.90000000E+01    -0.11927847E+00     0.78631960E-01     0.41510966E+00     0.11873604E+00     140     0.39120480E-01
 0.17699999E+02     0.12061540E+01     0.12331142E+00     0.90000000E+01    -0.11984637E+00     0.77451184E-01     0.41443914E+00     0.11970688E+00     140     0.39120480E-01
 0.17799999E+02     0.12096783E+01     0.12415561E+00     0.90000000E+01    -0.12033841E+00     0.77091523E-01     0.41470888E+00     0.12055779E+00     140     0.39120480E-01
 0.17900000E+02     0.12101394E+01     0.12531856E+00     0.90000000E+01    -0.12103952E+00     0.75601362E-01     0.41507459E+00     0.12171922E+00     140     0.39120480E-01
 0.18000000E+02     0.12097690E+01     0.12700447E+00     0.90000000E+01    -0.12213235E+00     0.76023161E-01     0.41606051E+00     0.12343708E+00     140     0.39120480E-01
 0.18099998E+02     0.12073560E+01     0.12858972E+00     0.90000000E+01    -0.12314831E+00     0.73989503E-01     0.41646940E+00     0.12501819E+00     140     0.39120480E-01
 0.18199999E+02     0.12101679E+01     0.12950739E+00     0.90000000E+01    -0.12371467E+00     0.73201470E-01     0.41673604E+00     0.12594077E+00     140     0.39120480E-01
 0.18299999E+02     0.12116618E+01     0.13056186E+00     0.90000000E+01    -0.12440118E+00     0.71339495E-01     0.41660753E+00     0.12699175E+00     140     0.39120480E-01
 0.18400000E+02     0.12153378E+01     0.13138826E+00     0.90000000E+01    -0.12493268E+00     0.71123466E-01     0.41849673E+00     0.12783162E+00     140     0.39120480E-01
 0.18499998E+02     0.12100649E+01     0.13362649E+00     0.90000000E+01    -0.12647438E+00     0.69570974E-01     0.41801623E+00     0.13008338E+00     140     0.39120480E-01
 0.18599998E+02     0.12131484E+01     0.13457696E+00     0.90000000E+01    -0.12709846E+00     0.68971254E-01     0.41844818E+00     0.13103959E+00     140     0.39120480E-01
 0.18699999E+02     0.12161040E+01     0.13547257E+00     0.90000000E+01    -0.12771058E+00     0.68506725E-01     0.41881114E+00     0.13193823E+00     140     0.39120480E-01
 0.18800001E+02     0.12200289E+01     0.13619331E+00     0.90000000E+01    -0.12822951E+00     0.68377689E-01     0.41877103E+00     0.13266437E+00     141     0.42607810E-01
 0.18899998E+02     0.12213162E+01     0.13726419E+00     0.90000000E+01    -0.12889399E+00     0.67146994E-01     0.41862628E+00     0.13373074E+00     141     0.42607810E-01
 0.18999998E+02     0.12195858E+01     0.13904934E+00     0.90000000E+01    -0.13020556E+00     0.66291861E-01     0.41971669E+00     0.13553654E+00     141     0.42607810E-01
 0.19099998E+02     0.12210995E+01     0.14019831E+00     0.90000000E+01    -0.13100615E+00     0.65129086E-01     0.42027810E+00     0.13669035E+00     141     0.42607810E-01
 0.19200001E+02     0.12240205E+01     0.14112540E+00     0.90000000E+01    -0.13168812E+00     0.64337403E-01     0.42126554E+00     0.13762134E+00     141     0.42607810E-01
 0.19300001E+02     0.12286178E+01     0.14182022E+00     0.90000000E+01    -0.13219146E+00     0.64361513E-01     0.42140773E+00     0.13832229E+00     141     0.42607810E-01
 0.19399998E+02     0.12272397E+01     0.14309977E+00     0.90000000E+01    -0.13310252E+00     0.61741341E-01     0.42143467E+00     0.13958517E+00     141     0.42607810E-01
 0.19499998E+02     0.12331610E+01     0.14368193E+00     0.90000000E+01    -0.13359758E+00     0.62556215E-01     0.42210791E+00     0.14017873E+00     141     0.42607810E-01
 0.19600000E+02     0.12306218E+01     0.14551070E+00     0.90000000E+01    -0.13496375E+00     0.61746798E-01     0.42316303E+00     0.14202490E+00     141     0.42607810E-01
 0.19700001E+02     0.12341729E+01     0.14649948E+00     0.90000000E+01    -0.13573237E+00     0.61483409E-01     0.42355594E+00     0.14302425E+00     141     0.42607810E-01
 0.19799997E+02     0.12372224E+01     0.14732301E+00     0.90000000E+01    -0.13631831E+00     0.60970407E-01     0.42352358E+00     0.14385159E+00     141     0.42607810E-01
