  
       RFOIL         Version 3.00
  
 Calculated polar for: OSO_2025_WT2_T21                
  
 1  Reynolds number fixed
  
 xtrf =      1.00000000 (suction)     1.00000000 (pressure)
 Rot. Parameters:  f0 =      1.00000000 c/r =      0.00000000
 Mach =      0.00000000     Re =     15.00000000 e 6     Ncrit =      9.00000000
  
             alpha                CL                CD            Re(CL)                CM             S_xtr             P_xtr               CDp            I_stag            X_stag
  ------- -------- --------- --------- -------- ------- ------- -------- 
-0.22300001E+02    -0.10566682E+01     0.89293703E-01     0.15000000E+02    -0.69162674E-01     0.72809708E+00     0.85788667E-02     0.86638317E-01      96     0.83475739E-01
-0.22200001E+02    -0.10628045E+01     0.86432815E-01     0.15000000E+02    -0.71575269E-01     0.72453105E+00     0.85797226E-02     0.83733775E-01      96     0.83475739E-01
-0.22100000E+02    -0.10675334E+01     0.84026232E-01     0.15000000E+02    -0.73597305E-01     0.72076017E+00     0.86391838E-02     0.81288159E-01      96     0.83475739E-01
-0.22000000E+02    -0.10687652E+01     0.82240462E-01     0.15000000E+02    -0.75074784E-01     0.71631414E+00     0.85895974E-02     0.79462945E-01      96     0.83475739E-01
-0.21900002E+02    -0.10740861E+01     0.79814583E-01     0.15000000E+02    -0.77071063E-01     0.71308261E+00     0.86554755E-02     0.77000134E-01      96     0.83475739E-01
-0.21800001E+02    -0.10759996E+01     0.78051373E-01     0.15000000E+02    -0.78477435E-01     0.70934904E+00     0.87158037E-02     0.75206727E-01      96     0.83475739E-01
-0.21700001E+02    -0.10792457E+01     0.76062299E-01     0.15000000E+02    -0.80063418E-01     0.70570171E+00     0.87518673E-02     0.73180422E-01      96     0.83475739E-01
-0.21600000E+02    -0.10795951E+01     0.74576885E-01     0.15000000E+02    -0.81232443E-01     0.70230961E+00     0.87553021E-02     0.71668878E-01      96     0.83475739E-01
-0.21500002E+02    -0.10824831E+01     0.72746001E-01     0.15000000E+02    -0.82674496E-01     0.69930363E+00     0.88071395E-02     0.69807380E-01      96     0.83475739E-01
-0.21400000E+02    -0.10825329E+01     0.71371570E-01     0.15000000E+02    -0.83730318E-01     0.69552654E+00     0.88180387E-02     0.68402156E-01      96     0.83475739E-01
-0.21300001E+02    -0.10848613E+01     0.69664858E-01     0.15000000E+02    -0.85030943E-01     0.69272727E+00     0.88471556E-02     0.66667572E-01      96     0.83475739E-01
-0.21200001E+02    -0.10839391E+01     0.68490073E-01     0.15000000E+02    -0.85897774E-01     0.68956977E+00     0.88724671E-02     0.65471619E-01      96     0.83475739E-01
-0.21100002E+02    -0.10867002E+01     0.66776171E-01     0.15000000E+02    -0.87207854E-01     0.68680865E+00     0.89145433E-02     0.63726880E-01      96     0.83475739E-01
-0.21000000E+02    -0.10853584E+01     0.65720364E-01     0.15000000E+02    -0.87983243E-01     0.68011636E+00     0.89428723E-02     0.62640510E-01      96     0.83475739E-01
-0.20900000E+02    -0.10851388E+01     0.64475320E-01     0.15000000E+02    -0.88888533E-01     0.67746615E+00     0.89592654E-02     0.61371889E-01      97     0.75851202E-01
-0.20800001E+02    -0.10859286E+01     0.63115075E-01     0.15000000E+02    -0.89874201E-01     0.67836642E+00     0.89823361E-02     0.59996020E-01      97     0.75851202E-01
-0.20700003E+02    -0.10848080E+01     0.62064525E-01     0.15000000E+02    -0.90613164E-01     0.67207718E+00     0.90469765E-02     0.58914982E-01      97     0.75851202E-01
-0.20600000E+02    -0.10854694E+01     0.60756940E-01     0.15000000E+02    -0.91556691E-01     0.66984379E+00     0.90858210E-02     0.57585463E-01      97     0.75851202E-01
-0.20500000E+02    -0.10848768E+01     0.59643894E-01     0.15000000E+02    -0.92335247E-01     0.66745692E+00     0.91213454E-02     0.56452107E-01      97     0.75851202E-01
-0.20400002E+02    -0.10826116E+01     0.58757424E-01     0.15000000E+02    -0.92934005E-01     0.66487956E+00     0.91380198E-02     0.55546284E-01      97     0.75851202E-01
-0.20300001E+02    -0.10819548E+01     0.57662643E-01     0.15000000E+02    -0.93697608E-01     0.66230381E+00     0.91678016E-02     0.54428354E-01      97     0.75851202E-01
-0.20200001E+02    -0.10812699E+01     0.56571633E-01     0.15000000E+02    -0.94453372E-01     0.66011721E+00     0.91757169E-02     0.53317834E-01      97     0.75851202E-01
-0.20100000E+02    -0.10790609E+01     0.55723544E-01     0.15000000E+02    -0.94999559E-01     0.65789330E+00     0.92314053E-02     0.52454874E-01      97     0.75851202E-01
-0.20000002E+02    -0.10772016E+01     0.54824103E-01     0.15000000E+02    -0.95596664E-01     0.65569067E+00     0.92657581E-02     0.51537462E-01      97     0.75851202E-01
-0.19900000E+02    -0.10776286E+01     0.53634822E-01     0.15000000E+02    -0.96417569E-01     0.65349990E+00     0.93281688E-02     0.50325014E-01      97     0.75851202E-01
-0.19800001E+02    -0.10744138E+01     0.52915342E-01     0.15000000E+02    -0.96871525E-01     0.65098542E+00     0.93342382E-02     0.49588528E-01      97     0.75851202E-01
-0.19700001E+02    -0.10716552E+01     0.52140169E-01     0.15000000E+02    -0.97349979E-01     0.64897430E+00     0.93706511E-02     0.48799355E-01      97     0.75851202E-01
-0.19600000E+02    -0.10695851E+01     0.51274545E-01     0.15000000E+02    -0.97919852E-01     0.64464897E+00     0.93883052E-02     0.47910467E-01      97     0.75851202E-01
-0.19500000E+02    -0.10688757E+01     0.50280955E-01     0.15000000E+02    -0.98576747E-01     0.64515883E+00     0.94353361E-02     0.46904292E-01      97     0.75851202E-01
-0.19400002E+02    -0.10653808E+01     0.49609438E-01     0.15000000E+02    -0.98985791E-01     0.64034444E+00     0.94738435E-02     0.46209604E-01      97     0.75851202E-01
-0.19300001E+02    -0.10622914E+01     0.48888642E-01     0.15000000E+02    -0.99413902E-01     0.63852733E+00     0.95284116E-02     0.45476157E-01      97     0.75851202E-01
-0.19200001E+02    -0.10598688E+01     0.48099589E-01     0.15000000E+02    -0.99917762E-01     0.63679725E+00     0.95375376E-02     0.44672079E-01      97     0.75851202E-01
-0.19100000E+02    -0.10584114E+01     0.47211453E-01     0.15000000E+02    -0.10049282E+00     0.63500184E+00     0.95713604E-02     0.43765280E-01      98     0.68454914E-01
-0.19000002E+02    -0.10545646E+01     0.46594016E-01     0.15000000E+02    -0.10084868E+00     0.63313347E+00     0.95941331E-02     0.43133840E-01      98     0.68454914E-01
-0.18900002E+02    -0.10507511E+01     0.45974310E-01     0.15000000E+02    -0.10121064E+00     0.63095766E+00     0.96360855E-02     0.42499464E-01      98     0.68454914E-01
-0.18800001E+02    -0.10474249E+01     0.45290068E-01     0.15000000E+02    -0.10161562E+00     0.62907302E+00     0.96629225E-02     0.41800804E-01      98     0.68454914E-01
-0.18700001E+02    -0.10459021E+01     0.44430684E-01     0.15000000E+02    -0.10215957E+00     0.62752706E+00     0.96735172E-02     0.40925108E-01      98     0.68454914E-01
-0.18600000E+02    -0.10419792E+01     0.43841440E-01     0.15000000E+02    -0.10250215E+00     0.62581372E+00     0.96910987E-02     0.40323537E-01      98     0.68454914E-01
-0.18500002E+02    -0.10374650E+01     0.43295927E-01     0.15000000E+02    -0.10280362E+00     0.62409401E+00     0.97159259E-02     0.39766602E-01      98     0.68454914E-01
-0.18400000E+02    -0.10334421E+01     0.42723376E-01     0.15000000E+02    -0.10313750E+00     0.62006342E+00     0.97214263E-02     0.39173134E-01      98     0.68454914E-01
-0.18300001E+02    -0.10300415E+01     0.42066354E-01     0.15000000E+02    -0.10352530E+00     0.61845136E+00     0.97349379E-02     0.38502317E-01      98     0.68454914E-01
-0.18200001E+02    -0.10276095E+01     0.41321319E-01     0.15000000E+02    -0.10398515E+00     0.61695176E+00     0.97428532E-02     0.37742715E-01      98     0.68454914E-01
-0.18100002E+02    -0.10228343E+01     0.40826581E-01     0.15000000E+02    -0.10425286E+00     0.61541933E+00     0.97504640E-02     0.37237942E-01      98     0.68454914E-01
-0.18000000E+02    -0.10191032E+01     0.40243972E-01     0.15000000E+02    -0.10454639E+00     0.61387336E+00     0.98125748E-02     0.36640212E-01      98     0.68454914E-01
-0.17900000E+02    -0.10154644E+01     0.39658926E-01     0.15000000E+02    -0.10486057E+00     0.61229956E+00     0.99131549E-02     0.36042355E-01      98     0.68454914E-01
-0.17800001E+02    -0.10134122E+01     0.38916517E-01     0.15000000E+02    -0.10527401E+00     0.61067510E+00     0.99506667E-02     0.35282820E-01      98     0.68454914E-01
-0.17700001E+02    -0.10103344E+01     0.38286585E-01     0.15000000E+02    -0.10561682E+00     0.60881460E+00     0.10040280E-01     0.34638923E-01      98     0.68454914E-01
-0.17600000E+02    -0.10058734E+01     0.37783209E-01     0.15000000E+02    -0.10586049E+00     0.60739881E+00     0.10107663E-01     0.34125004E-01      99     0.61320473E-01
-0.17500000E+02    -0.10019528E+01     0.37238955E-01     0.15000000E+02    -0.10611539E+00     0.60602182E+00     0.10176118E-01     0.33571299E-01      99     0.61320473E-01
-0.17400002E+02    -0.99807447E+00     0.36685828E-01     0.15000000E+02    -0.10640381E+00     0.60459971E+00     0.10249727E-01     0.33007801E-01      99     0.61320473E-01
-0.17300001E+02    -0.99591589E+00     0.35979595E-01     0.15000000E+02    -0.10679560E+00     0.60326499E+00     0.10316110E-01     0.32287590E-01      99     0.61320473E-01
-0.17200001E+02    -0.99157012E+00     0.35482895E-01     0.15000000E+02    -0.10703698E+00     0.60177284E+00     0.10367246E-01     0.31779639E-01      99     0.61320473E-01
-0.17100000E+02    -0.98691618E+00     0.35012506E-01     0.15000000E+02    -0.10725247E+00     0.60019267E+00     0.10431333E-01     0.31298611E-01      99     0.61320473E-01
-0.17000002E+02    -0.98239070E+00     0.34530021E-01     0.15000000E+02    -0.10747705E+00     0.59843856E+00     0.10491922E-01     0.30805992E-01      99     0.61320473E-01
-0.16900000E+02    -0.97834313E+00     0.34009241E-01     0.15000000E+02    -0.10773341E+00     0.59710717E+00     0.10550563E-01     0.30275213E-01      99     0.61320473E-01
-0.16800001E+02    -0.97578251E+00     0.33364240E-01     0.15000000E+02    -0.10807487E+00     0.59585148E+00     0.10648197E-01     0.29619394E-01      99     0.61320473E-01
-0.16700001E+02    -0.97095567E+00     0.32914218E-01     0.15000000E+02    -0.10828568E+00     0.59459102E+00     0.10667485E-01     0.29160509E-01      99     0.61320473E-01
-0.16600000E+02    -0.96619362E+00     0.32470495E-01     0.15000000E+02    -0.10847072E+00     0.59326190E+00     0.10740491E-01     0.28709253E-01      99     0.61320473E-01
-0.16500000E+02    -0.96126795E+00     0.32035060E-01     0.15000000E+02    -0.10866541E+00     0.59195656E+00     0.10788987E-01     0.28265135E-01      99     0.61320473E-01
-0.16400002E+02    -0.95713800E+00     0.31545747E-01     0.15000000E+02    -0.10889217E+00     0.58897239E+00     0.10871256E-01     0.27760930E-01      99     0.61320473E-01
-0.16300001E+02    -0.95394117E+00     0.30973885E-01     0.15000000E+02    -0.10918572E+00     0.58740437E+00     0.10923577E-01     0.27176492E-01      99     0.61320473E-01
-0.16200001E+02    -0.94925958E+00     0.30525954E-01     0.15000000E+02    -0.10938941E+00     0.58624250E+00     0.10978969E-01     0.26721349E-01      99     0.61320473E-01
-0.16100000E+02    -0.94389236E+00     0.30136457E-01     0.15000000E+02    -0.10955078E+00     0.58506328E+00     0.11013255E-01     0.26324214E-01     100     0.54487012E-01
-0.16000002E+02    -0.93884766E+00     0.29726831E-01     0.15000000E+02    -0.10971547E+00     0.58385527E+00     0.11078081E-01     0.25908021E-01     100     0.54487012E-01
-0.15900001E+02    -0.93411595E+00     0.29293822E-01     0.15000000E+02    -0.10990445E+00     0.58265293E+00     0.11165326E-01     0.25467589E-01     100     0.54487012E-01
-0.15800000E+02    -0.93024737E+00     0.28789893E-01     0.15000000E+02    -0.11015162E+00     0.58143497E+00     0.11223820E-01     0.24952907E-01     100     0.54487012E-01
-0.15700001E+02    -0.92579746E+00     0.28337510E-01     0.15000000E+02    -0.11036906E+00     0.58015490E+00     0.11263794E-01     0.24489667E-01     100     0.54487012E-01
-0.15600002E+02    -0.92026776E+00     0.27976193E-01     0.15000000E+02    -0.11050802E+00     0.57875502E+00     0.11340227E-01     0.24120361E-01     100     0.54487012E-01
-0.15500001E+02    -0.91471714E+00     0.27615955E-01     0.15000000E+02    -0.11065625E+00     0.57602870E+00     0.11399525E-01     0.23749458E-01     100     0.54487012E-01
-0.15400001E+02    -0.90943706E+00     0.27234878E-01     0.15000000E+02    -0.11081524E+00     0.57490170E+00     0.11474437E-01     0.23362014E-01     100     0.54487012E-01
-0.15300001E+02    -0.90471548E+00     0.26809478E-01     0.15000000E+02    -0.11101209E+00     0.57380915E+00     0.11519441E-01     0.22928234E-01     100     0.54487012E-01
-0.15200001E+02    -0.90070468E+00     0.26337473E-01     0.15000000E+02    -0.11124397E+00     0.57271492E+00     0.11576455E-01     0.22446398E-01     100     0.54487012E-01
-0.15100001E+02    -0.89485276E+00     0.26004691E-01     0.15000000E+02    -0.11137968E+00     0.57154542E+00     0.11609985E-01     0.22106338E-01     100     0.54487012E-01
-0.15000001E+02    -0.88892084E+00     0.25679801E-01     0.15000000E+02    -0.11150889E+00     0.57031524E+00     0.11675131E-01     0.21773696E-01     100     0.54487012E-01
-0.14900000E+02    -0.88303763E+00     0.25347142E-01     0.15000000E+02    -0.11165307E+00     0.56903958E+00     0.11711139E-01     0.21432217E-01     100     0.54487012E-01
-0.14800000E+02    -0.87764323E+00     0.24987416E-01     0.15000000E+02    -0.11181834E+00     0.56771845E+00     0.11739353E-01     0.21063365E-01     100     0.54487012E-01
-0.14700002E+02    -0.87312174E+00     0.24564037E-01     0.15000000E+02    -0.11203540E+00     0.56631607E+00     0.11769206E-01     0.20628426E-01     101     0.47999002E-01
-0.14600000E+02    -0.86763662E+00     0.24214383E-01     0.15000000E+02    -0.11219146E+00     0.56532663E+00     0.11781896E-01     0.20272011E-01     101     0.47999002E-01
-0.14500000E+02    -0.86186105E+00     0.23894422E-01     0.15000000E+02    -0.11230610E+00     0.56428683E+00     0.11988997E-01     0.19945035E-01     101     0.47999002E-01
-0.14400001E+02    -0.85595572E+00     0.23578033E-01     0.15000000E+02    -0.11243556E+00     0.56324071E+00     0.11907023E-01     0.19621298E-01     101     0.47999002E-01
-0.14300001E+02    -0.85116410E+00     0.23200296E-01     0.15000000E+02    -0.11257506E+00     0.56218535E+00     0.12179211E-01     0.19238573E-01     101     0.47999002E-01
-0.14200001E+02    -0.84685004E+00     0.22788307E-01     0.15000000E+02    -0.11277583E+00     0.56111997E+00     0.12243849E-01     0.18817060E-01     101     0.47999002E-01
-0.14100001E+02    -0.84139419E+00     0.22447638E-01     0.15000000E+02    -0.11293412E+00     0.56007034E+00     0.12210040E-01     0.18466901E-01     101     0.47999002E-01
-0.14000001E+02    -0.83594161E+00     0.22122886E-01     0.15000000E+02    -0.11304662E+00     0.55888206E+00     0.12430657E-01     0.18137470E-01     101     0.47999002E-01
-0.13900002E+02    -0.83009255E+00     0.21824224E-01     0.15000000E+02    -0.11317136E+00     0.55624366E+00     0.12527426E-01     0.17828196E-01     101     0.47999002E-01
-0.13800001E+02    -0.82489932E+00     0.21475626E-01     0.15000000E+02    -0.11332596E+00     0.55527556E+00     0.12646209E-01     0.17474853E-01     101     0.47999002E-01
-0.13700001E+02    -0.82068390E+00     0.21064391E-01     0.15000000E+02    -0.11354060E+00     0.55433291E+00     0.12723939E-01     0.17056435E-01     101     0.47999002E-01
-0.13600001E+02    -0.81519353E+00     0.20734863E-01     0.15000000E+02    -0.11369579E+00     0.55335355E+00     0.12853807E-01     0.16723005E-01     101     0.47999002E-01
-0.13500001E+02    -0.80907983E+00     0.20442814E-01     0.15000000E+02    -0.11383088E+00     0.55238330E+00     0.12924683E-01     0.16426865E-01     101     0.47999002E-01
-0.13400001E+02    -0.80310464E+00     0.20141063E-01     0.15000000E+02    -0.11398946E+00     0.55136722E+00     0.12997687E-01     0.16118964E-01     102     0.41903831E-01
-0.13300000E+02    -0.79792333E+00     0.19781800E-01     0.15000000E+02    -0.11420054E+00     0.55039406E+00     0.13098054E-01     0.15753921E-01     102     0.41903831E-01
-0.13200001E+02    -0.79300946E+00     0.19400533E-01     0.15000000E+02    -0.11445314E+00     0.54931736E+00     0.13178443E-01     0.15364129E-01     102     0.41903831E-01
-0.13100000E+02    -0.78641462E+00     0.19121993E-01     0.15000000E+02    -0.11462888E+00     0.54820418E+00     0.13233900E-01     0.15079609E-01     102     0.41903831E-01
-0.13000001E+02    -0.77986979E+00     0.18833444E-01     0.15000000E+02    -0.11482053E+00     0.54700804E+00     0.13321267E-01     0.14785629E-01     102     0.41903831E-01
-0.12900001E+02    -0.77372378E+00     0.18512018E-01     0.15000000E+02    -0.11505008E+00     0.54571241E+00     0.13446040E-01     0.14459053E-01     102     0.41903831E-01
-0.12800001E+02    -0.76811087E+00     0.18135877E-01     0.15000000E+02    -0.11535479E+00     0.54485571E+00     0.13512221E-01     0.14076372E-01     102     0.41903831E-01
-0.12700001E+02    -0.76193494E+00     0.17822791E-01     0.15000000E+02    -0.11553603E+00     0.54392952E+00     0.13622291E-01     0.13759222E-01     102     0.41903831E-01
-0.12600001E+02    -0.75819886E+00     0.17565416E-01     0.15000000E+02    -0.11525661E+00     0.54305041E+00     0.13665831E-01     0.13496807E-01     102     0.41903831E-01
-0.12500001E+02    -0.75167084E+00     0.17288314E-01     0.15000000E+02    -0.11554273E+00     0.54116374E+00     0.13799815E-01     0.13211597E-01     102     0.41903831E-01
-0.12400002E+02    -0.74274975E+00     0.16964152E-01     0.15000000E+02    -0.11632176E+00     0.54013371E+00     0.13858382E-01     0.12879087E-01     102     0.41903831E-01
-0.12300001E+02    -0.73310989E+00     0.16676812E-01     0.15000000E+02    -0.11709741E+00     0.53909725E+00     0.13952029E-01     0.12584113E-01     102     0.41903831E-01
-0.12200001E+02    -0.72288442E+00     0.16443275E-01     0.15000000E+02    -0.11777080E+00     0.53797895E+00     0.14023559E-01     0.12344033E-01     102     0.41903831E-01
-0.12100001E+02    -0.71228153E+00     0.16210694E-01     0.15000000E+02    -0.11850414E+00     0.53675216E+00     0.14072619E-01     0.12103537E-01     103     0.36247686E-01
-0.12000000E+02    -0.70163363E+00     0.15935536E-01     0.15000000E+02    -0.11938483E+00     0.53546977E+00     0.14214097E-01     0.11819511E-01     103     0.36247686E-01
-0.11900001E+02    -0.69049984E+00     0.15618731E-01     0.15000000E+02    -0.12048981E+00     0.53454173E+00     0.14381453E-01     0.11496836E-01     103     0.36247686E-01
-0.11800000E+02    -0.67913008E+00     0.15343418E-01     0.15000000E+02    -0.12148257E+00     0.53364801E+00     0.14554208E-01     0.11217609E-01     103     0.36247686E-01
-0.11700001E+02    -0.66740978E+00     0.15100265E-01     0.15000000E+02    -0.12242444E+00     0.53270882E+00     0.14737789E-01     0.10971339E-01     103     0.36247686E-01
-0.11600000E+02    -0.65534776E+00     0.14823609E-01     0.15000000E+02    -0.12354399E+00     0.53175241E+00     0.15096960E-01     0.10693409E-01     103     0.36247686E-01
-0.11500001E+02    -0.64304709E+00     0.14539973E-01     0.15000000E+02    -0.12472009E+00     0.53077972E+00     0.15276605E-01     0.10405350E-01     103     0.36247686E-01
-0.11400001E+02    -0.63030297E+00     0.14255960E-01     0.15000000E+02    -0.12598714E+00     0.52976698E+00     0.15424183E-01     0.10115324E-01     103     0.36247686E-01
-0.11300001E+02    -0.61760879E+00     0.14026283E-01     0.15000000E+02    -0.12706904E+00     0.52774727E+00     0.15599946E-01     0.98776501E-02     103     0.36247686E-01
-0.11200001E+02    -0.60472411E+00     0.13794861E-01     0.15000000E+02    -0.12816800E+00     0.52657533E+00     0.15768062E-01     0.96409786E-02     104     0.31069152E-01
-0.11100001E+02    -0.59147573E+00     0.13557334E-01     0.15000000E+02    -0.12935892E+00     0.52531922E+00     0.15918298E-01     0.93979985E-02     104     0.31069152E-01
-0.11000001E+02    -0.57779634E+00     0.13295193E-01     0.15000000E+02    -0.13069668E+00     0.52441394E+00     0.16105767E-01     0.91314428E-02     104     0.31069152E-01
-0.10900001E+02    -0.56427389E+00     0.13070848E-01     0.15000000E+02    -0.13187438E+00     0.52354509E+00     0.16286684E-01     0.89035518E-02     104     0.31069152E-01
-0.10800001E+02    -0.55075157E+00     0.12873768E-01     0.15000000E+02    -0.13296069E+00     0.52263045E+00     0.16438942E-01     0.87028714E-02     104     0.31069152E-01
-0.10700001E+02    -0.53704381E+00     0.12677311E-01     0.15000000E+02    -0.13408172E+00     0.52171850E+00     0.16567403E-01     0.85015725E-02     104     0.31069152E-01
-0.10600001E+02    -0.52319127E+00     0.12477945E-01     0.15000000E+02    -0.13524118E+00     0.52078646E+00     0.16649336E-01     0.82956534E-02     104     0.31069152E-01
-0.10500001E+02    -0.50886297E+00     0.12245321E-01     0.15000000E+02    -0.13659200E+00     0.51983130E+00     0.16863769E-01     0.80541708E-02     104     0.31069152E-01
-0.10400002E+02    -0.49464750E+00     0.12044154E-01     0.15000000E+02    -0.13782246E+00     0.51885462E+00     0.17128889E-01     0.78478670E-02     104     0.31069152E-01
-0.10300000E+02    -0.48029435E+00     0.11842969E-01     0.15000000E+02    -0.13907579E+00     0.51781660E+00     0.17397501E-01     0.76404102E-02     105     0.26392410E-01
-0.10200001E+02    -0.46558246E+00     0.11622444E-01     0.15000000E+02    -0.14045355E+00     0.51670301E+00     0.17666774E-01     0.74142553E-02     105     0.26392410E-01
-0.10100000E+02    -0.45065096E+00     0.11402588E-01     0.15000000E+02    -0.14188147E+00     0.51460385E+00     0.17931376E-01     0.71869730E-02     105     0.26392410E-01
-0.10000001E+02    -0.43589017E+00     0.11205431E-01     0.15000000E+02    -0.14318046E+00     0.51378429E+00     0.18176898E-01     0.69882236E-02     105     0.26392410E-01
-0.99000006E+01    -0.42097718E+00     0.11004196E-01     0.15000000E+02    -0.14451857E+00     0.51295370E+00     0.18402638E-01     0.67841099E-02     105     0.26392410E-01
-0.98000011E+01    -0.40569380E+00     0.10790437E-01     0.15000000E+02    -0.14596973E+00     0.51206988E+00     0.18666063E-01     0.65661771E-02     105     0.26392410E-01
-0.97000008E+01    -0.39080775E+00     0.10610270E-01     0.15000000E+02    -0.14723873E+00     0.51118135E+00     0.18916856E-01     0.63819215E-02     105     0.26392410E-01
-0.96000013E+01    -0.37598974E+00     0.10440762E-01     0.15000000E+02    -0.14846179E+00     0.51029068E+00     0.19118562E-01     0.62064077E-02     106     0.22223158E-01
-0.95000010E+01    -0.36093482E+00     0.10263672E-01     0.15000000E+02    -0.14975704E+00     0.50936097E+00     0.19338911E-01     0.60225111E-02     106     0.22223158E-01
-0.94000006E+01    -0.34619263E+00     0.10111509E-01     0.15000000E+02    -0.15091862E+00     0.50842243E+00     0.19627362E-01     0.58614048E-02     106     0.22223158E-01
-0.93000011E+01    -0.33107176E+00     0.99394172E-02     0.15000000E+02    -0.15220280E+00     0.50742078E+00     0.20006264E-01     0.56832000E-02     106     0.22223158E-01
-0.91999998E+01    -0.31566474E+00     0.97579760E-02     0.15000000E+02    -0.15356869E+00     0.50638026E+00     0.20362692E-01     0.54952409E-02     106     0.22223158E-01
-0.91000013E+01    -0.30043265E+00     0.95901834E-02     0.15000000E+02    -0.15485480E+00     0.50521487E+00     0.20694314E-01     0.53218394E-02     106     0.22223158E-01
-0.90000000E+01    -0.28503266E+00     0.94163418E-02     0.15000000E+02    -0.15618210E+00     0.50436115E+00     0.21030780E-01     0.51445942E-02     106     0.22223158E-01
-0.89000015E+01    -0.26948830E+00     0.92392424E-02     0.15000000E+02    -0.15755038E+00     0.50285822E+00     0.21357303E-01     0.49622534E-02     106     0.22223158E-01
-0.88000002E+01    -0.25417817E+00     0.90769818E-02     0.15000000E+02    -0.15882212E+00     0.50201941E+00     0.21690980E-01     0.47953548E-02     107     0.18548056E-01
-0.87000017E+01    -0.23883690E+00     0.89171762E-02     0.15000000E+02    -0.16009440E+00     0.50119257E+00     0.22017593E-01     0.46299878E-02     107     0.18548056E-01
-0.86000004E+01    -0.22381666E+00     0.87757343E-02     0.15000000E+02    -0.16125058E+00     0.50032759E+00     0.22326505E-01     0.44822870E-02     107     0.18548056E-01
-0.85000019E+01    -0.20881058E+00     0.86379973E-02     0.15000000E+02    -0.16239490E+00     0.49946398E+00     0.22616008E-01     0.43368507E-02     107     0.18548056E-01
-0.84000006E+01    -0.19418053E+00     0.85208705E-02     0.15000000E+02    -0.16340728E+00     0.49857539E+00     0.22816174E-01     0.42094360E-02     107     0.18548056E-01
-0.83000011E+01    -0.17881869E+00     0.83682472E-02     0.15000000E+02    -0.16465588E+00     0.49765098E+00     0.23536518E-01     0.40494045E-02     107     0.18548056E-01
-0.82000008E+01    -0.16387810E+00     0.82385577E-02     0.15000000E+02    -0.16575655E+00     0.49667460E+00     0.23759931E-01     0.39104940E-02     107     0.18548056E-01
-0.81000013E+01    -0.14833516E+00     0.80797421E-02     0.15000000E+02    -0.16704822E+00     0.49558741E+00     0.24481768E-01     0.37450176E-02     108     0.15338226E-01
-0.80000010E+01    -0.13344899E+00     0.79547921E-02     0.15000000E+02    -0.16811787E+00     0.49461368E+00     0.24641091E-01     0.36115437E-02     108     0.15338226E-01
-0.79000001E+01    -0.11796761E+00     0.78001800E-02     0.15000000E+02    -0.16937108E+00     0.49391645E+00     0.25297964E-01     0.34525436E-02     108     0.15338226E-01
-0.78000011E+01    -0.10346396E+00     0.76925149E-02     0.15000000E+02    -0.17030613E+00     0.49317318E+00     0.25662538E-01     0.33396888E-02     108     0.15338226E-01
-0.77000003E+01    -0.89677826E-01     0.76179388E-02     0.15000000E+02    -0.17101201E+00     0.49171841E+00     0.26077727E-01     0.32602637E-02     108     0.15338226E-01
-0.76000009E+01    -0.76260328E-01     0.75590778E-02     0.15000000E+02    -0.17159759E+00     0.49096176E+00     0.26402159E-01     0.31986716E-02     108     0.15338226E-01
-0.75000005E+01    -0.62873915E-01     0.75021121E-02     0.15000000E+02    -0.17217085E+00     0.49015749E+00     0.26782181E-01     0.31368076E-02     108     0.15338226E-01
-0.74000010E+01    -0.49422953E-01     0.74415277E-02     0.15000000E+02    -0.17276180E+00     0.48937187E+00     0.27275164E-01     0.30734818E-02     109     0.12555218E-01
-0.73000002E+01    -0.35994370E-01     0.73816488E-02     0.15000000E+02    -0.17334841E+00     0.48857313E+00     0.27875653E-01     0.30121398E-02     109     0.12555218E-01
-0.72000012E+01    -0.22589168E-01     0.73230923E-02     0.15000000E+02    -0.17392603E+00     0.48767111E+00     0.28365986E-01     0.29523391E-02     109     0.12555218E-01
-0.71000004E+01    -0.91178333E-02     0.72596893E-02     0.15000000E+02    -0.17452487E+00     0.48678550E+00     0.29064000E-01     0.28901617E-02     109     0.12555218E-01
-0.70000014E+01     0.40685111E-02     0.72127637E-02     0.15000000E+02    -0.17503019E+00     0.48583150E+00     0.29301390E-01     0.28407476E-02     109     0.12555218E-01
-0.69000006E+01     0.17349381E-01     0.71597188E-02     0.15000000E+02    -0.17556646E+00     0.48480678E+00     0.30014489E-01     0.27879816E-02     109     0.12555218E-01
-0.68000016E+01     0.30482214E-01     0.71138591E-02     0.15000000E+02    -0.17604978E+00     0.48416594E+00     0.30431893E-01     0.27426337E-02     109     0.12555218E-01
-0.67000008E+01     0.43564361E-01     0.70711290E-02     0.15000000E+02    -0.17651725E+00     0.48352212E+00     0.30834217E-01     0.26974357E-02     110     0.10156807E-01
-0.66000018E+01     0.56728110E-01     0.70237885E-02     0.15000000E+02    -0.17700912E+00     0.48282042E+00     0.31566184E-01     0.26509459E-02     110     0.10156807E-01
-0.65000010E+01     0.69852985E-01     0.69786268E-02     0.15000000E+02    -0.17749023E+00     0.48212430E+00     0.32135904E-01     0.26067807E-02     110     0.10156807E-01
-0.64000001E+01     0.83011203E-01     0.69317124E-02     0.15000000E+02    -0.17798018E+00     0.48140529E+00     0.32779239E-01     0.25617084E-02     110     0.10156807E-01
-0.63000011E+01     0.96087560E-01     0.68912623E-02     0.15000000E+02    -0.17845525E+00     0.47997054E+00     0.33370569E-01     0.25196578E-02     110     0.10156807E-01
-0.62000003E+01     0.10914835E+00     0.68506389E-02     0.15000000E+02    -0.17891866E+00     0.47922093E+00     0.33977035E-01     0.24792850E-02     110     0.10156807E-01
-0.61000009E+01     0.12218756E+00     0.68110786E-02     0.15000000E+02    -0.17937708E+00     0.47845218E+00     0.34847606E-01     0.24396866E-02     111     0.81014242E-02
-0.60000000E+01     0.13506490E+00     0.67817294E-02     0.15000000E+02    -0.17978542E+00     0.47761872E+00     0.35305485E-01     0.24063471E-02     111     0.81014242E-02
-0.59000010E+01     0.14801173E+00     0.67480970E-02     0.15000000E+02    -0.18021140E+00     0.47676826E+00     0.36027916E-01     0.23716441E-02     111     0.81014242E-02
-0.58000002E+01     0.16096090E+00     0.67138392E-02     0.15000000E+02    -0.18063864E+00     0.47586015E+00     0.36806922E-01     0.23374492E-02     111     0.81014242E-02
-0.57000012E+01     0.17394899E+00     0.66771074E-02     0.15000000E+02    -0.18107709E+00     0.47492510E+00     0.37605438E-01     0.23024254E-02     111     0.81014242E-02
-0.56000004E+01     0.18694752E+00     0.66382326E-02     0.15000000E+02    -0.18151402E+00     0.47431016E+00     0.38275238E-01     0.22675651E-02     111     0.81014242E-02
-0.55000014E+01     0.19992329E+00     0.66006244E-02     0.15000000E+02    -0.18194614E+00     0.47366440E+00     0.39019801E-01     0.22330615E-02     112     0.63508647E-02
-0.54000006E+01     0.21277981E+00     0.65715755E-02     0.15000000E+02    -0.18234803E+00     0.47238958E+00     0.39639384E-01     0.22037337E-02     112     0.63508647E-02
-0.53000016E+01     0.22567825E+00     0.65381951E-02     0.15000000E+02    -0.18275405E+00     0.47234118E+00     0.40577061E-01     0.21729744E-02     112     0.63508647E-02
-0.52000008E+01     0.23849538E+00     0.65127080E-02     0.15000000E+02    -0.18314396E+00     0.47102699E+00     0.41556783E-01     0.21461523E-02     112     0.63508647E-02
-0.51000013E+01     0.25134522E+00     0.64841285E-02     0.15000000E+02    -0.18353987E+00     0.47031924E+00     0.42496581E-01     0.21189102E-02     112     0.63508647E-02
-0.50000010E+01     0.26422840E+00     0.64533986E-02     0.15000000E+02    -0.18394880E+00     0.46959135E+00     0.43467544E-01     0.20907633E-02     112     0.63508647E-02
-0.49000015E+01     0.27708951E+00     0.64242766E-02     0.15000000E+02    -0.18435149E+00     0.46886131E+00     0.44347797E-01     0.20637005E-02     112     0.63508647E-02
-0.48000007E+01     0.28988689E+00     0.63994681E-02     0.15000000E+02    -0.18473485E+00     0.46807110E+00     0.45187168E-01     0.20389836E-02     113     0.48715551E-02
-0.47000003E+01     0.30267215E+00     0.63748304E-02     0.15000000E+02    -0.18511650E+00     0.46731114E+00     0.46358537E-01     0.20155790E-02     113     0.48715551E-02
-0.46000009E+01     0.31540737E+00     0.63538700E-02     0.15000000E+02    -0.18548051E+00     0.46641901E+00     0.47406342E-01     0.19929968E-02     113     0.48715551E-02
-0.45000000E+01     0.32816139E+00     0.63312356E-02     0.15000000E+02    -0.18584964E+00     0.46556565E+00     0.48458148E-01     0.19714725E-02     113     0.48715551E-02
-0.44000010E+01     0.34096688E+00     0.63046166E-02     0.15000000E+02    -0.18623354E+00     0.46478221E+00     0.49575843E-01     0.19489806E-02     113     0.48715551E-02
-0.43000002E+01     0.35378599E+00     0.62760017E-02     0.15000000E+02    -0.18661940E+00     0.46423578E+00     0.50547373E-01     0.19253991E-02     114     0.36345050E-02
-0.42000012E+01     0.36655679E+00     0.62508294E-02     0.15000000E+02    -0.18699132E+00     0.46360958E+00     0.51501799E-01     0.19039894E-02     114     0.36345050E-02
-0.41000004E+01     0.37928456E+00     0.62285354E-02     0.15000000E+02    -0.18735278E+00     0.46296826E+00     0.52517314E-01     0.18845089E-02     114     0.36345050E-02
-0.40000014E+01     0.39193162E+00     0.62129511E-02     0.15000000E+02    -0.18769525E+00     0.46169865E+00     0.53544804E-01     0.18671206E-02     114     0.36345050E-02
-0.39000006E+01     0.40461576E+00     0.61942493E-02     0.15000000E+02    -0.18804474E+00     0.46105233E+00     0.54794453E-01     0.18501016E-02     114     0.36345050E-02
-0.38000014E+01     0.41733932E+00     0.61730035E-02     0.15000000E+02    -0.18840742E+00     0.46037728E+00     0.56240868E-01     0.18324689E-02     114     0.36345050E-02
-0.37000005E+01     0.43013254E+00     0.61469623E-02     0.15000000E+02    -0.18879376E+00     0.45968634E+00     0.58113243E-01     0.18126220E-02     115     0.26149573E-02
-0.36000016E+01     0.44279018E+00     0.61302879E-02     0.15000000E+02    -0.18914002E+00     0.45899746E+00     0.59290659E-01     0.17975681E-02     115     0.26149573E-02
-0.35000007E+01     0.45540485E+00     0.61163208E-02     0.15000000E+02    -0.18947563E+00     0.45825216E+00     0.60480684E-01     0.17829486E-02     115     0.26149573E-02
-0.34000015E+01     0.46801007E+00     0.61030774E-02     0.15000000E+02    -0.18980676E+00     0.45747656E+00     0.61900016E-01     0.17701858E-02     115     0.26149573E-02
-0.33000009E+01     0.48064464E+00     0.60876869E-02     0.15000000E+02    -0.19014660E+00     0.45665723E+00     0.63416839E-01     0.17570728E-02     115     0.26149573E-02
-0.32000017E+01     0.49332121E+00     0.60691312E-02     0.15000000E+02    -0.19049990E+00     0.45580384E+00     0.64938314E-01     0.17429930E-02     115     0.26149573E-02
-0.31000009E+01     0.50603861E+00     0.60474281E-02     0.15000000E+02    -0.19086489E+00     0.45501226E+00     0.67144714E-01     0.17281328E-02     116     0.17916226E-02
-0.30000000E+01     0.51866412E+00     0.60303644E-02     0.15000000E+02    -0.19120008E+00     0.45449951E+00     0.68508312E-01     0.17152526E-02     116     0.17916226E-02
-0.29000010E+01     0.53127319E+00     0.60151513E-02     0.15000000E+02    -0.19152828E+00     0.45392275E+00     0.70278734E-01     0.17029042E-02     116     0.17916226E-02
-0.28000002E+01     0.54391474E+00     0.59973951E-02     0.15000000E+02    -0.19187024E+00     0.45332706E+00     0.72209768E-01     0.16909549E-02     116     0.17916226E-02
-0.27000012E+01     0.55653328E+00     0.59826076E-02     0.15000000E+02    -0.19221060E+00     0.45210055E+00     0.73984489E-01     0.16802107E-02     116     0.17916226E-02
-0.26000004E+01     0.56918579E+00     0.59643211E-02     0.15000000E+02    -0.19256067E+00     0.45146418E+00     0.76621741E-01     0.16685086E-02     117     0.11454731E-02
-0.25000012E+01     0.58173579E+00     0.59532048E-02     0.15000000E+02    -0.19287995E+00     0.45082822E+00     0.78786120E-01     0.16596266E-02     117     0.11454731E-02
-0.24000003E+01     0.59431678E+00     0.59402450E-02     0.15000000E+02    -0.19320941E+00     0.45017144E+00     0.81105947E-01     0.16512782E-02     117     0.11454731E-02
-0.23000014E+01     0.60690832E+00     0.59266873E-02     0.15000000E+02    -0.19354464E+00     0.44946545E+00     0.83228305E-01     0.16427962E-02     117     0.11454731E-02
-0.22000005E+01     0.61945164E+00     0.59161549E-02     0.15000000E+02    -0.19386704E+00     0.44879869E+00     0.85234277E-01     0.16355952E-02     117     0.11454731E-02
-0.21000013E+01     0.63195616E+00     0.59078005E-02     0.15000000E+02    -0.19417985E+00     0.44810438E+00     0.87587290E-01     0.16292958E-02     118     0.65983500E-03
-0.20000007E+01     0.64449197E+00     0.58979997E-02     0.15000000E+02    -0.19449897E+00     0.44727764E+00     0.90388574E-01     0.16234079E-02     118     0.65983500E-03
-0.19000015E+01     0.65716100E+00     0.58781896E-02     0.15000000E+02    -0.19485964E+00     0.44649312E+00     0.94609857E-01     0.16144980E-02     118     0.65983500E-03
-0.18000008E+01     0.66966110E+00     0.58697560E-02     0.15000000E+02    -0.19517115E+00     0.44566625E+00     0.97255409E-01     0.16096956E-02     118     0.65983500E-03
-0.17000016E+01     0.68224919E+00     0.58543049E-02     0.15000000E+02    -0.19550543E+00     0.44504488E+00     0.10103196E+00     0.16032937E-02     118     0.65983500E-03
-0.16000009E+01     0.69485974E+00     0.58368421E-02     0.15000000E+02    -0.19584483E+00     0.44454482E+00     0.10425874E+00     0.15955353E-02     119     0.32014173E-03
-0.15000000E+01     0.70748490E+00     0.58190557E-02     0.15000000E+02    -0.19619435E+00     0.44342929E+00     0.11073136E+00     0.15891837E-02     119     0.32014173E-03
-0.14000009E+01     0.72010052E+00     0.58014942E-02     0.15000000E+02    -0.19654064E+00     0.44283369E+00     0.11497422E+00     0.15825476E-02     119     0.32014173E-03
-0.13000002E+01     0.73263544E+00     0.57895090E-02     0.15000000E+02    -0.19686469E+00     0.44218028E+00     0.11988112E+00     0.15790337E-02     119     0.32014173E-03
-0.12000011E+01     0.74526525E+00     0.57709883E-02     0.15000000E+02    -0.19721667E+00     0.44158122E+00     0.12540206E+00     0.15730145E-02     119     0.32014173E-03
-0.11000003E+01     0.75785327E+00     0.57554478E-02     0.15000000E+02    -0.19755827E+00     0.44095403E+00     0.13222766E+00     0.15696092E-02     120     0.10680849E-03
-0.10000012E+01     0.77049094E+00     0.57365121E-02     0.15000000E+02    -0.19791722E+00     0.44030598E+00     0.13976222E+00     0.15656995E-02     120     0.10680849E-03
-0.90000039E+00     0.78322339E+00     0.57108491E-02     0.15000000E+02    -0.19830556E+00     0.43966132E+00     0.15032256E+00     0.15583844E-02     120     0.10680849E-03
-0.80000126E+00     0.80420250E+00     0.50807819E-02     0.15000000E+02    -0.20115086E+00     0.43892953E+00     0.34581408E+00     0.13458342E-02     120     0.10680849E-03
-0.70000046E+00     0.81776154E+00     0.49858275E-02     0.15000000E+02    -0.20179449E+00     0.43819433E+00     0.37667084E+00     0.13197309E-02     120     0.10680849E-03
-0.60000139E+00     0.83041191E+00     0.49621495E-02     0.15000000E+02    -0.20216300E+00     0.43746382E+00     0.38741127E+00     0.13163476E-02     121     0.68437912E-05
-0.50000060E+00     0.84286577E+00     0.49549071E-02     0.15000000E+02    -0.20248134E+00     0.43591911E+00     0.39557070E+00     0.13183022E-02     121     0.68437912E-05
-0.40000150E+00     0.85552591E+00     0.49289572E-02     0.15000000E+02    -0.20284931E+00     0.43535298E+00     0.40678728E+00     0.13179928E-02     121     0.68437912E-05
-0.30000070E+00     0.86793453E+00     0.49231318E-02     0.15000000E+02    -0.20314068E+00     0.43483931E+00     0.41075662E+00     0.13207833E-02     121     0.68437912E-05
-0.20000160E+00     0.88024682E+00     0.49247565E-02     0.15000000E+02    -0.20340507E+00     0.43427277E+00     0.41427293E+00     0.13263870E-02     121     0.68437912E-05
-0.10000080E+00     0.89256167E+00     0.49264692E-02     0.15000000E+02    -0.20367138E+00     0.43373027E+00     0.41741702E+00     0.13334043E-02     122     0.29858100E-04
 0.00000000E+00     0.90492135E+00     0.49240226E-02     0.15000000E+02    -0.20395462E+00     0.43311083E+00     0.42173651E+00     0.13390621E-02     122     0.29858100E-04
 0.99999093E-01     0.91715133E+00     0.49319756E-02     0.15000000E+02    -0.20419995E+00     0.43252870E+00     0.42393082E+00     0.13476643E-02     122     0.29858100E-04
 0.19999990E+00     0.92948353E+00     0.49312906E-02     0.15000000E+02    -0.20447890E+00     0.43192962E+00     0.42870024E+00     0.13556594E-02     122     0.29858100E-04
 0.29999900E+00     0.94169158E+00     0.49403775E-02     0.15000000E+02    -0.20472327E+00     0.43133736E+00     0.43022287E+00     0.13652183E-02     122     0.29858100E-04
 0.39999980E+00     0.95389098E+00     0.49501010E-02     0.15000000E+02    -0.20496559E+00     0.43072850E+00     0.43253115E+00     0.13758282E-02     123     0.20689871E-03
 0.49999887E+00     0.96595305E+00     0.49714060E-02     0.15000000E+02    -0.20518088E+00     0.42948434E+00     0.43387434E+00     0.13906953E-02     123     0.20689871E-03
 0.59999967E+00     0.97821283E+00     0.49753445E-02     0.15000000E+02    -0.20544653E+00     0.42881802E+00     0.43846551E+00     0.14013599E-02     123     0.20689871E-03
 0.69999880E+00     0.99035954E+00     0.49882876E-02     0.15000000E+02    -0.20567915E+00     0.42810380E+00     0.43956745E+00     0.14132787E-02     123     0.20689871E-03
 0.79999959E+00     0.10024977E+01     0.50015915E-02     0.15000000E+02    -0.20590980E+00     0.42735699E+00     0.44059402E+00     0.14252111E-02     123     0.20689871E-03
 0.89999866E+00     0.10146220E+01     0.50154952E-02     0.15000000E+02    -0.20613763E+00     0.42656600E+00     0.44158429E+00     0.14375332E-02     124     0.56264474E-03
 0.99999946E+00     0.10267507E+01     0.50283144E-02     0.15000000E+02    -0.20636608E+00     0.42587233E+00     0.44255310E+00     0.14499230E-02     124     0.56264474E-03
 0.10999986E+01     0.10389256E+01     0.50364095E-02     0.15000000E+02    -0.20660345E+00     0.42539629E+00     0.44484472E+00     0.14598540E-02     124     0.56264474E-03
 0.11999993E+01     0.10511310E+01     0.50420975E-02     0.15000000E+02    -0.20685290E+00     0.42486677E+00     0.44702759E+00     0.14700973E-02     124     0.56264474E-03
 0.12999984E+01     0.10632797E+01     0.50520725E-02     0.15000000E+02    -0.20708781E+00     0.42432529E+00     0.44790843E+00     0.14813172E-02     124     0.56264474E-03
 0.13999993E+01     0.10754135E+01     0.50629042E-02     0.15000000E+02    -0.20732085E+00     0.42375615E+00     0.44870934E+00     0.14932954E-02     125     0.10895970E-02
 0.14999983E+01     0.10875659E+01     0.50716628E-02     0.15000000E+02    -0.20756172E+00     0.42317602E+00     0.45077837E+00     0.15057980E-02     125     0.10895970E-02
 0.15999992E+01     0.10996032E+01     0.50895857E-02     0.15000000E+02    -0.20777978E+00     0.42204291E+00     0.45238492E+00     0.15217212E-02     125     0.10895970E-02
 0.16999999E+01     0.11116568E+01     0.51058913E-02     0.15000000E+02    -0.20799735E+00     0.42143631E+00     0.45297790E+00     0.15359591E-02     125     0.10895970E-02
 0.17999990E+01     0.11236868E+01     0.51234150E-02     0.15000000E+02    -0.20821124E+00     0.42081463E+00     0.45357221E+00     0.15509378E-02     125     0.10895970E-02
 0.18999999E+01     0.11357539E+01     0.51374864E-02     0.15000000E+02    -0.20843808E+00     0.42018133E+00     0.45634225E+00     0.15663288E-02     126     0.17883774E-02
 0.19999989E+01     0.11477814E+01     0.51546204E-02     0.15000000E+02    -0.20865497E+00     0.41954011E+00     0.45705739E+00     0.15820083E-02     126     0.17883774E-02
 0.20999997E+01     0.11598972E+01     0.51640347E-02     0.15000000E+02    -0.20889995E+00     0.41882381E+00     0.46063459E+00     0.15986369E-02     126     0.17883774E-02
 0.21999989E+01     0.11719065E+01     0.51816506E-02     0.15000000E+02    -0.20911288E+00     0.41812891E+00     0.46113274E+00     0.16144866E-02     126     0.17883774E-02
 0.22999997E+01     0.11839137E+01     0.51989667E-02     0.15000000E+02    -0.20932718E+00     0.41734889E+00     0.46200162E+00     0.16305645E-02     126     0.17883774E-02
 0.23999987E+01     0.11958758E+01     0.52192751E-02     0.15000000E+02    -0.20953228E+00     0.41608262E+00     0.46247542E+00     0.16481783E-02     126     0.17883774E-02
 0.24999995E+01     0.12079204E+01     0.52318331E-02     0.15000000E+02    -0.20975263E+00     0.41558364E+00     0.46294641E+00     0.16618620E-02     127     0.26592987E-02
 0.25999987E+01     0.12199434E+01     0.52458309E-02     0.15000000E+02    -0.20996960E+00     0.41505006E+00     0.46340796E+00     0.16760379E-02     127     0.26592987E-02
 0.26999993E+01     0.12319449E+01     0.52609872E-02     0.15000000E+02    -0.21018249E+00     0.41449115E+00     0.46382403E+00     0.16908750E-02     127     0.26592987E-02
 0.27999985E+01     0.12439275E+01     0.52772094E-02     0.15000000E+02    -0.21039206E+00     0.41393322E+00     0.46417886E+00     0.17063746E-02     127     0.26592987E-02
 0.28999994E+01     0.12559013E+01     0.52937767E-02     0.15000000E+02    -0.21060236E+00     0.41333875E+00     0.46466866E+00     0.17213961E-02     127     0.26592987E-02
 0.29999983E+01     0.12678822E+01     0.53094067E-02     0.15000000E+02    -0.21081761E+00     0.41276357E+00     0.46540189E+00     0.17382556E-02     128     0.37040592E-02
 0.30999992E+01     0.12797550E+01     0.53336639E-02     0.15000000E+02    -0.21101351E+00     0.41160733E+00     0.46610513E+00     0.17591987E-02     128     0.37040592E-02
 0.31999984E+01     0.12916847E+01     0.53523481E-02     0.15000000E+02    -0.21122007E+00     0.41100278E+00     0.46679282E+00     0.17775956E-02     128     0.37040592E-02
 0.32999990E+01     0.13035976E+01     0.53721583E-02     0.15000000E+02    -0.21142401E+00     0.41035503E+00     0.46747220E+00     0.17967904E-02     128     0.37040592E-02
 0.33999999E+01     0.13154964E+01     0.53922026E-02     0.15000000E+02    -0.21162672E+00     0.40969390E+00     0.46807140E+00     0.18161733E-02     128     0.37040592E-02
 0.34999990E+01     0.13273922E+01     0.54120100E-02     0.15000000E+02    -0.21182929E+00     0.40898031E+00     0.46864915E+00     0.18359441E-02     129     0.49269553E-02
 0.35999999E+01     0.13392810E+01     0.54317284E-02     0.15000000E+02    -0.21203068E+00     0.40824598E+00     0.46921766E+00     0.18553950E-02     129     0.49269553E-02
 0.36999989E+01     0.13511640E+01     0.54515116E-02     0.15000000E+02    -0.21223135E+00     0.40748885E+00     0.46977806E+00     0.18751170E-02     129     0.49269553E-02
 0.37999997E+01     0.13630375E+01     0.54711774E-02     0.15000000E+02    -0.21243115E+00     0.40632328E+00     0.47033444E+00     0.18948626E-02     129     0.49269553E-02
 0.38999987E+01     0.13749672E+01     0.54856949E-02     0.15000000E+02    -0.21264082E+00     0.40579444E+00     0.47086579E+00     0.19116672E-02     129     0.49269553E-02
 0.39999995E+01     0.13868752E+01     0.55014333E-02     0.15000000E+02    -0.21284726E+00     0.40525132E+00     0.47141349E+00     0.19292785E-02     129     0.49269553E-02
 0.40999985E+01     0.13987670E+01     0.55178599E-02     0.15000000E+02    -0.21305171E+00     0.40467945E+00     0.47231445E+00     0.19483336E-02     130     0.63347779E-02
 0.41999993E+01     0.14106327E+01     0.55358890E-02     0.15000000E+02    -0.21325113E+00     0.40410653E+00     0.47283590E+00     0.19673947E-02     130     0.63347779E-02
 0.42999988E+01     0.14223841E+01     0.55619995E-02     0.15000000E+02    -0.21343167E+00     0.40294954E+00     0.47331989E+00     0.19907700E-02     130     0.63347779E-02
 0.43999991E+01     0.14341875E+01     0.55835457E-02     0.15000000E+02    -0.21362056E+00     0.40235364E+00     0.47378424E+00     0.20119040E-02     130     0.63347779E-02
 0.44999986E+01     0.14454198E+01     0.56488402E-02     0.15000000E+02    -0.21371023E+00     0.39892352E+00     0.47416428E+00     0.20564757E-02     130     0.63347779E-02
 0.45999994E+01     0.14567084E+01     0.57081780E-02     0.15000000E+02    -0.21381138E+00     0.39397261E+00     0.47463524E+00     0.20962083E-02     130     0.63347779E-02
 0.47000003E+01     0.14678833E+01     0.57763290E-02     0.15000000E+02    -0.21389538E+00     0.39027527E+00     0.47541857E+00     0.21453539E-02     131     0.79378914E-02
 0.47999973E+01     0.14787571E+01     0.58659678E-02     0.15000000E+02    -0.21392754E+00     0.38335595E+00     0.47614178E+00     0.22051425E-02     131     0.79378914E-02
 0.48999982E+01     0.14904082E+01     0.58954409E-02     0.15000000E+02    -0.21409543E+00     0.38232106E+00     0.47688684E+00     0.22330708E-02     131     0.79378914E-02
 0.49999990E+01     0.15016596E+01     0.59545487E-02     0.15000000E+02    -0.21419500E+00     0.37942675E+00     0.47753477E+00     0.22783321E-02     131     0.79378914E-02
 0.50999999E+01     0.15119708E+01     0.60832389E-02     0.15000000E+02    -0.21412957E+00     0.37069559E+00     0.47815964E+00     0.23634972E-02     131     0.79378914E-02
 0.52000008E+01     0.15226598E+01     0.61822007E-02     0.15000000E+02    -0.21413118E+00     0.36383578E+00     0.47876331E+00     0.24317510E-02     131     0.79378914E-02
 0.52999978E+01     0.15328808E+01     0.63146632E-02     0.15000000E+02    -0.21405147E+00     0.35534316E+00     0.47934353E+00     0.25218732E-02     132     0.97505655E-02
 0.53999987E+01     0.15441694E+01     0.63658995E-02     0.15000000E+02    -0.21415858E+00     0.35328332E+00     0.47992316E+00     0.25652638E-02     132     0.97505655E-02
 0.54999995E+01     0.15537691E+01     0.65406179E-02     0.15000000E+02    -0.21397014E+00     0.34271133E+00     0.48047665E+00     0.26837529E-02     132     0.97505655E-02
 0.56000004E+01     0.15628855E+01     0.67481939E-02     0.15000000E+02    -0.21369827E+00     0.32960546E+00     0.48102129E+00     0.28200685E-02     132     0.97505655E-02
 0.56999979E+01     0.15720422E+01     0.69497786E-02     0.15000000E+02    -0.21343328E+00     0.31762591E+00     0.48155934E+00     0.29603397E-02     132     0.97505655E-02
 0.57999988E+01     0.15802712E+01     0.72143506E-02     0.15000000E+02    -0.21300690E+00     0.30253124E+00     0.48248774E+00     0.31389664E-02     132     0.97505655E-02
 0.58999996E+01     0.15904515E+01     0.73356866E-02     0.15000000E+02    -0.21292084E+00     0.29663676E+00     0.48300529E+00     0.32349378E-02     133     0.11791578E-01
 0.60000000E+01     0.16005316E+01     0.74621812E-02     0.15000000E+02    -0.21281706E+00     0.28986043E+00     0.48349807E+00     0.33266568E-02     133     0.11791578E-01
 0.60999975E+01     0.16102520E+01     0.76114503E-02     0.15000000E+02    -0.21265078E+00     0.28241995E+00     0.48395017E+00     0.34346702E-02     133     0.11791578E-01
 0.61999984E+01     0.16159256E+01     0.80357986E-02     0.15000000E+02    -0.21177682E+00     0.25939548E+00     0.48431516E+00     0.37328443E-02     133     0.11791578E-01
 0.62999992E+01     0.16248298E+01     0.82322471E-02     0.15000000E+02    -0.21146879E+00     0.24968010E+00     0.48490247E+00     0.38772351E-02     133     0.11791578E-01
 0.64000001E+01     0.16335311E+01     0.84382230E-02     0.15000000E+02    -0.21112747E+00     0.23938963E+00     0.48564327E+00     0.40222676E-02     133     0.11791578E-01
 0.65000010E+01     0.16420988E+01     0.86486060E-02     0.15000000E+02    -0.21076255E+00     0.22895451E+00     0.48638013E+00     0.41800784E-02     133     0.11791578E-01
 0.65999980E+01     0.16503997E+01     0.88714156E-02     0.15000000E+02    -0.21035071E+00     0.21804674E+00     0.48706520E+00     0.43489691E-02     134     0.14084773E-01
 0.66999989E+01     0.16584935E+01     0.91022532E-02     0.15000000E+02    -0.20990352E+00     0.20724556E+00     0.48773214E+00     0.45246035E-02     134     0.14084773E-01
 0.67999997E+01     0.16663727E+01     0.93409223E-02     0.15000000E+02    -0.20941825E+00     0.19654708E+00     0.48836136E+00     0.47070207E-02     134     0.14084773E-01
 0.69000006E+01     0.16703577E+01     0.98096067E-02     0.15000000E+02    -0.20824902E+00     0.17256829E+00     0.48888260E+00     0.50456561E-02     134     0.14084773E-01
 0.69999981E+01     0.16781548E+01     0.10036260E-01     0.15000000E+02    -0.20774902E+00     0.16288337E+00     0.48948380E+00     0.52225702E-02     134     0.14084773E-01
 0.70999990E+01     0.16858376E+01     0.10263271E-01     0.15000000E+02    -0.20722845E+00     0.15347563E+00     0.49006400E+00     0.54006930E-02     134     0.14084773E-01
 0.71999998E+01     0.16934742E+01     0.10486406E-01     0.15000000E+02    -0.20669930E+00     0.14449532E+00     0.49062291E+00     0.55770101E-02     134     0.14084773E-01
 0.73000002E+01     0.17011521E+01     0.10700388E-01     0.15000000E+02    -0.20617746E+00     0.13614267E+00     0.49117970E+00     0.57482393E-02     135     0.16660098E-01
 0.73999977E+01     0.17087408E+01     0.10913098E-01     0.15000000E+02    -0.20563962E+00     0.12809339E+00     0.49172488E+00     0.59191091E-02     135     0.16660098E-01
 0.74999986E+01     0.17162870E+01     0.11120864E-01     0.15000000E+02    -0.20509465E+00     0.12054881E+00     0.49228248E+00     0.60874973E-02     135     0.16660098E-01
 0.75999994E+01     0.17208587E+01     0.11475156E-01     0.15000000E+02    -0.20402351E+00     0.10634798E+00     0.49277860E+00     0.63646501E-02     135     0.16660098E-01
 0.77000003E+01     0.17282490E+01     0.11673829E-01     0.15000000E+02    -0.20345023E+00     0.10066440E+00     0.49328399E+00     0.65355413E-02     135     0.16660098E-01
 0.77999973E+01     0.17358335E+01     0.11856199E-01     0.15000000E+02    -0.20291118E+00     0.95117860E-01     0.49414140E+00     0.66894358E-02     135     0.16660098E-01
 0.78999982E+01     0.17431570E+01     0.12044682E-01     0.15000000E+02    -0.20232396E+00     0.89789949E-01     0.49454907E+00     0.68488750E-02     135     0.16660098E-01
 0.79999990E+01     0.17501996E+01     0.12239029E-01     0.15000000E+02    -0.20168962E+00     0.85265480E-01     0.49519953E+00     0.70199156E-02     135     0.16660098E-01
 0.81000004E+01     0.17577046E+01     0.12405159E-01     0.15000000E+02    -0.20113884E+00     0.80964632E-01     0.49596855E+00     0.71667060E-02     136     0.19554034E-01
 0.82000008E+01     0.17643521E+01     0.12599439E-01     0.15000000E+02    -0.20043314E+00     0.76935679E-01     0.49669489E+00     0.73416168E-02     136     0.19554034E-01
 0.82999983E+01     0.17710526E+01     0.12763986E-01     0.15000000E+02    -0.19972247E+00     0.73296145E-01     0.49741638E+00     0.74897646E-02     136     0.19554034E-01
 0.83999987E+01     0.17764786E+01     0.12952819E-01     0.15000000E+02    -0.19877046E+00     0.70103243E-01     0.49805996E+00     0.76637426E-02     136     0.19554034E-01
 0.85000000E+01     0.17804859E+01     0.13105448E-01     0.15000000E+02    -0.19750157E+00     0.67283943E-01     0.49863616E+00     0.78073363E-02     136     0.19554034E-01
 0.86000004E+01     0.17822198E+01     0.13275872E-01     0.15000000E+02    -0.19578137E+00     0.65193035E-01     0.49921882E+00     0.79745166E-02     136     0.19554034E-01
 0.86999979E+01     0.17863058E+01     0.13483904E-01     0.15000000E+02    -0.19458820E+00     0.62613882E-01     0.49978399E+00     0.81727551E-02     136     0.19554034E-01
 0.87999983E+01     0.17914554E+01     0.13669879E-01     0.15000000E+02    -0.19361220E+00     0.60143929E-01     0.50034541E+00     0.83507160E-02     136     0.19554034E-01
 0.88999996E+01     0.17960291E+01     0.13882836E-01     0.15000000E+02    -0.19255155E+00     0.58008224E-01     0.50090367E+00     0.85567962E-02     136     0.19554034E-01
 0.90000000E+01     0.17985728E+01     0.14169110E-01     0.15000000E+02    -0.19115809E+00     0.53779494E-01     0.50139719E+00     0.88261636E-02     136     0.19554034E-01
 0.90999975E+01     0.18032296E+01     0.14386575E-01     0.15000000E+02    -0.19015053E+00     0.52166354E-01     0.50199258E+00     0.90414863E-02     137     0.22810133E-01
 0.91999989E+01     0.18072773E+01     0.14631290E-01     0.15000000E+02    -0.18905944E+00     0.50593194E-01     0.50250596E+00     0.92817936E-02     137     0.22810133E-01
 0.92999992E+01     0.18112310E+01     0.14882114E-01     0.15000000E+02    -0.18797210E+00     0.48828788E-01     0.50301796E+00     0.95301839E-02     137     0.22810133E-01
 0.94000006E+01     0.18157454E+01     0.15122173E-01     0.15000000E+02    -0.18699981E+00     0.47210529E-01     0.50351542E+00     0.97679785E-02     137     0.22810133E-01
 0.94999971E+01     0.18195158E+01     0.15390026E-01     0.15000000E+02    -0.18592721E+00     0.45976698E-01     0.50401706E+00     0.10036460E-01     137     0.22810133E-01
 0.95999985E+01     0.18229769E+01     0.15682263E-01     0.15000000E+02    -0.18483138E+00     0.44844959E-01     0.50445557E+00     0.10328589E-01     137     0.22810133E-01
 0.96999989E+01     0.18259503E+01     0.16002391E-01     0.15000000E+02    -0.18369108E+00     0.43563917E-01     0.50553715E+00     0.10649074E-01     137     0.22810133E-01
 0.98000002E+01     0.18291732E+01     0.16320901E-01     0.15000000E+02    -0.18262130E+00     0.42213298E-01     0.50620842E+00     0.10972046E-01     137     0.22810133E-01
 0.99000006E+01     0.18323250E+01     0.16654961E-01     0.15000000E+02    -0.18157259E+00     0.41130770E-01     0.50695437E+00     0.11310479E-01     137     0.22810133E-01
 0.99999981E+01     0.18328984E+01     0.17117025E-01     0.15000000E+02    -0.18020211E+00     0.39294478E-01     0.50759989E+00     0.11774575E-01     137     0.22810133E-01
 0.10099998E+02     0.18346870E+01     0.17543089E-01     0.15000000E+02    -0.17905119E+00     0.38467981E-01     0.50820506E+00     0.12208559E-01     138     0.26479401E-01
 0.10200000E+02     0.18363383E+01     0.17996117E-01     0.15000000E+02    -0.17793646E+00     0.37617493E-01     0.50880265E+00     0.12670530E-01     138     0.26479401E-01
 0.10300000E+02     0.18393941E+01     0.18395277E-01     0.15000000E+02    -0.17704275E+00     0.37695952E-01     0.50938809E+00     0.13083125E-01     138     0.26479401E-01
 0.10399998E+02     0.18390801E+01     0.18994024E-01     0.15000000E+02    -0.17579433E+00     0.35899550E-01     0.50993770E+00     0.13691522E-01     138     0.26479401E-01
 0.10499999E+02     0.18396169E+01     0.19578131E-01     0.15000000E+02    -0.17472164E+00     0.35307311E-01     0.51049769E+00     0.14290109E-01     138     0.26479401E-01
 0.10599999E+02     0.18395549E+01     0.20227663E-01     0.15000000E+02    -0.17365253E+00     0.34779828E-01     0.51098537E+00     0.14955669E-01     138     0.26479401E-01
 0.10700000E+02     0.18386600E+01     0.20963689E-01     0.15000000E+02    -0.17257625E+00     0.34211405E-01     0.51149553E+00     0.15708925E-01     138     0.26479401E-01
 0.10799997E+02     0.18364145E+01     0.21829696E-01     0.15000000E+02    -0.17146549E+00     0.33680715E-01     0.51198494E+00     0.16595159E-01     138     0.26479401E-01
 0.10899999E+02     0.18342288E+01     0.22741515E-01     0.15000000E+02    -0.17045452E+00     0.33251069E-01     0.51243138E+00     0.17528497E-01     138     0.26479401E-01
 0.10999999E+02     0.18305585E+01     0.23807952E-01     0.15000000E+02    -0.16942231E+00     0.32727432E-01     0.51291686E+00     0.18619791E-01     138     0.26479401E-01
 0.11100000E+02     0.18269215E+01     0.24916809E-01     0.15000000E+02    -0.16848110E+00     0.32223534E-01     0.51332474E+00     0.19754615E-01     138     0.26479401E-01
 0.11200001E+02     0.18222970E+01     0.26147949E-01     0.15000000E+02    -0.16756304E+00     0.31858727E-01     0.51371121E+00     0.21015560E-01     138     0.26479401E-01
 0.11299998E+02     0.18174371E+01     0.27437054E-01     0.15000000E+02    -0.16669446E+00     0.31437628E-01     0.51414347E+00     0.22335056E-01     138     0.26479401E-01
 0.11399999E+02     0.18111072E+01     0.28881574E-01     0.15000000E+02    -0.16581368E+00     0.31095672E-01     0.51447105E+00     0.23813568E-01     138     0.26479401E-01
 0.11500000E+02     0.18039228E+01     0.30426484E-01     0.15000000E+02    -0.16493325E+00     0.30846555E-01     0.51473725E+00     0.25393579E-01     138     0.26479401E-01
 0.11600000E+02     0.17962494E+01     0.32028966E-01     0.15000000E+02    -0.16405842E+00     0.30668419E-01     0.51508635E+00     0.27031846E-01     138     0.26479401E-01
 0.11699998E+02     0.17859410E+01     0.33886414E-01     0.15000000E+02    -0.16310604E+00     0.30560581E-01     0.51527959E+00     0.28930955E-01     138     0.26479401E-01
 0.11799999E+02     0.17763253E+01     0.35665601E-01     0.15000000E+02    -0.16218005E+00     0.30482665E-01     0.51576358E+00     0.30750327E-01     138     0.26479401E-01
 0.11900000E+02     0.17654696E+01     0.37542764E-01     0.15000000E+02    -0.16119750E+00     0.30383214E-01     0.51618487E+00     0.32669060E-01     138     0.26479401E-01
 0.12000000E+02     0.17504631E+01     0.39785620E-01     0.15000000E+02    -0.16005336E+00     0.30415341E-01     0.51648921E+00     0.34963232E-01     138     0.26479401E-01
 0.12099998E+02     0.17358110E+01     0.41946147E-01     0.15000000E+02    -0.15888949E+00     0.30465305E-01     0.51677281E+00     0.37172612E-01     138     0.26479401E-01
 0.12199999E+02     0.17210124E+01     0.44083919E-01     0.15000000E+02    -0.15770942E+00     0.30570246E-01     0.51770616E+00     0.39359920E-01     138     0.26479401E-01
 0.12299999E+02     0.17046344E+01     0.46330102E-01     0.15000000E+02    -0.15645754E+00     0.30509174E-01     0.51728821E+00     0.41653786E-01     138     0.26479401E-01
 0.12400001E+02     0.16888689E+01     0.48536018E-01     0.15000000E+02    -0.15528685E+00     0.30610632E-01     0.51753581E+00     0.43908339E-01     138     0.26479401E-01
 0.12499997E+02     0.16735201E+01     0.50746065E-01     0.15000000E+02    -0.15420960E+00     0.30710218E-01     0.51836526E+00     0.46167452E-01     138     0.26479401E-01
 0.12599998E+02     0.16588678E+01     0.52956436E-01     0.15000000E+02    -0.15325175E+00     0.30723818E-01     0.51859492E+00     0.48423499E-01     138     0.26479401E-01
 0.12699999E+02     0.16451688E+01     0.55133410E-01     0.15000000E+02    -0.15241219E+00     0.30591536E-01     0.51876646E+00     0.50643180E-01     138     0.26479401E-01
 0.12800000E+02     0.16379339E+01     0.56719951E-01     0.15000000E+02    -0.15179782E+00     0.30443195E-01     0.51916713E+00     0.52258246E-01     138     0.26479401E-01
 0.12900001E+02     0.16279410E+01     0.58660258E-01     0.15000000E+02    -0.15122433E+00     0.30444779E-01     0.51945144E+00     0.54235186E-01     138     0.26479401E-01
 0.12999998E+02     0.16174418E+01     0.60727727E-01     0.15000000E+02    -0.15071893E+00     0.30282104E-01     0.51970494E+00     0.56339405E-01     138     0.26479401E-01
 0.13099999E+02     0.16131455E+01     0.62118541E-01     0.15000000E+02    -0.15031371E+00     0.29868320E-01     0.52008522E+00     0.57750028E-01     138     0.26479401E-01
 0.13200000E+02     0.16037848E+01     0.64169616E-01     0.15000000E+02    -0.14997201E+00     0.29781025E-01     0.52041894E+00     0.59836749E-01     138     0.26479401E-01
 0.13300000E+02     0.16013151E+01     0.65422848E-01     0.15000000E+02    -0.14967138E+00     0.29491128E-01     0.52087170E+00     0.61107025E-01     138     0.26479401E-01
 0.13399998E+02     0.15927272E+01     0.67456596E-01     0.15000000E+02    -0.14944135E+00     0.29305110E-01     0.52112389E+00     0.63173436E-01     138     0.26479401E-01
 0.13499999E+02     0.15890832E+01     0.68878144E-01     0.15000000E+02    -0.14917383E+00     0.28494002E-01     0.52147758E+00     0.64606987E-01     138     0.26479401E-01
 0.13599999E+02     0.15834244E+01     0.70663489E-01     0.15000000E+02    -0.14908166E+00     0.28756054E-01     0.52185744E+00     0.66424780E-01     138     0.26479401E-01
 0.13700001E+02     0.15803491E+01     0.72069004E-01     0.15000000E+02    -0.14889775E+00     0.27944950E-01     0.52222168E+00     0.67841962E-01     138     0.26479401E-01
 0.13799997E+02     0.15773350E+01     0.73570125E-01     0.15000000E+02    -0.14883889E+00     0.28075650E-01     0.52260083E+00     0.69367230E-01     138     0.26479401E-01
 0.13899999E+02     0.15739812E+01     0.75065985E-01     0.15000000E+02    -0.14876848E+00     0.27650783E-01     0.52307647E+00     0.70882596E-01     139     0.30619612E-01
 0.13999999E+02     0.15731485E+01     0.76243095E-01     0.15000000E+02    -0.14866620E+00     0.26627475E-01     0.52344322E+00     0.72068833E-01     139     0.30619612E-01
 0.14100000E+02     0.15693736E+01     0.77915676E-01     0.15000000E+02    -0.14873789E+00     0.26948426E-01     0.52380902E+00     0.73768176E-01     139     0.30619612E-01
 0.14199998E+02     0.15678391E+01     0.79215668E-01     0.15000000E+02    -0.14870366E+00     0.26031630E-01     0.52425224E+00     0.75080812E-01     139     0.30619612E-01
 0.14299998E+02     0.15686187E+01     0.80236137E-01     0.15000000E+02    -0.14866492E+00     0.25746195E-01     0.52465379E+00     0.76111339E-01     139     0.30619612E-01
 0.14400000E+02     0.15646434E+01     0.81970587E-01     0.15000000E+02    -0.14881161E+00     0.25527086E-01     0.52494657E+00     0.77868961E-01     139     0.30619612E-01
 0.14500000E+02     0.15641136E+01     0.83173461E-01     0.15000000E+02    -0.14883703E+00     0.25169693E-01     0.52525944E+00     0.79083867E-01     139     0.30619612E-01
 0.14600000E+02     0.15650558E+01     0.84190153E-01     0.15000000E+02    -0.14883687E+00     0.24888568E-01     0.52561462E+00     0.80109045E-01     139     0.30619612E-01
 0.14699998E+02     0.15628122E+01     0.85692242E-01     0.15000000E+02    -0.14899997E+00     0.24603844E-01     0.52615106E+00     0.81628598E-01     139     0.30619612E-01
 0.14799999E+02     0.15615215E+01     0.87047301E-01     0.15000000E+02    -0.14913221E+00     0.24355508E-01     0.52668357E+00     0.82999431E-01     139     0.30619612E-01
 0.14900000E+02     0.15618914E+01     0.88135295E-01     0.15000000E+02    -0.14920139E+00     0.23809139E-01     0.52807724E+00     0.84095798E-01     139     0.30619612E-01
 0.15000001E+02     0.15636443E+01     0.89066505E-01     0.15000000E+02    -0.14924714E+00     0.23594642E-01     0.52815974E+00     0.85034832E-01     139     0.30619612E-01
 0.15099998E+02     0.15602703E+01     0.90798572E-01     0.15000000E+02    -0.14956479E+00     0.23342900E-01     0.52849180E+00     0.86789347E-01     139     0.30619612E-01
 0.15199999E+02     0.15604048E+01     0.91944724E-01     0.15000000E+02    -0.14968532E+00     0.22372035E-01     0.52904576E+00     0.87943479E-01     139     0.30619612E-01
 0.15299999E+02     0.15631013E+01     0.92767261E-01     0.15000000E+02    -0.14976721E+00     0.22638062E-01     0.52957618E+00     0.88777199E-01     139     0.30619612E-01
 0.15400001E+02     0.15648324E+01     0.93711846E-01     0.15000000E+02    -0.14987454E+00     0.22117103E-01     0.53082734E+00     0.89732543E-01     139     0.30619612E-01
 0.15499998E+02     0.15614511E+01     0.95486939E-01     0.15000000E+02    -0.15029457E+00     0.21619311E-01     0.53100139E+00     0.91528036E-01     139     0.30619612E-01
 0.15599998E+02     0.15627505E+01     0.96447252E-01     0.15000000E+02    -0.15042087E+00     0.21305323E-01     0.53128034E+00     0.92497677E-01     140     0.35293024E-01
 0.15699999E+02     0.15660578E+01     0.97216390E-01     0.15000000E+02    -0.15055028E+00     0.21616435E-01     0.53226280E+00     0.93279384E-01     140     0.35293024E-01
 0.15800000E+02     0.15658559E+01     0.98341741E-01     0.15000000E+02    -0.15067761E+00     0.20583864E-01     0.53204525E+00     0.94404228E-01     140     0.35293024E-01
 0.15899998E+02     0.15645446E+01     0.99914372E-01     0.15000000E+02    -0.15115440E+00     0.20690665E-01     0.53251153E+00     0.95999844E-01     140     0.35293024E-01
 0.15999998E+02     0.15659697E+01     0.10093544E+00     0.15000000E+02    -0.15137292E+00     0.20433305E-01     0.53361803E+00     0.97031072E-01     140     0.35293024E-01
 0.16099998E+02     0.15676217E+01     0.10185929E+00     0.15000000E+02    -0.15151937E+00     0.20115934E-01     0.53364724E+00     0.97959526E-01     140     0.35293024E-01
 0.16200001E+02     0.15711819E+01     0.10256006E+00     0.15000000E+02    -0.15163547E+00     0.20394159E-01     0.53421324E+00     0.98671705E-01     140     0.35293024E-01
 0.16300001E+02     0.15684465E+01     0.10422489E+00     0.15000000E+02    -0.15213589E+00     0.19636353E-01     0.53481060E+00     0.10034887E+00     140     0.35293024E-01
 0.16399998E+02     0.15694754E+01     0.10532565E+00     0.15000000E+02    -0.15243384E+00     0.19361246E-01     0.53563011E+00     0.10145960E+00     140     0.35293024E-01
 0.16499998E+02     0.15718291E+01     0.10618874E+00     0.15000000E+02    -0.15263498E+00     0.19080916E-01     0.53585500E+00     0.10233033E+00     140     0.35293024E-01
 0.16600000E+02     0.15739183E+01     0.10706233E+00     0.15000000E+02    -0.15283380E+00     0.18434666E-01     0.53627878E+00     0.10320892E+00     140     0.35293024E-01
 0.16700001E+02     0.15766500E+01     0.10786397E+00     0.15000000E+02    -0.15301993E+00     0.18293636E-01     0.53701895E+00     0.10401815E+00     140     0.35293024E-01
 0.16799997E+02     0.15750560E+01     0.10942020E+00     0.15000000E+02    -0.15358002E+00     0.18135622E-01     0.53770596E+00     0.10559513E+00     140     0.35293024E-01
 0.16900000E+02     0.15780495E+01     0.11028185E+00     0.15000000E+02    -0.15386626E+00     0.18575540E-01     0.53807867E+00     0.10646826E+00     140     0.35293024E-01
 0.17000000E+02     0.15798904E+01     0.11118445E+00     0.15000000E+02    -0.15411749E+00     0.17962024E-01     0.53914803E+00     0.10737898E+00     140     0.35293024E-01
 0.17100000E+02     0.15821798E+01     0.11204716E+00     0.15000000E+02    -0.15437603E+00     0.17535899E-01     0.53979582E+00     0.10824694E+00     141     0.40563036E-01
 0.17199997E+02     0.15857766E+01     0.11275347E+00     0.15000000E+02    -0.15457846E+00     0.17762531E-01     0.54105210E+00     0.10896625E+00     141     0.40563036E-01
 0.17299999E+02     0.15835842E+01     0.11440858E+00     0.15000000E+02    -0.15525199E+00     0.17288338E-01     0.54098248E+00     0.11063588E+00     141     0.40563036E-01
 0.17400000E+02     0.15848438E+01     0.11543628E+00     0.15000000E+02    -0.15564133E+00     0.16910577E-01     0.54208595E+00     0.11167143E+00     141     0.40563036E-01
 0.17500000E+02     0.15866768E+01     0.11628555E+00     0.15000000E+02    -0.15585855E+00     0.16567444E-01     0.54249024E+00     0.11252491E+00     141     0.40563036E-01
 0.17599997E+02     0.15894604E+01     0.11709107E+00     0.15000000E+02    -0.15615579E+00     0.16303815E-01     0.54270148E+00     0.11333524E+00     141     0.40563036E-01
