  
       RFOIL         Version 3.00
  
 Calculated polar for: OSO_2025_WT2_T36                
  
 1  Reynolds number fixed
  
 xtrf =      0.05000000 (suction)     0.05000000 (pressure)
 Rot. Parameters:  f0 =      1.00000000 c/r =      0.00000000
 Mach =      0.00000000     Re =     10.00000000 e 6     Ncrit =      3.00000000
  
             alpha                CL                CD            Re(CL)                CM             S_xtr             P_xtr               CDp            I_stag            X_stag
  ------- -------- --------- --------- -------- ------- ------- -------- 
-0.13600001E+02    -0.33697027E+00     0.10702513E+00     0.10000000E+02    -0.31818245E-01     0.50000001E-01     0.50000001E-01     0.10181952E+00      94     0.12147127E-01
-0.13500001E+02    -0.33194363E+00     0.10625828E+00     0.10000000E+02    -0.32343503E-01     0.50000001E-01     0.50000001E-01     0.10104416E+00      94     0.12147127E-01
-0.13400001E+02    -0.32919002E+00     0.10504531E+00     0.10000000E+02    -0.33067398E-01     0.50000001E-01     0.50000001E-01     0.99816456E-01      94     0.12147127E-01
-0.13300000E+02    -0.32327813E+00     0.10444123E+00     0.10000000E+02    -0.33511270E-01     0.50000001E-01     0.50000001E-01     0.99206068E-01      94     0.12147127E-01
-0.13200001E+02    -0.31729427E+00     0.10383940E+00     0.10000000E+02    -0.33978518E-01     0.50000001E-01     0.50000001E-01     0.98598093E-01      94     0.12147127E-01
-0.13100000E+02    -0.31121230E+00     0.10324053E+00     0.10000000E+02    -0.34463618E-01     0.50000001E-01     0.50000001E-01     0.97993270E-01      94     0.12147127E-01
-0.13000001E+02    -0.30518067E+00     0.10264045E+00     0.10000000E+02    -0.34919567E-01     0.50000001E-01     0.50000001E-01     0.97387172E-01      95     0.10720035E-01
-0.12900001E+02    -0.29921758E+00     0.10203420E+00     0.10000000E+02    -0.35341252E-01     0.50000001E-01     0.50000001E-01     0.96774533E-01      95     0.10720035E-01
-0.12800001E+02    -0.29330617E+00     0.10145839E+00     0.10000000E+02    -0.35777479E-01     0.50000001E-01     0.50000001E-01     0.96192844E-01      95     0.10720035E-01
-0.12700001E+02    -0.28743848E+00     0.10082466E+00     0.10000000E+02    -0.36256827E-01     0.50000001E-01     0.50000001E-01     0.95552497E-01      95     0.10720035E-01
-0.12600001E+02    -0.28218362E+00     0.10007850E+00     0.10000000E+02    -0.36760446E-01     0.50000001E-01     0.50000001E-01     0.94798207E-01      95     0.10720035E-01
-0.12500001E+02    -0.27966285E+00     0.98899297E-01     0.10000000E+02    -0.37378255E-01     0.50000001E-01     0.50000001E-01     0.93605027E-01      95     0.10720035E-01
-0.12400002E+02    -0.27373454E+00     0.98266229E-01     0.10000000E+02    -0.37840400E-01     0.50000001E-01     0.50000001E-01     0.92965007E-01      96     0.93848221E-02
-0.12300001E+02    -0.26772225E+00     0.97626179E-01     0.10000000E+02    -0.38272217E-01     0.50000001E-01     0.50000001E-01     0.92319675E-01      96     0.93848221E-02
-0.12200001E+02    -0.26170847E+00     0.97043186E-01     0.10000000E+02    -0.38703412E-01     0.50000001E-01     0.50000001E-01     0.91730632E-01      96     0.93848221E-02
-0.12100001E+02    -0.25551730E+00     0.96460432E-01     0.10000000E+02    -0.39142799E-01     0.50000001E-01     0.50000001E-01     0.91141835E-01      96     0.93848221E-02
-0.12000000E+02    -0.24941769E+00     0.95879525E-01     0.10000000E+02    -0.39567411E-01     0.50000001E-01     0.50000001E-01     0.90555310E-01      96     0.93848221E-02
-0.11900001E+02    -0.24344137E+00     0.95284104E-01     0.10000000E+02    -0.39985150E-01     0.50000001E-01     0.50000001E-01     0.89953855E-01      96     0.93848221E-02
-0.11800000E+02    -0.23755711E+00     0.94676219E-01     0.10000000E+02    -0.40393762E-01     0.50000001E-01     0.50000001E-01     0.89340225E-01      96     0.93848221E-02
-0.11700001E+02    -0.23225816E+00     0.93980633E-01     0.10000000E+02    -0.40856168E-01     0.50000001E-01     0.50000001E-01     0.88636778E-01      97     0.81395451E-02
-0.11600000E+02    -0.22953305E+00     0.92818521E-01     0.10000000E+02    -0.41474506E-01     0.50000001E-01     0.50000001E-01     0.87461002E-01      97     0.81395451E-02
-0.11500001E+02    -0.22383671E+00     0.92143804E-01     0.10000000E+02    -0.41896001E-01     0.50000001E-01     0.50000001E-01     0.86779423E-01      97     0.81395451E-02
-0.11400001E+02    -0.21769081E+00     0.91580458E-01     0.10000000E+02    -0.42304728E-01     0.50000001E-01     0.50000001E-01     0.86210720E-01      97     0.81395451E-02
-0.11300001E+02    -0.21151118E+00     0.91005176E-01     0.10000000E+02    -0.42723667E-01     0.50000001E-01     0.50000001E-01     0.85629873E-01      97     0.81395451E-02
-0.11200001E+02    -0.20542729E+00     0.90433165E-01     0.10000000E+02    -0.43096982E-01     0.50000001E-01     0.50000001E-01     0.85052125E-01      97     0.81395451E-02
-0.11100001E+02    -0.19924867E+00     0.89861855E-01     0.10000000E+02    -0.43496352E-01     0.50000001E-01     0.50000001E-01     0.84475435E-01      98     0.69827633E-02
-0.11000001E+02    -0.19314936E+00     0.89264527E-01     0.10000000E+02    -0.43911774E-01     0.50000001E-01     0.50000001E-01     0.83872221E-01      98     0.69827633E-02
-0.10900001E+02    -0.18720801E+00     0.88653840E-01     0.10000000E+02    -0.44313274E-01     0.50000001E-01     0.50000001E-01     0.83255805E-01      98     0.69827633E-02
-0.10800001E+02    -0.18179691E+00     0.87961681E-01     0.10000000E+02    -0.44731278E-01     0.50000001E-01     0.50000001E-01     0.82556359E-01      98     0.69827633E-02
-0.10700001E+02    -0.17907228E+00     0.86836204E-01     0.10000000E+02    -0.45269877E-01     0.50000001E-01     0.50000001E-01     0.81418090E-01      98     0.69827633E-02
-0.10600001E+02    -0.17328137E+00     0.86195201E-01     0.10000000E+02    -0.45682035E-01     0.50000001E-01     0.50000001E-01     0.80770791E-01      98     0.69827633E-02
-0.10500001E+02    -0.16713953E+00     0.85632488E-01     0.10000000E+02    -0.46058610E-01     0.50000001E-01     0.50000001E-01     0.80202438E-01      99     0.59136827E-02
-0.10400002E+02    -0.16093081E+00     0.85063562E-01     0.10000000E+02    -0.46446078E-01     0.50000001E-01     0.50000001E-01     0.79627916E-01      99     0.59136827E-02
-0.10300000E+02    -0.15464403E+00     0.84495030E-01     0.10000000E+02    -0.46843201E-01     0.50000001E-01     0.50000001E-01     0.79054408E-01      99     0.59136827E-02
-0.10200001E+02    -0.14846969E+00     0.83945602E-01     0.10000000E+02    -0.47199447E-01     0.50000001E-01     0.50000001E-01     0.78499787E-01      99     0.59136827E-02
-0.10100000E+02    -0.14238377E+00     0.83358452E-01     0.10000000E+02    -0.47560729E-01     0.50000001E-01     0.50000001E-01     0.77907130E-01      99     0.59136827E-02
-0.10000001E+02    -0.13635142E+00     0.82758822E-01     0.10000000E+02    -0.47949757E-01     0.50000001E-01     0.50000001E-01     0.77301778E-01      99     0.59136827E-02
-0.99000006E+01    -0.13102007E+00     0.82048453E-01     0.10000000E+02    -0.48358932E-01     0.50000001E-01     0.50000001E-01     0.76584317E-01      99     0.59136827E-02
-0.98000011E+01    -0.12833300E+00     0.80937319E-01     0.10000000E+02    -0.48878152E-01     0.50000001E-01     0.50000001E-01     0.75460069E-01      99     0.59136827E-02
-0.97000008E+01    -0.12237638E+00     0.80352932E-01     0.10000000E+02    -0.49230900E-01     0.50000001E-01     0.50000001E-01     0.74870370E-01     100     0.49317535E-02
-0.96000013E+01    -0.11610914E+00     0.79789281E-01     0.10000000E+02    -0.49600001E-01     0.50000001E-01     0.50000001E-01     0.74301302E-01     100     0.49317535E-02
-0.95000010E+01    -0.10981920E+00     0.79240352E-01     0.10000000E+02    -0.49950488E-01     0.50000001E-01     0.50000001E-01     0.73747568E-01     100     0.49317535E-02
-0.94000006E+01    -0.10349208E+00     0.78692138E-01     0.10000000E+02    -0.50309900E-01     0.50000001E-01     0.50000001E-01     0.73194504E-01     100     0.49317535E-02
-0.93000011E+01    -0.97286113E-01     0.78139380E-01     0.10000000E+02    -0.50644748E-01     0.50000001E-01     0.50000001E-01     0.72636612E-01     100     0.49317535E-02
-0.91999998E+01    -0.91155402E-01     0.77583976E-01     0.10000000E+02    -0.51007975E-01     0.50000001E-01     0.50000001E-01     0.72076038E-01     100     0.49317535E-02
-0.91000013E+01    -0.85251041E-01     0.76965153E-01     0.10000000E+02    -0.51372297E-01     0.50000001E-01     0.50000001E-01     0.71451314E-01     101     0.40368550E-02
-0.90000000E+01    -0.80790758E-01     0.76156951E-01     0.10000000E+02    -0.51768526E-01     0.50000001E-01     0.50000001E-01     0.70634417E-01     101     0.40368550E-02
-0.89000015E+01    -0.77100627E-01     0.75200088E-01     0.10000000E+02    -0.52231573E-01     0.50000001E-01     0.50000001E-01     0.69666967E-01     101     0.40368550E-02
-0.88000002E+01    -0.70905790E-01     0.74651852E-01     0.10000000E+02    -0.52560475E-01     0.50000001E-01     0.50000001E-01     0.69113843E-01     101     0.40368550E-02
-0.87000017E+01    -0.64550921E-01     0.74113660E-01     0.10000000E+02    -0.52896891E-01     0.50000001E-01     0.50000001E-01     0.68570882E-01     101     0.40368550E-02
-0.86000004E+01    -0.58227047E-01     0.73580340E-01     0.10000000E+02    -0.53225640E-01     0.50000001E-01     0.50000001E-01     0.68032980E-01     101     0.40368550E-02
-0.85000019E+01    -0.51898226E-01     0.73042534E-01     0.10000000E+02    -0.53550936E-01     0.50000001E-01     0.50000001E-01     0.67490369E-01     102     0.32292409E-02
-0.84000006E+01    -0.45747638E-01     0.72495773E-01     0.10000000E+02    -0.53866804E-01     0.50000001E-01     0.50000001E-01     0.66938862E-01     102     0.32292409E-02
-0.83000011E+01    -0.39604623E-01     0.71924917E-01     0.10000000E+02    -0.54203223E-01     0.50000001E-01     0.50000001E-01     0.66362709E-01     102     0.32292409E-02
-0.82000008E+01    -0.34107916E-01     0.71264476E-01     0.10000000E+02    -0.54557603E-01     0.50000001E-01     0.50000001E-01     0.65695845E-01     102     0.32292409E-02
-0.81000013E+01    -0.31589899E-01     0.70183977E-01     0.10000000E+02    -0.55011168E-01     0.50000001E-01     0.50000001E-01     0.64602859E-01     102     0.32292409E-02
-0.80000010E+01    -0.25436264E-01     0.69616966E-01     0.10000000E+02    -0.55329766E-01     0.50000001E-01     0.50000001E-01     0.64030737E-01     102     0.32292409E-02
-0.79000001E+01    -0.19078437E-01     0.69107719E-01     0.10000000E+02    -0.55646446E-01     0.50000001E-01     0.50000001E-01     0.63516997E-01     103     0.25093697E-02
-0.78000011E+01    -0.12748837E-01     0.68580769E-01     0.10000000E+02    -0.55951674E-01     0.50000001E-01     0.50000001E-01     0.62985569E-01     103     0.25093697E-02
-0.77000003E+01    -0.63895555E-02     0.68059511E-01     0.10000000E+02    -0.56251738E-01     0.50000001E-01     0.50000001E-01     0.62459990E-01     103     0.25093697E-02
-0.76000009E+01    -0.54707300E-04     0.67536354E-01     0.10000000E+02    -0.56556311E-01     0.50000001E-01     0.50000001E-01     0.61932314E-01     103     0.25093697E-02
-0.75000005E+01     0.61191744E-02     0.66971473E-01     0.10000000E+02    -0.56871351E-01     0.50000001E-01     0.50000001E-01     0.61362438E-01     103     0.25093697E-02
-0.74000010E+01     0.11906644E-01     0.66381469E-01     0.10000000E+02    -0.57188902E-01     0.50000001E-01     0.50000001E-01     0.60766805E-01     103     0.25093697E-02
-0.73000002E+01     0.14848719E-01     0.65363832E-01     0.10000000E+02    -0.57608228E-01     0.50000001E-01     0.50000001E-01     0.59737556E-01     103     0.25093697E-02
-0.72000012E+01     0.20299964E-01     0.64739347E-01     0.10000000E+02    -0.57929046E-01     0.50000001E-01     0.50000001E-01     0.59106927E-01     104     0.18779053E-02
-0.71000004E+01     0.26608447E-01     0.64217426E-01     0.10000000E+02    -0.58219910E-01     0.50000001E-01     0.50000001E-01     0.58580510E-01     104     0.18779053E-02
-0.70000014E+01     0.33001930E-01     0.63717157E-01     0.10000000E+02    -0.58504343E-01     0.50000001E-01     0.50000001E-01     0.58076095E-01     104     0.18779053E-02
-0.69000006E+01     0.39414670E-01     0.63205004E-01     0.10000000E+02    -0.58794029E-01     0.50000001E-01     0.50000001E-01     0.57559766E-01     104     0.18779053E-02
-0.68000016E+01     0.45764476E-01     0.62697783E-01     0.10000000E+02    -0.59070677E-01     0.50000001E-01     0.50000001E-01     0.57048313E-01     104     0.18779053E-02
-0.67000008E+01     0.51941846E-01     0.62168110E-01     0.10000000E+02    -0.59354950E-01     0.50000001E-01     0.50000001E-01     0.56514159E-01     104     0.18779053E-02
-0.66000018E+01     0.57770904E-01     0.61570693E-01     0.10000000E+02    -0.59657540E-01     0.50000001E-01     0.50000001E-01     0.55911254E-01     105     0.13357622E-02
-0.65000010E+01     0.60495988E-01     0.60580287E-01     0.10000000E+02    -0.60044374E-01     0.50000001E-01     0.50000001E-01     0.54909140E-01     105     0.13357622E-02
-0.64000001E+01     0.66041209E-01     0.59980724E-01     0.10000000E+02    -0.60344707E-01     0.50000001E-01     0.50000001E-01     0.54303750E-01     105     0.13357622E-02
-0.63000011E+01     0.72361432E-01     0.59471317E-01     0.10000000E+02    -0.60608357E-01     0.50000001E-01     0.50000001E-01     0.53790085E-01     105     0.13357622E-02
-0.62000003E+01     0.78758731E-01     0.58981508E-01     0.10000000E+02    -0.60871590E-01     0.50000001E-01     0.50000001E-01     0.53296287E-01     105     0.13357622E-02
-0.61000009E+01     0.85179746E-01     0.58490235E-01     0.10000000E+02    -0.61136883E-01     0.50000001E-01     0.50000001E-01     0.52801039E-01     105     0.13357622E-02
-0.60000000E+01     0.91515884E-01     0.58006458E-01     0.10000000E+02    -0.61396621E-01     0.50000001E-01     0.50000001E-01     0.52313257E-01     105     0.13357622E-02
-0.59000010E+01     0.97670972E-01     0.57484411E-01     0.10000000E+02    -0.61662477E-01     0.50000001E-01     0.50000001E-01     0.51786765E-01     106     0.88392844E-03
-0.58000002E+01     0.10330558E+00     0.56899101E-01     0.10000000E+02    -0.61940797E-01     0.50000001E-01     0.50000001E-01     0.51195927E-01     106     0.88392844E-03
-0.57000012E+01     0.10544471E+00     0.55865649E-01     0.10000000E+02    -0.62309917E-01     0.50000001E-01     0.50000001E-01     0.50149750E-01     106     0.88392844E-03
-0.56000004E+01     0.11167539E+00     0.55378992E-01     0.10000000E+02    -0.62564857E-01     0.50000001E-01     0.50000001E-01     0.49658943E-01     106     0.88392844E-03
-0.55000014E+01     0.11801912E+00     0.54885261E-01     0.10000000E+02    -0.62811479E-01     0.50000001E-01     0.50000001E-01     0.49161255E-01     106     0.88392844E-03
-0.54000006E+01     0.12442017E+00     0.54422084E-01     0.10000000E+02    -0.63053384E-01     0.50000001E-01     0.50000001E-01     0.48694286E-01     106     0.88392844E-03
-0.53000016E+01     0.13078099E+00     0.53949218E-01     0.10000000E+02    -0.63291997E-01     0.50000001E-01     0.50000001E-01     0.48217647E-01     106     0.88392844E-03
-0.52000008E+01     0.13705762E+00     0.53463947E-01     0.10000000E+02    -0.63531175E-01     0.50000001E-01     0.50000001E-01     0.47728345E-01     107     0.52343018E-03
-0.51000013E+01     0.14301196E+00     0.52935634E-01     0.10000000E+02    -0.63778058E-01     0.50000001E-01     0.50000001E-01     0.47195386E-01     107     0.52343018E-03
-0.50000010E+01     0.14760682E+00     0.52254908E-01     0.10000000E+02    -0.64056367E-01     0.50000001E-01     0.50000001E-01     0.46507318E-01     107     0.52343018E-03
-0.49000015E+01     0.15073498E+00     0.51402319E-01     0.10000000E+02    -0.64369157E-01     0.50000001E-01     0.50000001E-01     0.45644425E-01     107     0.52343018E-03
-0.48000007E+01     0.15702471E+00     0.50936289E-01     0.10000000E+02    -0.64592138E-01     0.50000001E-01     0.50000001E-01     0.45174614E-01     107     0.52343018E-03
-0.47000003E+01     0.16337626E+00     0.50480906E-01     0.10000000E+02    -0.64812496E-01     0.50000001E-01     0.50000001E-01     0.44715621E-01     107     0.52343018E-03
-0.46000009E+01     0.16974555E+00     0.50028007E-01     0.10000000E+02    -0.65031908E-01     0.50000001E-01     0.50000001E-01     0.44259131E-01     108     0.25559045E-03
-0.45000000E+01     0.17602545E+00     0.49564578E-01     0.10000000E+02    -0.65250583E-01     0.50000001E-01     0.50000001E-01     0.43791901E-01     108     0.25559045E-03
-0.44000010E+01     0.18206969E+00     0.49069226E-01     0.10000000E+02    -0.65473072E-01     0.50000001E-01     0.50000001E-01     0.43292318E-01     108     0.25559045E-03
-0.43000002E+01     0.18715806E+00     0.48473343E-01     0.10000000E+02    -0.65712385E-01     0.50000001E-01     0.50000001E-01     0.42690404E-01     108     0.25559045E-03
-0.42000012E+01     0.18939665E+00     0.47568597E-01     0.10000000E+02    -0.66008367E-01     0.50000001E-01     0.50000001E-01     0.41774109E-01     108     0.25559045E-03
-0.41000004E+01     0.19564195E+00     0.47121845E-01     0.10000000E+02    -0.66212118E-01     0.50000001E-01     0.50000001E-01     0.41323762E-01     108     0.25559045E-03
-0.40000014E+01     0.20194732E+00     0.46683352E-01     0.10000000E+02    -0.66410065E-01     0.50000001E-01     0.50000001E-01     0.40881775E-01     108     0.25559045E-03
-0.39000006E+01     0.20825797E+00     0.46248320E-01     0.10000000E+02    -0.66605948E-01     0.50000001E-01     0.50000001E-01     0.40443391E-01     109     0.82218816E-04
-0.38000014E+01     0.21447182E+00     0.45803413E-01     0.10000000E+02    -0.66798843E-01     0.50000001E-01     0.50000001E-01     0.39994914E-01     109     0.82218816E-04
-0.37000005E+01     0.22037545E+00     0.45337521E-01     0.10000000E+02    -0.66992559E-01     0.50000001E-01     0.50000001E-01     0.39525028E-01     109     0.82218816E-04
-0.36000016E+01     0.22505602E+00     0.44724908E-01     0.10000000E+02    -0.67213446E-01     0.50000001E-01     0.50000001E-01     0.38905941E-01     109     0.82218816E-04
-0.35000007E+01     0.22743638E+00     0.43878812E-01     0.10000000E+02    -0.67470998E-01     0.50000001E-01     0.50000001E-01     0.38049135E-01     109     0.82218816E-04
-0.34000015E+01     0.23361690E+00     0.43452218E-01     0.10000000E+02    -0.67646362E-01     0.50000001E-01     0.50000001E-01     0.37619106E-01     109     0.82218816E-04
-0.33000009E+01     0.23982923E+00     0.43036181E-01     0.10000000E+02    -0.67815579E-01     0.50000001E-01     0.50000001E-01     0.37200004E-01     109     0.82218816E-04
-0.32000017E+01     0.24602395E+00     0.42619526E-01     0.10000000E+02    -0.67981303E-01     0.50000001E-01     0.50000001E-01     0.36780138E-01     110     0.45936558E-05
-0.31000009E+01     0.25204992E+00     0.42194910E-01     0.10000000E+02    -0.68147697E-01     0.50000001E-01     0.50000001E-01     0.36352091E-01     110     0.45936558E-05
-0.30000000E+01     0.25761709E+00     0.41709859E-01     0.10000000E+02    -0.68320028E-01     0.50000001E-01     0.50000001E-01     0.35862681E-01     110     0.45936558E-05
-0.29000010E+01     0.25854751E+00     0.40771078E-01     0.10000000E+02    -0.68559177E-01     0.50000001E-01     0.50000001E-01     0.34911085E-01     110     0.45936558E-05
-0.28000002E+01     0.26442844E+00     0.40346492E-01     0.10000000E+02    -0.68708919E-01     0.50000001E-01     0.50000001E-01     0.34483090E-01     110     0.45936558E-05
-0.27000012E+01     0.27051920E+00     0.39942037E-01     0.10000000E+02    -0.68853006E-01     0.50000001E-01     0.50000001E-01     0.34075584E-01     110     0.45936558E-05
-0.26000004E+01     0.27656275E+00     0.39550185E-01     0.10000000E+02    -0.68987153E-01     0.50000001E-01     0.50000001E-01     0.33680782E-01     110     0.45936558E-05
-0.25000012E+01     0.28250140E+00     0.39141160E-01     0.10000000E+02    -0.69119938E-01     0.50000001E-01     0.50000001E-01     0.33268668E-01     111     0.22930024E-04
-0.24000003E+01     0.28804356E+00     0.38697492E-01     0.10000000E+02    -0.69253646E-01     0.50000001E-01     0.50000001E-01     0.32821290E-01     111     0.22930024E-04
-0.23000014E+01     0.28894368E+00     0.37817545E-01     0.10000000E+02    -0.69443300E-01     0.50000001E-01     0.50000001E-01     0.31929303E-01     111     0.22930024E-04
-0.22000005E+01     0.29395685E+00     0.37355915E-01     0.10000000E+02    -0.69559857E-01     0.50000001E-01     0.50000001E-01     0.31463407E-01     111     0.22930024E-04
-0.21000013E+01     0.29981038E+00     0.36967579E-01     0.10000000E+02    -0.69664568E-01     0.50000001E-01     0.50000001E-01     0.31072203E-01     111     0.22930024E-04
-0.20000007E+01     0.30563080E+00     0.36584768E-01     0.10000000E+02    -0.69761306E-01     0.50000001E-01     0.50000001E-01     0.30686591E-01     111     0.22930024E-04
-0.19000015E+01     0.31129080E+00     0.36189992E-01     0.10000000E+02    -0.69855660E-01     0.50000001E-01     0.50000001E-01     0.30288834E-01     111     0.22930024E-04
-0.18000008E+01     0.31639653E+00     0.35750199E-01     0.10000000E+02    -0.69946989E-01     0.50000001E-01     0.50000001E-01     0.29845184E-01     111     0.22930024E-04
-0.17000016E+01     0.31601042E+00     0.34845542E-01     0.10000000E+02    -0.70065141E-01     0.50000001E-01     0.50000001E-01     0.28927676E-01     112     0.13751644E-03
-0.16000009E+01     0.32144976E+00     0.34463756E-01     0.10000000E+02    -0.70127569E-01     0.50000001E-01     0.50000001E-01     0.28543064E-01     112     0.13751644E-03
-0.15000000E+01     0.32696193E+00     0.34093101E-01     0.10000000E+02    -0.70180349E-01     0.50000001E-01     0.50000001E-01     0.28169820E-01     112     0.13751644E-03
-0.14000009E+01     0.33234459E+00     0.33721004E-01     0.10000000E+02    -0.70222147E-01     0.50000001E-01     0.50000001E-01     0.27795093E-01     112     0.13751644E-03
-0.13000002E+01     0.33736828E+00     0.33322200E-01     0.10000000E+02    -0.70257917E-01     0.50000001E-01     0.50000001E-01     0.27393213E-01     112     0.13751644E-03
-0.12000011E+01     0.33993196E+00     0.32734953E-01     0.10000000E+02    -0.70286803E-01     0.50000001E-01     0.50000001E-01     0.26799064E-01     112     0.13751644E-03
-0.11000003E+01     0.34061021E+00     0.32027312E-01     0.10000000E+02    -0.70288278E-01     0.50000001E-01     0.50000001E-01     0.26082050E-01     112     0.13751644E-03
-0.10000012E+01     0.34558719E+00     0.31666484E-01     0.10000000E+02    -0.70273817E-01     0.50000001E-01     0.50000001E-01     0.25718812E-01     112     0.13751644E-03
-0.90000039E+00     0.35043266E+00     0.31303000E-01     0.10000000E+02    -0.70249528E-01     0.50000001E-01     0.50000001E-01     0.25352919E-01     113     0.34877725E-03
-0.80000126E+00     0.35471487E+00     0.30911233E-01     0.10000000E+02    -0.70202500E-01     0.50000001E-01     0.50000001E-01     0.24958115E-01     113     0.34877725E-03
-0.70000046E+00     0.35159287E+00     0.30005502E-01     0.10000000E+02    -0.70083253E-01     0.50000001E-01     0.50000001E-01     0.24039045E-01     113     0.34877725E-03
-0.60000139E+00     0.35562208E+00     0.29635349E-01     0.10000000E+02    -0.69982454E-01     0.50000001E-01     0.50000001E-01     0.23666278E-01     113     0.34877725E-03
-0.50000060E+00     0.35965523E+00     0.29278195E-01     0.10000000E+02    -0.69858484E-01     0.50000001E-01     0.50000001E-01     0.23306865E-01     113     0.34877725E-03
-0.40000150E+00     0.36324006E+00     0.28904589E-01     0.10000000E+02    -0.69709711E-01     0.50000001E-01     0.50000001E-01     0.22930698E-01     113     0.34877725E-03
-0.30000070E+00     0.36435536E+00     0.28392607E-01     0.10000000E+02    -0.69488160E-01     0.50000001E-01     0.50000001E-01     0.22413500E-01     113     0.34877725E-03
-0.20000160E+00     0.35997868E+00     0.27595909E-01     0.10000000E+02    -0.69090128E-01     0.50000001E-01     0.50000001E-01     0.21605801E-01     113     0.34877725E-03
-0.10000080E+00     0.36236966E+00     0.27225699E-01     0.10000000E+02    -0.68791181E-01     0.50000001E-01     0.50000001E-01     0.21233439E-01     113     0.34877725E-03
 0.00000000E+00     0.36359444E+00     0.26817268E-01     0.10000000E+02    -0.68413198E-01     0.50000001E-01     0.50000001E-01     0.20822290E-01     114     0.65841351E-03
 0.99999093E-01     0.35230768E+00     0.25830368E-01     0.10000000E+02    -0.67484692E-01     0.50000001E-01     0.50000001E-01     0.19821694E-01     114     0.65841351E-03
 0.19999990E+00     0.35138869E+00     0.25413219E-01     0.10000000E+02    -0.66816352E-01     0.50000001E-01     0.50000001E-01     0.19402504E-01     114     0.65841351E-03
 0.29999900E+00     0.34659892E+00     0.24886627E-01     0.10000000E+02    -0.65792337E-01     0.50000001E-01     0.50000001E-01     0.18872786E-01     114     0.65841351E-03
 0.39999980E+00     0.29209462E+00     0.23572363E-01     0.10000000E+02    -0.59838381E-01     0.50000001E-01     0.50000001E-01     0.17543394E-01     113     0.34877725E-03
 0.49999887E+00     0.28596526E+00     0.22512704E-01     0.10000000E+02    -0.60658880E-01     0.50000001E-01     0.50000001E-01     0.16459852E-01     113     0.34877725E-03
 0.59999967E+00     0.29240662E+00     0.22042466E-01     0.10000000E+02    -0.61592404E-01     0.50000001E-01     0.50000001E-01     0.15980236E-01     114     0.65841351E-03
 0.69999880E+00     0.29991293E+00     0.21097263E-01     0.10000000E+02    -0.64110927E-01     0.50000001E-01     0.50000001E-01     0.15008789E-01     114     0.65841351E-03
 0.79999959E+00     0.31126329E+00     0.20733509E-01     0.10000000E+02    -0.65452963E-01     0.50000001E-01     0.50000001E-01     0.14636716E-01     114     0.65841351E-03
 0.89999866E+00     0.32378674E+00     0.20339681E-01     0.10000000E+02    -0.67079782E-01     0.50000001E-01     0.50000001E-01     0.14232626E-01     114     0.65841351E-03
 0.99999946E+00     0.33956289E+00     0.19579019E-01     0.10000000E+02    -0.70333451E-01     0.50000001E-01     0.50000001E-01     0.13446560E-01     114     0.65841351E-03
 0.10999986E+01     0.35393792E+00     0.19282253E-01     0.10000000E+02    -0.71957730E-01     0.50000001E-01     0.50000001E-01     0.13141545E-01     114     0.65841351E-03
 0.11999993E+01     0.36902851E+00     0.18983373E-01     0.10000000E+02    -0.73717028E-01     0.50000001E-01     0.50000001E-01     0.12833599E-01     115     0.10680658E-02
 0.12999984E+01     0.38596919E+00     0.18572092E-01     0.10000000E+02    -0.76122373E-01     0.50000001E-01     0.50000001E-01     0.12407626E-01     115     0.10680658E-02
 0.13999993E+01     0.40510538E+00     0.18080402E-01     0.10000000E+02    -0.79152375E-01     0.50000001E-01     0.50000001E-01     0.11896281E-01     115     0.10680658E-02
 0.14999983E+01     0.42151874E+00     0.17840618E-01     0.10000000E+02    -0.80969639E-01     0.50000001E-01     0.50000001E-01     0.11647767E-01     115     0.10680658E-02
 0.15999992E+01     0.43862942E+00     0.17584052E-01     0.10000000E+02    -0.82956657E-01     0.50000001E-01     0.50000001E-01     0.11381140E-01     116     0.15789367E-02
 0.16999999E+01     0.46036252E+00     0.17104074E-01     0.10000000E+02    -0.86422980E-01     0.50000001E-01     0.50000001E-01     0.10878496E-01     116     0.15789367E-02
 0.17999990E+01     0.47792965E+00     0.16887179E-01     0.10000000E+02    -0.88387273E-01     0.50000001E-01     0.50000001E-01     0.10651624E-01     116     0.15789367E-02
 0.18999999E+01     0.49566105E+00     0.16675251E-01     0.10000000E+02    -0.90360045E-01     0.50000001E-01     0.50000001E-01     0.10429705E-01     116     0.15789367E-02
 0.19999989E+01     0.51583868E+00     0.16372457E-01     0.10000000E+02    -0.93043156E-01     0.50000001E-01     0.50000001E-01     0.10110760E-01     117     0.21921741E-02
 0.20999997E+01     0.53568059E+00     0.16108433E-01     0.10000000E+02    -0.95560730E-01     0.50000001E-01     0.50000001E-01     0.98315217E-02     117     0.21921741E-02
 0.21999989E+01     0.55404007E+00     0.15916897E-01     0.10000000E+02    -0.97593009E-01     0.50000001E-01     0.50000001E-01     0.96289087E-02     117     0.21921741E-02
 0.22999997E+01     0.57506853E+00     0.15636606E-01     0.10000000E+02    -0.10037345E+00     0.50000001E-01     0.50000001E-01     0.93304254E-02     117     0.21921741E-02
 0.23999987E+01     0.59341973E+00     0.15469306E-01     0.10000000E+02    -0.10233979E+00     0.50000001E-01     0.50000001E-01     0.91515519E-02     118     0.29090899E-02
 0.24999995E+01     0.61332417E+00     0.15252914E-01     0.10000000E+02    -0.10472894E+00     0.50000001E-01     0.50000001E-01     0.89192409E-02     118     0.29090899E-02
 0.25999987E+01     0.63203382E+00     0.15087022E-01     0.10000000E+02    -0.10675523E+00     0.50000001E-01     0.50000001E-01     0.87398514E-02     118     0.29090899E-02
 0.26999993E+01     0.65151614E+00     0.14900318E-01     0.10000000E+02    -0.10898126E+00     0.50000001E-01     0.50000001E-01     0.85367737E-02     118     0.29090899E-02
 0.27999985E+01     0.66997123E+00     0.14752228E-01     0.10000000E+02    -0.11090511E+00     0.50000001E-01     0.50000001E-01     0.83743501E-02     119     0.37310193E-02
 0.28999994E+01     0.68860930E+00     0.14601341E-01     0.10000000E+02    -0.11286860E+00     0.50000001E-01     0.50000001E-01     0.82072653E-02     119     0.37310193E-02
 0.29999983E+01     0.70715243E+00     0.14456217E-01     0.10000000E+02    -0.11479534E+00     0.50000001E-01     0.50000001E-01     0.80448836E-02     119     0.37310193E-02
 0.30999992E+01     0.72574615E+00     0.14312368E-01     0.10000000E+02    -0.11672729E+00     0.50000001E-01     0.50000001E-01     0.78819990E-02     119     0.37310193E-02
 0.31999984E+01     0.74345434E+00     0.14198394E-01     0.10000000E+02    -0.11841145E+00     0.50000001E-01     0.50000001E-01     0.77508590E-02     120     0.46595004E-02
 0.32999990E+01     0.75838733E+00     0.14167269E-01     0.10000000E+02    -0.11933746E+00     0.50000001E-01     0.50000001E-01     0.77126557E-02     120     0.46595004E-02
 0.33999999E+01     0.77245474E+00     0.14161089E-01     0.10000000E+02    -0.12002895E+00     0.50000001E-01     0.50000001E-01     0.77026011E-02     120     0.46595004E-02
 0.34999990E+01     0.78630453E+00     0.14160724E-01     0.10000000E+02    -0.12066473E+00     0.50000001E-01     0.50000001E-01     0.76989350E-02     120     0.46595004E-02
 0.35999999E+01     0.79999131E+00     0.14164859E-01     0.10000000E+02    -0.12125725E+00     0.50000001E-01     0.50000001E-01     0.77001471E-02     120     0.46595004E-02
 0.36999989E+01     0.81351990E+00     0.14173025E-01     0.10000000E+02    -0.12181192E+00     0.50000001E-01     0.50000001E-01     0.77057616E-02     121     0.56962054E-02
 0.37999997E+01     0.82692695E+00     0.14184209E-01     0.10000000E+02    -0.12233462E+00     0.50000001E-01     0.50000001E-01     0.77146906E-02     121     0.56962054E-02
 0.38999987E+01     0.84020263E+00     0.14198747E-01     0.10000000E+02    -0.12282564E+00     0.50000001E-01     0.50000001E-01     0.77271475E-02     121     0.56962054E-02
 0.39999995E+01     0.85336059E+00     0.14216066E-01     0.10000000E+02    -0.12328903E+00     0.50000001E-01     0.50000001E-01     0.77426443E-02     121     0.56962054E-02
 0.40999985E+01     0.86640763E+00     0.14236032E-01     0.10000000E+02    -0.12372573E+00     0.50000001E-01     0.50000001E-01     0.77610002E-02     121     0.56962054E-02
 0.41999993E+01     0.87934679E+00     0.14258587E-01     0.10000000E+02    -0.12413746E+00     0.50000001E-01     0.50000001E-01     0.77822446E-02     122     0.68430351E-02
 0.42999988E+01     0.89218104E+00     0.14283490E-01     0.10000000E+02    -0.12452503E+00     0.50000001E-01     0.50000001E-01     0.78058932E-02     122     0.68430351E-02
 0.43999991E+01     0.90491134E+00     0.14310770E-01     0.10000000E+02    -0.12488947E+00     0.50000001E-01     0.50000001E-01     0.78320913E-02     122     0.68430351E-02
 0.44999986E+01     0.91754305E+00     0.14340153E-01     0.10000000E+02    -0.12523216E+00     0.50000001E-01     0.50000001E-01     0.78605562E-02     122     0.68430351E-02
 0.45999994E+01     0.93006951E+00     0.14371776E-01     0.10000000E+02    -0.12555270E+00     0.50000001E-01     0.50000001E-01     0.78914203E-02     122     0.68430351E-02
 0.47000003E+01     0.94249678E+00     0.14405438E-01     0.10000000E+02    -0.12585187E+00     0.50000001E-01     0.50000001E-01     0.79246257E-02     123     0.81021339E-02
 0.47999973E+01     0.95482153E+00     0.14441176E-01     0.10000000E+02    -0.12612958E+00     0.50000001E-01     0.50000001E-01     0.79598678E-02     123     0.81021339E-02
 0.48999982E+01     0.96704805E+00     0.14478820E-01     0.10000000E+02    -0.12638615E+00     0.50000001E-01     0.50000001E-01     0.79972465E-02     123     0.81021339E-02
 0.49999990E+01     0.97916794E+00     0.14518444E-01     0.10000000E+02    -0.12662199E+00     0.50000001E-01     0.50000001E-01     0.80367103E-02     123     0.81021339E-02
 0.50999999E+01     0.99117881E+00     0.14560148E-01     0.10000000E+02    -0.12683551E+00     0.50000001E-01     0.50000001E-01     0.80784131E-02     123     0.81021339E-02
 0.52000008E+01     0.10030711E+01     0.14604152E-01     0.10000000E+02    -0.12702584E+00     0.50000001E-01     0.50000001E-01     0.81225820E-02     124     0.94758309E-02
 0.52999978E+01     0.10148649E+01     0.14649549E-01     0.10000000E+02    -0.12719706E+00     0.50000001E-01     0.50000001E-01     0.81683472E-02     124     0.94758309E-02
 0.53999987E+01     0.10265305E+01     0.14697314E-01     0.10000000E+02    -0.12734343E+00     0.50000001E-01     0.50000001E-01     0.82165310E-02     124     0.94758309E-02
 0.54999995E+01     0.10380814E+01     0.14746906E-01     0.10000000E+02    -0.12746710E+00     0.50000001E-01     0.50000001E-01     0.82667237E-02     124     0.94758309E-02
 0.56000004E+01     0.10494944E+01     0.14798865E-01     0.10000000E+02    -0.12756562E+00     0.50000001E-01     0.50000001E-01     0.83193593E-02     124     0.94758309E-02
 0.56999979E+01     0.10607719E+01     0.14852606E-01     0.10000000E+02    -0.12764005E+00     0.50000001E-01     0.50000001E-01     0.83740372E-02     124     0.94758309E-02
 0.57999988E+01     0.10719056E+01     0.14908644E-01     0.10000000E+02    -0.12768646E+00     0.50000001E-01     0.50000001E-01     0.84312735E-02     125     0.10966896E-01
 0.58999996E+01     0.10828453E+01     0.14966596E-01     0.10000000E+02    -0.12769802E+00     0.50000001E-01     0.50000001E-01     0.84904619E-02     125     0.10966896E-01
 0.60000000E+01     0.10935532E+01     0.15026765E-01     0.10000000E+02    -0.12766752E+00     0.50000001E-01     0.50000001E-01     0.85520744E-02     125     0.10966896E-01
 0.60999975E+01     0.11039774E+01     0.15088793E-01     0.10000000E+02    -0.12758598E+00     0.50000001E-01     0.50000001E-01     0.86158020E-02     125     0.10966896E-01
 0.61999984E+01     0.11140550E+01     0.15152921E-01     0.10000000E+02    -0.12744242E+00     0.50000001E-01     0.50000001E-01     0.86819064E-02     125     0.10966896E-01
 0.62999992E+01     0.11238540E+01     0.15219496E-01     0.10000000E+02    -0.12724920E+00     0.50000001E-01     0.50000001E-01     0.87508671E-02     126     0.12578236E-01
 0.64000001E+01     0.11333010E+01     0.15288866E-01     0.10000000E+02    -0.12699382E+00     0.50000001E-01     0.50000001E-01     0.88228174E-02     126     0.12578236E-01
 0.65000010E+01     0.11342883E+01     0.15348615E-01     0.10000000E+02    -0.12517799E+00     0.50000001E-01     0.50000001E-01     0.88910051E-02     126     0.12578236E-01
 0.65999980E+01     0.11339422E+01     0.15422038E-01     0.10000000E+02    -0.12314405E+00     0.50000001E-01     0.50000001E-01     0.89739915E-02     126     0.12578236E-01
 0.66999989E+01     0.11387718E+01     0.15517718E-01     0.10000000E+02    -0.12208608E+00     0.50000001E-01     0.50000001E-01     0.90759993E-02     126     0.12578236E-01
 0.67999997E+01     0.11471678E+01     0.15627159E-01     0.10000000E+02    -0.12167993E+00     0.50000001E-01     0.50000001E-01     0.91894213E-02     126     0.12578236E-01
 0.69000006E+01     0.11560168E+01     0.15749585E-01     0.10000000E+02    -0.12136894E+00     0.50000001E-01     0.50000001E-01     0.93154293E-02     126     0.12578236E-01
 0.69999981E+01     0.11649855E+01     0.15875531E-01     0.10000000E+02    -0.12108673E+00     0.50000001E-01     0.50000001E-01     0.94454251E-02     127     0.14313264E-01
 0.70999990E+01     0.11740140E+01     0.16003890E-01     0.10000000E+02    -0.12082284E+00     0.50000001E-01     0.50000001E-01     0.95775686E-02     127     0.14313264E-01
 0.71999998E+01     0.11827399E+01     0.16140545E-01     0.10000000E+02    -0.12051811E+00     0.50000001E-01     0.50000001E-01     0.97184293E-02     127     0.14313264E-01
 0.73000002E+01     0.11912096E+01     0.16283464E-01     0.10000000E+02    -0.12018155E+00     0.50000001E-01     0.50000001E-01     0.98661650E-02     127     0.14313264E-01
 0.73999977E+01     0.11996791E+01     0.16429439E-01     0.10000000E+02    -0.11985336E+00     0.50000001E-01     0.50000001E-01     0.10016882E-01     127     0.14313264E-01
 0.74999986E+01     0.12078412E+01     0.16583741E-01     0.10000000E+02    -0.11948721E+00     0.50000001E-01     0.50000001E-01     0.10176467E-01     127     0.14313264E-01
 0.75999994E+01     0.12155455E+01     0.16749831E-01     0.10000000E+02    -0.11906316E+00     0.50000001E-01     0.50000001E-01     0.10348532E-01     127     0.14313264E-01
 0.77000003E+01     0.12234129E+01     0.16917381E-01     0.10000000E+02    -0.11867576E+00     0.50000001E-01     0.50000001E-01     0.10522143E-01     128     0.16175576E-01
 0.77999973E+01     0.12307556E+01     0.17100539E-01     0.10000000E+02    -0.11822626E+00     0.50000001E-01     0.50000001E-01     0.10711996E-01     128     0.16175576E-01
 0.78999982E+01     0.12377555E+01     0.17294986E-01     0.10000000E+02    -0.11774208E+00     0.50000001E-01     0.50000001E-01     0.10913730E-01     128     0.16175576E-01
 0.79999990E+01     0.12448444E+01     0.17495135E-01     0.10000000E+02    -0.11728626E+00     0.50000001E-01     0.50000001E-01     0.11121068E-01     128     0.16175576E-01
 0.81000004E+01     0.12511162E+01     0.17723173E-01     0.10000000E+02    -0.11674196E+00     0.50000001E-01     0.50000001E-01     0.11357780E-01     128     0.16175576E-01
 0.82000008E+01     0.12577111E+01     0.17948423E-01     0.10000000E+02    -0.11625852E+00     0.50000001E-01     0.50000001E-01     0.11591341E-01     128     0.16175576E-01
 0.82999983E+01     0.12632804E+01     0.18213050E-01     0.10000000E+02    -0.11567057E+00     0.50000001E-01     0.50000001E-01     0.11866132E-01     129     0.18169271E-01
 0.83999987E+01     0.12691399E+01     0.18477954E-01     0.10000000E+02    -0.11514271E+00     0.50000001E-01     0.50000001E-01     0.12140915E-01     129     0.18169271E-01
 0.85000000E+01     0.12740818E+01     0.18787572E-01     0.10000000E+02    -0.11453770E+00     0.50000001E-01     0.50000001E-01     0.12461782E-01     129     0.18169271E-01
 0.86000004E+01     0.12791107E+01     0.19102791E-01     0.10000000E+02    -0.11397282E+00     0.50000001E-01     0.50000001E-01     0.12788666E-01     129     0.18169271E-01
 0.86999979E+01     0.12831208E+01     0.19473379E-01     0.10000000E+02    -0.11333828E+00     0.50000001E-01     0.50000001E-01     0.13172554E-01     129     0.18169271E-01
 0.87999983E+01     0.12875446E+01     0.19843042E-01     0.10000000E+02    -0.11278205E+00     0.50000001E-01     0.50000001E-01     0.13555384E-01     129     0.18169271E-01
 0.88999996E+01     0.12901549E+01     0.20307669E-01     0.10000000E+02    -0.11209897E+00     0.50000001E-01     0.50000001E-01     0.14036421E-01     129     0.18169271E-01
 0.90000000E+01     0.12938186E+01     0.20749070E-01     0.10000000E+02    -0.11155828E+00     0.50000001E-01     0.50000001E-01     0.14492534E-01     129     0.18169271E-01
 0.90999975E+01     0.12951674E+01     0.21321675E-01     0.10000000E+02    -0.11088108E+00     0.50000001E-01     0.50000001E-01     0.15084972E-01     130     0.20298893E-01
 0.91999989E+01     0.12960683E+01     0.21950075E-01     0.10000000E+02    -0.11023950E+00     0.50000001E-01     0.50000001E-01     0.15734123E-01     130     0.20298893E-01
 0.92999992E+01     0.12973025E+01     0.22597266E-01     0.10000000E+02    -0.10969155E+00     0.50000001E-01     0.50000001E-01     0.16401660E-01     130     0.20298893E-01
 0.94000006E+01     0.12966292E+01     0.23386886E-01     0.10000000E+02    -0.10910254E+00     0.50000001E-01     0.50000001E-01     0.17215848E-01     130     0.20298893E-01
 0.94999971E+01     0.12940081E+01     0.24350446E-01     0.10000000E+02    -0.10851388E+00     0.50000001E-01     0.50000001E-01     0.18208727E-01     130     0.20298893E-01
 0.95999985E+01     0.12897835E+01     0.25484955E-01     0.10000000E+02    -0.10798234E+00     0.50000001E-01     0.50000001E-01     0.19376474E-01     130     0.20298893E-01
 0.96999989E+01     0.12802749E+01     0.27103772E-01     0.10000000E+02    -0.10746006E+00     0.50000001E-01     0.50000001E-01     0.21041686E-01     130     0.20298893E-01
 0.98000002E+01     0.12693195E+01     0.28969824E-01     0.10000000E+02    -0.10713999E+00     0.50000001E-01     0.50000001E-01     0.22958416E-01     130     0.20298893E-01
 0.99000006E+01     0.12489481E+01     0.31841371E-01     0.10000000E+02    -0.10703517E+00     0.50000001E-01     0.50000001E-01     0.25904775E-01     130     0.20298893E-01
 0.99999981E+01     0.12066855E+01     0.37083853E-01     0.10000000E+02    -0.10738378E+00     0.50000001E-01     0.50000001E-01     0.31274766E-01     130     0.20298893E-01
 0.10099998E+02     0.11371785E+01     0.44979483E-01     0.10000000E+02    -0.10779062E+00     0.50000001E-01     0.50000001E-01     0.39344091E-01     129     0.18169271E-01
 0.10200000E+02     0.99772632E+00     0.58013324E-01     0.10000000E+02    -0.10698660E+00     0.50000001E-01     0.50000001E-01     0.52645527E-01     128     0.16175576E-01
 0.10300000E+02     0.96043098E+00     0.62126182E-01     0.10000000E+02    -0.10694931E+00     0.50000001E-01     0.50000001E-01     0.56835424E-01     128     0.16175576E-01
 0.10399998E+02     0.93412709E+00     0.65597519E-01     0.10000000E+02    -0.10731416E+00     0.50000001E-01     0.50000001E-01     0.60368031E-01     128     0.16175576E-01
 0.10499999E+02     0.93087739E+00     0.66920668E-01     0.10000000E+02    -0.10750328E+00     0.50000001E-01     0.50000001E-01     0.61710909E-01     128     0.16175576E-01
 0.10599999E+02     0.91349852E+00     0.69864511E-01     0.10000000E+02    -0.10814977E+00     0.50000001E-01     0.50000001E-01     0.64703524E-01     128     0.16175576E-01
 0.10700000E+02     0.91296458E+00     0.71023241E-01     0.10000000E+02    -0.10840940E+00     0.50000001E-01     0.50000001E-01     0.65877922E-01     128     0.16175576E-01
 0.10799997E+02     0.90067673E+00     0.73618881E-01     0.10000000E+02    -0.10915259E+00     0.50000001E-01     0.50000001E-01     0.68514727E-01     128     0.16175576E-01
 0.10899999E+02     0.90117788E+00     0.74723192E-01     0.10000000E+02    -0.10947467E+00     0.50000001E-01     0.50000001E-01     0.69634326E-01     128     0.16175576E-01
 0.10999999E+02     0.90265656E+00     0.75744130E-01     0.10000000E+02    -0.10979552E+00     0.50000001E-01     0.50000001E-01     0.70668027E-01     128     0.16175576E-01
 0.11100000E+02     0.89483917E+00     0.77975892E-01     0.10000000E+02    -0.11055632E+00     0.50000001E-01     0.50000001E-01     0.72933033E-01     128     0.16175576E-01
 0.11200001E+02     0.89551139E+00     0.79153612E-01     0.10000000E+02    -0.11097115E+00     0.50000001E-01     0.50000001E-01     0.74126914E-01     128     0.16175576E-01
 0.11299998E+02     0.89776731E+00     0.80129839E-01     0.10000000E+02    -0.11131155E+00     0.50000001E-01     0.50000001E-01     0.75114682E-01     128     0.16175576E-01
 0.11399999E+02     0.90068179E+00     0.81045650E-01     0.10000000E+02    -0.11164767E+00     0.50000001E-01     0.50000001E-01     0.76041907E-01     128     0.16175576E-01
 0.11500000E+02     0.90226662E+00     0.82162708E-01     0.10000000E+02    -0.11206255E+00     0.50000001E-01     0.50000001E-01     0.77172816E-01     129     0.18169271E-01
 0.11600000E+02     0.89690882E+00     0.84209427E-01     0.10000000E+02    -0.11289781E+00     0.50000001E-01     0.50000001E-01     0.79249568E-01     129     0.18169271E-01
 0.11699998E+02     0.89968002E+00     0.85166618E-01     0.10000000E+02    -0.11327893E+00     0.50000001E-01     0.50000001E-01     0.80217302E-01     129     0.18169271E-01
 0.11799999E+02     0.90321225E+00     0.86030908E-01     0.10000000E+02    -0.11362088E+00     0.50000001E-01     0.50000001E-01     0.81091888E-01     129     0.18169271E-01
 0.11900000E+02     0.90662575E+00     0.86900823E-01     0.10000000E+02    -0.11396688E+00     0.50000001E-01     0.50000001E-01     0.81971407E-01     129     0.18169271E-01
 0.12000000E+02     0.90323550E+00     0.88792197E-01     0.10000000E+02    -0.11480634E+00     0.50000001E-01     0.50000001E-01     0.83890311E-01     129     0.18169271E-01
 0.12099998E+02     0.90549541E+00     0.89850925E-01     0.10000000E+02    -0.11525906E+00     0.50000001E-01     0.50000001E-01     0.84962003E-01     129     0.18169271E-01
 0.12199999E+02     0.90922177E+00     0.90741061E-01     0.10000000E+02    -0.11566234E+00     0.50000001E-01     0.50000001E-01     0.85861973E-01     129     0.18169271E-01
 0.12299999E+02     0.91330612E+00     0.91565877E-01     0.10000000E+02    -0.11603265E+00     0.50000001E-01     0.50000001E-01     0.86696535E-01     129     0.18169271E-01
 0.12400001E+02     0.91728616E+00     0.92400685E-01     0.10000000E+02    -0.11640923E+00     0.50000001E-01     0.50000001E-01     0.87540187E-01     130     0.20298893E-01
 0.12499997E+02     0.92111707E+00     0.93258224E-01     0.10000000E+02    -0.11680783E+00     0.50000001E-01     0.50000001E-01     0.88407673E-01     130     0.20298893E-01
 0.12599998E+02     0.91797507E+00     0.95169425E-01     0.10000000E+02    -0.11769565E+00     0.50000001E-01     0.50000001E-01     0.90344928E-01     130     0.20298893E-01
 0.12699999E+02     0.92166495E+00     0.96062623E-01     0.10000000E+02    -0.11813237E+00     0.50000001E-01     0.50000001E-01     0.91248259E-01     130     0.20298893E-01
 0.12800000E+02     0.92599785E+00     0.96876428E-01     0.10000000E+02    -0.11853409E+00     0.50000001E-01     0.50000001E-01     0.92071690E-01     130     0.20298893E-01
 0.12900001E+02     0.93057758E+00     0.97648807E-01     0.10000000E+02    -0.11890578E+00     0.50000001E-01     0.50000001E-01     0.92852615E-01     130     0.20298893E-01
 0.12999998E+02     0.93479568E+00     0.98452277E-01     0.10000000E+02    -0.11930275E+00     0.50000001E-01     0.50000001E-01     0.93663976E-01     130     0.20298893E-01
 0.13099999E+02     0.93919253E+00     0.99253878E-01     0.10000000E+02    -0.11969049E+00     0.50000001E-01     0.50000001E-01     0.94474956E-01     130     0.20298893E-01
 0.13200000E+02     0.93728149E+00     0.10105181E+00     0.10000000E+02    -0.12061627E+00     0.50000001E-01     0.50000001E-01     0.96297160E-01     130     0.20298893E-01
 0.13300000E+02     0.94118220E+00     0.10192018E+00     0.10000000E+02    -0.12105124E+00     0.50000001E-01     0.50000001E-01     0.97176090E-01     130     0.20298893E-01
 0.13399998E+02     0.94568664E+00     0.10271646E+00     0.10000000E+02    -0.12146828E+00     0.50000001E-01     0.50000001E-01     0.97981095E-01     131     0.22569172E-01
 0.13499999E+02     0.95029795E+00     0.10348421E+00     0.10000000E+02    -0.12186177E+00     0.50000001E-01     0.50000001E-01     0.98756798E-01     131     0.22569172E-01
 0.13599999E+02     0.95525557E+00     0.10423987E+00     0.10000000E+02    -0.12228981E+00     0.50000001E-01     0.50000001E-01     0.99520892E-01     131     0.22569172E-01
 0.13700001E+02     0.95966309E+00     0.10499123E+00     0.10000000E+02    -0.12266561E+00     0.50000001E-01     0.50000001E-01     0.10027979E+00     131     0.22569172E-01
 0.13799997E+02     0.96026409E+00     0.10644729E+00     0.10000000E+02    -0.12345323E+00     0.50000001E-01     0.50000001E-01     0.10175558E+00     131     0.22569172E-01
 0.13899999E+02     0.96305686E+00     0.10752769E+00     0.10000000E+02    -0.12403758E+00     0.50000001E-01     0.50000001E-01     0.10284859E+00     131     0.22569172E-01
 0.13999999E+02     0.96749228E+00     0.10833993E+00     0.10000000E+02    -0.12450124E+00     0.50000001E-01     0.50000001E-01     0.10367030E+00     131     0.22569172E-01
 0.14100000E+02     0.97249532E+00     0.10907908E+00     0.10000000E+02    -0.12492132E+00     0.50000001E-01     0.50000001E-01     0.10441838E+00     131     0.22569172E-01
 0.14199998E+02     0.97742230E+00     0.10982953E+00     0.10000000E+02    -0.12537220E+00     0.50000001E-01     0.50000001E-01     0.10517661E+00     131     0.22569172E-01
 0.14299998E+02     0.98226970E+00     0.11054395E+00     0.10000000E+02    -0.12575965E+00     0.50000001E-01     0.50000001E-01     0.10589895E+00     132     0.24985466E-01
 0.14400000E+02     0.98692149E+00     0.11126952E+00     0.10000000E+02    -0.12614669E+00     0.50000001E-01     0.50000001E-01     0.10663191E+00     132     0.24985466E-01
 0.14500000E+02     0.99164879E+00     0.11206445E+00     0.10000000E+02    -0.12662725E+00     0.50000001E-01     0.50000001E-01     0.10743644E+00     132     0.24985466E-01
 0.14600000E+02     0.99143684E+00     0.11365598E+00     0.10000000E+02    -0.12754254E+00     0.50000001E-01     0.50000001E-01     0.10904850E+00     132     0.24985466E-01
 0.14699998E+02     0.99611968E+00     0.11450236E+00     0.10000000E+02    -0.12809077E+00     0.50000001E-01     0.50000001E-01     0.10990544E+00     132     0.24985466E-01
 0.14799999E+02     0.10004781E+01     0.11524520E+00     0.10000000E+02    -0.12848718E+00     0.50000001E-01     0.50000001E-01     0.11065486E+00     132     0.24985466E-01
 0.14900000E+02     0.10055923E+01     0.11596680E+00     0.10000000E+02    -0.12892255E+00     0.50000001E-01     0.50000001E-01     0.11138422E+00     132     0.24985466E-01
 0.15000001E+02     0.10111459E+01     0.11664034E+00     0.10000000E+02    -0.12936912E+00     0.50000001E-01     0.50000001E-01     0.11206686E+00     132     0.24985466E-01
 0.15099998E+02     0.10161448E+01     0.11734423E+00     0.10000000E+02    -0.12978376E+00     0.50000001E-01     0.50000001E-01     0.11277861E+00     133     0.27553435E-01
 0.15199999E+02     0.10210739E+01     0.11803710E+00     0.10000000E+02    -0.13023023E+00     0.50000001E-01     0.50000001E-01     0.11347800E+00     133     0.27553435E-01
 0.15299999E+02     0.10232294E+01     0.11925590E+00     0.10000000E+02    -0.13095459E+00     0.50000001E-01     0.50000001E-01     0.11471453E+00     133     0.27553435E-01
 0.15400001E+02     0.10263036E+01     0.12038676E+00     0.10000000E+02    -0.13169514E+00     0.50000001E-01     0.50000001E-01     0.11585973E+00     133     0.27553435E-01
 0.15499998E+02     0.10302876E+01     0.12118418E+00     0.10000000E+02    -0.13215901E+00     0.50000001E-01     0.50000001E-01     0.11666445E+00     133     0.27553435E-01
 0.15599998E+02     0.10356313E+01     0.12187403E+00     0.10000000E+02    -0.13260135E+00     0.50000001E-01     0.50000001E-01     0.11736261E+00     133     0.27553435E-01
 0.15699999E+02     0.10410903E+01     0.12252636E+00     0.10000000E+02    -0.13304546E+00     0.50000001E-01     0.50000001E-01     0.11802351E+00     133     0.27553435E-01
 0.15800000E+02     0.10458041E+01     0.12324224E+00     0.10000000E+02    -0.13349469E+00     0.50000001E-01     0.50000001E-01     0.11874542E+00     133     0.27553435E-01
 0.15899998E+02     0.10507971E+01     0.12390707E+00     0.10000000E+02    -0.13393275E+00     0.50000001E-01     0.50000001E-01     0.11941665E+00     133     0.27553435E-01
 0.15999998E+02     0.10563824E+01     0.12459139E+00     0.10000000E+02    -0.13444394E+00     0.50000001E-01     0.50000001E-01     0.12010852E+00     134     0.30279335E-01
 0.16099998E+02     0.10610640E+01     0.12536378E+00     0.10000000E+02    -0.13494939E+00     0.50000001E-01     0.50000001E-01     0.12089147E+00     134     0.30279335E-01
 0.16200001E+02     0.10618478E+01     0.12683117E+00     0.10000000E+02    -0.13587388E+00     0.50000001E-01     0.50000001E-01     0.12237832E+00     134     0.30279335E-01
 0.16300001E+02     0.10662024E+01     0.12761496E+00     0.10000000E+02    -0.13638255E+00     0.50000001E-01     0.50000001E-01     0.12317094E+00     134     0.30279335E-01
 0.16399998E+02     0.10712976E+01     0.12832162E+00     0.10000000E+02    -0.13688931E+00     0.50000001E-01     0.50000001E-01     0.12388649E+00     134     0.30279335E-01
 0.16499998E+02     0.10766141E+01     0.12899192E+00     0.10000000E+02    -0.13739002E+00     0.50000001E-01     0.50000001E-01     0.12456264E+00     134     0.30279335E-01
 0.16600000E+02     0.10813721E+01     0.12962440E+00     0.10000000E+02    -0.13775875E+00     0.50000001E-01     0.50000001E-01     0.12520173E+00     135     0.33169542E-01
 0.16700001E+02     0.10870564E+01     0.13027886E+00     0.10000000E+02    -0.13825554E+00     0.50000001E-01     0.50000001E-01     0.12586470E+00     134     0.30279335E-01
 0.16799997E+02     0.10922999E+01     0.13097216E+00     0.10000000E+02    -0.13878468E+00     0.50000001E-01     0.50000001E-01     0.12656464E+00     135     0.33169542E-01
 0.16900000E+02     0.10975813E+01     0.13158756E+00     0.10000000E+02    -0.13921426E+00     0.50000001E-01     0.50000001E-01     0.12718898E+00     135     0.33169542E-01
 0.17000000E+02     0.10988477E+01     0.13298443E+00     0.10000000E+02    -0.14017293E+00     0.50000001E-01     0.50000001E-01     0.12860377E+00     135     0.33169542E-01
 0.17100000E+02     0.11029503E+01     0.13386646E+00     0.10000000E+02    -0.14080606E+00     0.50000001E-01     0.50000001E-01     0.12949750E+00     135     0.33169542E-01
 0.17199997E+02     0.11080147E+01     0.13454074E+00     0.10000000E+02    -0.14128599E+00     0.50000001E-01     0.50000001E-01     0.13018043E+00     135     0.33169542E-01
 0.17299999E+02     0.11133975E+01     0.13522476E+00     0.10000000E+02    -0.14183602E+00     0.50000001E-01     0.50000001E-01     0.13087188E+00     135     0.33169542E-01
 0.17400000E+02     0.11184866E+01     0.13589941E+00     0.10000000E+02    -0.14232244E+00     0.50000001E-01     0.50000001E-01     0.13155437E+00     136     0.36230825E-01
 0.17500000E+02     0.11239676E+01     0.13647895E+00     0.10000000E+02    -0.14278632E+00     0.50000001E-01     0.50000001E-01     0.13214234E+00     135     0.33169542E-01
 0.17599997E+02     0.11287478E+01     0.13711052E+00     0.10000000E+02    -0.14321721E+00     0.50000001E-01     0.50000001E-01     0.13277854E+00     136     0.36230825E-01
 0.17699999E+02     0.11340905E+01     0.13774560E+00     0.10000000E+02    -0.14371935E+00     0.50000001E-01     0.50000001E-01     0.13342142E+00     136     0.36230825E-01
 0.17799999E+02     0.11396450E+01     0.13837740E+00     0.10000000E+02    -0.14418991E+00     0.50000001E-01     0.50000001E-01     0.13406332E+00     136     0.36230825E-01
 0.17900000E+02     0.11400913E+01     0.13986923E+00     0.10000000E+02    -0.14527395E+00     0.50000001E-01     0.50000001E-01     0.13557014E+00     136     0.36230825E-01
 0.18000000E+02     0.11448131E+01     0.14066598E+00     0.10000000E+02    -0.14591604E+00     0.50000001E-01     0.50000001E-01     0.13637722E+00     136     0.36230825E-01
 0.18099998E+02     0.11497908E+01     0.14134352E+00     0.10000000E+02    -0.14640692E+00     0.50000001E-01     0.50000001E-01     0.13706501E+00     136     0.36230825E-01
 0.18199999E+02     0.11555421E+01     0.14194581E+00     0.10000000E+02    -0.14695835E+00     0.50000001E-01     0.50000001E-01     0.13767527E+00     136     0.36230825E-01
 0.18299999E+02     0.11605093E+01     0.14257932E+00     0.10000000E+02    -0.14740479E+00     0.50000001E-01     0.50000001E-01     0.13831565E+00     136     0.36230825E-01
 0.18400000E+02     0.11658682E+01     0.14322470E+00     0.10000000E+02    -0.14792798E+00     0.50000001E-01     0.50000001E-01     0.13896739E+00     136     0.36230825E-01
 0.18499998E+02     0.11710097E+01     0.14380279E+00     0.10000000E+02    -0.14845552E+00     0.50000001E-01     0.50000001E-01     0.13955322E+00     137     0.39470624E-01
 0.18599998E+02     0.11761994E+01     0.14442801E+00     0.10000000E+02    -0.14893590E+00     0.50000001E-01     0.50000001E-01     0.14018570E+00     137     0.39470624E-01
 0.18699999E+02     0.11815895E+01     0.14504090E+00     0.10000000E+02    -0.14940594E+00     0.50000001E-01     0.50000001E-01     0.14080679E+00     137     0.39470624E-01
 0.18800001E+02     0.11841110E+01     0.14615269E+00     0.10000000E+02    -0.15029392E+00     0.50000001E-01     0.50000001E-01     0.14193371E+00     137     0.39470624E-01
 0.18899998E+02     0.11873912E+01     0.14718105E+00     0.10000000E+02    -0.15112737E+00     0.50000001E-01     0.50000001E-01     0.14297454E+00     137     0.39470624E-01
 0.18999998E+02     0.11925484E+01     0.14782022E+00     0.10000000E+02    -0.15166116E+00     0.50000001E-01     0.50000001E-01     0.14362173E+00     137     0.39470624E-01
 0.19099998E+02     0.11972616E+01     0.14851238E+00     0.10000000E+02    -0.15219684E+00     0.50000001E-01     0.50000001E-01     0.14432399E+00     137     0.39470624E-01
 0.19200001E+02     0.12028992E+01     0.14912741E+00     0.10000000E+02    -0.15280180E+00     0.50000001E-01     0.50000001E-01     0.14494658E+00     137     0.39470624E-01
 0.19300001E+02     0.12078104E+01     0.14974476E+00     0.10000000E+02    -0.15327200E+00     0.50000001E-01     0.50000001E-01     0.14557049E+00     137     0.39470624E-01
 0.19399998E+02     0.12132627E+01     0.15029879E+00     0.10000000E+02    -0.15381578E+00     0.50000001E-01     0.50000001E-01     0.14613281E+00     138     0.42896152E-01
 0.19499998E+02     0.12180866E+01     0.15091254E+00     0.10000000E+02    -0.15430239E+00     0.50000001E-01     0.50000001E-01     0.14675154E+00     138     0.42896152E-01
 0.19600000E+02     0.12238765E+01     0.15152015E+00     0.10000000E+02    -0.15489249E+00     0.49975757E-01     0.50000001E-01     0.14736868E+00     138     0.42896152E-01
 0.19700001E+02     0.12287323E+01     0.15217528E+00     0.10000000E+02    -0.15546629E+00     0.50000001E-01     0.50000001E-01     0.14803238E+00     138     0.42896152E-01
 0.19799997E+02     0.12297701E+01     0.15358073E+00     0.10000000E+02    -0.15659982E+00     0.49816400E-01     0.50000001E-01     0.14945649E+00     138     0.42896152E-01
 0.19900000E+02     0.12347828E+01     0.15423882E+00     0.10000000E+02    -0.15717910E+00     0.50000001E-01     0.50000001E-01     0.15012287E+00     138     0.42896152E-01
 0.20000000E+02     0.12386862E+01     0.15500255E+00     0.10000000E+02    -0.15782420E+00     0.49598284E-01     0.50000001E-01     0.15089180E+00     138     0.42896152E-01
 0.20100000E+02     0.12583243E+01     0.15714051E+00     0.10000000E+02    -0.16165814E+00     0.50000001E-01     0.40280119E+00     0.15354259E+00     139     0.46514940E-01
 0.20199997E+02     0.12616873E+01     0.15786427E+00     0.10000000E+02    -0.16233772E+00     0.48914533E-01     0.40690216E+00     0.15427074E+00     139     0.46514940E-01
 0.20299999E+02     0.12674139E+01     0.15849507E+00     0.10000000E+02    -0.16285811E+00     0.49233891E-01     0.40514308E+00     0.15490545E+00     139     0.46514940E-01
 0.20400000E+02     0.12727591E+01     0.15895554E+00     0.10000000E+02    -0.16329437E+00     0.49460050E-01     0.40556270E+00     0.15537417E+00     139     0.46514940E-01
 0.20500000E+02     0.12766397E+01     0.15961221E+00     0.10000000E+02    -0.16386688E+00     0.48657935E-01     0.40654969E+00     0.15602972E+00     139     0.46514940E-01
 0.20599998E+02     0.12819614E+01     0.16028582E+00     0.10000000E+02    -0.16447225E+00     0.48948061E-01     0.40691379E+00     0.15670885E+00     139     0.46514940E-01
 0.20699999E+02     0.12827421E+01     0.16154693E+00     0.10000000E+02    -0.16566578E+00     0.48221003E-01     0.40560928E+00     0.15797934E+00     139     0.46514940E-01
 0.20799999E+02     0.12872247E+01     0.16228771E+00     0.10000000E+02    -0.16626951E+00     0.48249174E-01     0.40982652E+00     0.15873669E+00     139     0.46514940E-01
 0.20900000E+02     0.12916020E+01     0.16302639E+00     0.10000000E+02    -0.16696794E+00     0.48053563E-01     0.40920874E+00     0.15947682E+00     140     0.50334580E-01
 0.21000000E+02     0.12964823E+01     0.16371642E+00     0.10000000E+02    -0.16762476E+00     0.48008297E-01     0.41083598E+00     0.16017656E+00     140     0.50334580E-01
 0.21099998E+02     0.13013148E+01     0.16423804E+00     0.10000000E+02    -0.16800670E+00     0.48508771E-01     0.41127440E+00     0.16070719E+00     140     0.50334580E-01
 0.21199999E+02     0.13066566E+01     0.16477571E+00     0.10000000E+02    -0.16853632E+00     0.48446104E-01     0.41055682E+00     0.16124859E+00     140     0.50334580E-01
 0.21299999E+02     0.13091863E+01     0.16551305E+00     0.10000000E+02    -0.16933262E+00     0.46890620E-01     0.41183665E+00     0.16198024E+00     140     0.50334580E-01
 0.21400000E+02     0.13128797E+01     0.16618001E+00     0.10000000E+02    -0.17003444E+00     0.46152432E-01     0.41196918E+00     0.16264175E+00     140     0.50334580E-01
 0.21499998E+02     0.13193879E+01     0.16666622E+00     0.10000000E+02    -0.17043959E+00     0.46944965E-01     0.41140404E+00     0.16314051E+00     140     0.50334580E-01
 0.21599998E+02     0.13243842E+01     0.16719809E+00     0.10000000E+02    -0.17094222E+00     0.47234904E-01     0.41305044E+00     0.16368476E+00     141     0.54362021E-01
 0.21699999E+02     0.13265425E+01     0.16852862E+00     0.10000000E+02    -0.17208903E+00     0.47451291E-01     0.41383070E+00     0.16503640E+00     140     0.50334580E-01
 0.21800001E+02     0.13310024E+01     0.16926147E+00     0.10000000E+02    -0.17288804E+00     0.47356110E-01     0.41589454E+00     0.16578257E+00     140     0.50334580E-01
 0.21899998E+02     0.13315948E+01     0.17011675E+00     0.10000000E+02    -0.17375959E+00     0.45748509E-01     0.41162777E+00     0.16660970E+00     141     0.54362021E-01
 0.21999998E+02     0.13383685E+01     0.17065641E+00     0.10000000E+02    -0.17425276E+00     0.46433110E-01     0.41611844E+00     0.16717932E+00     141     0.54362021E-01
 0.22099998E+02     0.13417678E+01     0.17127785E+00     0.10000000E+02    -0.17496330E+00     0.45596015E-01     0.41637337E+00     0.16779543E+00     141     0.54362021E-01
 0.22200001E+02     0.13477503E+01     0.17183349E+00     0.10000000E+02    -0.17542525E+00     0.46134625E-01     0.41362238E+00     0.16835330E+00     141     0.54362021E-01
 0.22299997E+02     0.13511999E+01     0.17239332E+00     0.10000000E+02    -0.17610329E+00     0.45590486E-01     0.41772813E+00     0.16892016E+00     141     0.54362021E-01
 0.22399998E+02     0.13559335E+01     0.17295772E+00     0.10000000E+02    -0.17666656E+00     0.45718830E-01     0.41671103E+00     0.16948555E+00     141     0.54362021E-01
 0.22500000E+02     0.13553176E+01     0.17446503E+00     0.10000000E+02    -0.17814611E+00     0.44029724E-01     0.41706899E+00     0.17099744E+00     141     0.54362021E-01
 0.22600000E+02     0.13601352E+01     0.17513324E+00     0.10000000E+02    -0.17878109E+00     0.44532984E-01     0.41864121E+00     0.17168152E+00     142     0.58604252E-01
 0.22700001E+02     0.13643309E+01     0.17581074E+00     0.10000000E+02    -0.17942448E+00     0.44386625E-01     0.41867435E+00     0.17236367E+00     142     0.58604252E-01
 0.22799997E+02     0.13681768E+01     0.17647493E+00     0.10000000E+02    -0.18029867E+00     0.43508276E-01     0.41941586E+00     0.17302805E+00     142     0.58604252E-01
 0.22900000E+02     0.13752183E+01     0.17694210E+00     0.10000000E+02    -0.18060453E+00     0.45332257E-01     0.42146283E+00     0.17352009E+00     142     0.58604252E-01
 0.23000000E+02     0.13790179E+01     0.17749441E+00     0.10000000E+02    -0.18137005E+00     0.44568691E-01     0.42204258E+00     0.17407201E+00     142     0.58604252E-01
 0.23100000E+02     0.13842881E+01     0.17805342E+00     0.10000000E+02    -0.18201545E+00     0.44770449E-01     0.41869763E+00     0.17462978E+00     142     0.58604252E-01
 0.23199997E+02     0.13878959E+01     0.17866141E+00     0.10000000E+02    -0.18261454E+00     0.43974701E-01     0.42324272E+00     0.17524666E+00     142     0.58604252E-01
 0.23299999E+02     0.13925320E+01     0.17929015E+00     0.10000000E+02    -0.18335365E+00     0.43860707E-01     0.42484826E+00     0.17588429E+00     142     0.58604252E-01
 0.23400000E+02     0.13971938E+01     0.17981820E+00     0.10000000E+02    -0.18401682E+00     0.43809276E-01     0.42260587E+00     0.17641039E+00     142     0.58604252E-01
 0.23500000E+02     0.14005976E+01     0.18073401E+00     0.10000000E+02    -0.18489139E+00     0.44275489E-01     0.42351755E+00     0.17734355E+00     142     0.58604252E-01
 0.23599998E+02     0.14001994E+01     0.18208563E+00     0.10000000E+02    -0.18632628E+00     0.42902533E-01     0.42354092E+00     0.17869481E+00     142     0.58604252E-01
 0.23699999E+02     0.14063524E+01     0.18259344E+00     0.10000000E+02    -0.18692087E+00     0.43453291E-01     0.42410269E+00     0.17921488E+00     143     0.63067533E-01
 0.23799999E+02     0.14107480E+01     0.18322274E+00     0.10000000E+02    -0.18757623E+00     0.43194260E-01     0.42648262E+00     0.17985611E+00     143     0.63067533E-01
 0.23900000E+02     0.14141881E+01     0.18382321E+00     0.10000000E+02    -0.18831639E+00     0.42926125E-01     0.42285475E+00     0.18044519E+00     143     0.63067533E-01
