  
       RFOIL         Version 3.00
  
 Calculated polar for: OSO_2025_WT2_T33                
  
 1  Reynolds number fixed
  
 xtrf =      1.00000000 (suction)     1.00000000 (pressure)
 Rot. Parameters:  f0 =      1.00000000 c/r =      0.00000000
 Mach =      0.00000000     Re =      3.00000000 e 6     Ncrit =      9.00000000
  
             alpha                CL                CD            Re(CL)                CM             S_xtr             P_xtr               CDp            I_stag            X_stag
  ------- -------- --------- --------- -------- ------- ------- -------- 
-0.20700003E+02    -0.79203361E+00     0.15422416E+00     0.30000000E+01     0.63495436E-02     0.99972588E+00     0.91659047E-01     0.15176639E+00      87     0.45182135E-01
-0.20600000E+02    -0.78657424E+00     0.15330999E+00     0.30000000E+01     0.52169887E-02     0.99967444E+00     0.93119808E-01     0.15085866E+00      88     0.40837713E-01
-0.20500000E+02    -0.78067410E+00     0.15266392E+00     0.30000000E+01     0.42505185E-02     0.99962997E+00     0.93776740E-01     0.15021014E+00      88     0.40837713E-01
-0.20400002E+02    -0.77429897E+00     0.15183198E+00     0.30000000E+01     0.31522359E-02     0.99957860E+00     0.94273023E-01     0.14937651E+00      88     0.40837713E-01
-0.20300001E+02    -0.76887155E+00     0.15134275E+00     0.30000000E+01     0.26048154E-02     0.99955380E+00     0.95196567E-01     0.14888397E+00      88     0.40837713E-01
-0.20200001E+02    -0.76183575E+00     0.15031794E+00     0.30000000E+01     0.10453757E-02     0.99946249E+00     0.95637843E-01     0.14785683E+00      88     0.40837713E-01
-0.20100000E+02    -0.75778818E+00     0.14920714E+00     0.30000000E+01    -0.20672719E-03     0.99939632E+00     0.96853331E-01     0.14675383E+00      88     0.40837713E-01
-0.19700001E+02    -0.73432958E+00     0.14514689E+00     0.30000000E+01    -0.56777629E-02     0.99898165E+00     0.99935569E-01     0.14269435E+00      89     0.36834702E-01
-0.19600000E+02    -0.72596335E+00     0.14420708E+00     0.30000000E+01    -0.73836013E-02     0.99878103E+00     0.10120466E+00     0.14175658E+00      89     0.36834702E-01
-0.19500000E+02    -0.72064608E+00     0.14349951E+00     0.30000000E+01    -0.80641210E-02     0.99872917E+00     0.10177474E+00     0.14104737E+00      89     0.36834702E-01
-0.19400002E+02    -0.71075875E+00     0.14242843E+00     0.30000000E+01    -0.10175774E-01     0.99840540E+00     0.10265613E+00     0.13997117E+00      89     0.36834702E-01
-0.19300001E+02    -0.70578784E+00     0.14128366E+00     0.30000000E+01    -0.11504428E-01     0.99822503E+00     0.10419229E+00     0.13883437E+00      89     0.36834702E-01
-0.19200001E+02    -0.69858450E+00     0.13987702E+00     0.30000000E+01    -0.13748514E-01     0.99776369E+00     0.10554983E+00     0.13743302E+00      89     0.36834702E-01
-0.19100000E+02    -0.69544911E+00     0.13872607E+00     0.30000000E+01    -0.14704438E-01     0.99765903E+00     0.10643636E+00     0.13628000E+00      89     0.36834702E-01
-0.19000002E+02    -0.68822563E+00     0.13779142E+00     0.30000000E+01    -0.16199011E-01     0.99728483E+00     0.10750792E+00     0.13534825E+00      89     0.36834702E-01
-0.18900002E+02    -0.68042541E+00     0.13681386E+00     0.30000000E+01    -0.17779676E-01     0.99680984E+00     0.10876311E+00     0.13437168E+00      90     0.33153079E-01
-0.18800001E+02    -0.67029488E+00     0.13584928E+00     0.30000000E+01    -0.19777810E-01     0.99602306E+00     0.10989425E+00     0.13340373E+00      90     0.33153079E-01
-0.18700001E+02    -0.66283000E+00     0.13473330E+00     0.30000000E+01    -0.21470446E-01     0.99532294E+00     0.11123921E+00     0.13228981E+00      90     0.33153079E-01
-0.18600000E+02    -0.65348089E+00     0.13351496E+00     0.30000000E+01    -0.23790782E-01     0.99425912E+00     0.11227451E+00     0.13107648E+00      90     0.33153079E-01
-0.18500002E+02    -0.64901817E+00     0.13249564E+00     0.30000000E+01    -0.24920851E-01     0.99391913E+00     0.11378076E+00     0.13006644E+00      90     0.33153079E-01
-0.18400000E+02    -0.64763856E+00     0.13147794E+00     0.30000000E+01    -0.25309399E-01     0.98737663E+00     0.11534306E+00     0.12905322E+00      90     0.33153079E-01
-0.18300001E+02    -0.64502966E+00     0.13050942E+00     0.30000000E+01    -0.25843248E-01     0.98334295E+00     0.11648062E+00     0.12808214E+00      90     0.33153079E-01
-0.18200001E+02    -0.62874538E+00     0.12856579E+00     0.30000000E+01    -0.29595520E-01     0.66032928E+00     0.11870351E+00     0.12487510E+00      91     0.29771008E-01
-0.18100002E+02    -0.62546313E+00     0.12777366E+00     0.30000000E+01    -0.30209210E-01     0.64238244E+00     0.12008427E+00     0.12402830E+00      91     0.29771008E-01
-0.18000000E+02    -0.62334967E+00     0.12689485E+00     0.30000000E+01    -0.30820198E-01     0.63131076E+00     0.12242511E+00     0.12312375E+00      91     0.29771008E-01
-0.17900000E+02    -0.61936355E+00     0.12613888E+00     0.30000000E+01    -0.31442560E-01     0.62025338E+00     0.12407841E+00     0.12233140E+00      91     0.29771008E-01
-0.17800001E+02    -0.61529166E+00     0.12541734E+00     0.30000000E+01    -0.32009147E-01     0.60976917E+00     0.12560064E+00     0.12157951E+00      91     0.29771008E-01
-0.17700001E+02    -0.61361605E+00     0.12438460E+00     0.30000000E+01    -0.32682758E-01     0.59812540E+00     0.12772971E+00     0.12050806E+00      91     0.29771008E-01
-0.17600000E+02    -0.61346370E+00     0.12309509E+00     0.30000000E+01    -0.33456307E-01     0.59208024E+00     0.12990145E+00     0.11920787E+00      91     0.29771008E-01
-0.17500000E+02    -0.60949588E+00     0.12230512E+00     0.30000000E+01    -0.34092065E-01     0.59022933E+00     0.13132027E+00     0.11841390E+00      91     0.29771008E-01
-0.17400002E+02    -0.60600471E+00     0.12155999E+00     0.30000000E+01    -0.34610119E-01     0.58434826E+00     0.13342638E+00     0.11765312E+00      91     0.29771008E-01
-0.17300001E+02    -0.60471410E+00     0.12061938E+00     0.30000000E+01    -0.35187643E-01     0.57926327E+00     0.13634928E+00     0.11671326E+00      91     0.29771008E-01
-0.17200001E+02    -0.60300386E+00     0.11959260E+00     0.30000000E+01    -0.35842039E-01     0.57447016E+00     0.13872150E+00     0.11568169E+00      92     0.26666561E-01
-0.17100000E+02    -0.60119200E+00     0.11849121E+00     0.30000000E+01    -0.36517765E-01     0.57040739E+00     0.14112619E+00     0.11456543E+00      92     0.26666561E-01
-0.17000002E+02    -0.60264778E+00     0.11714789E+00     0.30000000E+01    -0.37233058E-01     0.56323570E+00     0.14485046E+00     0.11321564E+00      92     0.26666561E-01
-0.16900000E+02    -0.60188365E+00     0.11607580E+00     0.30000000E+01    -0.37863564E-01     0.56043792E+00     0.14825390E+00     0.11215401E+00      92     0.26666561E-01
-0.16800001E+02    -0.60026133E+00     0.11508964E+00     0.30000000E+01    -0.38453653E-01     0.55903965E+00     0.15159044E+00     0.11117457E+00      92     0.26666561E-01
-0.16500000E+02    -0.60781753E+00     0.11060412E+00     0.30000000E+01    -0.40639792E-01     0.55029732E+00     0.16464826E+00     0.10671906E+00      92     0.26666561E-01
-0.16200001E+02    -0.63796234E+00     0.10352713E+00     0.30000000E+01    -0.43387543E-01     0.54421240E+00     0.18729140E+00     0.99731758E-01      92     0.26666561E-01
-0.16000002E+02    -0.62091255E+00     0.10373536E+00     0.30000000E+01    -0.46716902E-01     0.53567618E+00     0.19750641E+00     0.10000516E+00      92     0.26666561E-01
-0.15600002E+02    -0.67938882E+00     0.91714777E-01     0.30000000E+01    -0.47832571E-01     0.53330439E+00     0.22296688E+00     0.88027298E-01      92     0.26666561E-01
-0.15500001E+02    -0.66496754E+00     0.92282392E-01     0.30000000E+01    -0.49673103E-01     0.52929205E+00     0.22582625E+00     0.88634983E-01      92     0.26666561E-01
-0.15400001E+02    -0.67063874E+00     0.90209246E-01     0.30000000E+01    -0.50275117E-01     0.52771038E+00     0.23016861E+00     0.86553857E-01      92     0.26666561E-01
-0.15300001E+02    -0.67549211E+00     0.88514693E-01     0.30000000E+01    -0.50742786E-01     0.52593476E+00     0.23366718E+00     0.84871359E-01      92     0.26666561E-01
-0.15200001E+02    -0.67470181E+00     0.87416187E-01     0.30000000E+01    -0.51165428E-01     0.52370733E+00     0.23666714E+00     0.83764434E-01      92     0.26666561E-01
-0.15100001E+02    -0.68458593E+00     0.84941283E-01     0.30000000E+01    -0.51797435E-01     0.52232671E+00     0.24046358E+00     0.81288315E-01      93     0.23817979E-01
-0.15000001E+02    -0.68366414E+00     0.83852641E-01     0.30000000E+01    -0.52198872E-01     0.51989102E+00     0.24296361E+00     0.80193520E-01      93     0.23817979E-01
-0.14900000E+02    -0.68569523E+00     0.82425967E-01     0.30000000E+01    -0.52654028E-01     0.51827240E+00     0.24654087E+00     0.78770235E-01      93     0.23817979E-01
-0.14800000E+02    -0.69034028E+00     0.80619216E-01     0.30000000E+01    -0.53181726E-01     0.51694310E+00     0.24841242E+00     0.76957539E-01      93     0.23817979E-01
-0.14700002E+02    -0.69058424E+00     0.79335250E-01     0.30000000E+01    -0.53623933E-01     0.51515394E+00     0.25150910E+00     0.75668439E-01      93     0.23817979E-01
-0.14600000E+02    -0.68866730E+00     0.78324519E-01     0.30000000E+01    -0.54012358E-01     0.51319987E+00     0.25346726E+00     0.74648052E-01      93     0.23817979E-01
-0.14500000E+02    -0.68931997E+00     0.77150382E-01     0.30000000E+01    -0.54391503E-01     0.51023084E+00     0.25535890E+00     0.73473014E-01      93     0.23817979E-01
-0.14400001E+02    -0.69429767E+00     0.75275004E-01     0.30000000E+01    -0.54936912E-01     0.50875765E+00     0.25778881E+00     0.71583055E-01      93     0.23817979E-01
-0.14300001E+02    -0.69087118E+00     0.74398205E-01     0.30000000E+01    -0.55325832E-01     0.50666255E+00     0.25942343E+00     0.70686691E-01      93     0.23817979E-01
-0.14200001E+02    -0.68896359E+00     0.73465846E-01     0.30000000E+01    -0.55683203E-01     0.50441527E+00     0.26106402E+00     0.69741674E-01      93     0.23817979E-01
-0.14100001E+02    -0.68844658E+00     0.72411753E-01     0.30000000E+01    -0.56031123E-01     0.50285882E+00     0.26264763E+00     0.68695739E-01      93     0.23817979E-01
-0.14000001E+02    -0.69149965E+00     0.70853472E-01     0.30000000E+01    -0.56509610E-01     0.50158197E+00     0.26460016E+00     0.67130193E-01      93     0.23817979E-01
-0.13900002E+02    -0.69007295E+00     0.69742531E-01     0.30000000E+01    -0.56923807E-01     0.50003642E+00     0.26622370E+00     0.66004448E-01      94     0.21205073E-01
-0.13800001E+02    -0.68592411E+00     0.68925329E-01     0.30000000E+01    -0.57316251E-01     0.49829617E+00     0.26757330E+00     0.65166369E-01      94     0.21205073E-01
-0.13700001E+02    -0.68461120E+00     0.68023518E-01     0.30000000E+01    -0.57610955E-01     0.49674079E+00     0.26898369E+00     0.64267993E-01      94     0.21205073E-01
-0.13600001E+02    -0.68337822E+00     0.67061588E-01     0.30000000E+01    -0.57947826E-01     0.49513263E+00     0.27030492E+00     0.63305564E-01      94     0.21205073E-01
-0.13500001E+02    -0.68760699E+00     0.65360375E-01     0.30000000E+01    -0.58441233E-01     0.49391517E+00     0.27216503E+00     0.61591022E-01      94     0.21205073E-01
-0.13400001E+02    -0.68393505E+00     0.64582080E-01     0.30000000E+01    -0.58785740E-01     0.49214965E+00     0.27340823E+00     0.60795508E-01      94     0.21205073E-01
-0.13300000E+02    -0.67978251E+00     0.63795298E-01     0.30000000E+01    -0.59149716E-01     0.49018541E+00     0.27460235E+00     0.59984729E-01      94     0.21205073E-01
-0.13200001E+02    -0.67641395E+00     0.63007876E-01     0.30000000E+01    -0.59474912E-01     0.48831677E+00     0.27577409E+00     0.59184868E-01      94     0.21205073E-01
-0.13100000E+02    -0.67493939E+00     0.62137857E-01     0.30000000E+01    -0.59764300E-01     0.48710427E+00     0.27692884E+00     0.58322862E-01      94     0.21205073E-01
-0.13000001E+02    -0.68165171E+00     0.60287330E-01     0.30000000E+01    -0.60243998E-01     0.48620492E+00     0.27925777E+00     0.56472272E-01      94     0.21205073E-01
-0.12900001E+02    -0.67769295E+00     0.59548058E-01     0.30000000E+01    -0.60566109E-01     0.48472500E+00     0.28031334E+00     0.55723071E-01      94     0.21205073E-01
-0.12800001E+02    -0.67176253E+00     0.59039105E-01     0.30000000E+01    -0.60844809E-01     0.48222297E+00     0.28072599E+00     0.55197742E-01      95     0.18808823E-01
-0.12700001E+02    -0.67062187E+00     0.57825681E-01     0.30000000E+01    -0.61312221E-01     0.48187137E+00     0.28248295E+00     0.53959098E-01      95     0.18808823E-01
-0.12600001E+02    -0.66908449E+00     0.56960490E-01     0.30000000E+01    -0.61588265E-01     0.47953320E+00     0.28364390E+00     0.53086258E-01      95     0.18808823E-01
-0.12500001E+02    -0.67408365E+00     0.55458300E-01     0.30000000E+01    -0.61951131E-01     0.47946027E+00     0.28570682E+00     0.51597320E-01      95     0.18808823E-01
-0.12400002E+02    -0.67123425E+00     0.54677386E-01     0.30000000E+01    -0.62244475E-01     0.47708061E+00     0.28693262E+00     0.50803851E-01      95     0.18808823E-01
-0.12300001E+02    -0.66832155E+00     0.53795062E-01     0.30000000E+01    -0.62606610E-01     0.47646359E+00     0.28827038E+00     0.49908489E-01      95     0.18808823E-01
-0.12200001E+02    -0.67582679E+00     0.51628940E-01     0.30000000E+01    -0.63254021E-01     0.47422263E+00     0.29026455E+00     0.47683392E-01      95     0.18808823E-01
-0.12100001E+02    -0.66935980E+00     0.51356524E-01     0.30000000E+01    -0.63396834E-01     0.47290075E+00     0.29095098E+00     0.47421508E-01      95     0.18808823E-01
-0.12000000E+02    -0.66848779E+00     0.50542802E-01     0.30000000E+01    -0.63614249E-01     0.47174624E+00     0.29258606E+00     0.46625733E-01      96     0.16611833E-01
-0.11900001E+02    -0.66261828E+00     0.50092217E-01     0.30000000E+01    -0.63836485E-01     0.47047412E+00     0.29289082E+00     0.46169885E-01      96     0.16611833E-01
-0.11800000E+02    -0.66250598E+00     0.49041003E-01     0.30000000E+01    -0.64159550E-01     0.46938181E+00     0.29455754E+00     0.45118086E-01      96     0.16611833E-01
-0.11700001E+02    -0.66239685E+00     0.47951914E-01     0.30000000E+01    -0.64500935E-01     0.46825662E+00     0.29525498E+00     0.44012003E-01      96     0.16611833E-01
-0.11600000E+02    -0.65944713E+00     0.47165576E-01     0.30000000E+01    -0.64801306E-01     0.46708807E+00     0.29612407E+00     0.43209955E-01      96     0.16611833E-01
-0.11500001E+02    -0.65794623E+00     0.46098877E-01     0.30000000E+01    -0.65206498E-01     0.46584582E+00     0.29742786E+00     0.42113781E-01      96     0.16611833E-01
-0.11400001E+02    -0.65552491E+00     0.45370530E-01     0.30000000E+01    -0.65438390E-01     0.46462095E+00     0.29888174E+00     0.41380528E-01      96     0.16611833E-01
-0.11200001E+02    -0.65531963E+00     0.43561567E-01     0.30000000E+01    -0.65872170E-01     0.46234217E+00     0.30077249E+00     0.39568130E-01      96     0.16611833E-01
-0.11100001E+02    -0.65242887E+00     0.42860601E-01     0.30000000E+01    -0.66103108E-01     0.46108314E+00     0.30175436E+00     0.38860098E-01      96     0.16611833E-01
-0.10900001E+02    -0.65227449E+00     0.41277736E-01     0.30000000E+01    -0.66345997E-01     0.45865476E+00     0.30342570E+00     0.37235755E-01      97     0.14598641E-01
-0.10800001E+02    -0.65643305E+00     0.39845418E-01     0.30000000E+01    -0.66716321E-01     0.45791483E+00     0.30461505E+00     0.35776559E-01      97     0.14598641E-01
-0.10700001E+02    -0.65582091E+00     0.38819570E-01     0.30000000E+01    -0.67080170E-01     0.45698848E+00     0.30570650E+00     0.34719087E-01      97     0.14598641E-01
-0.10600001E+02    -0.64947212E+00     0.38575657E-01     0.30000000E+01    -0.67160018E-01     0.45513645E+00     0.30637822E+00     0.34481868E-01      97     0.14598641E-01
-0.10500001E+02    -0.64743370E+00     0.37977383E-01     0.30000000E+01    -0.67257397E-01     0.45409676E+00     0.30753255E+00     0.33895787E-01      97     0.14598641E-01
-0.10400002E+02    -0.64576334E+00     0.37280630E-01     0.30000000E+01    -0.67411721E-01     0.45303613E+00     0.30829135E+00     0.33197634E-01      97     0.14598641E-01
-0.10300000E+02    -0.64884138E+00     0.36192369E-01     0.30000000E+01    -0.67588530E-01     0.45220727E+00     0.30893210E+00     0.32097686E-01      97     0.14598641E-01
-0.10200001E+02    -0.64728451E+00     0.35461552E-01     0.30000000E+01    -0.67770392E-01     0.45116842E+00     0.30998835E+00     0.31359464E-01      97     0.14598641E-01
-0.10100000E+02    -0.64543569E+00     0.34704421E-01     0.30000000E+01    -0.67990899E-01     0.45013621E+00     0.31117702E+00     0.30586796E-01      97     0.14598641E-01
-0.10000001E+02    -0.64301145E+00     0.34018595E-01     0.30000000E+01    -0.68183064E-01     0.44904590E+00     0.31189054E+00     0.29881634E-01      98     0.12755311E-01
-0.99000006E+01    -0.64827830E+00     0.32718938E-01     0.30000000E+01    -0.68410635E-01     0.44820338E+00     0.31287980E+00     0.28547280E-01      98     0.12755311E-01
-0.98000011E+01    -0.64570343E+00     0.32044191E-01     0.30000000E+01    -0.68609327E-01     0.44700882E+00     0.31346342E+00     0.27842930E-01      98     0.12755311E-01
-0.97000008E+01    -0.64334697E+00     0.31632219E-01     0.30000000E+01    -0.68540692E-01     0.44576511E+00     0.31466398E+00     0.27444843E-01      98     0.12755311E-01
-0.96000013E+01    -0.63974011E+00     0.31200036E-01     0.30000000E+01    -0.68575084E-01     0.44453797E+00     0.31497025E+00     0.27009701E-01      98     0.12755311E-01
-0.95000010E+01    -0.65399426E+00     0.29649163E-01     0.30000000E+01    -0.68393081E-01     0.44413143E+00     0.31623632E+00     0.25458109E-01      98     0.12755311E-01
-0.94000006E+01    -0.65742588E+00     0.28797770E-01     0.30000000E+01    -0.68313509E-01     0.44342232E+00     0.31733537E+00     0.24606820E-01      98     0.12755311E-01
-0.93000011E+01    -0.67418069E+00     0.27163876E-01     0.30000000E+01    -0.68009019E-01     0.44307476E+00     0.31881621E+00     0.22952113E-01      98     0.12755311E-01
-0.91999998E+01    -0.67582822E+00     0.26450936E-01     0.30000000E+01    -0.67903295E-01     0.44224727E+00     0.31967047E+00     0.22225352E-01      98     0.12755311E-01
-0.91000013E+01    -0.67996043E+00     0.25616935E-01     0.30000000E+01    -0.67721471E-01     0.44149923E+00     0.32039580E+00     0.21372043E-01      98     0.12755311E-01
-0.90000000E+01    -0.69705737E+00     0.24064481E-01     0.30000000E+01    -0.67249186E-01     0.44108385E+00     0.32130751E+00     0.19778827E-01      98     0.12755311E-01
-0.89000015E+01    -0.82916737E+00     0.13752636E-01     0.30000000E+01    -0.71636759E-01     0.44361427E+00     0.32609525E+00     0.93229907E-02      97     0.14598641E-01
-0.88000002E+01    -0.81387997E+00     0.12940995E-01     0.30000000E+01    -0.74761055E-01     0.44237605E+00     0.32689804E+00     0.84687015E-02      97     0.14598641E-01
-0.87000017E+01    -0.79825944E+00     0.12418427E-01     0.30000000E+01    -0.77116810E-01     0.44109693E+00     0.32774210E+00     0.79087447E-02      98     0.12755311E-01
-0.86000004E+01    -0.78160149E+00     0.11901539E-01     0.30000000E+01    -0.79655647E-01     0.43976936E+00     0.32825515E+00     0.73477207E-02      98     0.12755311E-01
-0.85000019E+01    -0.76482993E+00     0.11482872E-01     0.30000000E+01    -0.81943899E-01     0.43844396E+00     0.32870468E+00     0.68843309E-02      98     0.12755311E-01
-0.84000006E+01    -0.74807775E+00     0.11139194E-01     0.30000000E+01    -0.84031366E-01     0.43711954E+00     0.32909444E+00     0.64950166E-02      98     0.12755311E-01
-0.83000011E+01    -0.73107398E+00     0.10795110E-01     0.30000000E+01    -0.86182848E-01     0.43576965E+00     0.32994664E+00     0.61100479E-02      99     0.11069483E-01
-0.82000008E+01    -0.71640807E+00     0.10618423E-01     0.30000000E+01    -0.87394387E-01     0.43442193E+00     0.33050501E+00     0.59163156E-02      99     0.11069483E-01
-0.81000013E+01    -0.70203775E+00     0.10466857E-01     0.30000000E+01    -0.88481329E-01     0.43226400E+00     0.33133614E+00     0.57490580E-02      99     0.11069483E-01
-0.80000010E+01    -0.68810272E+00     0.10365813E-01     0.30000000E+01    -0.89327052E-01     0.43081263E+00     0.33173567E+00     0.56371326E-02      99     0.11069483E-01
-0.79000001E+01    -0.67415261E+00     0.10267138E-01     0.30000000E+01    -0.90139151E-01     0.42986250E+00     0.33239222E+00     0.55359253E-02      99     0.11069483E-01
-0.78000011E+01    -0.66040117E+00     0.10189971E-01     0.30000000E+01    -0.90860218E-01     0.42878994E+00     0.33303428E+00     0.54541482E-02     100     0.95301569E-02
-0.77000003E+01    -0.64673924E+00     0.10124371E-01     0.30000000E+01    -0.91534495E-01     0.42771930E+00     0.33336002E+00     0.53794412E-02     100     0.95301569E-02
-0.76000009E+01    -0.63333899E+00     0.10084719E-01     0.30000000E+01    -0.92097379E-01     0.42661446E+00     0.33422184E+00     0.53342823E-02     100     0.95301569E-02
-0.75000005E+01    -0.61996800E+00     0.10049732E-01     0.30000000E+01    -0.92643261E-01     0.42550740E+00     0.33478054E+00     0.52889683E-02     100     0.95301569E-02
-0.74000010E+01    -0.60651040E+00     0.10007455E-01     0.30000000E+01    -0.93223304E-01     0.42440075E+00     0.33508641E+00     0.52333171E-02     101     0.81278561E-02
-0.73000002E+01    -0.59307861E+00     0.99681914E-02     0.30000000E+01    -0.93792200E-01     0.42331567E+00     0.33539212E+00     0.51800841E-02     101     0.81278561E-02
-0.72000012E+01    -0.57968014E+00     0.99329948E-02     0.30000000E+01    -0.94346985E-01     0.42219442E+00     0.33569714E+00     0.51297899E-02     101     0.81278561E-02
-0.71000004E+01    -0.56642264E+00     0.99117486E-02     0.30000000E+01    -0.94842471E-01     0.42101902E+00     0.33612925E+00     0.50926269E-02     101     0.81278561E-02
-0.70000014E+01    -0.55309325E+00     0.98848930E-02     0.30000000E+01    -0.95366172E-01     0.41974741E+00     0.33640957E+00     0.50487365E-02     101     0.81278561E-02
-0.69000006E+01    -0.53987747E+00     0.98675843E-02     0.30000000E+01    -0.95858224E-01     0.41770855E+00     0.33669487E+00     0.50123385E-02     102     0.68541314E-02
-0.68000016E+01    -0.52646387E+00     0.98364409E-02     0.30000000E+01    -0.96374258E-01     0.41690260E+00     0.33695281E+00     0.49727801E-02     102     0.68541314E-02
-0.67000008E+01    -0.51311314E+00     0.98115001E-02     0.30000000E+01    -0.96867353E-01     0.41600019E+00     0.33719841E+00     0.49375696E-02     102     0.68541314E-02
-0.66000018E+01    -0.49981260E+00     0.97913677E-02     0.30000000E+01    -0.97343564E-01     0.41504064E+00     0.33741063E+00     0.49056807E-02     102     0.68541314E-02
-0.65000010E+01    -0.48634723E+00     0.97557958E-02     0.30000000E+01    -0.97888723E-01     0.41407806E+00     0.33771628E+00     0.48572128E-02     103     0.57018539E-02
-0.64000001E+01    -0.47243699E+00     0.96788602E-02     0.30000000E+01    -0.98613240E-01     0.41306323E+00     0.33826029E+00     0.47763283E-02     103     0.57018539E-02
-0.63000011E+01    -0.45864266E+00     0.96136183E-02     0.30000000E+01    -0.99289611E-01     0.41206586E+00     0.33875895E+00     0.47060065E-02     103     0.57018539E-02
-0.62000003E+01    -0.44493526E+00     0.95572490E-02     0.30000000E+01    -0.99928193E-01     0.41109395E+00     0.33919957E+00     0.46432680E-02     103     0.57018539E-02
-0.61000009E+01    -0.43132436E+00     0.95103551E-02     0.30000000E+01    -0.10052855E+00     0.41009980E+00     0.33958942E+00     0.45882603E-02     104     0.46647848E-02
-0.60000000E+01    -0.41777745E+00     0.94699096E-02     0.30000000E+01    -0.10110377E+00     0.40906274E+00     0.33995894E+00     0.45386087E-02     104     0.46647848E-02
-0.59000010E+01    -0.40427881E+00     0.94344802E-02     0.30000000E+01    -0.10165919E+00     0.40801242E+00     0.34030846E+00     0.44933259E-02     104     0.46647848E-02
-0.58000002E+01    -0.39083570E+00     0.94049787E-02     0.30000000E+01    -0.10219237E+00     0.40685147E+00     0.34064278E+00     0.44528716E-02     104     0.46647848E-02
-0.57000012E+01    -0.37744179E+00     0.93799578E-02     0.30000000E+01    -0.10270895E+00     0.40562260E+00     0.34096596E+00     0.44161645E-02     105     0.37378250E-02
-0.56000004E+01    -0.36398274E+00     0.93508195E-02     0.30000000E+01    -0.10322844E+00     0.40461424E+00     0.34128690E+00     0.43830415E-02     105     0.37378250E-02
-0.55000014E+01    -0.35045186E+00     0.93171205E-02     0.30000000E+01    -0.10375331E+00     0.40387562E+00     0.34160712E+00     0.43468117E-02     105     0.37378250E-02
-0.54000006E+01    -0.33696795E+00     0.92873825E-02     0.30000000E+01    -0.10426475E+00     0.40263972E+00     0.34192377E+00     0.43121083E-02     105     0.37378250E-02
-0.53000016E+01    -0.32354185E+00     0.92631849E-02     0.30000000E+01    -0.10475828E+00     0.40175503E+00     0.34223390E+00     0.42817104E-02     105     0.37378250E-02
-0.52000008E+01    -0.31015244E+00     0.92422320E-02     0.30000000E+01    -0.10523878E+00     0.40087554E+00     0.34254751E+00     0.42534596E-02     106     0.29167181E-02
-0.51000013E+01    -0.29679397E+00     0.92242770E-02     0.30000000E+01    -0.10570902E+00     0.39997718E+00     0.34285447E+00     0.42271949E-02     106     0.29167181E-02
-0.50000010E+01    -0.28351042E+00     0.92126392E-02     0.30000000E+01    -0.10615361E+00     0.39909700E+00     0.34330940E+00     0.42072823E-02     106     0.29167181E-02
-0.49000015E+01    -0.27019900E+00     0.91993529E-02     0.30000000E+01    -0.10660770E+00     0.39820504E+00     0.34362534E+00     0.41837948E-02     106     0.29167181E-02
-0.48000007E+01    -0.25691035E+00     0.91880960E-02     0.30000000E+01    -0.10705512E+00     0.39731655E+00     0.34392819E+00     0.41613257E-02     107     0.21980663E-02
-0.47000003E+01    -0.24365209E+00     0.91795716E-02     0.30000000E+01    -0.10749298E+00     0.39639235E+00     0.34424353E+00     0.41407356E-02     107     0.21980663E-02
-0.46000009E+01    -0.23041922E+00     0.91731939E-02     0.30000000E+01    -0.10792330E+00     0.39545861E+00     0.34453818E+00     0.41216477E-02     107     0.21980663E-02
-0.45000000E+01    -0.21722744E+00     0.91704661E-02     0.30000000E+01    -0.10834021E+00     0.39439467E+00     0.34483513E+00     0.41049449E-02     107     0.21980663E-02
-0.44000010E+01    -0.20407870E+00     0.91712540E-02     0.30000000E+01    -0.10874452E+00     0.39326465E+00     0.34512025E+00     0.40910537E-02     108     0.15796433E-02
-0.43000002E+01    -0.19086763E+00     0.91671431E-02     0.30000000E+01    -0.10915574E+00     0.39231128E+00     0.34538111E+00     0.40791496E-02     108     0.15796433E-02
-0.42000012E+01    -0.17757353E+00     0.91573261E-02     0.30000000E+01    -0.10957259E+00     0.39167416E+00     0.34562761E+00     0.40637855E-02     108     0.15796433E-02
-0.41000004E+01    -0.16432582E+00     0.91510275E-02     0.30000000E+01    -0.10997727E+00     0.39094898E+00     0.34583870E+00     0.40505300E-02     108     0.15796433E-02
-0.40000014E+01    -0.15079193E+00     0.91211265E-02     0.30000000E+01    -0.11048609E+00     0.39019206E+00     0.34629348E+00     0.40160022E-02     109     0.10605047E-02
-0.39000006E+01    -0.13714336E+00     0.90813385E-02     0.30000000E+01    -0.11104015E+00     0.38897049E+00     0.34682497E+00     0.39741891E-02     109     0.10605047E-02
-0.38000014E+01    -0.12356967E+00     0.90482645E-02     0.30000000E+01    -0.11156629E+00     0.38816950E+00     0.34729716E+00     0.39393734E-02     109     0.10605047E-02
-0.37000005E+01    -0.11006132E+00     0.90204310E-02     0.30000000E+01    -0.11207119E+00     0.38735542E+00     0.34775859E+00     0.39087874E-02     109     0.10605047E-02
-0.36000016E+01    -0.96619226E-01     0.89981798E-02     0.30000000E+01    -0.11255381E+00     0.38654956E+00     0.34816331E+00     0.38824654E-02     110     0.64034248E-03
-0.35000007E+01    -0.83233833E-01     0.89808116E-02     0.30000000E+01    -0.11301789E+00     0.38574037E+00     0.34853765E+00     0.38597630E-02     110     0.64034248E-03
-0.34000015E+01    -0.69889240E-01     0.89668073E-02     0.30000000E+01    -0.11346888E+00     0.38492751E+00     0.34889710E+00     0.38396176E-02     110     0.64034248E-03
-0.33000009E+01    -0.56584623E-01     0.89560868E-02     0.30000000E+01    -0.11390830E+00     0.38409099E+00     0.34924710E+00     0.38217911E-02     110     0.64034248E-03
-0.32000017E+01    -0.43315887E-01     0.89483475E-02     0.30000000E+01    -0.11433636E+00     0.38318646E+00     0.34957883E+00     0.38058539E-02     111     0.32030090E-03
-0.31000009E+01    -0.30093439E-01     0.89443130E-02     0.30000000E+01    -0.11475221E+00     0.38222256E+00     0.34992072E+00     0.37930007E-02     111     0.32030090E-03
-0.30000000E+01    -0.16935155E-01     0.89447135E-02     0.30000000E+01    -0.11515106E+00     0.38116550E+00     0.35041618E+00     0.37852689E-02     111     0.32030090E-03
-0.29000010E+01    -0.36667227E-02     0.89372713E-02     0.30000000E+01    -0.11556525E+00     0.38033578E+00     0.35075048E+00     0.37759873E-02     111     0.32030090E-03
-0.28000002E+01     0.96916519E-02     0.89235334E-02     0.30000000E+01    -0.11598846E+00     0.37974152E+00     0.35108158E+00     0.37619025E-02     111     0.32030090E-03
-0.27000012E+01     0.23003662E-01     0.89132767E-02     0.30000000E+01    -0.11640016E+00     0.37910306E+00     0.35140565E+00     0.37497100E-02     112     0.10796922E-03
-0.26000004E+01     0.36286157E-01     0.89050634E-02     0.30000000E+01    -0.11680602E+00     0.37844104E+00     0.35172355E+00     0.37385933E-02     112     0.10796922E-03
-0.25000012E+01     0.49522988E-01     0.89000892E-02     0.30000000E+01    -0.11720064E+00     0.37733641E+00     0.35205874E+00     0.37277848E-02     112     0.10796922E-03
-0.24000003E+01     0.62735334E-01     0.88974200E-02     0.30000000E+01    -0.11758735E+00     0.37659663E+00     0.35238463E+00     0.37194784E-02     112     0.10796922E-03
-0.23000014E+01     0.75921267E-01     0.88963350E-02     0.30000000E+01    -0.11796793E+00     0.37586120E+00     0.35271779E+00     0.37120502E-02     113     0.97485645E-05
-0.22000005E+01     0.89076094E-01     0.88976938E-02     0.30000000E+01    -0.11833975E+00     0.37513578E+00     0.35303673E+00     0.37060808E-02     113     0.97485645E-05
-0.21000013E+01     0.10219904E+00     0.89011835E-02     0.30000000E+01    -0.11870361E+00     0.37438750E+00     0.35334465E+00     0.37012133E-02     113     0.97485645E-05
-0.20000007E+01     0.11529120E+00     0.89070639E-02     0.30000000E+01    -0.11905856E+00     0.37365562E+00     0.35364318E+00     0.36979024E-02     113     0.97485645E-05
-0.19000015E+01     0.12833345E+00     0.89163184E-02     0.30000000E+01    -0.11940031E+00     0.37290588E+00     0.35393021E+00     0.36967732E-02     113     0.97485645E-05
-0.18000008E+01     0.14134212E+00     0.89278957E-02     0.30000000E+01    -0.11973311E+00     0.37212402E+00     0.35416868E+00     0.36970126E-02     114     0.15062575E-04
-0.17000016E+01     0.15429994E+00     0.89431684E-02     0.30000000E+01    -0.12005183E+00     0.37129200E+00     0.35440171E+00     0.37000817E-02     114     0.15062575E-04
-0.16000009E+01     0.16748968E+00     0.89408522E-02     0.30000000E+01    -0.12045044E+00     0.37038368E+00     0.35488355E+00     0.36885845E-02     114     0.15062575E-04
-0.15000000E+01     0.18075904E+00     0.89317709E-02     0.30000000E+01    -0.12087992E+00     0.36936796E+00     0.35543531E+00     0.36744014E-02     114     0.15062575E-04
-0.14000009E+01     0.19416066E+00     0.89133661E-02     0.30000000E+01    -0.12132018E+00     0.36870110E+00     0.35596573E+00     0.36615063E-02     114     0.15062575E-04
-0.13000002E+01     0.20758751E+00     0.88932654E-02     0.30000000E+01    -0.12175612E+00     0.36815730E+00     0.35642004E+00     0.36460678E-02     115     0.11537309E-03
-0.12000011E+01     0.22094768E+00     0.88778250E-02     0.30000000E+01    -0.12217397E+00     0.36755604E+00     0.35684851E+00     0.36338619E-02     115     0.11537309E-03
-0.11000003E+01     0.23424523E+00     0.88668698E-02     0.30000000E+01    -0.12257583E+00     0.36696059E+00     0.35725826E+00     0.36249198E-02     115     0.11537309E-03
-0.10000012E+01     0.24749899E+00     0.88590086E-02     0.30000000E+01    -0.12296513E+00     0.36631221E+00     0.35764146E+00     0.36178473E-02     115     0.11537309E-03
-0.90000039E+00     0.26068988E+00     0.88553280E-02     0.30000000E+01    -0.12334058E+00     0.36527067E+00     0.35799551E+00     0.36115805E-02     115     0.11537309E-03
-0.80000126E+00     0.27384138E+00     0.88540865E-02     0.30000000E+01    -0.12370545E+00     0.36458796E+00     0.35853830E+00     0.36104484E-02     116     0.30344969E-03
-0.70000046E+00     0.28696650E+00     0.88552907E-02     0.30000000E+01    -0.12406095E+00     0.36392272E+00     0.35890990E+00     0.36089839E-02     116     0.30344969E-03
-0.60000139E+00     0.30005589E+00     0.88588130E-02     0.30000000E+01    -0.12440825E+00     0.36324191E+00     0.35926414E+00     0.36087139E-02     116     0.30344969E-03
-0.50000060E+00     0.31311080E+00     0.88643823E-02     0.30000000E+01    -0.12474789E+00     0.36256894E+00     0.35962507E+00     0.36096415E-02     116     0.30344969E-03
-0.40000150E+00     0.32612062E+00     0.88733137E-02     0.30000000E+01    -0.12507442E+00     0.36187658E+00     0.35997683E+00     0.36125984E-02     116     0.30344969E-03
-0.30000070E+00     0.33909890E+00     0.88840248E-02     0.30000000E+01    -0.12539379E+00     0.36118084E+00     0.36031187E+00     0.36166930E-02     117     0.58610301E-03
-0.20000160E+00     0.35203764E+00     0.88975811E-02     0.30000000E+01    -0.12570369E+00     0.36045069E+00     0.36067241E+00     0.36228201E-02     117     0.58610301E-03
-0.10000080E+00     0.36493018E+00     0.89137228E-02     0.30000000E+01    -0.12600389E+00     0.35962099E+00     0.36102137E+00     0.36303252E-02     117     0.58610301E-03
 0.00000000E+00     0.37777561E+00     0.89327460E-02     0.30000000E+01    -0.12629411E+00     0.35874218E+00     0.36135277E+00     0.36401572E-02     117     0.58610301E-03
 0.99999093E-01     0.39056176E+00     0.89549664E-02     0.30000000E+01    -0.12657110E+00     0.35779870E+00     0.36170560E+00     0.36559766E-02     117     0.58610301E-03
 0.19999990E+00     0.40369022E+00     0.89539438E-02     0.30000000E+01    -0.12690325E+00     0.35734475E+00     0.36203608E+00     0.36566281E-02     118     0.97300706E-03
 0.29999900E+00     0.41676024E+00     0.89566251E-02     0.30000000E+01    -0.12722231E+00     0.35684317E+00     0.36235222E+00     0.36592567E-02     118     0.97300706E-03
 0.39999980E+00     0.42977422E+00     0.89628221E-02     0.30000000E+01    -0.12752791E+00     0.35630789E+00     0.36266148E+00     0.36640572E-02     118     0.97300706E-03
 0.49999887E+00     0.44273311E+00     0.89721242E-02     0.30000000E+01    -0.12782100E+00     0.35571930E+00     0.36293659E+00     0.36709383E-02     118     0.97300706E-03
 0.59999967E+00     0.45564902E+00     0.89839976E-02     0.30000000E+01    -0.12810387E+00     0.35513464E+00     0.36318076E+00     0.36792350E-02     118     0.97300706E-03
 0.69999880E+00     0.46878269E+00     0.89808553E-02     0.30000000E+01    -0.12845695E+00     0.35417908E+00     0.36370420E+00     0.36738110E-02     119     0.14674140E-02
 0.79999959E+00     0.48195350E+00     0.89747589E-02     0.30000000E+01    -0.12882452E+00     0.35356650E+00     0.36430496E+00     0.36704103E-02     119     0.14674140E-02
 0.89999866E+00     0.49505374E+00     0.89730853E-02     0.30000000E+01    -0.12917255E+00     0.35291964E+00     0.36485097E+00     0.36701765E-02     119     0.14674140E-02
 0.99999946E+00     0.50809759E+00     0.89750132E-02     0.30000000E+01    -0.12950514E+00     0.35229811E+00     0.36534566E+00     0.36725989E-02     119     0.14674140E-02
 0.10999986E+01     0.52107930E+00     0.89807892E-02     0.30000000E+01    -0.12982173E+00     0.35167131E+00     0.36581981E+00     0.36779977E-02     119     0.14674140E-02
 0.11999993E+01     0.53400856E+00     0.89896889E-02     0.30000000E+01    -0.13012554E+00     0.35104641E+00     0.36623231E+00     0.36854139E-02     120     0.20708691E-02
 0.12999984E+01     0.54688931E+00     0.90015791E-02     0.30000000E+01    -0.13041762E+00     0.35041264E+00     0.36662832E+00     0.36948058E-02     120     0.20708691E-02
 0.13999993E+01     0.55971408E+00     0.90164533E-02     0.30000000E+01    -0.13069752E+00     0.34970605E+00     0.36722320E+00     0.37079654E-02     120     0.20708691E-02
 0.14999983E+01     0.57248920E+00     0.90346849E-02     0.30000000E+01    -0.13096529E+00     0.34902176E+00     0.36760673E+00     0.37221638E-02     120     0.20708691E-02
 0.15999992E+01     0.58519083E+00     0.90568922E-02     0.30000000E+01    -0.13121744E+00     0.34817806E+00     0.36798748E+00     0.37384871E-02     120     0.20708691E-02
 0.16999999E+01     0.59782696E+00     0.90826340E-02     0.30000000E+01    -0.13145535E+00     0.34731242E+00     0.36837688E+00     0.37580109E-02     120     0.20708691E-02
 0.17999990E+01     0.61067843E+00     0.90939403E-02     0.30000000E+01    -0.13172822E+00     0.34670067E+00     0.36876506E+00     0.37735864E-02     121     0.27848454E-02
 0.18999999E+01     0.62365931E+00     0.90971487E-02     0.30000000E+01    -0.13201892E+00     0.34627098E+00     0.36914527E+00     0.37809936E-02     121     0.27848454E-02
 0.19999989E+01     0.63659054E+00     0.91030281E-02     0.30000000E+01    -0.13229872E+00     0.34576339E+00     0.36950821E+00     0.37897280E-02     121     0.27848454E-02
 0.20999997E+01     0.64950681E+00     0.91093043E-02     0.30000000E+01    -0.13257526E+00     0.34498289E+00     0.36988816E+00     0.37974655E-02     121     0.27848454E-02
 0.21999989E+01     0.66233414E+00     0.91209412E-02     0.30000000E+01    -0.13283342E+00     0.34442210E+00     0.37026024E+00     0.38095843E-02     121     0.27848454E-02
 0.22999997E+01     0.67511058E+00     0.91352221E-02     0.30000000E+01    -0.13308123E+00     0.34385982E+00     0.37063551E+00     0.38235309E-02     122     0.36099148E-02
 0.23999987E+01     0.68783754E+00     0.91519859E-02     0.30000000E+01    -0.13331878E+00     0.34326929E+00     0.37100306E+00     0.38385508E-02     122     0.36099148E-02
 0.24999995E+01     0.70052367E+00     0.91710193E-02     0.30000000E+01    -0.13354661E+00     0.34267256E+00     0.37134761E+00     0.38549001E-02     122     0.36099148E-02
 0.25999987E+01     0.71316224E+00     0.91924034E-02     0.30000000E+01    -0.13376357E+00     0.34210175E+00     0.37166750E+00     0.38728090E-02     122     0.36099148E-02
 0.26999993E+01     0.72575021E+00     0.92163198E-02     0.30000000E+01    -0.13396931E+00     0.34152263E+00     0.37195972E+00     0.38920925E-02     122     0.36099148E-02
 0.27999985E+01     0.73829395E+00     0.92425942E-02     0.30000000E+01    -0.13416384E+00     0.34093490E+00     0.37221792E+00     0.39129942E-02     123     0.45458898E-02
 0.28999994E+01     0.75105405E+00     0.92547955E-02     0.30000000E+01    -0.13442624E+00     0.34034038E+00     0.37282193E+00     0.39237156E-02     123     0.45458898E-02
 0.29999983E+01     0.76381886E+00     0.92664240E-02     0.30000000E+01    -0.13469106E+00     0.33974308E+00     0.37345594E+00     0.39366176E-02     123     0.45458898E-02
 0.30999992E+01     0.77647823E+00     0.92836358E-02     0.30000000E+01    -0.13493268E+00     0.33909568E+00     0.37403536E+00     0.39536501E-02     123     0.45458898E-02
 0.31999984E+01     0.78906476E+00     0.93048997E-02     0.30000000E+01    -0.13515618E+00     0.33841336E+00     0.37455025E+00     0.39738342E-02     123     0.45458898E-02
 0.32999990E+01     0.80155635E+00     0.93308399E-02     0.30000000E+01    -0.13535954E+00     0.33769566E+00     0.37502035E+00     0.39978637E-02     123     0.45458898E-02
 0.33999999E+01     0.81392550E+00     0.93629342E-02     0.30000000E+01    -0.13553847E+00     0.33684078E+00     0.37548089E+00     0.40267110E-02     124     0.55926382E-02
 0.34999990E+01     0.82649440E+00     0.93820235E-02     0.30000000E+01    -0.13574983E+00     0.33623236E+00     0.37613133E+00     0.40538469E-02     124     0.55926382E-02
 0.35999999E+01     0.83933085E+00     0.93864780E-02     0.30000000E+01    -0.13600069E+00     0.33581126E+00     0.37654603E+00     0.40662913E-02     124     0.55926382E-02
 0.36999989E+01     0.85216254E+00     0.93904641E-02     0.30000000E+01    -0.13625057E+00     0.33511963E+00     0.37696198E+00     0.40768827E-02     124     0.55926382E-02
 0.37999997E+01     0.86483949E+00     0.94028506E-02     0.30000000E+01    -0.13647006E+00     0.33463025E+00     0.37738067E+00     0.40943986E-02     124     0.55926382E-02
 0.38999987E+01     0.87746549E+00     0.94172182E-02     0.30000000E+01    -0.13668016E+00     0.33410215E+00     0.37780046E+00     0.41131815E-02     125     0.67499871E-02
 0.39999995E+01     0.89003533E+00     0.94345678E-02     0.30000000E+01    -0.13687736E+00     0.33357376E+00     0.37821966E+00     0.41334801E-02     125     0.67499871E-02
 0.40999985E+01     0.90254092E+00     0.94550531E-02     0.30000000E+01    -0.13706157E+00     0.33303198E+00     0.37862366E+00     0.41555744E-02     125     0.67499871E-02
 0.41999993E+01     0.91500115E+00     0.94774468E-02     0.30000000E+01    -0.13723595E+00     0.33247751E+00     0.37901914E+00     0.41785957E-02     125     0.67499871E-02
 0.42999988E+01     0.92741162E+00     0.95019648E-02     0.30000000E+01    -0.13740091E+00     0.33192489E+00     0.37942013E+00     0.42029698E-02     125     0.67499871E-02
 0.43999991E+01     0.93976992E+00     0.95288372E-02     0.30000000E+01    -0.13755478E+00     0.33138400E+00     0.37982601E+00     0.42291554E-02     126     0.80180895E-02
 0.44999986E+01     0.95208240E+00     0.95577082E-02     0.30000000E+01    -0.13769899E+00     0.33083007E+00     0.38021663E+00     0.42560799E-02     126     0.80180895E-02
 0.45999994E+01     0.96433395E+00     0.95892167E-02     0.30000000E+01    -0.13783076E+00     0.33027226E+00     0.38059333E+00     0.42846343E-02     126     0.80180895E-02
 0.47000003E+01     0.97652537E+00     0.96233543E-02     0.30000000E+01    -0.13795005E+00     0.32972372E+00     0.38093179E+00     0.43150266E-02     126     0.80180895E-02
 0.47999973E+01     0.98864460E+00     0.96606305E-02     0.30000000E+01    -0.13805421E+00     0.32914364E+00     0.38125095E+00     0.43473602E-02     126     0.80180895E-02
 0.48999982E+01     0.10006845E+01     0.97013116E-02     0.30000000E+01    -0.13814253E+00     0.32852718E+00     0.38152194E+00     0.43825023E-02     127     0.93974452E-02
 0.49999990E+01     0.10129087E+01     0.97308513E-02     0.30000000E+01    -0.13828947E+00     0.32785547E+00     0.38221833E+00     0.44109738E-02     127     0.93974452E-02
 0.50999999E+01     0.10250288E+01     0.97644338E-02     0.30000000E+01    -0.13841635E+00     0.32713282E+00     0.38288289E+00     0.44449908E-02     127     0.93974452E-02
 0.52000008E+01     0.10369962E+01     0.98046884E-02     0.30000000E+01    -0.13851306E+00     0.32606140E+00     0.38348317E+00     0.44868081E-02     127     0.93974452E-02
 0.52999978E+01     0.10496187E+01     0.98106470E-02     0.30000000E+01    -0.13871580E+00     0.32567883E+00     0.38403746E+00     0.45043449E-02     127     0.93974452E-02
 0.53999987E+01     0.10621293E+01     0.98217539E-02     0.30000000E+01    -0.13889624E+00     0.32525206E+00     0.38455379E+00     0.45254109E-02     127     0.93974452E-02
 0.54999995E+01     0.10745581E+01     0.98359296E-02     0.30000000E+01    -0.13906147E+00     0.32479027E+00     0.38525525E+00     0.45505706E-02     128     0.10889112E-01
 0.56000004E+01     0.10869120E+01     0.98538455E-02     0.30000000E+01    -0.13920914E+00     0.32431787E+00     0.38572949E+00     0.45762006E-02     128     0.10889112E-01
 0.56999979E+01     0.10991994E+01     0.98741297E-02     0.30000000E+01    -0.13934381E+00     0.32380986E+00     0.38617861E+00     0.46030893E-02     128     0.10889112E-01
 0.57999988E+01     0.11114138E+01     0.98975236E-02     0.30000000E+01    -0.13946311E+00     0.32331014E+00     0.38663483E+00     0.46321773E-02     128     0.10889112E-01
 0.58999996E+01     0.11235596E+01     0.99237785E-02     0.30000000E+01    -0.13956979E+00     0.32278958E+00     0.38708019E+00     0.46628579E-02     128     0.10889112E-01
 0.60000000E+01     0.11356323E+01     0.99525899E-02     0.30000000E+01    -0.13966253E+00     0.32227018E+00     0.38753599E+00     0.46955436E-02     129     0.12494802E-01
 0.60999975E+01     0.11476411E+01     0.99838963E-02     0.30000000E+01    -0.13974206E+00     0.32173750E+00     0.38797915E+00     0.47290176E-02     129     0.12494802E-01
 0.61999984E+01     0.11595680E+01     0.10018006E-01     0.30000000E+01    -0.13980566E+00     0.32121503E+00     0.38841167E+00     0.47644749E-02     129     0.12494802E-01
 0.62999992E+01     0.11714000E+01     0.10056430E-01     0.30000000E+01    -0.13985163E+00     0.32043985E+00     0.38883844E+00     0.48003881E-02     129     0.12494802E-01
 0.64000001E+01     0.11831750E+01     0.10095736E-01     0.30000000E+01    -0.13988644E+00     0.31989861E+00     0.38927871E+00     0.48388755E-02     129     0.12494802E-01
 0.65000010E+01     0.11948694E+01     0.10138107E-01     0.30000000E+01    -0.13990450E+00     0.31935555E+00     0.38970190E+00     0.48796446E-02     129     0.12494802E-01
 0.65999980E+01     0.12064657E+01     0.10183628E-01     0.30000000E+01    -0.13990457E+00     0.31878611E+00     0.39009276E+00     0.49229250E-02     130     0.14216917E-01
 0.66999989E+01     0.12179468E+01     0.10233375E-01     0.30000000E+01    -0.13988198E+00     0.31817570E+00     0.39047801E+00     0.49689822E-02     130     0.14216917E-01
 0.67999997E+01     0.12292761E+01     0.10288162E-01     0.30000000E+01    -0.13983117E+00     0.31752086E+00     0.39081860E+00     0.50190655E-02     130     0.14216917E-01
 0.69000006E+01     0.12404116E+01     0.10348824E-01     0.30000000E+01    -0.13974363E+00     0.31679165E+00     0.39110231E+00     0.50737555E-02     130     0.14216917E-01
 0.69999981E+01     0.12518442E+01     0.10392090E-01     0.30000000E+01    -0.13972972E+00     0.31611764E+00     0.39184883E+00     0.51234271E-02     130     0.14216917E-01
 0.70999990E+01     0.12640448E+01     0.10401684E-01     0.30000000E+01    -0.13984406E+00     0.31575027E+00     0.39257792E+00     0.51476830E-02     131     0.16058823E-01
 0.71999998E+01     0.12760842E+01     0.10417129E-01     0.30000000E+01    -0.13992621E+00     0.31532854E+00     0.39321378E+00     0.51758378E-02     131     0.16058823E-01
 0.73000002E+01     0.12880127E+01     0.10435655E-01     0.30000000E+01    -0.13998972E+00     0.31488860E+00     0.39408320E+00     0.52081975E-02     131     0.16058823E-01
 0.73999977E+01     0.12998079E+01     0.10459733E-01     0.30000000E+01    -0.14002211E+00     0.31442234E+00     0.39462110E+00     0.52424707E-02     131     0.16058823E-01
 0.74999986E+01     0.13114963E+01     0.10486872E-01     0.30000000E+01    -0.14003561E+00     0.31394595E+00     0.39511374E+00     0.52787191E-02     131     0.16058823E-01
 0.75999994E+01     0.13231642E+01     0.10514730E-01     0.30000000E+01    -0.14004391E+00     0.31321910E+00     0.39558953E+00     0.53140200E-02     132     0.18024575E-01
 0.77000003E+01     0.13346442E+01     0.10549328E-01     0.30000000E+01    -0.14001696E+00     0.31271634E+00     0.39608631E+00     0.53551351E-02     132     0.18024575E-01
 0.77999973E+01     0.13459659E+01     0.10591099E-01     0.30000000E+01    -0.13996665E+00     0.31138796E+00     0.39656502E+00     0.53945379E-02     132     0.18024575E-01
 0.78999982E+01     0.13569651E+01     0.10645226E-01     0.30000000E+01    -0.13986006E+00     0.30998659E+00     0.39704987E+00     0.54409620E-02     132     0.18024575E-01
 0.79999990E+01     0.13680090E+01     0.10694487E-01     0.30000000E+01    -0.13975516E+00     0.30944842E+00     0.39753726E+00     0.54917424E-02     132     0.18024575E-01
 0.81000004E+01     0.13786598E+01     0.10760317E-01     0.30000000E+01    -0.13958310E+00     0.30837062E+00     0.39801332E+00     0.55507906E-02     132     0.18024575E-01
 0.82000008E+01     0.13884759E+01     0.10856669E-01     0.30000000E+01    -0.13926952E+00     0.30654112E+00     0.39846256E+00     0.56299898E-02     133     0.20119486E-01
 0.82999983E+01     0.13999218E+01     0.10884578E-01     0.30000000E+01    -0.13922696E+00     0.30607104E+00     0.39891821E+00     0.56711896E-02     133     0.20119486E-01
 0.83999987E+01     0.14113028E+01     0.10913295E-01     0.30000000E+01    -0.13916999E+00     0.30560094E+00     0.39938572E+00     0.57088430E-02     133     0.20119486E-01
 0.85000000E+01     0.14226955E+01     0.10941005E-01     0.30000000E+01    -0.13911502E+00     0.30467930E+00     0.39982617E+00     0.57430579E-02     133     0.20119486E-01
 0.86000004E+01     0.14337848E+01     0.10979033E-01     0.30000000E+01    -0.13900836E+00     0.30336261E+00     0.40024522E+00     0.57821628E-02     133     0.20119486E-01
 0.86999979E+01     0.14445686E+01     0.11025919E-01     0.30000000E+01    -0.13884300E+00     0.30276772E+00     0.40062481E+00     0.58316910E-02     133     0.20119486E-01
 0.87999983E+01     0.14550296E+01     0.11081573E-01     0.30000000E+01    -0.13862236E+00     0.30170646E+00     0.40095711E+00     0.58849119E-02     134     0.22349956E-01
 0.88999996E+01     0.14651903E+01     0.11127531E-01     0.30000000E+01    -0.13834828E+00     0.30112523E+00     0.40160921E+00     0.59350342E-02     134     0.22349956E-01
 0.90000000E+01     0.14743927E+01     0.11183564E-01     0.30000000E+01    -0.13789846E+00     0.30004284E+00     0.40240183E+00     0.59920582E-02     134     0.22349956E-01
 0.90999975E+01     0.14835253E+01     0.11224094E-01     0.30000000E+01    -0.13741882E+00     0.29993388E+00     0.40304023E+00     0.60447929E-02     134     0.22349956E-01
 0.91999989E+01     0.14916381E+01     0.11293726E-01     0.30000000E+01    -0.13676213E+00     0.29882029E+00     0.40365264E+00     0.61126812E-02     134     0.22349956E-01
 0.92999992E+01     0.14995455E+01     0.11374659E-01     0.30000000E+01    -0.13607544E+00     0.29759860E+00     0.40449205E+00     0.61918735E-02     134     0.22349956E-01
 0.94000006E+01     0.15087407E+01     0.11428252E-01     0.30000000E+01    -0.13561808E+00     0.29655746E+00     0.40500808E+00     0.62554711E-02     135     0.24723656E-01
 0.94999971E+01     0.15189186E+01     0.11467195E-01     0.30000000E+01    -0.13534050E+00     0.29600450E+00     0.40554255E+00     0.63068853E-02     135     0.24723656E-01
 0.95999985E+01     0.15292171E+01     0.11512976E-01     0.30000000E+01    -0.13508990E+00     0.29536650E+00     0.40605611E+00     0.63636121E-02     135     0.24723656E-01
 0.96999989E+01     0.15394207E+01     0.11569749E-01     0.30000000E+01    -0.13482933E+00     0.29373258E+00     0.40657115E+00     0.64238370E-02     135     0.24723656E-01
 0.98000002E+01     0.15494933E+01     0.11634147E-01     0.30000000E+01    -0.13454685E+00     0.29304236E+00     0.40708682E+00     0.64945417E-02     135     0.24723656E-01
 0.99000006E+01     0.15595282E+01     0.11702730E-01     0.30000000E+01    -0.13426086E+00     0.29236433E+00     0.40760833E+00     0.65684202E-02     135     0.24723656E-01
 0.99999981E+01     0.15692955E+01     0.11783746E-01     0.30000000E+01    -0.13393407E+00     0.29128340E+00     0.40811813E+00     0.66494877E-02     136     0.27249757E-01
 0.10099998E+02     0.15791179E+01     0.11863770E-01     0.30000000E+01    -0.13361697E+00     0.29059109E+00     0.40860701E+00     0.67313118E-02     136     0.27249757E-01
 0.10200000E+02     0.15883907E+01     0.11967090E-01     0.30000000E+01    -0.13321193E+00     0.28936264E+00     0.40909997E+00     0.68282434E-02     136     0.27249757E-01
 0.10300000E+02     0.15971825E+01     0.12089206E-01     0.30000000E+01    -0.13273247E+00     0.28788033E+00     0.40956697E+00     0.69395863E-02     136     0.27249757E-01
 0.10399998E+02     0.16075622E+01     0.12147466E-01     0.30000000E+01    -0.13250785E+00     0.28668112E+00     0.41004309E+00     0.70082978E-02     136     0.27249757E-01
 0.10499999E+02     0.16176496E+01     0.12214790E-01     0.30000000E+01    -0.13223524E+00     0.28547820E+00     0.41049659E+00     0.70803338E-02     136     0.27249757E-01
 0.10599999E+02     0.16274751E+01     0.12291126E-01     0.30000000E+01    -0.13191800E+00     0.28465092E+00     0.41091743E+00     0.71613486E-02     137     0.29939037E-01
 0.10700000E+02     0.16369412E+01     0.12380559E-01     0.30000000E+01    -0.13154402E+00     0.28335929E+00     0.41125605E+00     0.72497926E-02     137     0.29939037E-01
 0.10799997E+02     0.16459290E+01     0.12491375E-01     0.30000000E+01    -0.13111134E+00     0.28150296E+00     0.41196078E+00     0.73542478E-02     137     0.29939037E-01
 0.10899999E+02     0.16548301E+01     0.12606300E-01     0.30000000E+01    -0.13067223E+00     0.28013775E+00     0.41279471E+00     0.74671018E-02     137     0.29939037E-01
 0.10999999E+02     0.16632707E+01     0.12738555E-01     0.30000000E+01    -0.13015987E+00     0.27841166E+00     0.41350314E+00     0.75962883E-02     137     0.29939037E-01
 0.11100000E+02     0.16733193E+01     0.12806121E-01     0.30000000E+01    -0.12990032E+00     0.27748773E+00     0.41450787E+00     0.76787276E-02     137     0.29939037E-01
 0.11200001E+02     0.16830045E+01     0.12884970E-01     0.30000000E+01    -0.12957999E+00     0.27650487E+00     0.41509038E+00     0.77683898E-02     138     0.32803934E-01
 0.11299998E+02     0.16924388E+01     0.12972854E-01     0.30000000E+01    -0.12921949E+00     0.27550003E+00     0.41567025E+00     0.78647770E-02     138     0.32803934E-01
 0.11399999E+02     0.17016958E+01     0.13067187E-01     0.30000000E+01    -0.12883313E+00     0.27453929E+00     0.41623130E+00     0.79663303E-02     138     0.32803934E-01
 0.11500000E+02     0.17107375E+01     0.13170632E-01     0.30000000E+01    -0.12841292E+00     0.27350605E+00     0.41677749E+00     0.80746319E-02     138     0.32803934E-01
 0.11600000E+02     0.17195123E+01     0.13284431E-01     0.30000000E+01    -0.12795562E+00     0.27245516E+00     0.41731960E+00     0.81910491E-02     138     0.32803934E-01
 0.11699998E+02     0.17278811E+01     0.13411534E-01     0.30000000E+01    -0.12743461E+00     0.27140462E+00     0.41788277E+00     0.83186682E-02     138     0.32803934E-01
 0.11799999E+02     0.17357857E+01     0.13553160E-01     0.30000000E+01    -0.12684181E+00     0.27029526E+00     0.41839984E+00     0.84596109E-02     139     0.35858847E-01
 0.11900000E+02     0.17440313E+01     0.13681899E-01     0.30000000E+01    -0.12630750E+00     0.26826292E+00     0.41895223E+00     0.85906200E-02     139     0.35858847E-01
 0.12000000E+02     0.17528601E+01     0.13790936E-01     0.30000000E+01    -0.12586299E+00     0.26705441E+00     0.41946852E+00     0.87058814E-02     139     0.35858847E-01
 0.12099998E+02     0.17614552E+01     0.13908922E-01     0.30000000E+01    -0.12538651E+00     0.26580149E+00     0.41998878E+00     0.88279415E-02     139     0.35858847E-01
 0.12199999E+02     0.17696648E+01     0.14040981E-01     0.30000000E+01    -0.12485369E+00     0.26458427E+00     0.42049223E+00     0.89620426E-02     139     0.35858847E-01
 0.12299999E+02     0.17771966E+01     0.14194350E-01     0.30000000E+01    -0.12421878E+00     0.26330796E+00     0.42095909E+00     0.91144964E-02     139     0.35858847E-01
 0.12400001E+02     0.17841942E+01     0.14367696E-01     0.30000000E+01    -0.12350687E+00     0.26201916E+00     0.42140669E+00     0.92842132E-02     139     0.35858847E-01
 0.12499997E+02     0.17911334E+01     0.14546848E-01     0.30000000E+01    -0.12279502E+00     0.26062715E+00     0.42178270E+00     0.94607472E-02     139     0.35858847E-01
 0.12599998E+02     0.17994926E+01     0.14674471E-01     0.30000000E+01    -0.12230304E+00     0.25913477E+00     0.42230049E+00     0.95939366E-02     140     0.39120480E-01
 0.12699999E+02     0.18074471E+01     0.14816857E-01     0.30000000E+01    -0.12176511E+00     0.25763044E+00     0.42317641E+00     0.97455904E-02     140     0.39120480E-01
 0.12800000E+02     0.18146851E+01     0.14983235E-01     0.30000000E+01    -0.12112525E+00     0.25608194E+00     0.42398581E+00     0.99185091E-02     140     0.39120480E-01
 0.12900001E+02     0.18213983E+01     0.15172654E-01     0.30000000E+01    -0.12041856E+00     0.25455698E+00     0.42505795E+00     0.10113395E-01     140     0.39120480E-01
 0.12999998E+02     0.18256891E+01     0.15460731E-01     0.30000000E+01    -0.11937311E+00     0.25173125E+00     0.42562327E+00     0.10389484E-01     140     0.39120480E-01
 0.13099999E+02     0.18336332E+01     0.15603187E-01     0.30000000E+01    -0.11884908E+00     0.25118509E+00     0.42623350E+00     0.10546610E-01     140     0.39120480E-01
 0.13200000E+02     0.18389046E+01     0.15846644E-01     0.30000000E+01    -0.11795767E+00     0.24792773E+00     0.42679396E+00     0.10788267E-01     140     0.39120480E-01
 0.13300000E+02     0.18444860E+01     0.16087433E-01     0.30000000E+01    -0.11712396E+00     0.24601068E+00     0.42733508E+00     0.11030180E-01     141     0.42607810E-01
 0.13399998E+02     0.18483620E+01     0.16391832E-01     0.30000000E+01    -0.11606502E+00     0.24404868E+00     0.42786056E+00     0.11330225E-01     141     0.42607810E-01
 0.13499999E+02     0.18536371E+01     0.16643656E-01     0.30000000E+01    -0.11521222E+00     0.24187590E+00     0.42840040E+00     0.11585938E-01     141     0.42607810E-01
 0.13599999E+02     0.18587869E+01     0.16909637E-01     0.30000000E+01    -0.11435789E+00     0.23956302E+00     0.42893866E+00     0.11854634E-01     141     0.42607810E-01
 0.13700001E+02     0.18620671E+01     0.17246610E-01     0.30000000E+01    -0.11327127E+00     0.23723637E+00     0.42944267E+00     0.12190610E-01     141     0.42607810E-01
 0.13799997E+02     0.18642246E+01     0.17642800E-01     0.30000000E+01    -0.11206992E+00     0.23491076E+00     0.42995378E+00     0.12580622E-01     141     0.42607810E-01
 0.13899999E+02     0.18675146E+01     0.17991560E-01     0.30000000E+01    -0.11103344E+00     0.23213945E+00     0.43043625E+00     0.12932234E-01     141     0.42607810E-01
 0.13999999E+02     0.18696648E+01     0.18399581E-01     0.30000000E+01    -0.10988425E+00     0.22943835E+00     0.43094483E+00     0.13339331E-01     141     0.42607810E-01
 0.14100000E+02     0.18687690E+01     0.18946825E-01     0.30000000E+01    -0.10841067E+00     0.22675434E+00     0.43135014E+00     0.13880214E-01     141     0.42607810E-01
 0.14199998E+02     0.18701067E+01     0.19413240E-01     0.30000000E+01    -0.10724628E+00     0.22370982E+00     0.43177319E+00     0.14349543E-01     142     0.46341963E-01
 0.14299998E+02     0.18692030E+01     0.19990720E-01     0.30000000E+01    -0.10587721E+00     0.22069769E+00     0.43215901E+00     0.14927385E-01     142     0.46341963E-01
 0.14400000E+02     0.18609600E+01     0.20945342E-01     0.30000000E+01    -0.10382117E+00     0.21531835E+00     0.43243760E+00     0.15869554E-01     142     0.46341963E-01
 0.14500000E+02     0.18566976E+01     0.21747872E-01     0.30000000E+01    -0.10229407E+00     0.21216322E+00     0.43272895E+00     0.16676512E-01     142     0.46341963E-01
 0.14600000E+02     0.18570226E+01     0.22338955E-01     0.30000000E+01    -0.10128058E+00     0.21135412E+00     0.43303427E+00     0.17284092E-01     142     0.46341963E-01
 0.14699998E+02     0.18434145E+01     0.23727464E-01     0.30000000E+01    -0.99188186E-01     0.20584616E+00     0.43317264E+00     0.18674245E-01     142     0.46341963E-01
 0.14799999E+02     0.18328551E+01     0.25045767E-01     0.30000000E+01    -0.97604126E-01     0.20307127E+00     0.43354413E+00     0.20012237E-01     142     0.46341963E-01
 0.14900000E+02     0.18212392E+01     0.26521504E-01     0.30000000E+01    -0.96184529E-01     0.20012575E+00     0.43400589E+00     0.21513512E-01     142     0.46341963E-01
 0.15000001E+02     0.18075709E+01     0.28256809E-01     0.30000000E+01    -0.94935462E-01     0.19749789E+00     0.43432793E+00     0.23288211E-01     142     0.46341963E-01
 0.15099998E+02     0.17900759E+01     0.30412054E-01     0.30000000E+01    -0.93844868E-01     0.19546458E+00     0.43451971E+00     0.25492698E-01     142     0.46341963E-01
 0.15199999E+02     0.17674398E+01     0.33205021E-01     0.30000000E+01    -0.93035489E-01     0.19384499E+00     0.43458211E+00     0.28347362E-01     142     0.46341963E-01
 0.15299999E+02     0.17433498E+01     0.36367498E-01     0.30000000E+01    -0.92650823E-01     0.19245532E+00     0.43462506E+00     0.31587120E-01     142     0.46341963E-01
 0.15400001E+02     0.17150487E+01     0.40126722E-01     0.30000000E+01    -0.92604630E-01     0.19159688E+00     0.43446377E+00     0.35437096E-01     142     0.46341963E-01
 0.15499998E+02     0.16994158E+01     0.42770009E-01     0.30000000E+01    -0.92693888E-01     0.19237091E+00     0.43467492E+00     0.38155280E-01     142     0.46341963E-01
 0.15599998E+02     0.16417416E+01     0.49582757E-01     0.30000000E+01    -0.93117893E-01     0.19154540E+00     0.43366036E+00     0.45111589E-01     141     0.42607810E-01
 0.15699999E+02     0.16164107E+01     0.53204596E-01     0.30000000E+01    -0.93376927E-01     0.19326955E+00     0.43354428E+00     0.48828185E-01     141     0.42607810E-01
 0.15800000E+02     0.15707215E+01     0.58604255E-01     0.30000000E+01    -0.93707897E-01     0.19386418E+00     0.43304721E+00     0.54347038E-01     141     0.42607810E-01
 0.15899998E+02     0.15208282E+01     0.64467408E-01     0.30000000E+01    -0.94345294E-01     0.19456324E+00     0.43264547E+00     0.60338125E-01     141     0.42607810E-01
 0.16099998E+02     0.14480721E+01     0.73797099E-01     0.30000000E+01    -0.96008800E-01     0.19211876E+00     0.43216050E+00     0.69819704E-01     140     0.39120480E-01
 0.16200001E+02     0.14184514E+01     0.78087509E-01     0.30000000E+01    -0.97198367E-01     0.18974717E+00     0.43200839E+00     0.74166730E-01     140     0.39120480E-01
 0.16300001E+02     0.13896710E+01     0.82395062E-01     0.30000000E+01    -0.98598756E-01     0.18714420E+00     0.43180010E+00     0.78520671E-01     140     0.39120480E-01
 0.16399998E+02     0.13665740E+01     0.86331047E-01     0.30000000E+01    -0.10003439E+00     0.18435174E+00     0.43167964E+00     0.82494676E-01     140     0.39120480E-01
 0.16600000E+02     0.13306886E+01     0.92914149E-01     0.30000000E+01    -0.10264073E+00     0.17722395E+00     0.43181992E+00     0.89114279E-01     140     0.39120480E-01
 0.16700001E+02     0.13046994E+01     0.97314343E-01     0.30000000E+01    -0.10460025E+00     0.17114136E+00     0.43151781E+00     0.93527131E-01     140     0.39120480E-01
 0.16799997E+02     0.12932303E+01     0.10012119E+00     0.30000000E+01    -0.10592319E+00     0.16918942E+00     0.43175122E+00     0.96359700E-01     140     0.39120480E-01
 0.16900000E+02     0.12759517E+01     0.10345300E+00     0.30000000E+01    -0.10752305E+00     0.16317403E+00     0.43184039E+00     0.99686049E-01     139     0.35858847E-01
 0.17000000E+02     0.12682971E+01     0.10576084E+00     0.30000000E+01    -0.10869686E+00     0.16119312E+00     0.43157488E+00     0.10201181E+00     140     0.39120480E-01
 0.17100000E+02     0.12665128E+01     0.10725878E+00     0.30000000E+01    -0.10940210E+00     0.15906700E+00     0.43203554E+00     0.10351507E+00     140     0.39120480E-01
 0.17199997E+02     0.12453966E+01     0.11124434E+00     0.30000000E+01    -0.11158401E+00     0.15259506E+00     0.43213901E+00     0.10749473E+00     140     0.39120480E-01
 0.17299999E+02     0.12381668E+01     0.11337361E+00     0.30000000E+01    -0.11267606E+00     0.14820465E+00     0.43268421E+00     0.10961414E+00     140     0.39120480E-01
 0.17400000E+02     0.12265064E+01     0.11628372E+00     0.30000000E+01    -0.11435455E+00     0.14437555E+00     0.43261963E+00     0.11253109E+00     139     0.35858847E-01
 0.17500000E+02     0.12216856E+01     0.11815257E+00     0.30000000E+01    -0.11545884E+00     0.14050645E+00     0.43277797E+00     0.11439025E+00     140     0.39120480E-01
 0.17599997E+02     0.12086055E+01     0.12121458E+00     0.30000000E+01    -0.11724500E+00     0.13540971E+00     0.43294513E+00     0.11744800E+00     140     0.39120480E-01
 0.17699999E+02     0.12110485E+01     0.12218259E+00     0.30000000E+01    -0.11780207E+00     0.13477193E+00     0.43361422E+00     0.11842578E+00     140     0.39120480E-01
 0.17799999E+02     0.11962062E+01     0.12539174E+00     0.30000000E+01    -0.11985206E+00     0.12784392E+00     0.43313900E+00     0.12161508E+00     140     0.39120480E-01
 0.17900000E+02     0.11956284E+01     0.12681735E+00     0.30000000E+01    -0.12071506E+00     0.12596519E+00     0.43351233E+00     0.12304369E+00     140     0.39120480E-01
 0.18000000E+02     0.11895461E+01     0.12879007E+00     0.30000000E+01    -0.12202127E+00     0.12147873E+00     0.43406543E+00     0.12499745E+00     140     0.39120480E-01
 0.18099998E+02     0.11898193E+01     0.13015480E+00     0.30000000E+01    -0.12294479E+00     0.11992864E+00     0.43489385E+00     0.12637743E+00     140     0.39120480E-01
 0.18199999E+02     0.11820045E+01     0.13248029E+00     0.30000000E+01    -0.12454727E+00     0.11584040E+00     0.43504518E+00     0.12869126E+00     140     0.39120480E-01
 0.18299999E+02     0.11834079E+01     0.13360080E+00     0.30000000E+01    -0.12531352E+00     0.11415929E+00     0.43561679E+00     0.12981561E+00     140     0.39120480E-01
 0.18400000E+02     0.11813769E+01     0.13513969E+00     0.30000000E+01    -0.12636149E+00     0.11058263E+00     0.43659279E+00     0.13134886E+00     140     0.39120480E-01
 0.18499998E+02     0.11759195E+01     0.13734715E+00     0.30000000E+01    -0.12791458E+00     0.10787917E+00     0.43614951E+00     0.13355269E+00     140     0.39120480E-01
 0.18599998E+02     0.11771874E+01     0.13845468E+00     0.30000000E+01    -0.12875676E+00     0.10594760E+00     0.43681327E+00     0.13466518E+00     140     0.39120480E-01
 0.18699999E+02     0.11780249E+01     0.13961843E+00     0.30000000E+01    -0.12961499E+00     0.10370050E+00     0.43728924E+00     0.13582715E+00     140     0.39120480E-01
 0.18800001E+02     0.11790488E+01     0.14074887E+00     0.30000000E+01    -0.13046482E+00     0.10193889E+00     0.43772057E+00     0.13695826E+00     140     0.39120480E-01
 0.18899998E+02     0.11747456E+01     0.14272593E+00     0.30000000E+01    -0.13190369E+00     0.99466957E-01     0.43773973E+00     0.13893516E+00     140     0.39120480E-01
 0.18999998E+02     0.11766112E+01     0.14382467E+00     0.30000000E+01    -0.13275106E+00     0.97789951E-01     0.43891013E+00     0.14004198E+00     140     0.39120480E-01
 0.19099998E+02     0.11785181E+01     0.14481765E+00     0.30000000E+01    -0.13352177E+00     0.96210569E-01     0.43956825E+00     0.14103821E+00     141     0.42607810E-01
 0.19200001E+02     0.11797106E+01     0.14593171E+00     0.30000000E+01    -0.13441601E+00     0.94627649E-01     0.43948936E+00     0.14214550E+00     141     0.42607810E-01
 0.19300001E+02     0.11769587E+01     0.14768192E+00     0.30000000E+01    -0.13582090E+00     0.91663621E-01     0.43979737E+00     0.14389099E+00     141     0.42607810E-01
 0.19399998E+02     0.11774994E+01     0.14889869E+00     0.30000000E+01    -0.13675801E+00     0.90077929E-01     0.44000059E+00     0.14511211E+00     141     0.42607810E-01
 0.19499998E+02     0.11821789E+01     0.14969413E+00     0.30000000E+01    -0.13744161E+00     0.90256259E-01     0.44094330E+00     0.14592309E+00     141     0.42607810E-01
 0.19600000E+02     0.11853402E+01     0.15052463E+00     0.30000000E+01    -0.13805172E+00     0.89491323E-01     0.44160852E+00     0.14676009E+00     141     0.42607810E-01
 0.19700001E+02     0.11828671E+01     0.15204516E+00     0.30000000E+01    -0.13941050E+00     0.85842833E-01     0.44179243E+00     0.14825083E+00     141     0.42607810E-01
 0.19799997E+02     0.11853279E+01     0.15302140E+00     0.30000000E+01    -0.14015958E+00     0.85186057E-01     0.44242969E+00     0.14924024E+00     141     0.42607810E-01
 0.19900000E+02     0.11859759E+01     0.15440838E+00     0.30000000E+01    -0.14131626E+00     0.83699681E-01     0.44284689E+00     0.15063393E+00     141     0.42607810E-01
 0.20000000E+02     0.11885971E+01     0.15537408E+00     0.30000000E+01    -0.14216894E+00     0.82930468E-01     0.44321322E+00     0.15160626E+00     141     0.42607810E-01
 0.20100000E+02     0.11907157E+01     0.15628971E+00     0.30000000E+01    -0.14288472E+00     0.81598766E-01     0.44418332E+00     0.15251887E+00     141     0.42607810E-01
 0.20199997E+02     0.11916753E+01     0.15732992E+00     0.30000000E+01    -0.14382705E+00     0.80109678E-01     0.44390392E+00     0.15355004E+00     141     0.42607810E-01
 0.20299999E+02     0.11941285E+01     0.15825404E+00     0.30000000E+01    -0.14463913E+00     0.79026066E-01     0.44432420E+00     0.15447092E+00     142     0.46341963E-01
 0.20400000E+02     0.11960945E+01     0.15939471E+00     0.30000000E+01    -0.14567891E+00     0.78578435E-01     0.44426876E+00     0.15562712E+00     141     0.42607810E-01
 0.20500000E+02     0.11979942E+01     0.16055763E+00     0.30000000E+01    -0.14669879E+00     0.77090979E-01     0.44545400E+00     0.15679449E+00     142     0.46341963E-01
 0.20599998E+02     0.12009941E+01     0.16145970E+00     0.30000000E+01    -0.14751847E+00     0.76136410E-01     0.44709069E+00     0.15770821E+00     142     0.46341963E-01
 0.20699999E+02     0.12050539E+01     0.16220339E+00     0.30000000E+01    -0.14813200E+00     0.76259404E-01     0.44702837E+00     0.15845972E+00     142     0.46341963E-01
