  
       RFOIL         Version 3.00
  
 Calculated polar for: OSO_2025_WT2_T21                
  
 1  Reynolds number fixed
  
 xtrf =      0.05000000 (suction)     0.05000000 (pressure)
 Rot. Parameters:  f0 =      1.00000000 c/r =      0.00000000
 Mach =      0.00000000     Re =     12.00000000 e 6     Ncrit =      3.00000000
  
             alpha                CL                CD            Re(CL)                CM             S_xtr             P_xtr               CDp            I_stag            X_stag
  ------- -------- --------- --------- -------- ------- ------- -------- 
-0.21600000E+02    -0.10005920E+01     0.87464206E-01     0.12000000E+02    -0.71032874E-01     0.57101315E+00     0.67709289E-02     0.84245719E-01      97     0.75851202E-01
-0.21500002E+02    -0.10064595E+01     0.84661603E-01     0.12000000E+02    -0.73408782E-01     0.57058328E+00     0.67794067E-02     0.81404842E-01      97     0.75851202E-01
-0.21400000E+02    -0.10113510E+01     0.82147613E-01     0.12000000E+02    -0.75495556E-01     0.56999880E+00     0.67706639E-02     0.78855634E-01      97     0.75851202E-01
-0.21300001E+02    -0.10126503E+01     0.80362357E-01     0.12000000E+02    -0.76931298E-01     0.56931150E+00     0.67710564E-02     0.77045314E-01      97     0.75851202E-01
-0.21200001E+02    -0.10168207E+01     0.78110993E-01     0.12000000E+02    -0.78761905E-01     0.56872195E+00     0.67944648E-02     0.74762508E-01      97     0.75851202E-01
-0.21100002E+02    -0.10206592E+01     0.75956292E-01     0.12000000E+02    -0.80498196E-01     0.56810409E+00     0.68173120E-02     0.72577342E-01      97     0.75851202E-01
-0.21000000E+02    -0.10211238E+01     0.74449860E-01     0.12000000E+02    -0.81676260E-01     0.56735635E+00     0.68356767E-02     0.71049213E-01      97     0.75851202E-01
-0.20900000E+02    -0.10247253E+01     0.72412930E-01     0.12000000E+02    -0.83277233E-01     0.56655544E+00     0.68782554E-02     0.68983212E-01      97     0.75851202E-01
-0.20800001E+02    -0.10240089E+01     0.71166828E-01     0.12000000E+02    -0.84226340E-01     0.56579632E+00     0.68665245E-02     0.67717329E-01      97     0.75851202E-01
-0.20700003E+02    -0.10269361E+01     0.69334924E-01     0.12000000E+02    -0.85645780E-01     0.56516850E+00     0.68859491E-02     0.65858893E-01      97     0.75851202E-01
-0.20600000E+02    -0.10260401E+01     0.68140037E-01     0.12000000E+02    -0.86533092E-01     0.56445652E+00     0.68959948E-02     0.64646669E-01      97     0.75851202E-01
-0.20500000E+02    -0.10277059E+01     0.66577353E-01     0.12000000E+02    -0.87719090E-01     0.56023508E+00     0.69376412E-02     0.63052848E-01      97     0.75851202E-01
-0.20400002E+02    -0.10275499E+01     0.65298446E-01     0.12000000E+02    -0.88659845E-01     0.55949521E+00     0.69458536E-02     0.61754301E-01      97     0.75851202E-01
-0.20300001E+02    -0.10271027E+01     0.64103238E-01     0.12000000E+02    -0.89530885E-01     0.55882877E+00     0.69776289E-02     0.60540929E-01      97     0.75851202E-01
-0.20200001E+02    -0.10284477E+01     0.62634118E-01     0.12000000E+02    -0.90613976E-01     0.55808568E+00     0.69865938E-02     0.59048511E-01      97     0.75851202E-01
-0.20100000E+02    -0.10268207E+01     0.61626755E-01     0.12000000E+02    -0.91313273E-01     0.55731076E+00     0.70092501E-02     0.58025163E-01      97     0.75851202E-01
-0.20000002E+02    -0.10264095E+01     0.60453881E-01     0.12000000E+02    -0.92148237E-01     0.55650097E+00     0.70337346E-02     0.56833658E-01      97     0.75851202E-01
-0.19900000E+02    -0.10265681E+01     0.59230622E-01     0.12000000E+02    -0.93031697E-01     0.55580521E+00     0.70526819E-02     0.55589221E-01      97     0.75851202E-01
-0.19800001E+02    -0.10250304E+01     0.58253668E-01     0.12000000E+02    -0.93688168E-01     0.55505580E+00     0.70974594E-02     0.54598261E-01      97     0.75851202E-01
-0.19700001E+02    -0.10240860E+01     0.57174690E-01     0.12000000E+02    -0.94425201E-01     0.55430549E+00     0.70981854E-02     0.53502124E-01      97     0.75851202E-01
-0.19600000E+02    -0.10240512E+01     0.56017574E-01     0.12000000E+02    -0.95227525E-01     0.55367029E+00     0.71449713E-02     0.52327532E-01      97     0.75851202E-01
-0.19500000E+02    -0.10215845E+01     0.55180587E-01     0.12000000E+02    -0.95771581E-01     0.55288869E+00     0.71533164E-02     0.51476374E-01      98     0.68454914E-01
-0.19400002E+02    -0.10202364E+01     0.54220561E-01     0.12000000E+02    -0.96416660E-01     0.55220783E+00     0.71961759E-02     0.50501376E-01      98     0.68454914E-01
-0.19300001E+02    -0.10197574E+01     0.53138707E-01     0.12000000E+02    -0.97162575E-01     0.55151546E+00     0.71934098E-02     0.49401034E-01      98     0.68454914E-01
-0.19200001E+02    -0.10173130E+01     0.52331325E-01     0.12000000E+02    -0.97664051E-01     0.55088997E+00     0.72474866E-02     0.48581794E-01      98     0.68454914E-01
-0.19100000E+02    -0.10146863E+01     0.51523834E-01     0.12000000E+02    -0.98168172E-01     0.55011904E+00     0.72532459E-02     0.47760598E-01      98     0.68454914E-01
-0.19000002E+02    -0.10139174E+01     0.50506312E-01     0.12000000E+02    -0.98839074E-01     0.54938990E+00     0.72914166E-02     0.46725940E-01      98     0.68454914E-01
-0.18900002E+02    -0.10116930E+01     0.49701087E-01     0.12000000E+02    -0.99370539E-01     0.54512697E+00     0.73084724E-02     0.45894336E-01      98     0.68454914E-01
-0.18800001E+02    -0.10084096E+01     0.48998710E-01     0.12000000E+02    -0.99794343E-01     0.54432517E+00     0.73201661E-02     0.45180280E-01      98     0.68454914E-01
-0.18700001E+02    -0.10060602E+01     0.48207074E-01     0.12000000E+02    -0.10027769E+00     0.54364890E+00     0.73716729E-02     0.44376351E-01      98     0.68454914E-01
-0.18600000E+02    -0.10048518E+01     0.47281735E-01     0.12000000E+02    -0.10088026E+00     0.54296762E+00     0.73789000E-02     0.43434922E-01      98     0.68454914E-01
-0.18500002E+02    -0.10020109E+01     0.46562746E-01     0.12000000E+02    -0.10130373E+00     0.54227334E+00     0.74323458E-02     0.42704530E-01      98     0.68454914E-01
-0.18400000E+02    -0.99849236E+00     0.45906346E-01     0.12000000E+02    -0.10168048E+00     0.54150951E+00     0.74586212E-02     0.42037316E-01      98     0.68454914E-01
-0.18300001E+02    -0.99541682E+00     0.45216359E-01     0.12000000E+02    -0.10208952E+00     0.54078603E+00     0.74711521E-02     0.41335117E-01      98     0.68454914E-01
-0.18200001E+02    -0.99399143E+00     0.44346645E-01     0.12000000E+02    -0.10263351E+00     0.54015750E+00     0.75199991E-02     0.40450510E-01      98     0.68454914E-01
-0.18100002E+02    -0.99058664E+00     0.43703467E-01     0.12000000E+02    -0.10300577E+00     0.53942144E+00     0.75328532E-02     0.39795563E-01      98     0.68454914E-01
-0.18000000E+02    -0.98670053E+00     0.43105744E-01     0.12000000E+02    -0.10333402E+00     0.53865993E+00     0.75552389E-02     0.39186966E-01      98     0.68454914E-01
-0.17900000E+02    -0.98327732E+00     0.42475447E-01     0.12000000E+02    -0.10368998E+00     0.53787190E+00     0.76035671E-02     0.38544368E-01      99     0.61320473E-01
-0.17800001E+02    -0.98087502E+00     0.41729305E-01     0.12000000E+02    -0.10413725E+00     0.53382599E+00     0.76591959E-02     0.37774652E-01      99     0.61320473E-01
-0.17700001E+02    -0.97781503E+00     0.41064311E-01     0.12000000E+02    -0.10452878E+00     0.53319585E+00     0.76332651E-02     0.37097245E-01      99     0.61320473E-01
-0.17600000E+02    -0.97366512E+00     0.40515833E-01     0.12000000E+02    -0.10481410E+00     0.53241789E+00     0.76759551E-02     0.36539681E-01      99     0.61320473E-01
-0.17500000E+02    -0.96956348E+00     0.39955702E-01     0.12000000E+02    -0.10510813E+00     0.53173661E+00     0.77050328E-02     0.35970002E-01      99     0.61320473E-01
-0.17400002E+02    -0.96611410E+00     0.39343927E-01     0.12000000E+02    -0.10544571E+00     0.53104466E+00     0.77577159E-02     0.35347812E-01      99     0.61320473E-01
-0.17300001E+02    -0.96356642E+00     0.38638074E-01     0.12000000E+02    -0.10585681E+00     0.53040516E+00     0.77634808E-02     0.34628544E-01      99     0.61320473E-01
-0.17200001E+02    -0.95948941E+00     0.38101561E-01     0.12000000E+02    -0.10613535E+00     0.52971441E+00     0.78172926E-02     0.34082703E-01      99     0.61320473E-01
-0.17100000E+02    -0.95502216E+00     0.37594847E-01     0.12000000E+02    -0.10638766E+00     0.52898568E+00     0.78658424E-02     0.33566900E-01      99     0.61320473E-01
-0.17000002E+02    -0.95067984E+00     0.37076473E-01     0.12000000E+02    -0.10664852E+00     0.52825868E+00     0.79001551E-02     0.33038788E-01      99     0.61320473E-01
-0.16900000E+02    -0.94695723E+00     0.36504470E-01     0.12000000E+02    -0.10695752E+00     0.52758145E+00     0.79296306E-02     0.32455735E-01      99     0.61320473E-01
-0.16800001E+02    -0.94398594E+00     0.35866886E-01     0.12000000E+02    -0.10731380E+00     0.52685100E+00     0.79327887E-02     0.31805094E-01      99     0.61320473E-01
-0.16700001E+02    -0.93943942E+00     0.35387449E-01     0.12000000E+02    -0.10753988E+00     0.52609932E+00     0.80237221E-02     0.31315021E-01      99     0.61320473E-01
-0.16600000E+02    -0.93448412E+00     0.34933314E-01     0.12000000E+02    -0.10775921E+00     0.52533084E+00     0.80013834E-02     0.30851860E-01      99     0.61320473E-01
-0.16500000E+02    -0.92999303E+00     0.34445785E-01     0.12000000E+02    -0.10799159E+00     0.52454460E+00     0.80635073E-02     0.30354809E-01      99     0.61320473E-01
-0.16400002E+02    -0.92604083E+00     0.33913095E-01     0.12000000E+02    -0.10826056E+00     0.52388304E+00     0.80984449E-02     0.29811684E-01     100     0.54487012E-01
-0.16300001E+02    -0.92268836E+00     0.33331163E-01     0.12000000E+02    -0.10857400E+00     0.52323151E+00     0.81162406E-02     0.29218877E-01     100     0.54487012E-01
-0.16200001E+02    -0.91783875E+00     0.32887921E-01     0.12000000E+02    -0.10877184E+00     0.52251667E+00     0.81759831E-02     0.28768480E-01     100     0.54487012E-01
-0.16100000E+02    -0.91279566E+00     0.32465473E-01     0.12000000E+02    -0.10896531E+00     0.51908857E+00     0.82221404E-02     0.28331615E-01     100     0.54487012E-01
-0.16000002E+02    -0.90789515E+00     0.32024521E-01     0.12000000E+02    -0.10916651E+00     0.51835632E+00     0.82604112E-02     0.27882218E-01     100     0.54487012E-01
-0.15900001E+02    -0.90359837E+00     0.31540222E-01     0.12000000E+02    -0.10939848E+00     0.51772201E+00     0.83018681E-02     0.27388725E-01     100     0.54487012E-01
-0.15800000E+02    -0.90006030E+00     0.30995760E-01     0.12000000E+02    -0.10967781E+00     0.51705062E+00     0.83421152E-02     0.26833346E-01     100     0.54487012E-01
-0.15700001E+02    -0.89510053E+00     0.30569721E-01     0.12000000E+02    -0.10986504E+00     0.51627678E+00     0.83906204E-02     0.26399450E-01     100     0.54487012E-01
-0.15600002E+02    -0.88981211E+00     0.30181056E-01     0.12000000E+02    -0.11002413E+00     0.51553547E+00     0.84210886E-02     0.26003506E-01     100     0.54487012E-01
-0.15500001E+02    -0.88476926E+00     0.29770935E-01     0.12000000E+02    -0.11019677E+00     0.51478660E+00     0.84692342E-02     0.25585238E-01     100     0.54487012E-01
-0.15400001E+02    -0.87998718E+00     0.29335009E-01     0.12000000E+02    -0.11039257E+00     0.51411074E+00     0.85081747E-02     0.25141768E-01     100     0.54487012E-01
-0.15300001E+02    -0.87747484E+00     0.28757846E-01     0.12000000E+02    -0.11063827E+00     0.51346195E+00     0.87776855E-02     0.24559233E-01     100     0.54487012E-01
-0.15200001E+02    -0.87117302E+00     0.28426213E-01     0.12000000E+02    -0.11081785E+00     0.51282597E+00     0.85467603E-02     0.24216536E-01     100     0.54487012E-01
-0.15100001E+02    -0.86705112E+00     0.27983760E-01     0.12000000E+02    -0.11094773E+00     0.51217794E+00     0.88855615E-02     0.23773411E-01     100     0.54487012E-01
-0.15000001E+02    -0.86161947E+00     0.27615463E-01     0.12000000E+02    -0.11109383E+00     0.51150483E+00     0.89194076E-02     0.23398828E-01     100     0.54487012E-01
-0.14900000E+02    -0.85378414E+00     0.27985366E-01     0.12000000E+02    -0.11160453E+00     0.50000001E-01     0.89574251E-02     0.22993580E-01     101     0.47999002E-01
-0.14800000E+02    -0.84936035E+00     0.27566409E-01     0.12000000E+02    -0.11177760E+00     0.50000001E-01     0.90107433E-02     0.22565044E-01     101     0.47999002E-01
-0.14700002E+02    -0.84417450E+00     0.27185112E-01     0.12000000E+02    -0.11197089E+00     0.50000001E-01     0.87924236E-02     0.22169337E-01     101     0.47999002E-01
-0.14600000E+02    -0.83978719E+00     0.26791304E-01     0.12000000E+02    -0.11206979E+00     0.50000001E-01     0.91140829E-02     0.21771936E-01     101     0.47999002E-01
-0.14500000E+02    -0.83415055E+00     0.26466954E-01     0.12000000E+02    -0.11217413E+00     0.50000001E-01     0.91394670E-02     0.21439355E-01     101     0.47999002E-01
-0.14400001E+02    -0.82877439E+00     0.26129670E-01     0.12000000E+02    -0.11228748E+00     0.50000001E-01     0.91832150E-02     0.21093970E-01     101     0.47999002E-01
-0.14300001E+02    -0.82397288E+00     0.25751358E-01     0.12000000E+02    -0.11242411E+00     0.50000001E-01     0.92616826E-02     0.20707017E-01     101     0.47999002E-01
-0.14200001E+02    -0.81983626E+00     0.25338996E-01     0.12000000E+02    -0.11259113E+00     0.50000001E-01     0.92886649E-02     0.20284424E-01     101     0.47999002E-01
-0.14100001E+02    -0.81442815E+00     0.25013799E-01     0.12000000E+02    -0.11269120E+00     0.50000001E-01     0.93440106E-02     0.19951362E-01     101     0.47999002E-01
-0.14000001E+02    -0.80868536E+00     0.24711261E-01     0.12000000E+02    -0.11277864E+00     0.50000001E-01     0.93916152E-02     0.19641194E-01     101     0.47999002E-01
-0.13900002E+02    -0.80309230E+00     0.24403593E-01     0.12000000E+02    -0.11287306E+00     0.50000001E-01     0.94222529E-02     0.19325655E-01     101     0.47999002E-01
-0.13800001E+02    -0.79802006E+00     0.24062127E-01     0.12000000E+02    -0.11298371E+00     0.50000001E-01     0.94899889E-02     0.18975949E-01     101     0.47999002E-01
-0.13700001E+02    -0.79378486E+00     0.23673210E-01     0.12000000E+02    -0.11313176E+00     0.50000001E-01     0.95581533E-02     0.18577505E-01     101     0.47999002E-01
-0.13600001E+02    -0.78840756E+00     0.23360563E-01     0.12000000E+02    -0.11323094E+00     0.50000001E-01     0.95698070E-02     0.18256418E-01     101     0.47999002E-01
-0.13500001E+02    -0.78263342E+00     0.23072761E-01     0.12000000E+02    -0.11330557E+00     0.50000001E-01     0.96761351E-02     0.17961090E-01     102     0.41903831E-01
-0.13400001E+02    -0.77690691E+00     0.22785358E-01     0.12000000E+02    -0.11339030E+00     0.50000001E-01     0.96823219E-02     0.17665923E-01     102     0.41903831E-01
-0.13300000E+02    -0.77165294E+00     0.22464674E-01     0.12000000E+02    -0.11349820E+00     0.50000001E-01     0.97680492E-02     0.17335549E-01     102     0.41903831E-01
-0.13200001E+02    -0.76714706E+00     0.22100618E-01     0.12000000E+02    -0.11364497E+00     0.50000001E-01     0.97787082E-02     0.16961811E-01     102     0.41903831E-01
-0.13100000E+02    -0.76165336E+00     0.21799508E-01     0.12000000E+02    -0.11374282E+00     0.50000001E-01     0.98869829E-02     0.16653575E-01     102     0.41903831E-01
-0.13000001E+02    -0.75561464E+00     0.21526923E-01     0.12000000E+02    -0.11383064E+00     0.50000001E-01     0.99387411E-02     0.16374167E-01     102     0.41903831E-01
-0.12900001E+02    -0.74975592E+00     0.21241345E-01     0.12000000E+02    -0.11393096E+00     0.50000001E-01     0.10002384E-01     0.16081391E-01     102     0.41903831E-01
-0.12800001E+02    -0.74439663E+00     0.20920744E-01     0.12000000E+02    -0.11406831E+00     0.50000001E-01     0.10087712E-01     0.15753290E-01     102     0.41903831E-01
-0.12700001E+02    -0.73948663E+00     0.20563999E-01     0.12000000E+02    -0.11424755E+00     0.50000001E-01     0.10146886E-01     0.15387835E-01     102     0.41903831E-01
-0.12600001E+02    -0.73320585E+00     0.20287929E-01     0.12000000E+02    -0.11437186E+00     0.50000001E-01     0.10210558E-01     0.15105059E-01     102     0.41903831E-01
-0.12500001E+02    -0.72683543E+00     0.20012338E-01     0.12000000E+02    -0.11450182E+00     0.50000001E-01     0.10270886E-01     0.14823047E-01     102     0.41903831E-01
-0.12400002E+02    -0.72047210E+00     0.19724488E-01     0.12000000E+02    -0.11465948E+00     0.50000001E-01     0.10304711E-01     0.14528017E-01     102     0.41903831E-01
-0.12300001E+02    -0.71487594E+00     0.19382941E-01     0.12000000E+02    -0.11485278E+00     0.50000001E-01     0.10383363E-01     0.14178888E-01     102     0.41903831E-01
-0.12200001E+02    -0.71030378E+00     0.19054933E-01     0.12000000E+02    -0.11486074E+00     0.50000001E-01     0.10460406E-01     0.13842796E-01     103     0.36247686E-01
-0.12100001E+02    -0.71029741E+00     0.18845882E-01     0.12000000E+02    -0.11400914E+00     0.50000001E-01     0.10479227E-01     0.13627669E-01     103     0.36247686E-01
-0.12000000E+02    -0.70336235E+00     0.18577492E-01     0.12000000E+02    -0.11434211E+00     0.50000001E-01     0.10567289E-01     0.13351906E-01     103     0.36247686E-01
-0.11900001E+02    -0.69509363E+00     0.18273653E-01     0.12000000E+02    -0.11498880E+00     0.50000001E-01     0.10637425E-01     0.13038977E-01     103     0.36247686E-01
-0.11800000E+02    -0.68617195E+00     0.17981581E-01     0.12000000E+02    -0.11570024E+00     0.50000001E-01     0.10715905E-01     0.12737867E-01     103     0.36247686E-01
-0.11700001E+02    -0.67645198E+00     0.17742308E-01     0.12000000E+02    -0.11634964E+00     0.50000001E-01     0.10802583E-01     0.12491062E-01     103     0.36247686E-01
-0.11600000E+02    -0.66670322E+00     0.17459622E-01     0.12000000E+02    -0.11715256E+00     0.50000001E-01     0.11199364E-01     0.12203699E-01     103     0.36247686E-01
-0.11500001E+02    -0.65623331E+00     0.17199643E-01     0.12000000E+02    -0.11800200E+00     0.50000001E-01     0.11301218E-01     0.11934642E-01     103     0.36247686E-01
-0.11400001E+02    -0.64541811E+00     0.16920384E-01     0.12000000E+02    -0.11896759E+00     0.50000001E-01     0.11367097E-01     0.11644954E-01     103     0.36247686E-01
-0.11300001E+02    -0.63426554E+00     0.16680639E-01     0.12000000E+02    -0.11985141E+00     0.50000001E-01     0.11474608E-01     0.11396267E-01     103     0.36247686E-01
-0.11200001E+02    -0.62274152E+00     0.16462306E-01     0.12000000E+02    -0.12072994E+00     0.50000001E-01     0.11606190E-01     0.11169635E-01     103     0.36247686E-01
-0.11100001E+02    -0.61103594E+00     0.16239524E-01     0.12000000E+02    -0.12164531E+00     0.50000001E-01     0.11699959E-01     0.10937017E-01     104     0.31069152E-01
-0.11000001E+02    -0.59901452E+00     0.16002361E-01     0.12000000E+02    -0.12266368E+00     0.50000001E-01     0.11785435E-01     0.10689942E-01     104     0.31069152E-01
-0.10900001E+02    -0.58654839E+00     0.15748743E-01     0.12000000E+02    -0.12382192E+00     0.50000001E-01     0.11923200E-01     0.10424242E-01     104     0.31069152E-01
-0.10800001E+02    -0.57407922E+00     0.15536350E-01     0.12000000E+02    -0.12482893E+00     0.50000001E-01     0.12033949E-01     0.10202704E-01     104     0.31069152E-01
-0.10700001E+02    -0.56147122E+00     0.15336778E-01     0.12000000E+02    -0.12581339E+00     0.50000001E-01     0.12115374E-01     0.99941976E-02     104     0.31069152E-01
-0.10600001E+02    -0.54851645E+00     0.15125148E-01     0.12000000E+02    -0.12690462E+00     0.50000001E-01     0.12248236E-01     0.97736539E-02     104     0.31069152E-01
-0.10500001E+02    -0.53522116E+00     0.14897451E-01     0.12000000E+02    -0.12810937E+00     0.50000001E-01     0.12387661E-01     0.95362347E-02     104     0.31069152E-01
-0.10400002E+02    -0.52172500E+00     0.14668384E-01     0.12000000E+02    -0.12935467E+00     0.50000001E-01     0.12507653E-01     0.92970207E-02     104     0.31069152E-01
-0.10300000E+02    -0.50827199E+00     0.14475684E-01     0.12000000E+02    -0.13046840E+00     0.50000001E-01     0.12620050E-01     0.90954974E-02     104     0.31069152E-01
-0.10200001E+02    -0.49461234E+00     0.14281821E-01     0.12000000E+02    -0.13162036E+00     0.50000001E-01     0.12754472E-01     0.88920034E-02     105     0.26392410E-01
-0.10100000E+02    -0.48073003E+00     0.14078554E-01     0.12000000E+02    -0.13284184E+00     0.50000001E-01     0.12884803E-01     0.86792111E-02     105     0.26392410E-01
-0.10000001E+02    -0.46648747E+00     0.13864298E-01     0.12000000E+02    -0.13416654E+00     0.50000001E-01     0.13024920E-01     0.84544905E-02     105     0.26392410E-01
-0.99000006E+01    -0.45231262E+00     0.13675716E-01     0.12000000E+02    -0.13539578E+00     0.50000001E-01     0.13166955E-01     0.82560908E-02     105     0.26392410E-01
-0.98000011E+01    -0.43820381E+00     0.13501431E-01     0.12000000E+02    -0.13656022E+00     0.50000001E-01     0.13312896E-01     0.80724210E-02     105     0.26392410E-01
-0.97000008E+01    -0.42389318E+00     0.13322011E-01     0.12000000E+02    -0.13777816E+00     0.50000001E-01     0.13455609E-01     0.78829024E-02     105     0.26392410E-01
-0.96000013E+01    -0.40923473E+00     0.13131970E-01     0.12000000E+02    -0.13909626E+00     0.50000001E-01     0.13615345E-01     0.76819253E-02     105     0.26392410E-01
-0.95000010E+01    -0.39429292E+00     0.12933155E-01     0.12000000E+02    -0.14049652E+00     0.50000001E-01     0.14181676E-01     0.74732760E-02     105     0.26392410E-01
-0.94000006E+01    -0.37981266E+00     0.12772826E-01     0.12000000E+02    -0.14167972E+00     0.50000001E-01     0.14376063E-01     0.73023159E-02     106     0.22223158E-01
-0.93000011E+01    -0.36505046E+00     0.12603893E-01     0.12000000E+02    -0.14294516E+00     0.50000001E-01     0.14550089E-01     0.71228337E-02     106     0.22223158E-01
-0.91999998E+01    -0.34995899E+00     0.12423961E-01     0.12000000E+02    -0.14430752E+00     0.50000001E-01     0.14740803E-01     0.69319587E-02     106     0.22223158E-01
-0.91000013E+01    -0.33512267E+00     0.12263746E-01     0.12000000E+02    -0.14555383E+00     0.50000001E-01     0.14929059E-01     0.67619374E-02     106     0.22223158E-01
-0.90000000E+01    -0.32013485E+00     0.12103321E-01     0.12000000E+02    -0.14683187E+00     0.50000001E-01     0.15124296E-01     0.65914071E-02     106     0.22223158E-01
-0.89000015E+01    -0.30490699E+00     0.11935637E-01     0.12000000E+02    -0.14817794E+00     0.50000001E-01     0.15304683E-01     0.64125783E-02     106     0.22223158E-01
-0.88000002E+01    -0.28982642E+00     0.11779820E-01     0.12000000E+02    -0.14945400E+00     0.50000001E-01     0.15523124E-01     0.62462464E-02     106     0.22223158E-01
-0.87000017E+01    -0.27484822E+00     0.11635777E-01     0.12000000E+02    -0.15067631E+00     0.50000001E-01     0.15708212E-01     0.60905702E-02     107     0.18548056E-01
-0.86000004E+01    -0.25967401E+00     0.11484947E-01     0.12000000E+02    -0.15195379E+00     0.50000001E-01     0.15900739E-01     0.59280619E-02     107     0.18548056E-01
-0.85000019E+01    -0.24465400E+00     0.11346289E-01     0.12000000E+02    -0.15316471E+00     0.50000001E-01     0.16123848E-01     0.57780999E-02     107     0.18548056E-01
-0.84000006E+01    -0.22961563E+00     0.11209907E-01     0.12000000E+02    -0.15436865E+00     0.50000001E-01     0.16373923E-01     0.56303791E-02     107     0.18548056E-01
-0.83000011E+01    -0.21450339E+00     0.11073521E-01     0.12000000E+02    -0.15558861E+00     0.50000001E-01     0.16593195E-01     0.54817796E-02     107     0.18548056E-01
-0.82000008E+01    -0.19961992E+00     0.10950344E-01     0.12000000E+02    -0.15672132E+00     0.50000001E-01     0.16804205E-01     0.53455671E-02     107     0.18548056E-01
-0.81000013E+01    -0.18379621E+00     0.10784964E-01     0.12000000E+02    -0.15815668E+00     0.50000001E-01     0.17561836E-01     0.51702992E-02     107     0.18548056E-01
-0.80000010E+01    -0.16870816E+00     0.10656331E-01     0.12000000E+02    -0.15934032E+00     0.50000001E-01     0.17814275E-01     0.50295009E-02     108     0.15338226E-01
-0.79000001E+01    -0.15358040E+00     0.10528651E-01     0.12000000E+02    -0.16052762E+00     0.50000001E-01     0.18035248E-01     0.48893155E-02     108     0.15338226E-01
-0.78000011E+01    -0.13859260E+00     0.10408594E-01     0.12000000E+02    -0.16166459E+00     0.50000001E-01     0.18281423E-01     0.47569429E-02     108     0.15338226E-01
-0.77000003E+01    -0.12363433E+00     0.10291843E-01     0.12000000E+02    -0.16278401E+00     0.50000001E-01     0.18522756E-01     0.46270750E-02     108     0.15338226E-01
-0.76000009E+01    -0.10876729E+00     0.10180324E-01     0.12000000E+02    -0.16387039E+00     0.50000001E-01     0.18777758E-01     0.45022783E-02     108     0.15338226E-01
-0.75000005E+01    -0.93951419E-01     0.10072365E-01     0.12000000E+02    -0.16493489E+00     0.50000001E-01     0.19067019E-01     0.43808236E-02     108     0.15338226E-01
-0.74000010E+01    -0.79199851E-01     0.99686012E-02     0.12000000E+02    -0.16597377E+00     0.50000001E-01     0.19332442E-01     0.42631929E-02     108     0.15338226E-01
-0.73000002E+01    -0.64475983E-01     0.98670507E-02     0.12000000E+02    -0.16700073E+00     0.50000001E-01     0.19665765E-01     0.41457815E-02     109     0.12555218E-01
-0.72000012E+01    -0.50001182E-01     0.97769294E-02     0.12000000E+02    -0.16794384E+00     0.50000001E-01     0.19908339E-01     0.40423735E-02     109     0.12555218E-01
-0.71000004E+01    -0.35454299E-01     0.96793668E-02     0.12000000E+02    -0.16890678E+00     0.50000001E-01     0.20859944E-01     0.39376835E-02     109     0.12555218E-01
-0.70000014E+01    -0.22372544E-01     0.96491743E-02     0.12000000E+02    -0.16940662E+00     0.50000001E-01     0.20532725E-01     0.38959314E-02     109     0.12555218E-01
-0.69000006E+01    -0.85451026E-02     0.95794797E-02     0.12000000E+02    -0.17014045E+00     0.50000001E-01     0.21458259E-01     0.38229907E-02     109     0.12555218E-01
-0.68000016E+01     0.47471398E-02     0.95370803E-02     0.12000000E+02    -0.17070515E+00     0.50000001E-01     0.21767413E-01     0.37732855E-02     109     0.12555218E-01
-0.67000008E+01     0.17972320E-01     0.94978316E-02     0.12000000E+02    -0.17124854E+00     0.50000001E-01     0.22095811E-01     0.37268638E-02     109     0.12555218E-01
-0.66000018E+01     0.31115696E-01     0.94626406E-02     0.12000000E+02    -0.17176604E+00     0.50000001E-01     0.22376424E-01     0.36837193E-02     110     0.10156807E-01
-0.65000010E+01     0.44231337E-01     0.94285533E-02     0.12000000E+02    -0.17227541E+00     0.50000001E-01     0.22739451E-01     0.36427677E-02     110     0.10156807E-01
-0.64000001E+01     0.57291094E-01     0.93973875E-02     0.12000000E+02    -0.17276528E+00     0.50000001E-01     0.23085557E-01     0.36034542E-02     110     0.10156807E-01
-0.63000011E+01     0.70341013E-01     0.93664676E-02     0.12000000E+02    -0.17325327E+00     0.50000001E-01     0.23483314E-01     0.35661780E-02     110     0.10156807E-01
-0.62000003E+01     0.83370678E-01     0.93364697E-02     0.12000000E+02    -0.17373395E+00     0.50000001E-01     0.23825988E-01     0.35300553E-02     110     0.10156807E-01
-0.61000009E+01     0.96697010E-01     0.92896400E-02     0.12000000E+02    -0.17430648E+00     0.50000001E-01     0.24911601E-01     0.34817783E-02     110     0.10156807E-01
-0.60000000E+01     0.10964800E+00     0.92633618E-02     0.12000000E+02    -0.17476322E+00     0.50000001E-01     0.25310779E-01     0.34490330E-02     111     0.81014242E-02
-0.59000010E+01     0.12253810E+00     0.92403805E-02     0.12000000E+02    -0.17520157E+00     0.50000001E-01     0.25664194E-01     0.34197266E-02     111     0.81014242E-02
-0.58000002E+01     0.13539077E+00     0.92192106E-02     0.12000000E+02    -0.17562877E+00     0.50000001E-01     0.26036788E-01     0.33923085E-02     111     0.81014242E-02
-0.57000012E+01     0.14823213E+00     0.91986917E-02     0.12000000E+02    -0.17605211E+00     0.50000001E-01     0.26512351E-01     0.33646864E-02     111     0.81014242E-02
-0.56000004E+01     0.16102315E+00     0.91808913E-02     0.12000000E+02    -0.17646001E+00     0.50000001E-01     0.26911449E-01     0.33407486E-02     111     0.81014242E-02
-0.55000014E+01     0.17381021E+00     0.91631319E-02     0.12000000E+02    -0.17686749E+00     0.50000001E-01     0.27312759E-01     0.33173035E-02     111     0.81014242E-02
-0.54000006E+01     0.18660693E+00     0.91445586E-02     0.12000000E+02    -0.17727923E+00     0.50000001E-01     0.27768347E-01     0.32937266E-02     111     0.81014242E-02
-0.53000016E+01     0.19961789E+00     0.91134906E-02     0.12000000E+02    -0.17775477E+00     0.50000001E-01     0.28984278E-01     0.32614972E-02     112     0.63508647E-02
-0.52000008E+01     0.21234411E+00     0.90988139E-02     0.12000000E+02    -0.17814516E+00     0.50000001E-01     0.29433807E-01     0.32414482E-02     112     0.63508647E-02
-0.51000013E+01     0.22502920E+00     0.90863006E-02     0.12000000E+02    -0.17852326E+00     0.50000001E-01     0.29865416E-01     0.32233703E-02     112     0.63508647E-02
-0.50000010E+01     0.23769622E+00     0.90746088E-02     0.12000000E+02    -0.17889716E+00     0.50000001E-01     0.30383697E-01     0.32063411E-02     112     0.63508647E-02
-0.49000015E+01     0.25031927E+00     0.90654930E-02     0.12000000E+02    -0.17925793E+00     0.50000001E-01     0.30801373E-01     0.31904103E-02     112     0.63508647E-02
-0.48000007E+01     0.26294520E+00     0.90563027E-02     0.12000000E+02    -0.17961928E+00     0.50000001E-01     0.31356480E-01     0.31759827E-02     112     0.63508647E-02
-0.47000003E+01     0.27557883E+00     0.90462547E-02     0.12000000E+02    -0.17998435E+00     0.50000001E-01     0.31900454E-01     0.31610634E-02     113     0.48715551E-02
-0.46000009E+01     0.28841472E+00     0.90243584E-02     0.12000000E+02    -0.18040979E+00     0.50000001E-01     0.33367991E-01     0.31394893E-02     113     0.48715551E-02
-0.45000000E+01     0.30099577E+00     0.90172486E-02     0.12000000E+02    -0.18076041E+00     0.50000001E-01     0.33908337E-01     0.31275880E-02     113     0.48715551E-02
-0.44000010E+01     0.31354883E+00     0.90116430E-02     0.12000000E+02    -0.18110359E+00     0.50000001E-01     0.34482129E-01     0.31170854E-02     113     0.48715551E-02
-0.43000002E+01     0.32607093E+00     0.90077193E-02     0.12000000E+02    -0.18143836E+00     0.50000001E-01     0.35034228E-01     0.31081322E-02     113     0.48715551E-02
-0.42000012E+01     0.33857089E+00     0.90050921E-02     0.12000000E+02    -0.18176644E+00     0.50000001E-01     0.35639036E-01     0.30994373E-02     113     0.48715551E-02
-0.41000004E+01     0.35105911E+00     0.90030199E-02     0.12000000E+02    -0.18209243E+00     0.50000001E-01     0.36237162E-01     0.30921875E-02     114     0.36345050E-02
-0.40000014E+01     0.36355054E+00     0.90006767E-02     0.12000000E+02    -0.18241951E+00     0.50000001E-01     0.36820780E-01     0.30855900E-02     114     0.36345050E-02
-0.39000006E+01     0.37605786E+00     0.89972857E-02     0.12000000E+02    -0.18275265E+00     0.50000001E-01     0.37479583E-01     0.30787354E-02     114     0.36345050E-02
-0.38000014E+01     0.38852710E+00     0.89959791E-02     0.12000000E+02    -0.18307516E+00     0.50000001E-01     0.38018566E-01     0.30734111E-02     114     0.36345050E-02
-0.37000005E+01     0.40111586E+00     0.89871595E-02     0.12000000E+02    -0.18343465E+00     0.50000001E-01     0.39842445E-01     0.30645286E-02     114     0.36345050E-02
-0.36000016E+01     0.41351858E+00     0.89895986E-02     0.12000000E+02    -0.18373936E+00     0.50000001E-01     0.40479071E-01     0.30620680E-02     115     0.26149573E-02
-0.35000007E+01     0.42590097E+00     0.89930985E-02     0.12000000E+02    -0.18403943E+00     0.50000001E-01     0.41236285E-01     0.30600354E-02     115     0.26149573E-02
-0.34000015E+01     0.43828487E+00     0.89963768E-02     0.12000000E+02    -0.18434060E+00     0.50000001E-01     0.41982282E-01     0.30593267E-02     115     0.26149573E-02
-0.33000009E+01     0.45067358E+00     0.89992126E-02     0.12000000E+02    -0.18464403E+00     0.50000001E-01     0.42689480E-01     0.30587371E-02     115     0.26149573E-02
-0.32000017E+01     0.46305475E+00     0.90022730E-02     0.12000000E+02    -0.18494673E+00     0.50000001E-01     0.43409858E-01     0.30586142E-02     115     0.26149573E-02
-0.31000009E+01     0.47554997E+00     0.89982869E-02     0.12000000E+02    -0.18528381E+00     0.50000001E-01     0.45557301E-01     0.30555162E-02     115     0.26149573E-02
-0.30000000E+01     0.48785576E+00     0.90054963E-02     0.12000000E+02    -0.18556707E+00     0.50000001E-01     0.46301641E-01     0.30582594E-02     116     0.17916226E-02
-0.29000010E+01     0.50014055E+00     0.90140551E-02     0.12000000E+02    -0.18584400E+00     0.50000001E-01     0.47126386E-01     0.30615665E-02     116     0.17916226E-02
-0.28000002E+01     0.51241916E+00     0.90226782E-02     0.12000000E+02    -0.18612115E+00     0.50000001E-01     0.47953557E-01     0.30662767E-02     116     0.17916226E-02
-0.27000012E+01     0.52470541E+00     0.90307463E-02     0.12000000E+02    -0.18640101E+00     0.50000001E-01     0.48756711E-01     0.30711368E-02     116     0.17916226E-02
-0.26000004E+01     0.53703773E+00     0.90356516E-02     0.12000000E+02    -0.18669637E+00     0.50000001E-01     0.50000001E-01     0.30749575E-02     116     0.17916226E-02
-0.25000012E+01     0.54921120E+00     0.90500768E-02     0.12000000E+02    -0.18694654E+00     0.50000001E-01     0.50000001E-01     0.30831578E-02     117     0.11454731E-02
-0.24000003E+01     0.56137365E+00     0.90649957E-02     0.12000000E+02    -0.18719485E+00     0.50000001E-01     0.50000001E-01     0.30921837E-02     117     0.11454731E-02
-0.23000014E+01     0.57352394E+00     0.90805031E-02     0.12000000E+02    -0.18744086E+00     0.50000001E-01     0.50000001E-01     0.31018979E-02     117     0.11454731E-02
-0.22000005E+01     0.58566046E+00     0.90965694E-02     0.12000000E+02    -0.18768473E+00     0.50000001E-01     0.50000001E-01     0.31122356E-02     117     0.11454731E-02
-0.21000013E+01     0.59778339E+00     0.91131488E-02     0.12000000E+02    -0.18792610E+00     0.50000001E-01     0.50000001E-01     0.31232033E-02     117     0.11454731E-02
-0.20000007E+01     0.60989690E+00     0.91303345E-02     0.12000000E+02    -0.18816477E+00     0.50000001E-01     0.50000001E-01     0.31348369E-02     117     0.11454731E-02
-0.19000015E+01     0.62199336E+00     0.91480454E-02     0.12000000E+02    -0.18840146E+00     0.50000001E-01     0.50000001E-01     0.31469474E-02     118     0.65983500E-03
-0.18000008E+01     0.63407856E+00     0.91663655E-02     0.12000000E+02    -0.18863575E+00     0.50000001E-01     0.50000001E-01     0.31598704E-02     118     0.65983500E-03
-0.17000016E+01     0.64615047E+00     0.91851922E-02     0.12000000E+02    -0.18886815E+00     0.50000001E-01     0.50000001E-01     0.31734235E-02     118     0.65983500E-03
-0.16000009E+01     0.65820926E+00     0.92045711E-02     0.12000000E+02    -0.18909784E+00     0.50000001E-01     0.50000001E-01     0.31875945E-02     118     0.65983500E-03
-0.15000000E+01     0.67025304E+00     0.92245238E-02     0.12000000E+02    -0.18932474E+00     0.50000001E-01     0.50000001E-01     0.32024193E-02     118     0.65983500E-03
-0.14000009E+01     0.68228501E+00     0.92449766E-02     0.12000000E+02    -0.18955012E+00     0.50000001E-01     0.50000001E-01     0.32177386E-02     119     0.32014173E-03
-0.13000002E+01     0.69430280E+00     0.92660673E-02     0.12000000E+02    -0.18977271E+00     0.50000001E-01     0.50000001E-01     0.32338426E-02     119     0.32014173E-03
-0.12000011E+01     0.70630753E+00     0.92876274E-02     0.12000000E+02    -0.18999289E+00     0.50000001E-01     0.50000001E-01     0.32505495E-02     119     0.32014173E-03
-0.11000003E+01     0.71829790E+00     0.93097864E-02     0.12000000E+02    -0.19021063E+00     0.50000001E-01     0.50000001E-01     0.32679024E-02     119     0.32014173E-03
-0.10000012E+01     0.73027432E+00     0.93324929E-02     0.12000000E+02    -0.19042623E+00     0.50000001E-01     0.50000001E-01     0.32858890E-02     119     0.32014173E-03
-0.90000039E+00     0.74223584E+00     0.93556670E-02     0.12000000E+02    -0.19063920E+00     0.50000001E-01     0.50000001E-01     0.33043809E-02     120     0.10680849E-03
-0.80000126E+00     0.75418311E+00     0.93794800E-02     0.12000000E+02    -0.19084992E+00     0.50000001E-01     0.50000001E-01     0.33236491E-02     120     0.10680849E-03
-0.70000046E+00     0.76611704E+00     0.94038201E-02     0.12000000E+02    -0.19105820E+00     0.50000001E-01     0.50000001E-01     0.33435109E-02     120     0.10680849E-03
-0.60000139E+00     0.77803612E+00     0.94286762E-02     0.12000000E+02    -0.19126399E+00     0.50000001E-01     0.50000001E-01     0.33639893E-02     120     0.10680849E-03
-0.50000060E+00     0.78994006E+00     0.94541078E-02     0.12000000E+02    -0.19146739E+00     0.50000001E-01     0.50000001E-01     0.33851098E-02     120     0.10680849E-03
-0.40000150E+00     0.80182976E+00     0.94800312E-02     0.12000000E+02    -0.19166830E+00     0.50000001E-01     0.50000001E-01     0.34068027E-02     121     0.68437912E-05
-0.30000070E+00     0.81370378E+00     0.95065748E-02     0.12000000E+02    -0.19186667E+00     0.50000001E-01     0.50000001E-01     0.34291903E-02     121     0.68437912E-05
-0.20000160E+00     0.82556242E+00     0.95336316E-02     0.12000000E+02    -0.19206238E+00     0.50000001E-01     0.50000001E-01     0.34521823E-02     121     0.68437912E-05
-0.10000080E+00     0.83740616E+00     0.95612751E-02     0.12000000E+02    -0.19225588E+00     0.50000001E-01     0.50000001E-01     0.34758407E-02     121     0.68437912E-05
 0.00000000E+00     0.84923506E+00     0.95894430E-02     0.12000000E+02    -0.19244660E+00     0.50000001E-01     0.50000001E-01     0.35000984E-02     121     0.68437912E-05
 0.99999093E-01     0.86104786E+00     0.96181035E-02     0.12000000E+02    -0.19263473E+00     0.50000001E-01     0.50000001E-01     0.35250005E-02     122     0.29858100E-04
 0.19999990E+00     0.87284476E+00     0.96474495E-02     0.12000000E+02    -0.19282041E+00     0.50000001E-01     0.50000001E-01     0.35505714E-02     122     0.29858100E-04
 0.29999900E+00     0.88462496E+00     0.96772388E-02     0.12000000E+02    -0.19300348E+00     0.50000001E-01     0.50000001E-01     0.35766931E-02     122     0.29858100E-04
 0.39999980E+00     0.89638877E+00     0.97076278E-02     0.12000000E+02    -0.19318362E+00     0.50000001E-01     0.50000001E-01     0.36034896E-02     122     0.29858100E-04
 0.49999887E+00     0.90813744E+00     0.97385813E-02     0.12000000E+02    -0.19336124E+00     0.50000001E-01     0.50000001E-01     0.36309371E-02     122     0.29858100E-04
 0.59999967E+00     0.91986722E+00     0.97700991E-02     0.12000000E+02    -0.19353615E+00     0.50000001E-01     0.50000001E-01     0.36591445E-02     123     0.20689871E-03
 0.69999880E+00     0.93158180E+00     0.98021254E-02     0.12000000E+02    -0.19370826E+00     0.50000001E-01     0.50000001E-01     0.36878241E-02     123     0.20689871E-03
 0.79999959E+00     0.94327891E+00     0.98347729E-02     0.12000000E+02    -0.19387777E+00     0.50000001E-01     0.50000001E-01     0.37171822E-02     123     0.20689871E-03
 0.89999866E+00     0.95495737E+00     0.98679727E-02     0.12000000E+02    -0.19404425E+00     0.50000001E-01     0.50000001E-01     0.37471815E-02     123     0.20689871E-03
 0.99999946E+00     0.96661997E+00     0.99017173E-02     0.12000000E+02    -0.19420800E+00     0.50000001E-01     0.50000001E-01     0.37778132E-02     123     0.20689871E-03
 0.10999986E+01     0.97826374E+00     0.99360682E-02     0.12000000E+02    -0.19436872E+00     0.50000001E-01     0.50000001E-01     0.38093505E-02     124     0.56264474E-03
 0.11999993E+01     0.98988950E+00     0.99709565E-02     0.12000000E+02    -0.19452666E+00     0.50000001E-01     0.50000001E-01     0.38412781E-02     124     0.56264474E-03
 0.12999984E+01     0.10014963E+01     0.10006445E-01     0.12000000E+02    -0.19468150E+00     0.50000001E-01     0.50000001E-01     0.38738833E-02     124     0.56264474E-03
 0.13999993E+01     0.10130854E+01     0.10042486E-01     0.12000000E+02    -0.19483349E+00     0.50000001E-01     0.50000001E-01     0.39071287E-02     124     0.56264474E-03
 0.14999983E+01     0.10246540E+01     0.10079125E-01     0.12000000E+02    -0.19498211E+00     0.50000001E-01     0.50000001E-01     0.39410484E-02     124     0.56264474E-03
 0.15999992E+01     0.10362054E+01     0.10116334E-01     0.12000000E+02    -0.19512802E+00     0.50000001E-01     0.50000001E-01     0.39756289E-02     124     0.56264474E-03
 0.16999999E+01     0.10477360E+01     0.10154082E-01     0.12000000E+02    -0.19527076E+00     0.50000001E-01     0.50000001E-01     0.40111276E-02     125     0.10895970E-02
 0.17999990E+01     0.10592462E+01     0.10192570E-01     0.12000000E+02    -0.19540986E+00     0.50000001E-01     0.50000001E-01     0.40471312E-02     125     0.10895970E-02
 0.18999999E+01     0.10707372E+01     0.10231552E-01     0.12000000E+02    -0.19554622E+00     0.50000001E-01     0.50000001E-01     0.40837177E-02     125     0.10895970E-02
 0.19999989E+01     0.10822082E+01     0.10271156E-01     0.12000000E+02    -0.19567895E+00     0.50000001E-01     0.50000001E-01     0.41210074E-02     125     0.10895970E-02
 0.20999997E+01     0.10936564E+01     0.10311353E-01     0.12000000E+02    -0.19580834E+00     0.50000001E-01     0.50000001E-01     0.41589686E-02     125     0.10895970E-02
 0.21999989E+01     0.11050844E+01     0.10352090E-01     0.12000000E+02    -0.19593458E+00     0.50000001E-01     0.50000001E-01     0.41979458E-02     126     0.17883774E-02
 0.22999997E+01     0.11164912E+01     0.10393589E-01     0.12000000E+02    -0.19605720E+00     0.50000001E-01     0.50000001E-01     0.42373776E-02     126     0.17883774E-02
 0.23999987E+01     0.11278749E+01     0.10435628E-01     0.12000000E+02    -0.19617614E+00     0.50000001E-01     0.50000001E-01     0.42774221E-02     126     0.17883774E-02
 0.24999995E+01     0.11392357E+01     0.10478303E-01     0.12000000E+02    -0.19629152E+00     0.50000001E-01     0.50000001E-01     0.43182066E-02     126     0.17883774E-02
 0.25999987E+01     0.11505747E+01     0.10521585E-01     0.12000000E+02    -0.19640324E+00     0.50000001E-01     0.50000001E-01     0.43596667E-02     126     0.17883774E-02
 0.26999993E+01     0.11618899E+01     0.10565525E-01     0.12000000E+02    -0.19651107E+00     0.50000001E-01     0.50000001E-01     0.44018668E-02     126     0.17883774E-02
 0.27999985E+01     0.11731815E+01     0.10609974E-01     0.12000000E+02    -0.19661526E+00     0.50000001E-01     0.50000001E-01     0.44451086E-02     127     0.26592987E-02
 0.28999994E+01     0.11844493E+01     0.10655337E-01     0.12000000E+02    -0.19671530E+00     0.50000001E-01     0.50000001E-01     0.44888812E-02     127     0.26592987E-02
 0.29999983E+01     0.11956924E+01     0.10701196E-01     0.12000000E+02    -0.19681159E+00     0.50000001E-01     0.50000001E-01     0.45332578E-02     127     0.26592987E-02
 0.30999992E+01     0.12069094E+01     0.10747715E-01     0.12000000E+02    -0.19690388E+00     0.50000001E-01     0.50000001E-01     0.45783855E-02     127     0.26592987E-02
 0.31999984E+01     0.12181013E+01     0.10794918E-01     0.12000000E+02    -0.19699198E+00     0.50000001E-01     0.50000001E-01     0.46242690E-02     127     0.26592987E-02
 0.32999990E+01     0.12292689E+01     0.10842620E-01     0.12000000E+02    -0.19707605E+00     0.50000001E-01     0.50000001E-01     0.46712523E-02     128     0.37040592E-02
 0.33999999E+01     0.12404066E+01     0.10891323E-01     0.12000000E+02    -0.19715530E+00     0.50000001E-01     0.50000001E-01     0.47188052E-02     128     0.37040592E-02
 0.34999990E+01     0.12515202E+01     0.10940565E-01     0.12000000E+02    -0.19723050E+00     0.50000001E-01     0.50000001E-01     0.47669956E-02     128     0.37040592E-02
 0.35999999E+01     0.12626029E+01     0.10990428E-01     0.12000000E+02    -0.19730072E+00     0.50000001E-01     0.50000001E-01     0.48159212E-02     128     0.37040592E-02
 0.36999989E+01     0.12736574E+01     0.11041089E-01     0.12000000E+02    -0.19736652E+00     0.50000001E-01     0.50000001E-01     0.48656934E-02     128     0.37040592E-02
 0.37999997E+01     0.12846839E+01     0.11092417E-01     0.12000000E+02    -0.19742766E+00     0.50000001E-01     0.50000001E-01     0.49162521E-02     128     0.37040592E-02
 0.38999987E+01     0.12956804E+01     0.11144306E-01     0.12000000E+02    -0.19748399E+00     0.50000001E-01     0.50000001E-01     0.49679717E-02     129     0.49269553E-02
 0.39999995E+01     0.13066434E+01     0.11197293E-01     0.12000000E+02    -0.19753504E+00     0.50000001E-01     0.50000001E-01     0.50203670E-02     129     0.49269553E-02
 0.40999985E+01     0.13175783E+01     0.11250824E-01     0.12000000E+02    -0.19758114E+00     0.50000001E-01     0.50000001E-01     0.50733909E-02     129     0.49269553E-02
 0.41999993E+01     0.13284801E+01     0.11305089E-01     0.12000000E+02    -0.19762219E+00     0.50000001E-01     0.50000001E-01     0.51272428E-02     129     0.49269553E-02
 0.42999988E+01     0.13393492E+01     0.11360095E-01     0.12000000E+02    -0.19765709E+00     0.50000001E-01     0.50000001E-01     0.51819407E-02     129     0.49269553E-02
 0.43999991E+01     0.13501827E+01     0.11415774E-01     0.12000000E+02    -0.19768700E+00     0.50000001E-01     0.50000001E-01     0.52379253E-02     130     0.63347779E-02
 0.44999986E+01     0.13609817E+01     0.11472313E-01     0.12000000E+02    -0.19771084E+00     0.50000001E-01     0.50000001E-01     0.52943765E-02     130     0.63347779E-02
 0.45999994E+01     0.13717474E+01     0.11530023E-01     0.12000000E+02    -0.19772881E+00     0.50000001E-01     0.50000001E-01     0.53520380E-02     130     0.63347779E-02
 0.47000003E+01     0.13824720E+01     0.11588247E-01     0.12000000E+02    -0.19774081E+00     0.50000001E-01     0.50000001E-01     0.54102973E-02     130     0.63347779E-02
 0.47999973E+01     0.13931612E+01     0.11647325E-01     0.12000000E+02    -0.19774656E+00     0.50000001E-01     0.50000001E-01     0.54695141E-02     130     0.63347779E-02
 0.48999982E+01     0.14038104E+01     0.11707216E-01     0.12000000E+02    -0.19774558E+00     0.50000001E-01     0.50000001E-01     0.55296533E-02     130     0.63347779E-02
 0.49999990E+01     0.14144192E+01     0.11767859E-01     0.12000000E+02    -0.19773769E+00     0.50000001E-01     0.50000001E-01     0.55911993E-02     131     0.79378914E-02
 0.50999999E+01     0.14249861E+01     0.11829620E-01     0.12000000E+02    -0.19772343E+00     0.50000001E-01     0.50000001E-01     0.56534773E-02     131     0.79378914E-02
 0.52000008E+01     0.14355067E+01     0.11892255E-01     0.12000000E+02    -0.19770104E+00     0.50000001E-01     0.50000001E-01     0.57166228E-02     131     0.79378914E-02
 0.52999978E+01     0.14459918E+01     0.11955711E-01     0.12000000E+02    -0.19767246E+00     0.50000001E-01     0.50000001E-01     0.57807416E-02     131     0.79378914E-02
 0.53999987E+01     0.14564252E+01     0.12020080E-01     0.12000000E+02    -0.19763519E+00     0.50000001E-01     0.50000001E-01     0.58458662E-02     131     0.79378914E-02
 0.54999995E+01     0.14668112E+01     0.12085425E-01     0.12000000E+02    -0.19759066E+00     0.50000001E-01     0.50000001E-01     0.59120702E-02     131     0.79378914E-02
 0.56000004E+01     0.14771445E+01     0.12151616E-01     0.12000000E+02    -0.19753717E+00     0.50000001E-01     0.50000001E-01     0.59798625E-02     132     0.97505655E-02
 0.56999979E+01     0.14874328E+01     0.12218993E-01     0.12000000E+02    -0.19747539E+00     0.50000001E-01     0.50000001E-01     0.60482919E-02     132     0.97505655E-02
 0.57999988E+01     0.14976633E+01     0.12287518E-01     0.12000000E+02    -0.19740388E+00     0.50000001E-01     0.50000001E-01     0.61180540E-02     132     0.97505655E-02
 0.58999996E+01     0.15078422E+01     0.12356893E-01     0.12000000E+02    -0.19732368E+00     0.50000001E-01     0.50000001E-01     0.61887512E-02     132     0.97505655E-02
 0.60000000E+01     0.15179578E+01     0.12427396E-01     0.12000000E+02    -0.19723327E+00     0.50000001E-01     0.50000001E-01     0.62606730E-02     132     0.97505655E-02
 0.60999975E+01     0.15280147E+01     0.12499072E-01     0.12000000E+02    -0.19713269E+00     0.50000001E-01     0.50000001E-01     0.63338666E-02     132     0.97505655E-02
 0.61999984E+01     0.15380089E+01     0.12571882E-01     0.12000000E+02    -0.19702119E+00     0.50000001E-01     0.50000001E-01     0.64083338E-02     132     0.97505655E-02
 0.62999992E+01     0.15479380E+01     0.12646031E-01     0.12000000E+02    -0.19689788E+00     0.50000001E-01     0.50000001E-01     0.64848834E-02     133     0.11791578E-01
 0.64000001E+01     0.15577973E+01     0.12721133E-01     0.12000000E+02    -0.19676383E+00     0.50000001E-01     0.50000001E-01     0.65619708E-02     133     0.11791578E-01
 0.65000010E+01     0.15675811E+01     0.12797747E-01     0.12000000E+02    -0.19661613E+00     0.50000001E-01     0.50000001E-01     0.66405600E-02     133     0.11791578E-01
 0.65999980E+01     0.15764835E+01     0.12914305E-01     0.12000000E+02    -0.19631144E+00     0.47638051E-01     0.50000001E-01     0.67483410E-02     133     0.11791578E-01
 0.66999989E+01     0.15856020E+01     0.13016820E-01     0.12000000E+02    -0.19604650E+00     0.46371512E-01     0.50000001E-01     0.68476810E-02     133     0.11791578E-01
 0.67999997E+01     0.15946028E+01     0.13121373E-01     0.12000000E+02    -0.19576150E+00     0.45355853E-01     0.50000001E-01     0.69496925E-02     133     0.11791578E-01
 0.69000006E+01     0.16033589E+01     0.13233447E-01     0.12000000E+02    -0.19543168E+00     0.44298440E-01     0.50000001E-01     0.70589446E-02     134     0.14084773E-01
 0.69999981E+01     0.16119274E+01     0.13349442E-01     0.12000000E+02    -0.19507037E+00     0.43112323E-01     0.50000001E-01     0.71710576E-02     134     0.14084773E-01
 0.70999990E+01     0.16205814E+01     0.13457708E-01     0.12000000E+02    -0.19472334E+00     0.41900955E-01     0.50000001E-01     0.72767031E-02     134     0.14084773E-01
 0.71999998E+01     0.16291288E+01     0.13566171E-01     0.12000000E+02    -0.19435769E+00     0.41031793E-01     0.50000001E-01     0.73841657E-02     134     0.14084773E-01
 0.73000002E+01     0.16374204E+01     0.13679286E-01     0.12000000E+02    -0.19394583E+00     0.40190764E-01     0.50000001E-01     0.74965074E-02     134     0.14084773E-01
 0.73999977E+01     0.16426473E+01     0.13875312E-01     0.12000000E+02    -0.19296230E+00     0.36322724E-01     0.50000001E-01     0.76768142E-02     134     0.14084773E-01
 0.74999986E+01     0.16429683E+01     0.13979021E-01     0.12000000E+02    -0.19090655E+00     0.35808560E-01     0.50000001E-01     0.77868863E-02     134     0.14084773E-01
 0.75999994E+01     0.16470269E+01     0.14102783E-01     0.12000000E+02    -0.18964399E+00     0.35356112E-01     0.50000001E-01     0.79151392E-02     134     0.14084773E-01
 0.77000003E+01     0.16533501E+01     0.14250249E-01     0.12000000E+02    -0.18887392E+00     0.34495246E-01     0.50000001E-01     0.80638062E-02     135     0.16660098E-01
 0.77999973E+01     0.16599766E+01     0.14400010E-01     0.12000000E+02    -0.18817648E+00     0.33908188E-01     0.50000001E-01     0.82149655E-02     135     0.16660098E-01
 0.78999982E+01     0.16663196E+01     0.14565263E-01     0.12000000E+02    -0.18744102E+00     0.33143360E-01     0.50000001E-01     0.83803851E-02     135     0.16660098E-01
 0.79999990E+01     0.16725039E+01     0.14734564E-01     0.12000000E+02    -0.18668717E+00     0.32482505E-01     0.50000001E-01     0.85508786E-02     135     0.16660098E-01
 0.81000004E+01     0.16787846E+01     0.14903492E-01     0.12000000E+02    -0.18596219E+00     0.31820498E-01     0.50000001E-01     0.87218601E-02     135     0.16660098E-01
 0.82000008E+01     0.16849602E+01     0.15073989E-01     0.12000000E+02    -0.18522781E+00     0.31296775E-01     0.50000001E-01     0.88962661E-02     135     0.16660098E-01
 0.82999983E+01     0.16908631E+01     0.15257795E-01     0.12000000E+02    -0.18445975E+00     0.30568484E-01     0.50000001E-01     0.90829069E-02     135     0.16660098E-01
 0.83999987E+01     0.16943160E+01     0.15533438E-01     0.12000000E+02    -0.18330140E+00     0.28420081E-01     0.50000001E-01     0.93546212E-02     135     0.16660098E-01
 0.85000000E+01     0.16996475E+01     0.15745837E-01     0.12000000E+02    -0.18247063E+00     0.27973460E-01     0.50000001E-01     0.95709870E-02     135     0.16660098E-01
 0.86000004E+01     0.17045133E+01     0.15974494E-01     0.12000000E+02    -0.18158187E+00     0.27478766E-01     0.50000001E-01     0.98053962E-02     136     0.19554034E-01
 0.86999979E+01     0.17095089E+01     0.16206626E-01     0.12000000E+02    -0.18073224E+00     0.26966017E-01     0.50000001E-01     0.10043026E-01     136     0.19554034E-01
 0.87999983E+01     0.17141759E+01     0.16454341E-01     0.12000000E+02    -0.17985168E+00     0.26454240E-01     0.50000001E-01     0.10297671E-01     136     0.19554034E-01
 0.88999996E+01     0.17186197E+01     0.16719637E-01     0.12000000E+02    -0.17895830E+00     0.25965666E-01     0.50000001E-01     0.10569856E-01     136     0.19554034E-01
 0.90000000E+01     0.17228892E+01     0.16999384E-01     0.12000000E+02    -0.17806506E+00     0.25609614E-01     0.50000001E-01     0.10857632E-01     136     0.19554034E-01
 0.90999975E+01     0.17266777E+01     0.17306464E-01     0.12000000E+02    -0.17712684E+00     0.25296815E-01     0.50000001E-01     0.11173854E-01     136     0.19554034E-01
 0.91999989E+01     0.17273495E+01     0.17767197E-01     0.12000000E+02    -0.17579037E+00     0.23654254E-01     0.50000001E-01     0.11638069E-01     136     0.19554034E-01
 0.92999992E+01     0.17330728E+01     0.18009687E-01     0.12000000E+02    -0.17518575E+00     0.24517367E-01     0.50000001E-01     0.11896331E-01     136     0.19554034E-01
 0.94000006E+01     0.17327929E+01     0.18555626E-01     0.12000000E+02    -0.17382573E+00     0.22930549E-01     0.50000001E-01     0.12448240E-01     136     0.19554034E-01
 0.94999971E+01     0.17351072E+01     0.18992478E-01     0.12000000E+02    -0.17285733E+00     0.22629276E-01     0.50000001E-01     0.12898197E-01     136     0.19554034E-01
 0.95999985E+01     0.17370183E+01     0.19472035E-01     0.12000000E+02    -0.17189147E+00     0.22281205E-01     0.50000001E-01     0.13392877E-01     137     0.22810133E-01
 0.96999989E+01     0.17383815E+01     0.20006623E-01     0.12000000E+02    -0.17091975E+00     0.22002123E-01     0.50000001E-01     0.13943383E-01     137     0.22810133E-01
 0.98000002E+01     0.17392508E+01     0.20597894E-01     0.12000000E+02    -0.16995889E+00     0.21753134E-01     0.50000001E-01     0.14551823E-01     137     0.22810133E-01
 0.99000006E+01     0.17396677E+01     0.21244969E-01     0.12000000E+02    -0.16901714E+00     0.21528056E-01     0.50000001E-01     0.15217620E-01     137     0.22810133E-01
 0.99999981E+01     0.17395589E+01     0.21960154E-01     0.12000000E+02    -0.16809936E+00     0.21361636E-01     0.50000001E-01     0.15953349E-01     137     0.22810133E-01
 0.10099998E+02     0.17384754E+01     0.22780560E-01     0.12000000E+02    -0.16717829E+00     0.21164507E-01     0.50000001E-01     0.16796608E-01     137     0.22810133E-01
 0.10200000E+02     0.17368746E+01     0.23674913E-01     0.12000000E+02    -0.16629072E+00     0.20940732E-01     0.50000001E-01     0.17714823E-01     137     0.22810133E-01
 0.10300000E+02     0.17344636E+01     0.24677042E-01     0.12000000E+02    -0.16542879E+00     0.20759301E-01     0.50000001E-01     0.18743347E-01     137     0.22810133E-01
 0.10399998E+02     0.17313219E+01     0.25772538E-01     0.12000000E+02    -0.16459118E+00     0.20613145E-01     0.50000001E-01     0.19866940E-01     137     0.22810133E-01
 0.10499999E+02     0.17275865E+01     0.26956391E-01     0.12000000E+02    -0.16379182E+00     0.20483680E-01     0.50000001E-01     0.21080250E-01     137     0.22810133E-01
 0.10599999E+02     0.17225990E+01     0.28280616E-01     0.12000000E+02    -0.16298702E+00     0.20358125E-01     0.50000001E-01     0.22437017E-01     137     0.22810133E-01
 0.10700000E+02     0.17172997E+01     0.29657798E-01     0.12000000E+02    -0.16221048E+00     0.20185092E-01     0.50000001E-01     0.23846161E-01     137     0.22810133E-01
 0.10799997E+02     0.17106739E+01     0.31180950E-01     0.12000000E+02    -0.16142605E+00     0.20169716E-01     0.50000001E-01     0.25405731E-01     137     0.22810133E-01
 0.10899999E+02     0.17031587E+01     0.32790333E-01     0.12000000E+02    -0.16061932E+00     0.20022888E-01     0.50000001E-01     0.27051091E-01     137     0.22810133E-01
 0.10999999E+02     0.16956728E+01     0.34403071E-01     0.12000000E+02    -0.15982839E+00     0.19956520E-01     0.50000001E-01     0.28699681E-01     137     0.22810133E-01
 0.11100000E+02     0.16853402E+01     0.36279645E-01     0.12000000E+02    -0.15894133E+00     0.19896828E-01     0.50000001E-01     0.30618086E-01     137     0.22810133E-01
 0.11200001E+02     0.16743507E+01     0.38193177E-01     0.12000000E+02    -0.15801737E+00     0.19824212E-01     0.50000001E-01     0.32573275E-01     137     0.22810133E-01
 0.11299998E+02     0.16631718E+01     0.40100522E-01     0.12000000E+02    -0.15706381E+00     0.19815322E-01     0.50000001E-01     0.34521792E-01     137     0.22810133E-01
 0.11399999E+02     0.16508508E+01     0.42070381E-01     0.12000000E+02    -0.15604307E+00     0.19784356E-01     0.50000001E-01     0.36533810E-01     137     0.22810133E-01
 0.11500000E+02     0.16375438E+01     0.44084989E-01     0.12000000E+02    -0.15496248E+00     0.19767925E-01     0.50000001E-01     0.38592089E-01     137     0.22810133E-01
 0.11600000E+02     0.16163383E+01     0.46757340E-01     0.12000000E+02    -0.15354241E+00     0.19011848E-01     0.50000001E-01     0.41315448E-01     137     0.22810133E-01
 0.11699998E+02     0.16086146E+01     0.48270907E-01     0.12000000E+02    -0.15273190E+00     0.19818293E-01     0.50000001E-01     0.42867575E-01     137     0.22810133E-01
 0.11799999E+02     0.15939291E+01     0.50401483E-01     0.12000000E+02    -0.15167513E+00     0.19844210E-01     0.50000001E-01     0.45042548E-01     137     0.22810133E-01
 0.11900000E+02     0.15805688E+01     0.52461866E-01     0.12000000E+02    -0.15075578E+00     0.19951604E-01     0.50000001E-01     0.47146332E-01     137     0.22810133E-01
 0.12000000E+02     0.15677667E+01     0.54533556E-01     0.12000000E+02    -0.14993061E+00     0.19933891E-01     0.50000001E-01     0.49258564E-01     137     0.22810133E-01
 0.12099998E+02     0.15582269E+01     0.56325618E-01     0.12000000E+02    -0.14925475E+00     0.19803481E-01     0.50000001E-01     0.51083561E-01     137     0.22810133E-01
 0.12199999E+02     0.15505619E+01     0.57993211E-01     0.12000000E+02    -0.14869656E+00     0.19713694E-01     0.50000001E-01     0.52781187E-01     137     0.22810133E-01
 0.12299999E+02     0.15402508E+01     0.59992403E-01     0.12000000E+02    -0.14817773E+00     0.19573724E-01     0.50000001E-01     0.54815672E-01     137     0.22810133E-01
 0.12400001E+02     0.15373482E+01     0.61235141E-01     0.12000000E+02    -0.14780135E+00     0.19588672E-01     0.50000001E-01     0.56079689E-01     137     0.22810133E-01
 0.12499997E+02     0.15285275E+01     0.63195884E-01     0.12000000E+02    -0.14744328E+00     0.19477822E-01     0.50000001E-01     0.58074221E-01     137     0.22810133E-01
 0.12599998E+02     0.15260540E+01     0.64436853E-01     0.12000000E+02    -0.14713985E+00     0.19212514E-01     0.50000001E-01     0.59333123E-01     137     0.22810133E-01
 0.12699999E+02     0.15186472E+01     0.66311412E-01     0.12000000E+02    -0.14690663E+00     0.19143673E-01     0.50000001E-01     0.61239775E-01     137     0.22810133E-01
 0.12999998E+02     0.15098319E+01     0.70519991E-01     0.12000000E+02    -0.14640154E+00     0.18605823E-01     0.50000001E-01     0.65512478E-01     138     0.26479401E-01
 0.13099999E+02     0.15094721E+01     0.71615927E-01     0.12000000E+02    -0.14626437E+00     0.18434457E-01     0.50000001E-01     0.66624373E-01     138     0.26479401E-01
 0.13200000E+02     0.15042158E+01     0.73394798E-01     0.12000000E+02    -0.14625044E+00     0.18321043E-01     0.50000001E-01     0.68431057E-01     138     0.26479401E-01
 0.13300000E+02     0.15044041E+01     0.74468307E-01     0.12000000E+02    -0.14616688E+00     0.18286720E-01     0.50000001E-01     0.69519907E-01     138     0.26479401E-01
 0.13399998E+02     0.14994131E+01     0.76187707E-01     0.12000000E+02    -0.14614245E+00     0.17243065E-01     0.50000001E-01     0.71256846E-01     138     0.26479401E-01
 0.13499999E+02     0.15001067E+01     0.77293448E-01     0.12000000E+02    -0.14617193E+00     0.17948322E-01     0.50000001E-01     0.72385244E-01     138     0.26479401E-01
 0.13599999E+02     0.14986581E+01     0.78540444E-01     0.12000000E+02    -0.14611223E+00     0.17021874E-01     0.50000001E-01     0.73641546E-01     138     0.26479401E-01
 0.13700001E+02     0.15010965E+01     0.79423614E-01     0.12000000E+02    -0.14612010E+00     0.17557796E-01     0.50000001E-01     0.74541867E-01     138     0.26479401E-01
 0.13799997E+02     0.14954450E+01     0.81309602E-01     0.12000000E+02    -0.14626348E+00     0.16746791E-01     0.50000001E-01     0.76448582E-01     138     0.26479401E-01
 0.13899999E+02     0.14962927E+01     0.82339391E-01     0.12000000E+02    -0.14626653E+00     0.16606811E-01     0.50000001E-01     0.77490568E-01     138     0.26479401E-01
 0.13999999E+02     0.14977142E+01     0.83312251E-01     0.12000000E+02    -0.14629601E+00     0.16469415E-01     0.50000001E-01     0.78474775E-01     138     0.26479401E-01
 0.14100000E+02     0.14948019E+01     0.84931478E-01     0.12000000E+02    -0.14651908E+00     0.16403235E-01     0.50000001E-01     0.80117218E-01     138     0.26479401E-01
 0.14199998E+02     0.14975064E+01     0.85803181E-01     0.12000000E+02    -0.14659536E+00     0.16895205E-01     0.50000001E-01     0.81007116E-01     138     0.26479401E-01
 0.14299998E+02     0.14971863E+01     0.86954251E-01     0.12000000E+02    -0.14665638E+00     0.16084597E-01     0.50000001E-01     0.82163706E-01     138     0.26479401E-01
 0.14400000E+02     0.14975656E+01     0.88111065E-01     0.12000000E+02    -0.14678274E+00     0.15841361E-01     0.50000001E-01     0.83334111E-01     138     0.26479401E-01
 0.14500000E+02     0.14959657E+01     0.89577705E-01     0.12000000E+02    -0.14703529E+00     0.15638571E-01     0.50000001E-01     0.84820755E-01     138     0.26479401E-01
 0.14600000E+02     0.14975572E+01     0.90553485E-01     0.12000000E+02    -0.14714360E+00     0.15409925E-01     0.50000001E-01     0.85807830E-01     138     0.26479401E-01
 0.14699998E+02     0.14986473E+01     0.91544859E-01     0.12000000E+02    -0.14723793E+00     0.14679513E-01     0.50000001E-01     0.86807922E-01     139     0.30619612E-01
 0.14799999E+02     0.15008386E+01     0.92498876E-01     0.12000000E+02    -0.14739440E+00     0.15140811E-01     0.50000001E-01     0.87778531E-01     139     0.30619612E-01
 0.14900000E+02     0.14984934E+01     0.94065197E-01     0.12000000E+02    -0.14775161E+00     0.14487886E-01     0.50000001E-01     0.89361899E-01     139     0.30619612E-01
 0.15000001E+02     0.15016181E+01     0.94888978E-01     0.12000000E+02    -0.14789042E+00     0.14945984E-01     0.50000001E-01     0.90200402E-01     139     0.30619612E-01
 0.15099998E+02     0.15038147E+01     0.95758542E-01     0.12000000E+02    -0.14800400E+00     0.14785924E-01     0.50000001E-01     0.91079786E-01     139     0.30619612E-01
 0.15199999E+02     0.15043231E+01     0.96853264E-01     0.12000000E+02    -0.14818004E+00     0.14039960E-01     0.50000001E-01     0.92180915E-01     139     0.30619612E-01
 0.15299999E+02     0.15030878E+01     0.98329447E-01     0.12000000E+02    -0.14858866E+00     0.13978459E-01     0.50000001E-01     0.93677640E-01     139     0.30619612E-01
 0.15400001E+02     0.15046663E+01     0.99323660E-01     0.12000000E+02    -0.14880048E+00     0.13762233E-01     0.50000001E-01     0.94682544E-01     139     0.30619612E-01
 0.15499998E+02     0.15071816E+01     0.10017919E+00     0.12000000E+02    -0.14898056E+00     0.13734711E-01     0.50000001E-01     0.95547915E-01     139     0.30619612E-01
 0.15599998E+02     0.15089811E+01     0.10107487E+00     0.12000000E+02    -0.14912698E+00     0.13323247E-01     0.50000001E-01     0.96449770E-01     139     0.30619612E-01
 0.15699999E+02     0.15096828E+01     0.10232528E+00     0.12000000E+02    -0.14952639E+00     0.13566377E-01     0.50000001E-01     0.97720854E-01     139     0.30619612E-01
 0.15800000E+02     0.15100701E+01     0.10348944E+00     0.12000000E+02    -0.14982790E+00     0.13282144E-01     0.50000001E-01     0.98897383E-01     139     0.30619612E-01
 0.15899998E+02     0.15115256E+01     0.10448939E+00     0.12000000E+02    -0.15010670E+00     0.12494455E-01     0.50000001E-01     0.99903449E-01     139     0.30619612E-01
 0.15999998E+02     0.15139538E+01     0.10533360E+00     0.12000000E+02    -0.15031633E+00     0.12184106E-01     0.50000001E-01     0.10075597E+00     139     0.30619612E-01
 0.16099998E+02     0.15180264E+01     0.10598245E+00     0.12000000E+02    -0.15047377E+00     0.12915923E-01     0.50000001E-01     0.10141934E+00     140     0.35293024E-01
 0.16200001E+02     0.15169797E+01     0.10745353E+00     0.12000000E+02    -0.15097205E+00     0.12638905E-01     0.50000001E-01     0.10290886E+00     140     0.35293024E-01
 0.16300001E+02     0.15191787E+01     0.10840023E+00     0.12000000E+02    -0.15131183E+00     0.12625542E-01     0.50000001E-01     0.10386798E+00     140     0.35293024E-01
 0.16399998E+02     0.15219223E+01     0.10926373E+00     0.12000000E+02    -0.15156457E+00     0.12523418E-01     0.50000001E-01     0.10474236E+00     140     0.35293024E-01
 0.16499998E+02     0.15246482E+01     0.11006986E+00     0.12000000E+02    -0.15179744E+00     0.12299621E-01     0.50000001E-01     0.10555649E+00     140     0.35293024E-01
 0.16600000E+02     0.15246871E+01     0.11117023E+00     0.12000000E+02    -0.15213868E+00     0.11241413E-01     0.50000001E-01     0.10665912E+00     140     0.35293024E-01
 0.16700001E+02     0.15274768E+01     0.11217843E+00     0.12000000E+02    -0.15256886E+00     0.12205293E-01     0.50000001E-01     0.10769330E+00     140     0.35293024E-01
 0.16799997E+02     0.15293677E+01     0.11317564E+00     0.12000000E+02    -0.15291670E+00     0.12196016E-01     0.50000001E-01     0.10870357E+00     140     0.35293024E-01
 0.16900000E+02     0.15318621E+01     0.11403723E+00     0.12000000E+02    -0.15324710E+00     0.11929315E-01     0.50000001E-01     0.10957330E+00     140     0.35293024E-01
 0.17000000E+02     0.15345466E+01     0.11482162E+00     0.12000000E+02    -0.15351205E+00     0.11738668E-01     0.50000001E-01     0.11036602E+00     140     0.35293024E-01
 0.17100000E+02     0.15364165E+01     0.11571781E+00     0.12000000E+02    -0.15383531E+00     0.11197637E-01     0.50000001E-01     0.11126587E+00     140     0.35293024E-01
 0.17199997E+02     0.15381410E+01     0.11677961E+00     0.12000000E+02    -0.15431248E+00     0.11513619E-01     0.50000001E-01     0.11234789E+00     140     0.35293024E-01
 0.17299999E+02     0.15382797E+01     0.11805062E+00     0.12000000E+02    -0.15484877E+00     0.11081401E-01     0.50000001E-01     0.11362895E+00     140     0.35293024E-01
 0.17400000E+02     0.15425476E+01     0.11872587E+00     0.12000000E+02    -0.15516149E+00     0.11467480E-01     0.50000001E-01     0.11431964E+00     140     0.35293024E-01
 0.17500000E+02     0.15438188E+01     0.11962014E+00     0.12000000E+02    -0.15544479E+00     0.10967276E-01     0.50000001E-01     0.11521794E+00     141     0.40563036E-01
 0.17599997E+02     0.15456375E+01     0.12051216E+00     0.12000000E+02    -0.15582900E+00     0.10119958E-01     0.50000001E-01     0.11611314E+00     141     0.40563036E-01
 0.17699999E+02     0.15480121E+01     0.12143859E+00     0.12000000E+02    -0.15627606E+00     0.10468105E-01     0.50000001E-01     0.11705462E+00     141     0.40563036E-01
 0.17799999E+02     0.15490990E+01     0.12260601E+00     0.12000000E+02    -0.15682763E+00     0.10581318E-01     0.50000001E-01     0.11823937E+00     141     0.40563036E-01
 0.17900000E+02     0.15512139E+01     0.12353032E+00     0.12000000E+02    -0.15729091E+00     0.10200049E-01     0.50000001E-01     0.11917189E+00     141     0.40563036E-01
 0.18000000E+02     0.15531265E+01     0.12437617E+00     0.12000000E+02    -0.15765293E+00     0.95798066E-02     0.50000001E-01     0.12002347E+00     141     0.40563036E-01
 0.18099998E+02     0.15563666E+01     0.12510432E+00     0.12000000E+02    -0.15801473E+00     0.95284693E-02     0.50000001E-01     0.12076046E+00     141     0.40563036E-01
 0.18199999E+02     0.15598681E+01     0.12580049E+00     0.12000000E+02    -0.15833309E+00     0.96305385E-02     0.50000001E-01     0.12146632E+00     141     0.40563036E-01
 0.18299999E+02     0.15596395E+01     0.12717505E+00     0.12000000E+02    -0.15908958E+00     0.94091902E-02     0.50000001E-01     0.12285822E+00     141     0.40563036E-01
 0.18400000E+02     0.15608605E+01     0.12815841E+00     0.12000000E+02    -0.15957184E+00     0.91349632E-02     0.50000001E-01     0.12385068E+00     141     0.40563036E-01
 0.18499998E+02     0.15649322E+01     0.12885576E+00     0.12000000E+02    -0.15997322E+00     0.93713626E-02     0.50000001E-01     0.12456100E+00     141     0.40563036E-01
