  
       RFOIL         Version 3.00
  
 Calculated polar for: OSO-2026-HT1-T21                
  
 1  Reynolds number fixed
  
 xtrf =      1.00000000 (suction)     1.00000000 (pressure)
 Rot. Parameters:  f0 =      1.00000000 c/r =      0.00000000
 Mach =      0.00000000     Re =      1.50000000 e 6     Ncrit =      9.00000000
  
             alpha                CL                CD            Re(CL)                CM             S_xtr             P_xtr               CDp            I_stag            X_stag
  ------- -------- --------- --------- -------- ------- ------- -------- 
-0.20900000E+02    -0.93454963E+00     0.12053055E+00     0.15000000E+01    -0.14011715E-01     0.10000000E+01     0.16246878E-01     0.11787771E+00      97     0.63448578E-01
-0.20800001E+02    -0.93518567E+00     0.11884142E+00     0.15000000E+01    -0.15513959E-01     0.10000000E+01     0.16203115E-01     0.11615171E+00      97     0.63448578E-01
-0.20700003E+02    -0.93201017E+00     0.11768883E+00     0.15000000E+01    -0.16568795E-01     0.10000000E+01     0.16335478E-01     0.11498825E+00      97     0.63448578E-01
-0.20600000E+02    -0.93179476E+00     0.11610585E+00     0.15000000E+01    -0.17938361E-01     0.10000000E+01     0.16381325E-01     0.11337786E+00      97     0.63448578E-01
-0.20500000E+02    -0.92923927E+00     0.11486249E+00     0.15000000E+01    -0.19009154E-01     0.10000000E+01     0.16497439E-01     0.11211894E+00      97     0.63448578E-01
-0.20400002E+02    -0.92786252E+00     0.11361517E+00     0.15000000E+01    -0.20099085E-01     0.10000000E+01     0.16501766E-01     0.11084813E+00      97     0.63448578E-01
-0.20300001E+02    -0.92556858E+00     0.11240476E+00     0.15000000E+01    -0.21153256E-01     0.10000000E+01     0.16584216E-01     0.10961923E+00      97     0.63448578E-01
-0.20200001E+02    -0.92391866E+00     0.11109962E+00     0.15000000E+01    -0.22277795E-01     0.10000000E+01     0.16664147E-01     0.10828961E+00      98     0.56557037E-01
-0.20100000E+02    -0.92184389E+00     0.10991684E+00     0.15000000E+01    -0.23259927E-01     0.10000000E+01     0.16735405E-01     0.10708646E+00      98     0.56557037E-01
-0.20000002E+02    -0.91893876E+00     0.10887705E+00     0.15000000E+01    -0.24159197E-01     0.10000000E+01     0.16798375E-01     0.10602874E+00      98     0.56557037E-01
-0.19900000E+02    -0.91634077E+00     0.10779047E+00     0.15000000E+01    -0.25064748E-01     0.10000000E+01     0.16898718E-01     0.10492367E+00      98     0.56557037E-01
-0.19800001E+02    -0.91460168E+00     0.10662591E+00     0.15000000E+01    -0.26027786E-01     0.10000000E+01     0.16937004E-01     0.10373762E+00      98     0.56557037E-01
-0.19700001E+02    -0.91210032E+00     0.10553653E+00     0.15000000E+01    -0.26923480E-01     0.10000000E+01     0.17013151E-01     0.10262792E+00      98     0.56557037E-01
-0.19600000E+02    -0.90963972E+00     0.10450700E+00     0.15000000E+01    -0.27750898E-01     0.10000000E+01     0.17086379E-01     0.10157838E+00      98     0.56557037E-01
-0.19500000E+02    -0.90694159E+00     0.10349697E+00     0.15000000E+01    -0.28558107E-01     0.10000000E+01     0.17135348E-01     0.10054865E+00      98     0.56557037E-01
-0.19400002E+02    -0.90367049E+00     0.10253704E+00     0.15000000E+01    -0.29326908E-01     0.10000000E+01     0.17270772E-01     0.99569753E-01      98     0.56557037E-01
-0.19300001E+02    -0.90092605E+00     0.10151457E+00     0.15000000E+01    -0.30128963E-01     0.10000000E+01     0.17334178E-01     0.98527007E-01      98     0.56557037E-01
-0.19200001E+02    -0.89869493E+00     0.10047445E+00     0.15000000E+01    -0.30921176E-01     0.10000000E+01     0.17382819E-01     0.97464792E-01      98     0.56557037E-01
-0.19100000E+02    -0.89473110E+00     0.99639252E-01     0.15000000E+01    -0.31574421E-01     0.10000000E+01     0.17492449E-01     0.96611068E-01      98     0.56557037E-01
-0.19000002E+02    -0.89142215E+00     0.98752826E-01     0.15000000E+01    -0.32247167E-01     0.10000000E+01     0.17558398E-01     0.95705763E-01      98     0.56557037E-01
-0.18900002E+02    -0.88814360E+00     0.97857207E-01     0.15000000E+01    -0.32923322E-01     0.10000000E+01     0.17619386E-01     0.94790280E-01      98     0.56557037E-01
-0.18800001E+02    -0.88462192E+00     0.96962497E-01     0.15000000E+01    -0.33585884E-01     0.10000000E+01     0.17706124E-01     0.93874924E-01      98     0.56557037E-01
-0.18700001E+02    -0.88129580E+00     0.96052438E-01     0.15000000E+01    -0.34283977E-01     0.10000000E+01     0.17755402E-01     0.92943385E-01      98     0.56557037E-01
-0.18600000E+02    -0.87739789E+00     0.95213771E-01     0.15000000E+01    -0.34905501E-01     0.10000000E+01     0.17826155E-01     0.92082627E-01      99     0.50043393E-01
-0.18500002E+02    -0.87285233E+00     0.94451725E-01     0.15000000E+01    -0.35472892E-01     0.10000000E+01     0.17886242E-01     0.91300562E-01      99     0.50043393E-01
-0.18400000E+02    -0.86873966E+00     0.93673147E-01     0.15000000E+01    -0.36024597E-01     0.10000000E+01     0.17921720E-01     0.90504065E-01      99     0.50043393E-01
-0.18300001E+02    -0.86441189E+00     0.92874736E-01     0.15000000E+01    -0.36598247E-01     0.10000000E+01     0.17966118E-01     0.89686356E-01      99     0.50043393E-01
-0.18200001E+02    -0.86653608E+00     0.91583662E-01     0.15000000E+01    -0.37354842E-01     0.10000000E+01     0.18227292E-01     0.88384964E-01      99     0.50043393E-01
-0.18100002E+02    -0.86559045E+00     0.90460971E-01     0.15000000E+01    -0.38053025E-01     0.10000000E+01     0.18362656E-01     0.87249368E-01      99     0.50043393E-01
-0.18000000E+02    -0.86371017E+00     0.89520551E-01     0.15000000E+01    -0.38636327E-01     0.10000000E+01     0.18462380E-01     0.86296909E-01      99     0.50043393E-01
-0.17900000E+02    -0.86132741E+00     0.88615656E-01     0.15000000E+01    -0.39202269E-01     0.10000000E+01     0.18607141E-01     0.85384868E-01      99     0.50043393E-01
-0.17800001E+02    -0.85854626E+00     0.87753557E-01     0.15000000E+01    -0.39739940E-01     0.10000000E+01     0.18683655E-01     0.84512383E-01      99     0.50043393E-01
-0.17700001E+02    -0.85581845E+00     0.86871333E-01     0.15000000E+01    -0.40284600E-01     0.10000000E+01     0.18804628E-01     0.83621733E-01      99     0.50043393E-01
-0.17600000E+02    -0.85292828E+00     0.86005621E-01     0.15000000E+01    -0.40811699E-01     0.10000000E+01     0.18882975E-01     0.82744949E-01      99     0.50043393E-01
-0.17500000E+02    -0.85015088E+00     0.85108109E-01     0.15000000E+01    -0.41363213E-01     0.10000000E+01     0.18987892E-01     0.81838451E-01      99     0.50043393E-01
-0.17400002E+02    -0.84691107E+00     0.84306031E-01     0.15000000E+01    -0.41836686E-01     0.10000000E+01     0.19076934E-01     0.81026010E-01      99     0.50043393E-01
-0.17300001E+02    -0.84318048E+00     0.83554216E-01     0.15000000E+01    -0.42280987E-01     0.10000000E+01     0.19171856E-01     0.80266222E-01      99     0.50043393E-01
-0.17200001E+02    -0.83906966E+00     0.82825102E-01     0.15000000E+01    -0.42719126E-01     0.10000000E+01     0.19293386E-01     0.79530336E-01      99     0.50043393E-01
-0.17100000E+02    -0.83525443E+00     0.82081877E-01     0.15000000E+01    -0.43140952E-01     0.10000000E+01     0.19381087E-01     0.78774214E-01     100     0.43948449E-01
-0.17000002E+02    -0.83172482E+00     0.81312492E-01     0.15000000E+01    -0.43569189E-01     0.10000000E+01     0.19481545E-01     0.77994078E-01     100     0.43948449E-01
-0.16900000E+02    -0.82813424E+00     0.80538079E-01     0.15000000E+01    -0.44006944E-01     0.10000000E+01     0.19571340E-01     0.77207945E-01     100     0.43948449E-01
-0.16800001E+02    -0.82472157E+00     0.79759806E-01     0.15000000E+01    -0.44440188E-01     0.10000000E+01     0.19664323E-01     0.76417007E-01     100     0.43948449E-01
-0.16700001E+02    -0.82106918E+00     0.79003297E-01     0.15000000E+01    -0.44847976E-01     0.10000000E+01     0.19776143E-01     0.75649023E-01     100     0.43948449E-01
-0.16600000E+02    -0.81725705E+00     0.78297578E-01     0.15000000E+01    -0.45198828E-01     0.10000000E+01     0.19873606E-01     0.74931704E-01     100     0.43948449E-01
-0.16500000E+02    -0.81319499E+00     0.77626027E-01     0.15000000E+01    -0.45547441E-01     0.10000000E+01     0.19986302E-01     0.74248649E-01     100     0.43948449E-01
-0.16400002E+02    -0.80912602E+00     0.76941542E-01     0.15000000E+01    -0.45891464E-01     0.10000000E+01     0.20088736E-01     0.73552646E-01     100     0.43948449E-01
-0.16300001E+02    -0.80517578E+00     0.76243781E-01     0.15000000E+01    -0.46228897E-01     0.10000000E+01     0.20184662E-01     0.72842419E-01     100     0.43948449E-01
-0.16200001E+02    -0.80100304E+00     0.75562522E-01     0.15000000E+01    -0.46567962E-01     0.10000000E+01     0.20318087E-01     0.72148152E-01     100     0.43948449E-01
-0.16100000E+02    -0.79717439E+00     0.74859872E-01     0.15000000E+01    -0.46906117E-01     0.10000000E+01     0.20411013E-01     0.71431793E-01     100     0.43948449E-01
-0.16000002E+02    -0.79328495E+00     0.74152350E-01     0.15000000E+01    -0.47250565E-01     0.10000000E+01     0.20511243E-01     0.70710130E-01     100     0.43948449E-01
-0.15900001E+02    -0.78905874E+00     0.73462255E-01     0.15000000E+01    -0.47594700E-01     0.10000000E+01     0.20625850E-01     0.70004813E-01     100     0.43948449E-01
-0.15800000E+02    -0.78450948E+00     0.72809331E-01     0.15000000E+01    -0.47910787E-01     0.10000000E+01     0.20737806E-01     0.69337234E-01     100     0.43948449E-01
-0.15700001E+02    -0.78000247E+00     0.72186306E-01     0.15000000E+01    -0.48189320E-01     0.10000000E+01     0.20822791E-01     0.68697751E-01     101     0.38308032E-01
-0.15600002E+02    -0.77525556E+00     0.71575373E-01     0.15000000E+01    -0.48477434E-01     0.10000000E+01     0.20897580E-01     0.68072744E-01     101     0.38308032E-01
-0.15500001E+02    -0.77012736E+00     0.70973076E-01     0.15000000E+01    -0.48779879E-01     0.10000000E+01     0.20972265E-01     0.67455918E-01     101     0.38308032E-01
-0.15400001E+02    -0.76525563E+00     0.70358478E-01     0.15000000E+01    -0.49076352E-01     0.10000000E+01     0.21026039E-01     0.66827290E-01     101     0.38308032E-01
-0.15300001E+02    -0.76403230E+00     0.69627613E-01     0.15000000E+01    -0.49247846E-01     0.10000000E+01     0.21244517E-01     0.66093422E-01     101     0.38308032E-01
-0.15200001E+02    -0.76281589E+00     0.68824567E-01     0.15000000E+01    -0.49449731E-01     0.10000000E+01     0.21477180E-01     0.65285735E-01     101     0.38308032E-01
-0.15100001E+02    -0.76083142E+00     0.68035454E-01     0.15000000E+01    -0.49690749E-01     0.10000000E+01     0.21662213E-01     0.64491980E-01     101     0.38308032E-01
-0.15000001E+02    -0.75814527E+00     0.67298993E-01     0.15000000E+01    -0.49946312E-01     0.10000000E+01     0.21809982E-01     0.63750856E-01     101     0.38308032E-01
-0.14900000E+02    -0.75497657E+00     0.66630632E-01     0.15000000E+01    -0.50165113E-01     0.10000000E+01     0.21944908E-01     0.63078299E-01     101     0.38308032E-01
-0.14800000E+02    -0.75137746E+00     0.65972924E-01     0.15000000E+01    -0.50373547E-01     0.10000000E+01     0.22082791E-01     0.62417157E-01     101     0.38308032E-01
-0.14700002E+02    -0.74772817E+00     0.65347195E-01     0.15000000E+01    -0.50575774E-01     0.10000000E+01     0.22205297E-01     0.61787546E-01     101     0.38308032E-01
-0.14600000E+02    -0.74398166E+00     0.64710923E-01     0.15000000E+01    -0.50781447E-01     0.10000000E+01     0.22335820E-01     0.61147101E-01     101     0.38308032E-01
-0.14500000E+02    -0.74020708E+00     0.64094186E-01     0.15000000E+01    -0.50987724E-01     0.10000000E+01     0.22457937E-01     0.60525037E-01     101     0.38308032E-01
-0.14400001E+02    -0.73643565E+00     0.63458011E-01     0.15000000E+01    -0.51195592E-01     0.10000000E+01     0.22580557E-01     0.59882645E-01     101     0.38308032E-01
-0.14300001E+02    -0.73275775E+00     0.62809028E-01     0.15000000E+01    -0.51408228E-01     0.10000000E+01     0.22717275E-01     0.59224464E-01     102     0.33147685E-01
-0.14200001E+02    -0.72914487E+00     0.62146623E-01     0.15000000E+01    -0.51623993E-01     0.10000000E+01     0.22831634E-01     0.58553968E-01     102     0.33147685E-01
-0.14100001E+02    -0.72552741E+00     0.61508808E-01     0.15000000E+01    -0.51829919E-01     0.10000000E+01     0.22957377E-01     0.57907898E-01     102     0.33147685E-01
-0.14000001E+02    -0.72161901E+00     0.60894202E-01     0.15000000E+01    -0.52003339E-01     0.10000000E+01     0.23094825E-01     0.57285547E-01     102     0.33147685E-01
-0.13900002E+02    -0.71690595E+00     0.60352221E-01     0.15000000E+01    -0.52195333E-01     0.10000000E+01     0.23297736E-01     0.56738190E-01     102     0.33147685E-01
-0.13800001E+02    -0.71283424E+00     0.59770390E-01     0.15000000E+01    -0.52352481E-01     0.10000000E+01     0.23432683E-01     0.56148209E-01     102     0.33147685E-01
-0.13700001E+02    -0.70885515E+00     0.59185322E-01     0.15000000E+01    -0.52502435E-01     0.10000000E+01     0.23571216E-01     0.55554233E-01     102     0.33147685E-01
-0.13600001E+02    -0.70481616E+00     0.58600858E-01     0.15000000E+01    -0.52656505E-01     0.10000000E+01     0.23726184E-01     0.54960433E-01     102     0.33147685E-01
-0.13500001E+02    -0.70086348E+00     0.58003593E-01     0.15000000E+01    -0.52811500E-01     0.10000000E+01     0.23837328E-01     0.54353345E-01     102     0.33147685E-01
-0.13400001E+02    -0.69677150E+00     0.57425275E-01     0.15000000E+01    -0.52976385E-01     0.10000000E+01     0.23995750E-01     0.53763673E-01     102     0.33147685E-01
-0.13300000E+02    -0.69284970E+00     0.56817487E-01     0.15000000E+01    -0.53145174E-01     0.10000000E+01     0.24130510E-01     0.53143956E-01     102     0.33147685E-01
-0.13200001E+02    -0.68883699E+00     0.56213647E-01     0.15000000E+01    -0.53318255E-01     0.10000000E+01     0.24235174E-01     0.52528065E-01     102     0.33147685E-01
-0.13100000E+02    -0.68424690E+00     0.55658612E-01     0.15000000E+01    -0.53482950E-01     0.10000000E+01     0.24351876E-01     0.51960696E-01     102     0.33147685E-01
-0.13000001E+02    -0.67943108E+00     0.55133108E-01     0.15000000E+01    -0.53627942E-01     0.10000000E+01     0.24438629E-01     0.51421981E-01     103     0.28478516E-01
-0.12900001E+02    -0.67423946E+00     0.54631624E-01     0.15000000E+01    -0.53785846E-01     0.10000000E+01     0.24520587E-01     0.50909050E-01     103     0.28478516E-01
-0.12800001E+02    -0.67420280E+00     0.53899832E-01     0.15000000E+01    -0.53737402E-01     0.10000000E+01     0.24809886E-01     0.50179474E-01     103     0.28478516E-01
-0.12700001E+02    -0.67327815E+00     0.53188071E-01     0.15000000E+01    -0.53747386E-01     0.10000000E+01     0.25098201E-01     0.49467389E-01     103     0.28478516E-01
-0.12600001E+02    -0.67148989E+00     0.52515168E-01     0.15000000E+01    -0.53801227E-01     0.10000000E+01     0.25311856E-01     0.48792921E-01     103     0.28478516E-01
-0.12500001E+02    -0.66939247E+00     0.51828507E-01     0.15000000E+01    -0.53875338E-01     0.10000000E+01     0.25490420E-01     0.48103534E-01     103     0.28478516E-01
-0.12400002E+02    -0.66734767E+00     0.51155489E-01     0.15000000E+01    -0.53957518E-01     0.10000000E+01     0.25654061E-01     0.47427014E-01     103     0.28478516E-01
-0.12300001E+02    -0.66244590E+00     0.50433386E-01     0.15000000E+01    -0.54674979E-01     0.99430418E+00     0.25834156E-01     0.46699960E-01     103     0.28478516E-01
-0.12200001E+02    -0.65656286E+00     0.49747430E-01     0.15000000E+01    -0.55488329E-01     0.98575068E+00     0.26026009E-01     0.46007298E-01     103     0.28478516E-01
-0.12000000E+02    -0.64689970E+00     0.48446488E-01     0.15000000E+01    -0.56452032E-01     0.94886070E+00     0.26370456E-01     0.44655785E-01     103     0.28478516E-01
-0.11600000E+02    -0.64068520E+00     0.46489406E-01     0.15000000E+01    -0.55053893E-01     0.76721776E+00     0.26973864E-01     0.41963425E-01     103     0.28478516E-01
-0.11500001E+02    -0.63816583E+00     0.45887180E-01     0.15000000E+01    -0.55140845E-01     0.75582874E+00     0.27127327E-01     0.41300885E-01     104     0.24295762E-01
-0.11400001E+02    -0.63541240E+00     0.45299064E-01     0.15000000E+01    -0.55221330E-01     0.74650729E+00     0.27288577E-01     0.40662646E-01     104     0.24295762E-01
-0.11300001E+02    -0.63206345E+00     0.44748399E-01     0.15000000E+01    -0.55320766E-01     0.73661083E+00     0.27539825E-01     0.40060505E-01     104     0.24295762E-01
-0.11200001E+02    -0.62992728E+00     0.44115074E-01     0.15000000E+01    -0.55402610E-01     0.73018718E+00     0.27687842E-01     0.39391764E-01     104     0.24295762E-01
-0.11100001E+02    -0.62815118E+00     0.43452982E-01     0.15000000E+01    -0.55487841E-01     0.72436482E+00     0.27851962E-01     0.38688716E-01     104     0.24295762E-01
-0.11000001E+02    -0.62746483E+00     0.42708930E-01     0.15000000E+01    -0.55572506E-01     0.71922988E+00     0.27963752E-01     0.37911970E-01     104     0.24295762E-01
-0.10900001E+02    -0.62591124E+00     0.42048302E-01     0.15000000E+01    -0.55640370E-01     0.71436709E+00     0.28103124E-01     0.37212364E-01     104     0.24295762E-01
-0.10800001E+02    -0.62406659E+00     0.41414913E-01     0.15000000E+01    -0.55689856E-01     0.70997858E+00     0.28233429E-01     0.36551621E-01     104     0.24295762E-01
-0.10700001E+02    -0.62242597E+00     0.40761601E-01     0.15000000E+01    -0.55742033E-01     0.70582724E+00     0.28334515E-01     0.35866670E-01     104     0.24295762E-01
-0.10600001E+02    -0.62135607E+00     0.40070765E-01     0.15000000E+01    -0.55801671E-01     0.70193684E+00     0.28427409E-01     0.35141803E-01     104     0.24295762E-01
-0.10500001E+02    -0.62178349E+00     0.39274108E-01     0.15000000E+01    -0.55860959E-01     0.69836801E+00     0.28483873E-01     0.34317560E-01     104     0.24295762E-01
-0.10400002E+02    -0.62853366E+00     0.38132645E-01     0.15000000E+01    -0.55789132E-01     0.69511926E+00     0.28669707E-01     0.33150449E-01     104     0.24295762E-01
-0.10300000E+02    -0.63523352E+00     0.36976356E-01     0.15000000E+01    -0.55739120E-01     0.69201791E+00     0.28848331E-01     0.31959064E-01     104     0.24295762E-01
-0.10200001E+02    -0.64393109E+00     0.35628323E-01     0.15000000E+01    -0.55737119E-01     0.68905991E+00     0.28923865E-01     0.30582482E-01     104     0.24295762E-01
-0.10100000E+02    -0.65188867E+00     0.34332231E-01     0.15000000E+01    -0.55693083E-01     0.68617010E+00     0.29019007E-01     0.29257536E-01     104     0.24295762E-01
-0.10000001E+02    -0.66218299E+00     0.32846682E-01     0.15000000E+01    -0.55613048E-01     0.68252522E+00     0.29026335E-01     0.27726952E-01     104     0.24295762E-01
-0.99000006E+01    -0.67609525E+00     0.31240541E-01     0.15000000E+01    -0.55062179E-01     0.67993104E+00     0.28981963E-01     0.26079500E-01     104     0.24295762E-01
-0.98000011E+01    -0.69215399E+00     0.29318545E-01     0.15000000E+01    -0.55273160E-01     0.67740476E+00     0.28879417E-01     0.24105091E-01     104     0.24295762E-01
-0.97000008E+01    -0.69531804E+00     0.27157361E-01     0.15000000E+01    -0.58530450E-01     0.67476171E+00     0.29000357E-01     0.21880455E-01     104     0.24295762E-01
-0.96000013E+01    -0.69086123E+00     0.24720553E-01     0.15000000E+01    -0.63918866E-01     0.67208087E+00     0.29296389E-01     0.19359212E-01     104     0.24295762E-01
-0.95000010E+01    -0.67925644E+00     0.22617744E-01     0.15000000E+01    -0.69561981E-01     0.66940409E+00     0.29689841E-01     0.17172320E-01     104     0.24295762E-01
-0.94000006E+01    -0.66508645E+00     0.21136690E-01     0.15000000E+01    -0.73870361E-01     0.66675085E+00     0.30028859E-01     0.15629370E-01     104     0.24295762E-01
-0.93000011E+01    -0.65057462E+00     0.20053441E-01     0.15000000E+01    -0.77141374E-01     0.66415495E+00     0.30367222E-01     0.14489636E-01     105     0.20579934E-01
-0.91999998E+01    -0.63604861E+00     0.19159175E-01     0.15000000E+01    -0.79887778E-01     0.66168588E+00     0.30716322E-01     0.13540436E-01     105     0.20579934E-01
-0.91000013E+01    -0.62181103E+00     0.18447718E-01     0.15000000E+01    -0.82110398E-01     0.65933716E+00     0.31071382E-01     0.12773373E-01     105     0.20579934E-01
-0.90000000E+01    -0.60773933E+00     0.17846284E-01     0.15000000E+01    -0.83990887E-01     0.65696514E+00     0.31440865E-01     0.12131927E-01     105     0.20579934E-01
-0.89000015E+01    -0.59385622E+00     0.17321168E-01     0.15000000E+01    -0.85635021E-01     0.65463090E+00     0.31800944E-01     0.11565124E-01     105     0.20579934E-01
-0.88000002E+01    -0.58026296E+00     0.16886432E-01     0.15000000E+01    -0.87024279E-01     0.65173167E+00     0.32177124E-01     0.11084786E-01     105     0.20579934E-01
-0.87000017E+01    -0.56723911E+00     0.16614778E-01     0.15000000E+01    -0.87986216E-01     0.64960337E+00     0.32565679E-01     0.10776080E-01     105     0.20579934E-01
-0.86000004E+01    -0.55421644E+00     0.16348405E-01     0.15000000E+01    -0.88914275E-01     0.64749438E+00     0.32848004E-01     0.10471474E-01     106     0.17300975E-01
-0.85000019E+01    -0.54092497E+00     0.16023699E-01     0.15000000E+01    -0.89971982E-01     0.64536202E+00     0.33169635E-01     0.10119839E-01     106     0.17300975E-01
-0.84000006E+01    -0.52629930E+00     0.15336325E-01     0.15000000E+01    -0.91904901E-01     0.64326394E+00     0.34029089E-01     0.93817450E-02     106     0.17300975E-01
-0.83000011E+01    -0.51309186E+00     0.15047912E-01     0.15000000E+01    -0.92875525E-01     0.64125854E+00     0.34606457E-01     0.90731289E-02     106     0.17300975E-01
-0.82000008E+01    -0.50014913E+00     0.14836737E-01     0.15000000E+01    -0.93662262E-01     0.63934118E+00     0.35057511E-01     0.88416431E-02     106     0.17300975E-01
-0.81000013E+01    -0.48734829E+00     0.14666351E-01     0.15000000E+01    -0.94354838E-01     0.63746989E+00     0.35504948E-01     0.86484617E-02     106     0.17300975E-01
-0.80000010E+01    -0.47450146E+00     0.14500184E-01     0.15000000E+01    -0.95020175E-01     0.63551259E+00     0.35963289E-01     0.84726708E-02     106     0.17300975E-01
-0.79000001E+01    -0.46172926E+00     0.14358474E-01     0.15000000E+01    -0.95627427E-01     0.63357693E+00     0.36462016E-01     0.83155409E-02     107     0.14422474E-01
-0.78000011E+01    -0.44899702E+00     0.14226459E-01     0.15000000E+01    -0.96216418E-01     0.63115603E+00     0.36909398E-01     0.81633907E-02     107     0.14422474E-01
-0.77000003E+01    -0.43632963E+00     0.14114841E-01     0.15000000E+01    -0.96760735E-01     0.62937176E+00     0.37387129E-01     0.80303214E-02     107     0.14422474E-01
-0.76000009E+01    -0.42373845E+00     0.14023087E-01     0.15000000E+01    -0.97263597E-01     0.62766373E+00     0.37796546E-01     0.79137115E-02     107     0.14422474E-01
-0.75000005E+01    -0.41136333E+00     0.13984763E-01     0.15000000E+01    -0.97643457E-01     0.62593609E+00     0.38159478E-01     0.78587420E-02     107     0.14422474E-01
-0.74000010E+01    -0.39805156E+00     0.13735421E-01     0.15000000E+01    -0.98499164E-01     0.62412244E+00     0.39165188E-01     0.75990264E-02     107     0.14422474E-01
-0.73000002E+01    -0.38499609E+00     0.13550690E-01     0.15000000E+01    -0.99207386E-01     0.62236661E+00     0.39977636E-01     0.74066757E-02     107     0.14422474E-01
-0.72000012E+01    -0.37214252E+00     0.13415507E-01     0.15000000E+01    -0.99804431E-01     0.62066483E+00     0.40605467E-01     0.72621303E-02     108     0.11906158E-01
-0.71000004E+01    -0.35936967E+00     0.13301652E-01     0.15000000E+01    -0.10035516E+00     0.61903006E+00     0.41204270E-01     0.71372744E-02     108     0.11906158E-01
-0.70000014E+01    -0.34664553E+00     0.13200982E-01     0.15000000E+01    -0.10087967E+00     0.61745286E+00     0.41826457E-01     0.70210109E-02     108     0.11906158E-01
-0.69000006E+01    -0.33400488E+00     0.13117827E-01     0.15000000E+01    -0.10137034E+00     0.61538923E+00     0.42463601E-01     0.69162496E-02     108     0.11906158E-01
-0.68000016E+01    -0.32126570E+00     0.13026218E-01     0.15000000E+01    -0.10186014E+00     0.61369401E+00     0.43077141E-01     0.68168775E-02     108     0.11906158E-01
-0.67000008E+01    -0.30861905E+00     0.12954052E-01     0.15000000E+01    -0.10231164E+00     0.61205918E+00     0.43664318E-01     0.67327898E-02     108     0.11906158E-01
-0.66000018E+01    -0.29604495E+00     0.12898598E-01     0.15000000E+01    -0.10273089E+00     0.61045963E+00     0.44086698E-01     0.66612945E-02     109     0.97151259E-02
-0.65000010E+01    -0.28302953E+00     0.12748555E-01     0.15000000E+01    -0.10336132E+00     0.60893202E+00     0.45244787E-01     0.65007280E-02     109     0.97151259E-02
-0.64000001E+01    -0.27011716E+00     0.12621254E-01     0.15000000E+01    -0.10394610E+00     0.60745901E+00     0.46493653E-01     0.63693090E-02     109     0.97151259E-02
-0.63000011E+01    -0.25735477E+00     0.12528851E-01     0.15000000E+01    -0.10445732E+00     0.60601634E+00     0.47323529E-01     0.62655420E-02     109     0.97151259E-02
-0.62000003E+01    -0.24463600E+00     0.12447790E-01     0.15000000E+01    -0.10494173E+00     0.60453516E+00     0.48144050E-01     0.61745835E-02     109     0.97151259E-02
-0.61000009E+01    -0.23186314E+00     0.12363579E-01     0.15000000E+01    -0.10541792E+00     0.60298347E+00     0.49012188E-01     0.60884296E-02     109     0.97151259E-02
-0.60000000E+01    -0.21916693E+00     0.12293762E-01     0.15000000E+01    -0.10586588E+00     0.60095793E+00     0.49833868E-01     0.60074627E-02     110     0.78155044E-02
-0.59000010E+01    -0.20654014E+00     0.12239346E-01     0.15000000E+01    -0.10628507E+00     0.59947640E+00     0.50561715E-01     0.59397635E-02     110     0.78155044E-02
-0.58000002E+01    -0.19389205E+00     0.12180657E-01     0.15000000E+01    -0.10671820E+00     0.59806132E+00     0.51379174E-01     0.58688889E-02     110     0.78155044E-02
-0.57000012E+01    -0.18092042E+00     0.12058603E-01     0.15000000E+01    -0.10728902E+00     0.59668970E+00     0.53017031E-01     0.57404665E-02     110     0.78155044E-02
-0.56000004E+01    -0.16814521E+00     0.11975844E-01     0.15000000E+01    -0.10777995E+00     0.59534240E+00     0.54206919E-01     0.56501371E-02     110     0.78155044E-02
-0.55000014E+01    -0.15543166E+00     0.11906487E-01     0.15000000E+01    -0.10824352E+00     0.59395760E+00     0.55366226E-01     0.55734362E-02     110     0.78155044E-02
-0.54000006E+01    -0.14267299E+00     0.11834672E-01     0.15000000E+01    -0.10869604E+00     0.59249526E+00     0.56780662E-01     0.55041877E-02     111     0.61775139E-02
-0.53000016E+01    -0.12997374E+00     0.11775586E-01     0.15000000E+01    -0.10912277E+00     0.59105664E+00     0.57877526E-01     0.54389387E-02     111     0.61775139E-02
-0.52000008E+01    -0.11736497E+00     0.11733583E-01     0.15000000E+01    -0.10951757E+00     0.58965099E+00     0.58852829E-01     0.53862785E-02     111     0.61775139E-02
-0.51000013E+01    -0.10443990E+00     0.11631607E-01     0.15000000E+01    -0.11004224E+00     0.58829713E+00     0.60956586E-01     0.52853744E-02     111     0.61775139E-02
-0.50000010E+01    -0.91662556E-01     0.11555976E-01     0.15000000E+01    -0.11051484E+00     0.58656526E+00     0.62656827E-01     0.52064583E-02     111     0.61775139E-02
-0.49000015E+01    -0.78955792E-01     0.11496168E-01     0.15000000E+01    -0.11095645E+00     0.58529216E+00     0.64282566E-01     0.51392792E-02     111     0.61775139E-02
-0.48000007E+01    -0.66321753E-01     0.11449872E-01     0.15000000E+01    -0.11137341E+00     0.58401281E+00     0.65910995E-01     0.50777178E-02     112     0.47757514E-02
-0.47000003E+01    -0.53630944E-01     0.11396307E-01     0.15000000E+01    -0.11179459E+00     0.58265984E+00     0.68086572E-01     0.50222538E-02     112     0.47757514E-02
-0.46000009E+01    -0.40742159E-01     0.11308535E-01     0.15000000E+01    -0.11228338E+00     0.58127666E+00     0.70697665E-01     0.49469275E-02     112     0.47757514E-02
-0.45000000E+01    -0.27938360E-01     0.11237171E-01     0.15000000E+01    -0.11274093E+00     0.57993418E+00     0.73058620E-01     0.48822658E-02     112     0.47757514E-02
-0.44000010E+01    -0.15218864E-01     0.11180646E-01     0.15000000E+01    -0.11316918E+00     0.57861924E+00     0.75502649E-01     0.48247217E-02     112     0.47757514E-02
-0.43000002E+01    -0.24632148E-02     0.11117875E-01     0.15000000E+01    -0.11361358E+00     0.57734644E+00     0.78834467E-01     0.47604335E-02     112     0.47757514E-02
-0.42000012E+01     0.10333029E-01     0.11047078E-01     0.15000000E+01    -0.11407793E+00     0.57612056E+00     0.82526959E-01     0.46953657E-02     113     0.35885747E-02
-0.41000004E+01     0.23006350E-01     0.10996898E-01     0.15000000E+01    -0.11450344E+00     0.57453215E+00     0.86374596E-01     0.46389103E-02     113     0.35885747E-02
-0.40000014E+01     0.35879213E-01     0.10908673E-01     0.15000000E+01    -0.11501635E+00     0.57330430E+00     0.94140947E-01     0.45623942E-02     113     0.35885747E-02
-0.39000006E+01     0.48929010E-01     0.10793303E-01     0.15000000E+01    -0.11557125E+00     0.57200181E+00     0.10445334E+00     0.44808188E-02     113     0.35885747E-02
-0.37000005E+01     0.81962779E-01     0.89243744E-02     0.15000000E+01    -0.11994983E+00     0.56940550E+00     0.34472659E+00     0.33803084E-02     114     0.25977029E-02
-0.36000016E+01     0.94564117E-01     0.88907685E-02     0.15000000E+01    -0.12032479E+00     0.56815392E+00     0.35425863E+00     0.33705970E-02     114     0.25977029E-02
-0.35000007E+01     0.10710623E+00     0.88742347E-02     0.15000000E+01    -0.12067050E+00     0.56694865E+00     0.36048159E+00     0.33659893E-02     114     0.25977029E-02
-0.34000015E+01     0.11955522E+00     0.88807214E-02     0.15000000E+01    -0.12097389E+00     0.56577897E+00     0.36529827E+00     0.33634785E-02     114     0.25977029E-02
-0.33000009E+01     0.13204589E+00     0.88756122E-02     0.15000000E+01    -0.12130436E+00     0.56464005E+00     0.36876014E+00     0.33630673E-02     114     0.25977029E-02
-0.32000017E+01     0.14439313E+00     0.88958219E-02     0.15000000E+01    -0.12158974E+00     0.56309301E+00     0.37297431E+00     0.33680028E-02     115     0.17876251E-02
-0.31000009E+01     0.15684903E+00     0.89041730E-02     0.15000000E+01    -0.12188970E+00     0.56186604E+00     0.37555388E+00     0.33673700E-02     115     0.17876251E-02
-0.30000000E+01     0.16941519E+00     0.88933092E-02     0.15000000E+01    -0.12222351E+00     0.56060857E+00     0.37758994E+00     0.33708876E-02     115     0.17876251E-02
-0.29000010E+01     0.18192400E+00     0.88930037E-02     0.15000000E+01    -0.12253821E+00     0.55936706E+00     0.37944257E+00     0.33738744E-02     115     0.17876251E-02
-0.28000002E+01     0.19439439E+00     0.89003919E-02     0.15000000E+01    -0.12283847E+00     0.55817455E+00     0.38118190E+00     0.33746040E-02     115     0.17876251E-02
-0.27000012E+01     0.20678355E+00     0.89215180E-02     0.15000000E+01    -0.12311286E+00     0.55699009E+00     0.38340729E+00     0.33762841E-02     115     0.17876251E-02
-0.26000004E+01     0.21923508E+00     0.89272810E-02     0.15000000E+01    -0.12342341E+00     0.55585235E+00     0.38548127E+00     0.33806604E-02     116     0.11447259E-02
-0.25000012E+01     0.23167801E+00     0.89344298E-02     0.15000000E+01    -0.12373253E+00     0.55474263E+00     0.38688242E+00     0.33879834E-02     116     0.11447259E-02
-0.24000003E+01     0.24408561E+00     0.89482572E-02     0.15000000E+01    -0.12403087E+00     0.55365831E+00     0.38789916E+00     0.33925078E-02     116     0.11447259E-02
-0.23000014E+01     0.25640610E+00     0.89737456E-02     0.15000000E+01    -0.12431080E+00     0.55216169E+00     0.38889048E+00     0.33965935E-02     116     0.11447259E-02
-0.22000005E+01     0.26892155E+00     0.89746928E-02     0.15000000E+01    -0.12462093E+00     0.55094892E+00     0.38985676E+00     0.34006126E-02     116     0.11447259E-02
-0.21000013E+01     0.28141311E+00     0.89780902E-02     0.15000000E+01    -0.12492717E+00     0.54974473E+00     0.39077580E+00     0.34001693E-02     117     0.65675518E-03
-0.20000007E+01     0.29387912E+00     0.89854328E-02     0.15000000E+01    -0.12522729E+00     0.54855782E+00     0.39166573E+00     0.34000333E-02     117     0.65675518E-03
-0.19000015E+01     0.30620342E+00     0.90228245E-02     0.15000000E+01    -0.12547608E+00     0.54740751E+00     0.39351121E+00     0.34122928E-02     117     0.65675518E-03
-0.18000008E+01     0.31871104E+00     0.90142144E-02     0.15000000E+01    -0.12580836E+00     0.54628140E+00     0.39432859E+00     0.34086523E-02     117     0.65675518E-03
-0.17000016E+01     0.33117318E+00     0.90150321E-02     0.15000000E+01    -0.12612507E+00     0.54519111E+00     0.39504358E+00     0.34095189E-02     117     0.65675518E-03
-0.16000009E+01     0.34359705E+00     0.90221642E-02     0.15000000E+01    -0.12643266E+00     0.54413003E+00     0.39568144E+00     0.34123631E-02     118     0.31201425E-03
-0.15000000E+01     0.35591927E+00     0.90442337E-02     0.15000000E+01    -0.12671693E+00     0.54271430E+00     0.39681092E+00     0.34264438E-02     118     0.31201425E-03
-0.14000009E+01     0.36826435E+00     0.90639945E-02     0.15000000E+01    -0.12700471E+00     0.54158491E+00     0.39737359E+00     0.34357887E-02     118     0.31201425E-03
-0.13000002E+01     0.38078499E+00     0.90611400E-02     0.15000000E+01    -0.12732008E+00     0.54042077E+00     0.39793125E+00     0.34383722E-02     118     0.31201425E-03
-0.12000011E+01     0.39323306E+00     0.90698600E-02     0.15000000E+01    -0.12761682E+00     0.53925639E+00     0.39890373E+00     0.34492142E-02     118     0.31201425E-03
-0.11000003E+01     0.40569404E+00     0.90740547E-02     0.15000000E+01    -0.12792265E+00     0.53810602E+00     0.39946073E+00     0.34518018E-02     119     0.99119694E-04
-0.10000012E+01     0.41808712E+00     0.90914201E-02     0.15000000E+01    -0.12820616E+00     0.53699678E+00     0.40051070E+00     0.34631453E-02     119     0.99119694E-04
-0.90000039E+00     0.43049431E+00     0.91027198E-02     0.15000000E+01    -0.12850192E+00     0.53590530E+00     0.40104845E+00     0.34658317E-02     119     0.99119694E-04
-0.80000126E+00     0.44285724E+00     0.91186976E-02     0.15000000E+01    -0.12878837E+00     0.53450376E+00     0.40157640E+00     0.34673903E-02     119     0.99119694E-04
-0.70000046E+00     0.45514745E+00     0.91515817E-02     0.15000000E+01    -0.12905009E+00     0.53346884E+00     0.40244931E+00     0.34791776E-02     120     0.58579035E-05
-0.60000139E+00     0.46744439E+00     0.91769295E-02     0.15000000E+01    -0.12932575E+00     0.53242385E+00     0.40342793E+00     0.34892764E-02     120     0.58579035E-05
-0.50000060E+00     0.47976497E+00     0.91867307E-02     0.15000000E+01    -0.12962818E+00     0.53132987E+00     0.40490851E+00     0.35099345E-02     120     0.58579035E-05
-0.40000150E+00     0.49228516E+00     0.91778664E-02     0.15000000E+01    -0.12995090E+00     0.53019631E+00     0.40533122E+00     0.35133190E-02     120     0.58579035E-05
-0.30000070E+00     0.50476587E+00     0.91747968E-02     0.15000000E+01    -0.13026665E+00     0.52903932E+00     0.40574747E+00     0.35186564E-02     120     0.58579035E-05
-0.20000160E+00     0.51721549E+00     0.91755241E-02     0.15000000E+01    -0.13057491E+00     0.52792382E+00     0.40614519E+00     0.35246387E-02     121     0.30125408E-04
-0.10000080E+00     0.52963859E+00     0.91802012E-02     0.15000000E+01    -0.13087788E+00     0.52683806E+00     0.40654013E+00     0.35315068E-02     121     0.30125408E-04
 0.00000000E+00     0.54201281E+00     0.91895415E-02     0.15000000E+01    -0.13117169E+00     0.52539718E+00     0.40695205E+00     0.35372847E-02     121     0.30125408E-04
 0.99999093E-01     0.55436617E+00     0.92024161E-02     0.15000000E+01    -0.13146181E+00     0.52437443E+00     0.40736666E+00     0.35460447E-02     121     0.30125408E-04
 0.19999990E+00     0.56668556E+00     0.92191305E-02     0.15000000E+01    -0.13174605E+00     0.52335334E+00     0.40779433E+00     0.35560662E-02     121     0.30125408E-04
 0.29999900E+00     0.57897007E+00     0.92399577E-02     0.15000000E+01    -0.13202463E+00     0.52233315E+00     0.40822223E+00     0.35677576E-02     122     0.19424201E-03
 0.39999980E+00     0.59119505E+00     0.92675397E-02     0.15000000E+01    -0.13229303E+00     0.52127194E+00     0.40866908E+00     0.35822527E-02     122     0.19424201E-03
 0.49999887E+00     0.60362798E+00     0.92703523E-02     0.15000000E+01    -0.13259542E+00     0.52015746E+00     0.40912282E+00     0.35939524E-02     122     0.19424201E-03
 0.59999967E+00     0.61603677E+00     0.92766089E-02     0.15000000E+01    -0.13288900E+00     0.51901966E+00     0.40976602E+00     0.36057141E-02     122     0.19424201E-03
 0.69999880E+00     0.62844449E+00     0.92815896E-02     0.15000000E+01    -0.13318582E+00     0.51755059E+00     0.41024014E+00     0.36134482E-02     122     0.19424201E-03
 0.79999959E+00     0.64080459E+00     0.92926286E-02     0.15000000E+01    -0.13347307E+00     0.51644892E+00     0.41071194E+00     0.36240099E-02     123     0.50468207E-03
 0.89999866E+00     0.65312129E+00     0.93081975E-02     0.15000000E+01    -0.13375431E+00     0.51537269E+00     0.41118428E+00     0.36349520E-02     123     0.50468207E-03
 0.99999946E+00     0.66540891E+00     0.93276612E-02     0.15000000E+01    -0.13402855E+00     0.51436442E+00     0.41163737E+00     0.36473903E-02     123     0.50468207E-03
 0.10999986E+01     0.67765611E+00     0.93521317E-02     0.15000000E+01    -0.13429438E+00     0.51335555E+00     0.41208035E+00     0.36610360E-02     123     0.50468207E-03
 0.11999993E+01     0.68981785E+00     0.93858875E-02     0.15000000E+01    -0.13454451E+00     0.51202273E+00     0.41247275E+00     0.36761225E-02     123     0.50468207E-03
 0.12999984E+01     0.70199710E+00     0.94098309E-02     0.15000000E+01    -0.13481317E+00     0.51094908E+00     0.41305089E+00     0.36925105E-02     124     0.96543360E-03
 0.13999993E+01     0.71447051E+00     0.93975216E-02     0.15000000E+01    -0.13513641E+00     0.50983417E+00     0.41368568E+00     0.37043681E-02     124     0.96543360E-03
 0.14999983E+01     0.72689110E+00     0.93934247E-02     0.15000000E+01    -0.13544619E+00     0.50868738E+00     0.41422173E+00     0.37168269E-02     124     0.96543360E-03
 0.15999992E+01     0.73926771E+00     0.93955593E-02     0.15000000E+01    -0.13574611E+00     0.50757688E+00     0.41472110E+00     0.37319669E-02     124     0.96543360E-03
 0.16999999E+01     0.75160545E+00     0.94028451E-02     0.15000000E+01    -0.13603677E+00     0.50648856E+00     0.41519368E+00     0.37489710E-02     124     0.96543360E-03
 0.17999990E+01     0.76389027E+00     0.94147446E-02     0.15000000E+01    -0.13631840E+00     0.50509161E+00     0.41565830E+00     0.37657707E-02     125     0.15802227E-02
 0.18999999E+01     0.77613509E+00     0.94322683E-02     0.15000000E+01    -0.13659118E+00     0.50405413E+00     0.41610813E+00     0.37852065E-02     125     0.15802227E-02
 0.19999989E+01     0.78833759E+00     0.94542969E-02     0.15000000E+01    -0.13685547E+00     0.50304282E+00     0.41656169E+00     0.38059526E-02     125     0.15802227E-02
 0.20999997E+01     0.80048722E+00     0.94818575E-02     0.15000000E+01    -0.13711078E+00     0.50203139E+00     0.41701964E+00     0.38289228E-02     125     0.15802227E-02
 0.21999989E+01     0.81255281E+00     0.95178001E-02     0.15000000E+01    -0.13735171E+00     0.50060987E+00     0.41748455E+00     0.38563525E-02     125     0.15802227E-02
 0.22999997E+01     0.82492191E+00     0.95211472E-02     0.15000000E+01    -0.13764296E+00     0.49947095E+00     0.41796923E+00     0.38758828E-02     126     0.23532661E-02
 0.23999987E+01     0.83724070E+00     0.95297769E-02     0.15000000E+01    -0.13792498E+00     0.49832633E+00     0.41847083E+00     0.38956460E-02     126     0.23532661E-02
 0.24999995E+01     0.84952182E+00     0.95419455E-02     0.15000000E+01    -0.13820077E+00     0.49719718E+00     0.41898191E+00     0.39159907E-02     126     0.23532661E-02
 0.25999987E+01     0.86176538E+00     0.95574884E-02     0.15000000E+01    -0.13847010E+00     0.49610594E+00     0.41948849E+00     0.39370181E-02     126     0.23532661E-02
 0.26999993E+01     0.87395126E+00     0.95781209E-02     0.15000000E+01    -0.13872834E+00     0.49469858E+00     0.42001671E+00     0.39570038E-02     126     0.23532661E-02
 0.27999985E+01     0.88609648E+00     0.96033448E-02     0.15000000E+01    -0.13897935E+00     0.49365073E+00     0.42054018E+00     0.39811409E-02     127     0.32895128E-02
 0.28999994E+01     0.89819348E+00     0.96336110E-02     0.15000000E+01    -0.13922134E+00     0.49262404E+00     0.42106578E+00     0.40058726E-02     127     0.32895128E-02
 0.29999983E+01     0.91013920E+00     0.96802860E-02     0.15000000E+01    -0.13943267E+00     0.49124801E+00     0.42174360E+00     0.40355371E-02     127     0.32895128E-02
 0.30999992E+01     0.92224592E+00     0.97102588E-02     0.15000000E+01    -0.13967338E+00     0.49009463E+00     0.42220920E+00     0.40651602E-02     127     0.32895128E-02
 0.31999984E+01     0.93454975E+00     0.97153736E-02     0.15000000E+01    -0.13995600E+00     0.48891485E+00     0.42278779E+00     0.40862728E-02     127     0.32895128E-02
 0.32999990E+01     0.94687772E+00     0.97116074E-02     0.15000000E+01    -0.14025317E+00     0.48737362E+00     0.42348775E+00     0.41044750E-02     127     0.32895128E-02
 0.33999999E+01     0.95910949E+00     0.97203674E-02     0.15000000E+01    -0.14053102E+00     0.48623097E+00     0.42409262E+00     0.41308701E-02     128     0.43952684E-02
 0.34999990E+01     0.97126842E+00     0.97364290E-02     0.15000000E+01    -0.14079230E+00     0.48475617E+00     0.42462453E+00     0.41560195E-02     128     0.43952684E-02
 0.35999999E+01     0.98337173E+00     0.97590890E-02     0.15000000E+01    -0.14104247E+00     0.48366678E+00     0.42514554E+00     0.41855802E-02     128     0.43952684E-02
 0.36999989E+01     0.99537122E+00     0.97911870E-02     0.15000000E+01    -0.14127451E+00     0.48224288E+00     0.42565700E+00     0.42163804E-02     128     0.43952684E-02
 0.37999997E+01     0.10073158E+01     0.98290136E-02     0.15000000E+01    -0.14149535E+00     0.48114231E+00     0.42615741E+00     0.42517795E-02     128     0.43952684E-02
 0.38999987E+01     0.10194539E+01     0.98474948E-02     0.15000000E+01    -0.14174841E+00     0.47953063E+00     0.42667395E+00     0.42855893E-02     129     0.56784763E-02
 0.39999995E+01     0.10317234E+01     0.98519381E-02     0.15000000E+01    -0.14202219E+00     0.47740281E+00     0.42717463E+00     0.43074260E-02     129     0.56784763E-02
 0.40999985E+01     0.10437694E+01     0.98742004E-02     0.15000000E+01    -0.14225744E+00     0.47369713E+00     0.42771444E+00     0.43239049E-02     129     0.56784763E-02
 0.41999993E+01     0.10556582E+01     0.99094007E-02     0.15000000E+01    -0.14246677E+00     0.46624720E+00     0.42825639E+00     0.43356954E-02     129     0.56784763E-02
 0.42999988E+01     0.10675801E+01     0.99459579E-02     0.15000000E+01    -0.14268133E+00     0.46307084E+00     0.42880917E+00     0.43632961E-02     129     0.56784763E-02
 0.43999991E+01     0.10793365E+01     0.99988384E-02     0.15000000E+01    -0.14286901E+00     0.46072108E+00     0.42937180E+00     0.43998738E-02     129     0.56784763E-02
 0.44999986E+01     0.10914869E+01     0.10012986E-01     0.15000000E+01    -0.14312091E+00     0.45789284E+00     0.42995289E+00     0.44299657E-02     130     0.71497625E-02
 0.45999994E+01     0.11034696E+01     0.10043217E-01     0.15000000E+01    -0.14334391E+00     0.45505607E+00     0.43053958E+00     0.44601317E-02     130     0.71497625E-02
 0.47000003E+01     0.11152645E+01     0.10090797E-01     0.15000000E+01    -0.14353551E+00     0.45219991E+00     0.43110001E+00     0.44946144E-02     130     0.71497625E-02
 0.47999973E+01     0.11270500E+01     0.10139296E-01     0.15000000E+01    -0.14372417E+00     0.45048687E+00     0.43165395E+00     0.45365258E-02     130     0.71497625E-02
 0.48999982E+01     0.11390886E+01     0.10163418E-01     0.15000000E+01    -0.14395323E+00     0.44715181E+00     0.43217304E+00     0.45655021E-02     130     0.71497625E-02
 0.49999990E+01     0.11510440E+01     0.10192058E-01     0.15000000E+01    -0.14417559E+00     0.44515130E+00     0.43281701E+00     0.46019680E-02     131     0.88227410E-02
 0.50999999E+01     0.11627873E+01     0.10236715E-01     0.15000000E+01    -0.14437571E+00     0.44182101E+00     0.43380320E+00     0.46445904E-02     131     0.88227410E-02
 0.52000008E+01     0.11746716E+01     0.10269385E-01     0.15000000E+01    -0.14459239E+00     0.43969497E+00     0.43442112E+00     0.46883230E-02     131     0.88227410E-02
 0.52999978E+01     0.11866561E+01     0.10292350E-01     0.15000000E+01    -0.14482240E+00     0.43736172E+00     0.43500891E+00     0.47268504E-02     131     0.88227410E-02
 0.53999987E+01     0.11983918E+01     0.10339012E-01     0.15000000E+01    -0.14501120E+00     0.43348309E+00     0.43557322E+00     0.47704647E-02     131     0.88227410E-02
 0.54999995E+01     0.12100300E+01     0.10394610E-01     0.15000000E+01    -0.14518172E+00     0.43113726E+00     0.43612966E+00     0.48207468E-02     131     0.88227410E-02
 0.56000004E+01     0.12219301E+01     0.10424225E-01     0.15000000E+01    -0.14539436E+00     0.42845759E+00     0.43669766E+00     0.48663826E-02     132     0.10715338E-01
 0.56999979E+01     0.12335811E+01     0.10477714E-01     0.15000000E+01    -0.14556533E+00     0.42396086E+00     0.43725845E+00     0.49139801E-02     132     0.10715338E-01
 0.57999988E+01     0.12450894E+01     0.10543643E-01     0.15000000E+01    -0.14571212E+00     0.42113405E+00     0.43783146E+00     0.49687345E-02     132     0.10715338E-01
 0.58999996E+01     0.12569075E+01     0.10578434E-01     0.15000000E+01    -0.14590894E+00     0.41793361E+00     0.43843302E+00     0.50146645E-02     132     0.10715338E-01
 0.60000000E+01     0.12685522E+01     0.10629387E-01     0.15000000E+01    -0.14607628E+00     0.41464135E+00     0.43904078E+00     0.50649410E-02     132     0.10715338E-01
 0.60999975E+01     0.12798648E+01     0.10711517E-01     0.15000000E+01    -0.14619103E+00     0.40907875E+00     0.43966582E+00     0.51277732E-02     132     0.10715338E-01
 0.61999984E+01     0.12914166E+01     0.10768978E-01     0.15000000E+01    -0.14634278E+00     0.40508476E+00     0.44029787E+00     0.51829694E-02     133     0.12850102E-01
 0.62999992E+01     0.13027043E+01     0.10850983E-01     0.15000000E+01    -0.14645076E+00     0.40108216E+00     0.44092911E+00     0.52491729E-02     133     0.12850102E-01
 0.64000001E+01     0.13142046E+01     0.10911427E-01     0.15000000E+01    -0.14659123E+00     0.39648294E+00     0.44154999E+00     0.53048334E-02     133     0.12850102E-01
 0.65000010E+01     0.13253108E+01     0.11008426E-01     0.15000000E+01    -0.14666753E+00     0.39174208E+00     0.44214451E+00     0.53784219E-02     133     0.12850102E-01
 0.65999980E+01     0.13362069E+01     0.11123526E-01     0.15000000E+01    -0.14671111E+00     0.38317958E+00     0.44271615E+00     0.54584886E-02     133     0.12850102E-01
 0.66999989E+01     0.13473794E+01     0.11205805E-01     0.15000000E+01    -0.14681554E+00     0.37690747E+00     0.44355744E+00     0.55352091E-02     133     0.12850102E-01
 0.67999997E+01     0.13582443E+01     0.11316764E-01     0.15000000E+01    -0.14686579E+00     0.36995941E+00     0.44425258E+00     0.56286305E-02     134     0.15256206E-01
 0.69000006E+01     0.13689144E+01     0.11444494E-01     0.15000000E+01    -0.14688174E+00     0.36229911E+00     0.44490260E+00     0.57302355E-02     134     0.15256206E-01
 0.69999981E+01     0.13794203E+01     0.11584292E-01     0.15000000E+01    -0.14686890E+00     0.35349041E+00     0.44551438E+00     0.58383094E-02     134     0.15256206E-01
 0.70999990E+01     0.13889233E+01     0.11812652E-01     0.15000000E+01    -0.14669554E+00     0.33821845E+00     0.44610110E+00     0.59964620E-02     134     0.15256206E-01
 0.71999998E+01     0.13985811E+01     0.12021469E-01     0.15000000E+01    -0.14654195E+00     0.32618049E+00     0.44693363E+00     0.61499928E-02     134     0.15256206E-01
 0.73000002E+01     0.14077911E+01     0.12264061E-01     0.15000000E+01    -0.14631420E+00     0.31271344E+00     0.44751772E+00     0.63249730E-02     134     0.15256206E-01
 0.73999977E+01     0.14165829E+01     0.12535166E-01     0.15000000E+01    -0.14601605E+00     0.29763713E+00     0.44811490E+00     0.65191058E-02     134     0.15256206E-01
 0.74999986E+01     0.14248064E+01     0.12844270E-01     0.15000000E+01    -0.14562234E+00     0.28137910E+00     0.44870931E+00     0.67429645E-02     135     0.17970575E-01
 0.75999994E+01     0.14324993E+01     0.13184822E-01     0.15000000E+01    -0.14513846E+00     0.26439044E+00     0.44932431E+00     0.69890129E-02     135     0.17970575E-01
 0.77000003E+01     0.14397824E+01     0.13543411E-01     0.15000000E+01    -0.14458010E+00     0.24728383E+00     0.44993383E+00     0.72510992E-02     135     0.17970575E-01
 0.77999973E+01     0.14468570E+01     0.13902512E-01     0.15000000E+01    -0.14398134E+00     0.23053356E+00     0.45054078E+00     0.75164218E-02     135     0.17970575E-01
 0.78999982E+01     0.14519011E+01     0.14391648E-01     0.15000000E+01    -0.14303985E+00     0.20865087E+00     0.45113060E+00     0.78728795E-02     135     0.17970575E-01
 0.79999990E+01     0.14586278E+01     0.14738801E-01     0.15000000E+01    -0.14236581E+00     0.19432250E+00     0.45173571E+00     0.81390673E-02     135     0.17970575E-01
 0.81000004E+01     0.14650050E+01     0.15093493E-01     0.15000000E+01    -0.14162759E+00     0.18121688E+00     0.45231441E+00     0.84162317E-02     135     0.17970575E-01
 0.82000008E+01     0.14715630E+01     0.15420649E-01     0.15000000E+01    -0.14091004E+00     0.16935430E+00     0.45286790E+00     0.86748190E-02     135     0.17970575E-01
 0.82999983E+01     0.14780536E+01     0.15733600E-01     0.15000000E+01    -0.14019072E+00     0.15844975E+00     0.45362538E+00     0.89372229E-02     136     0.21039288E-01
 0.83999987E+01     0.14844118E+01     0.16040811E-01     0.15000000E+01    -0.13944444E+00     0.14859399E+00     0.45433989E+00     0.91987262E-02     136     0.21039288E-01
 0.85000000E+01     0.14906721E+01     0.16340256E-01     0.15000000E+01    -0.13867231E+00     0.13974865E+00     0.45498288E+00     0.94578229E-02     136     0.21039288E-01
 0.86000004E+01     0.14967765E+01     0.16635306E-01     0.15000000E+01    -0.13786761E+00     0.13171984E+00     0.45559198E+00     0.97169410E-02     136     0.21039288E-01
 0.86999979E+01     0.15026562E+01     0.16929418E-01     0.15000000E+01    -0.13701883E+00     0.12447252E+00     0.45618448E+00     0.99788653E-02     136     0.21039288E-01
 0.87999983E+01     0.15071974E+01     0.17278280E-01     0.15000000E+01    -0.13593145E+00     0.11568049E+00     0.45675159E+00     0.10282800E-01     136     0.21039288E-01
 0.88999996E+01     0.15123969E+01     0.17577974E-01     0.15000000E+01    -0.13495365E+00     0.10989524E+00     0.45733118E+00     0.10556765E-01     136     0.21039288E-01
 0.90000000E+01     0.15180066E+01     0.17844545E-01     0.15000000E+01    -0.13404137E+00     0.10466661E+00     0.45792982E+00     0.10804531E-01     136     0.21039288E-01
 0.90999975E+01     0.15227265E+01     0.18139893E-01     0.15000000E+01    -0.13296856E+00     0.99916399E-01     0.45852140E+00     0.11082830E-01     136     0.21039288E-01
 0.91999989E+01     0.15271338E+01     0.18428296E-01     0.15000000E+01    -0.13183163E+00     0.95643587E-01     0.45910931E+00     0.11357249E-01     137     0.24520898E-01
 0.92999992E+01     0.15272125E+01     0.18739443E-01     0.15000000E+01    -0.12978247E+00     0.92479520E-01     0.45991626E+00     0.11667562E-01     137     0.24520898E-01
 0.94000006E+01     0.15279558E+01     0.19062301E-01     0.15000000E+01    -0.12789312E+00     0.89469932E-01     0.46046576E+00     0.11990482E-01     137     0.24520898E-01
 0.94999971E+01     0.15288920E+01     0.19458257E-01     0.15000000E+01    -0.12613037E+00     0.86440198E-01     0.46103528E+00     0.12376234E-01     137     0.24520898E-01
 0.95999985E+01     0.15315437E+01     0.19809449E-01     0.15000000E+01    -0.12471796E+00     0.83552927E-01     0.46164292E+00     0.12731881E-01     137     0.24520898E-01
 0.96999989E+01     0.15340327E+01     0.20182358E-01     0.15000000E+01    -0.12331774E+00     0.80846444E-01     0.46223456E+00     0.13102207E-01     137     0.24520898E-01
 0.98000002E+01     0.15351837E+01     0.20626450E-01     0.15000000E+01    -0.12173390E+00     0.78252688E-01     0.46277106E+00     0.13536825E-01     137     0.24520898E-01
 0.99000006E+01     0.15382285E+01     0.20994352E-01     0.15000000E+01    -0.12049451E+00     0.75915322E-01     0.46332109E+00     0.13913864E-01     137     0.24520898E-01
 0.99999981E+01     0.15406783E+01     0.21402413E-01     0.15000000E+01    -0.11920798E+00     0.73609613E-01     0.46401623E+00     0.14329995E-01     137     0.24520898E-01
 0.10099998E+02     0.15419211E+01     0.21879334E-01     0.15000000E+01    -0.11777665E+00     0.71470976E-01     0.46469221E+00     0.14813123E-01     137     0.24520898E-01
 0.10200000E+02     0.15439104E+01     0.22331977E-01     0.15000000E+01    -0.11649611E+00     0.69478251E-01     0.46531308E+00     0.15284434E-01     137     0.24520898E-01
 0.10300000E+02     0.15453303E+01     0.22827078E-01     0.15000000E+01    -0.11517496E+00     0.66977240E-01     0.46589637E+00     0.15789635E-01     137     0.24520898E-01
 0.10399998E+02     0.15464790E+01     0.23352331E-01     0.15000000E+01    -0.11385927E+00     0.65307237E-01     0.46646008E+00     0.16329255E-01     138     0.28487660E-01
 0.10499999E+02     0.15464270E+01     0.23957606E-01     0.15000000E+01    -0.11243042E+00     0.63637897E-01     0.46699151E+00     0.16944023E-01     138     0.28487660E-01
 0.10599999E+02     0.15480814E+01     0.24488153E-01     0.15000000E+01    -0.11128382E+00     0.62176961E-01     0.46754688E+00     0.17500609E-01     138     0.28487660E-01
 0.10700000E+02     0.15493006E+01     0.25060171E-01     0.15000000E+01    -0.11013076E+00     0.60830142E-01     0.46810091E+00     0.18093450E-01     138     0.28487660E-01
 0.10799997E+02     0.15497136E+01     0.25701456E-01     0.15000000E+01    -0.10893615E+00     0.59562445E-01     0.46867451E+00     0.18754460E-01     138     0.28487660E-01
 0.10899999E+02     0.15490749E+01     0.26434571E-01     0.15000000E+01    -0.10768740E+00     0.58354821E-01     0.46918848E+00     0.19505912E-01     138     0.28487660E-01
 0.10999999E+02     0.15477147E+01     0.27241772E-01     0.15000000E+01    -0.10644332E+00     0.57234220E-01     0.46971637E+00     0.20332266E-01     138     0.28487660E-01
 0.11100000E+02     0.15467513E+01     0.28064357E-01     0.15000000E+01    -0.10532803E+00     0.56119032E-01     0.47026697E+00     0.21184092E-01     138     0.28487660E-01
 0.11200001E+02     0.15464164E+01     0.28872531E-01     0.15000000E+01    -0.10435794E+00     0.55149227E-01     0.47082961E+00     0.22021161E-01     138     0.28487660E-01
 0.11299998E+02     0.15453743E+01     0.29770572E-01     0.15000000E+01    -0.10340805E+00     0.54231271E-01     0.47138286E+00     0.22948479E-01     138     0.28487660E-01
 0.11399999E+02     0.15436939E+01     0.30756017E-01     0.15000000E+01    -0.10249487E+00     0.53368770E-01     0.47191861E+00     0.23963559E-01     138     0.28487660E-01
 0.11500000E+02     0.15412593E+01     0.31837806E-01     0.15000000E+01    -0.10162244E+00     0.52574057E-01     0.47244817E+00     0.25075573E-01     138     0.28487660E-01
 0.11600000E+02     0.15381528E+01     0.33023369E-01     0.15000000E+01    -0.10079780E+00     0.51811066E-01     0.47296777E+00     0.26291341E-01     138     0.28487660E-01
 0.11699998E+02     0.15344832E+01     0.34289673E-01     0.15000000E+01    -0.10002843E+00     0.51094431E-01     0.47342420E+00     0.27588435E-01     138     0.28487660E-01
 0.11799999E+02     0.15303179E+01     0.35644103E-01     0.15000000E+01    -0.99318691E-01     0.50367884E-01     0.47386211E+00     0.28974432E-01     138     0.28487660E-01
 0.11900000E+02     0.15274713E+01     0.36905318E-01     0.15000000E+01    -0.98750070E-01     0.49652364E-01     0.47476634E+00     0.30281378E-01     138     0.28487660E-01
 0.12000000E+02     0.15250356E+01     0.38152426E-01     0.15000000E+01    -0.98250784E-01     0.49044870E-01     0.47535560E+00     0.31571917E-01     138     0.28487660E-01
 0.12099998E+02     0.15213835E+01     0.39518211E-01     0.15000000E+01    -0.97733922E-01     0.48087649E-01     0.47584897E+00     0.32979250E-01     139     0.33023827E-01
 0.12199999E+02     0.15184708E+01     0.40823512E-01     0.15000000E+01    -0.97269818E-01     0.47889307E-01     0.47633976E+00     0.34329258E-01     139     0.33023827E-01
 0.12299999E+02     0.15136048E+01     0.42317834E-01     0.15000000E+01    -0.96755780E-01     0.46988137E-01     0.47676235E+00     0.35860248E-01     139     0.33023827E-01
 0.12400001E+02     0.15091127E+01     0.43772820E-01     0.15000000E+01    -0.96270099E-01     0.46490103E-01     0.47721434E+00     0.37354492E-01     139     0.33023827E-01
 0.12499997E+02     0.15041921E+01     0.45265317E-01     0.15000000E+01    -0.95779203E-01     0.46001446E-01     0.47765017E+00     0.38885545E-01     139     0.33023827E-01
 0.12599998E+02     0.14988844E+01     0.46776451E-01     0.15000000E+01    -0.95281713E-01     0.45529529E-01     0.47805500E+00     0.40434163E-01     139     0.33023827E-01
 0.12699999E+02     0.14933988E+01     0.48300695E-01     0.15000000E+01    -0.94783448E-01     0.45083117E-01     0.47847521E+00     0.41995708E-01     139     0.33023827E-01
 0.12800000E+02     0.14874917E+01     0.49846750E-01     0.15000000E+01    -0.94272278E-01     0.44586670E-01     0.47886509E+00     0.43578099E-01     139     0.33023827E-01
 0.12900001E+02     0.14812016E+01     0.51424794E-01     0.15000000E+01    -0.93760751E-01     0.44118959E-01     0.47924417E+00     0.45192987E-01     139     0.33023827E-01
 0.12999998E+02     0.14759573E+01     0.52901056E-01     0.15000000E+01    -0.93296148E-01     0.43713678E-01     0.47967073E+00     0.46713375E-01     139     0.33023827E-01
 0.13099999E+02     0.14712267E+01     0.54299947E-01     0.15000000E+01    -0.92843637E-01     0.43346405E-01     0.48011008E+00     0.48151489E-01     139     0.33023827E-01
 0.13200000E+02     0.14665678E+01     0.55684887E-01     0.15000000E+01    -0.92392050E-01     0.42944260E-01     0.48057348E+00     0.49573824E-01     139     0.33023827E-01
 0.13300000E+02     0.14610251E+01     0.57162393E-01     0.15000000E+01    -0.91949314E-01     0.42567726E-01     0.48096770E+00     0.51089641E-01     139     0.33023827E-01
 0.13399998E+02     0.14557135E+01     0.58607299E-01     0.15000000E+01    -0.91514587E-01     0.42201441E-01     0.48140696E+00     0.52570939E-01     139     0.33023827E-01
 0.13499999E+02     0.14508021E+01     0.60006887E-01     0.15000000E+01    -0.91103651E-01     0.41840136E-01     0.48182783E+00     0.54004822E-01     139     0.33023827E-01
 0.13599999E+02     0.14451177E+01     0.61508171E-01     0.15000000E+01    -0.90721115E-01     0.41465349E-01     0.48228008E+00     0.55541474E-01     139     0.33023827E-01
 0.13700001E+02     0.14404923E+01     0.62905915E-01     0.15000000E+01    -0.90370700E-01     0.41118849E-01     0.48275292E+00     0.56970719E-01     139     0.33023827E-01
 0.13799997E+02     0.14353108E+01     0.64369217E-01     0.15000000E+01    -0.90063184E-01     0.40781252E-01     0.48318040E+00     0.58466703E-01     139     0.33023827E-01
 0.13899999E+02     0.14308065E+01     0.65792173E-01     0.15000000E+01    -0.89794479E-01     0.40428661E-01     0.48360711E+00     0.59919000E-01     139     0.33023827E-01
 0.13999999E+02     0.14260987E+01     0.67243032E-01     0.15000000E+01    -0.89560807E-01     0.39973058E-01     0.48407060E+00     0.61396215E-01     139     0.33023827E-01
 0.14100000E+02     0.14218144E+01     0.68692863E-01     0.15000000E+01    -0.89379601E-01     0.39594527E-01     0.48450056E+00     0.62872708E-01     139     0.33023827E-01
 0.14199998E+02     0.14180441E+01     0.70095383E-01     0.15000000E+01    -0.89243948E-01     0.39188642E-01     0.48496497E+00     0.64300731E-01     139     0.33023827E-01
 0.14299998E+02     0.14142977E+01     0.71547084E-01     0.15000000E+01    -0.89178532E-01     0.38702510E-01     0.48553425E+00     0.65783426E-01     139     0.33023827E-01
 0.14400000E+02     0.14113789E+01     0.72920255E-01     0.15000000E+01    -0.89147419E-01     0.38229391E-01     0.48609334E+00     0.67190468E-01     139     0.33023827E-01
 0.14500000E+02     0.14106265E+01     0.74074581E-01     0.15000000E+01    -0.89159988E-01     0.37876144E-01     0.48668620E+00     0.68379611E-01     139     0.33023827E-01
 0.14600000E+02     0.14091277E+01     0.75339667E-01     0.15000000E+01    -0.89217514E-01     0.37487868E-01     0.48721403E+00     0.69678150E-01     139     0.33023827E-01
 0.14699998E+02     0.14084771E+01     0.76504909E-01     0.15000000E+01    -0.89264244E-01     0.37109476E-01     0.48779809E+00     0.70873059E-01     139     0.33023827E-01
 0.14799999E+02     0.14069104E+01     0.77803306E-01     0.15000000E+01    -0.89376032E-01     0.36684401E-01     0.48830822E+00     0.72204486E-01     140     0.38226053E-01
 0.14900000E+02     0.14061086E+01     0.79026908E-01     0.15000000E+01    -0.89491449E-01     0.36344852E-01     0.48883992E+00     0.73455796E-01     140     0.38226053E-01
 0.15000001E+02     0.14053001E+01     0.80235809E-01     0.15000000E+01    -0.89622803E-01     0.35913765E-01     0.48944920E+00     0.74689694E-01     140     0.38226053E-01
 0.15099998E+02     0.14040523E+01     0.81542216E-01     0.15000000E+01    -0.89814112E-01     0.35581496E-01     0.49005821E+00     0.76022752E-01     140     0.38226053E-01
 0.15199999E+02     0.14033027E+01     0.82747959E-01     0.15000000E+01    -0.89989528E-01     0.35142154E-01     0.49061888E+00     0.77249810E-01     140     0.38226053E-01
 0.15299999E+02     0.14022129E+01     0.84047996E-01     0.15000000E+01    -0.90222009E-01     0.34724087E-01     0.49161124E+00     0.78571945E-01     140     0.38226053E-01
 0.15400001E+02     0.14009309E+01     0.85364699E-01     0.15000000E+01    -0.90480588E-01     0.34331899E-01     0.49221724E+00     0.79909503E-01     140     0.38226053E-01
 0.15499998E+02     0.14006481E+01     0.86537443E-01     0.15000000E+01    -0.90717196E-01     0.33972014E-01     0.49281746E+00     0.81101127E-01     140     0.38226053E-01
 0.15599998E+02     0.13990066E+01     0.87915182E-01     0.15000000E+01    -0.91044351E-01     0.33522282E-01     0.49335372E+00     0.82500242E-01     140     0.38226053E-01
 0.15699999E+02     0.13991189E+01     0.89095354E-01     0.15000000E+01    -0.91340326E-01     0.32917436E-01     0.49409261E+00     0.83700866E-01     140     0.38226053E-01
 0.15800000E+02     0.14001768E+01     0.90156227E-01     0.15000000E+01    -0.91607213E-01     0.32736808E-01     0.49482232E+00     0.84787242E-01     140     0.38226053E-01
 0.15899998E+02     0.14007313E+01     0.91312990E-01     0.15000000E+01    -0.91952801E-01     0.32438137E-01     0.49550262E+00     0.85968085E-01     140     0.38226053E-01
 0.15999998E+02     0.14016060E+01     0.92413701E-01     0.15000000E+01    -0.92304356E-01     0.31893633E-01     0.49620539E+00     0.87095670E-01     140     0.38226053E-01
 0.16099998E+02     0.14027679E+01     0.93489923E-01     0.15000000E+01    -0.92658795E-01     0.31625554E-01     0.49692720E+00     0.88199332E-01     140     0.38226053E-01
 0.16200001E+02     0.14030054E+01     0.94692148E-01     0.15000000E+01    -0.93070909E-01     0.31260006E-01     0.49759990E+00     0.89429326E-01     140     0.38226053E-01
 0.16300001E+02     0.14033377E+01     0.95883168E-01     0.15000000E+01    -0.93506075E-01     0.30867893E-01     0.49829170E+00     0.90645552E-01     140     0.38226053E-01
 0.16399998E+02     0.14043522E+01     0.96971281E-01     0.15000000E+01    -0.93902633E-01     0.30581620E-01     0.49888796E+00     0.91755413E-01     140     0.38226053E-01
 0.16499998E+02     0.14043590E+01     0.98198168E-01     0.15000000E+01    -0.94364829E-01     0.30233366E-01     0.49966660E+00     0.93004353E-01     140     0.38226053E-01
 0.16600000E+02     0.14047290E+01     0.99402420E-01     0.15000000E+01    -0.94859853E-01     0.30033082E-01     0.50032067E+00     0.94235420E-01     141     0.44196986E-01
 0.16700001E+02     0.14050678E+01     0.10055874E+00     0.15000000E+01    -0.95316425E-01     0.29674578E-01     0.50096267E+00     0.95409438E-01     141     0.44196986E-01
 0.16799997E+02     0.14047025E+01     0.10185422E+00     0.15000000E+01    -0.95891736E-01     0.29244099E-01     0.50173450E+00     0.96723594E-01     141     0.44196986E-01
 0.16900000E+02     0.14048183E+01     0.10310464E+00     0.15000000E+01    -0.96442945E-01     0.28950602E-01     0.50229865E+00     0.97996272E-01     141     0.44196986E-01
 0.17000000E+02     0.14044610E+01     0.10435334E+00     0.15000000E+01    -0.97016603E-01     0.28549638E-01     0.50304562E+00     0.99262469E-01     141     0.44196986E-01
 0.17100000E+02     0.14061538E+01     0.10541592E+00     0.15000000E+01    -0.97505480E-01     0.28295217E-01     0.50386357E+00     0.10035192E+00     141     0.44196986E-01
 0.17199997E+02     0.14078486E+01     0.10647965E+00     0.15000000E+01    -0.98050535E-01     0.28022707E-01     0.50474578E+00     0.10144290E+00     141     0.44196986E-01
 0.17299999E+02     0.14097134E+01     0.10749253E+00     0.15000000E+01    -0.98550044E-01     0.27794514E-01     0.50550830E+00     0.10247748E+00     141     0.44196986E-01
 0.17400000E+02     0.14114316E+01     0.10850861E+00     0.15000000E+01    -0.99051073E-01     0.27459309E-01     0.50660992E+00     0.10351963E+00     141     0.44196986E-01
 0.17500000E+02     0.14124776E+01     0.10968859E+00     0.15000000E+01    -0.99732369E-01     0.27314831E-01     0.50711775E+00     0.10472842E+00     141     0.44196986E-01
 0.17599997E+02     0.14137434E+01     0.11081226E+00     0.15000000E+01    -0.10035693E+00     0.27057081E-01     0.50834304E+00     0.10588195E+00     141     0.44196986E-01
 0.17699999E+02     0.14153137E+01     0.11186668E+00     0.15000000E+01    -0.10094176E+00     0.26795715E-01     0.50868613E+00     0.10695976E+00     141     0.44196986E-01
 0.17799999E+02     0.14163384E+01     0.11300913E+00     0.15000000E+01    -0.10159481E+00     0.26478533E-01     0.50984848E+00     0.10812643E+00     141     0.44196986E-01
 0.17900000E+02     0.14170933E+01     0.11421654E+00     0.15000000E+01    -0.10230938E+00     0.26345681E-01     0.51070875E+00     0.10936078E+00     141     0.44196986E-01
 0.18000000E+02     0.14184493E+01     0.11531709E+00     0.15000000E+01    -0.10299206E+00     0.25975700E-01     0.51165694E+00     0.11047857E+00     141     0.44196986E-01
 0.18099998E+02     0.14193079E+01     0.11644682E+00     0.15000000E+01    -0.10367074E+00     0.25734117E-01     0.51183450E+00     0.11162591E+00     141     0.44196986E-01
 0.18199999E+02     0.14194456E+01     0.11780366E+00     0.15000000E+01    -0.10455176E+00     0.25437899E-01     0.51270998E+00     0.11300504E+00     141     0.44196986E-01
 0.18299999E+02     0.14199456E+01     0.11900952E+00     0.15000000E+01    -0.10531636E+00     0.25116304E-01     0.51361698E+00     0.11422809E+00     141     0.44196986E-01
 0.18400000E+02     0.14191296E+01     0.12038011E+00     0.15000000E+01    -0.10620408E+00     0.24709495E-01     0.51493073E+00     0.11561348E+00     141     0.44196986E-01
 0.18499998E+02     0.14197464E+01     0.12166679E+00     0.15000000E+01    -0.10710602E+00     0.24698840E-01     0.51569778E+00     0.11693173E+00     142     0.51026635E-01
 0.18599998E+02     0.14188428E+01     0.12307718E+00     0.15000000E+01    -0.10806979E+00     0.24321735E-01     0.51618642E+00     0.11836334E+00     142     0.51026635E-01
 0.18699999E+02     0.14223747E+01     0.12389922E+00     0.15000000E+01    -0.10865453E+00     0.24110023E-01     0.51751351E+00     0.11921071E+00     142     0.51026635E-01
 0.18800001E+02     0.14248365E+01     0.12491371E+00     0.15000000E+01    -0.10942018E+00     0.23915581E-01     0.51826727E+00     0.12025768E+00     142     0.51026635E-01
 0.18899998E+02     0.14257903E+01     0.12611406E+00     0.15000000E+01    -0.11031184E+00     0.23760388E-01     0.51940113E+00     0.12149200E+00     142     0.51026635E-01
 0.18999998E+02     0.14283050E+01     0.12707257E+00     0.15000000E+01    -0.11100634E+00     0.23567311E-01     0.52004796E+00     0.12247571E+00     142     0.51026635E-01
 0.19099998E+02     0.14301163E+01     0.12816961E+00     0.15000000E+01    -0.11186662E+00     0.23309648E-01     0.52123648E+00     0.12360084E+00     142     0.51026635E-01
 0.19200001E+02     0.14316424E+01     0.12937340E+00     0.15000000E+01    -0.11279026E+00     0.23051905E-01     0.52207196E+00     0.12483212E+00     142     0.51026635E-01
 0.19300001E+02     0.14325967E+01     0.13057540E+00     0.15000000E+01    -0.11371218E+00     0.23118259E-01     0.52314758E+00     0.12606426E+00     142     0.51026635E-01
 0.19399998E+02     0.14345648E+01     0.13160431E+00     0.15000000E+01    -0.11452419E+00     0.22788098E-01     0.52408838E+00     0.12711090E+00     142     0.51026635E-01
 0.19499998E+02     0.14352869E+01     0.13290767E+00     0.15000000E+01    -0.11560220E+00     0.22531457E-01     0.52505338E+00     0.12843664E+00     142     0.51026635E-01
