  
       RFOIL         Version 3.00
  
 Calculated polar for: OSO-2026-HT1-T18                
  
 1  Reynolds number fixed
  
 xtrf =      1.00000000 (suction)     1.00000000 (pressure)
 Rot. Parameters:  f0 =      1.00000000 c/r =      0.00000000
 Mach =      0.00000000     Re =      1.50000000 e 6     Ncrit =      9.00000000
  
             alpha                CL                CD            Re(CL)                CM             S_xtr             P_xtr               CDp            I_stag            X_stag
  ------- -------- --------- --------- -------- ------- ------- -------- 
-0.19500000E+02    -0.65252882E+00     0.19977619E+00     0.15000000E+01     0.41096933E-01     0.10000000E+01     0.93380418E-02     0.19849677E+00     103     0.40209584E-01
-0.19400002E+02    -0.64817327E+00     0.19939667E+00     0.15000000E+01     0.40305700E-01     0.10000000E+01     0.92935432E-02     0.19812247E+00     103     0.40209584E-01
-0.19300001E+02    -0.64320850E+00     0.19930319E+00     0.15000000E+01     0.39575856E-01     0.10000000E+01     0.92543168E-02     0.19803643E+00     103     0.40209584E-01
-0.19200001E+02    -0.63870889E+00     0.19893405E+00     0.15000000E+01     0.38726870E-01     0.10000000E+01     0.91941506E-02     0.19766930E+00     104     0.34667194E-01
-0.17300001E+02    -0.10107933E+01     0.62144913E-01     0.15000000E+01    -0.66703856E-01     0.10000000E+01     0.12062437E-01     0.59142012E-01     100     0.59696004E-01
-0.17200001E+02    -0.10195735E+01     0.60170341E-01     0.15000000E+01    -0.68206511E-01     0.10000000E+01     0.12063050E-01     0.57107966E-01     100     0.59696004E-01
-0.17100000E+02    -0.10296892E+01     0.58166545E-01     0.15000000E+01    -0.69620810E-01     0.10000000E+01     0.12078148E-01     0.55043709E-01     100     0.59696004E-01
-0.17000002E+02    -0.10392774E+01     0.56270961E-01     0.15000000E+01    -0.70832498E-01     0.10000000E+01     0.12118013E-01     0.53091373E-01     100     0.59696004E-01
-0.16900000E+02    -0.10473390E+01     0.54576237E-01     0.15000000E+01    -0.71827076E-01     0.10000000E+01     0.12142459E-01     0.51343568E-01     100     0.59696004E-01
-0.16800001E+02    -0.10549001E+01     0.52987225E-01     0.15000000E+01    -0.72694398E-01     0.10000000E+01     0.12191908E-01     0.49705058E-01     100     0.59696004E-01
-0.16700001E+02    -0.10606256E+01     0.51585212E-01     0.15000000E+01    -0.73392577E-01     0.10000000E+01     0.12220445E-01     0.48257895E-01     100     0.59696004E-01
-0.16600000E+02    -0.10661360E+01     0.50190482E-01     0.15000000E+01    -0.74032716E-01     0.10000000E+01     0.12269857E-01     0.46819542E-01     100     0.59696004E-01
-0.16500000E+02    -0.10712495E+01     0.48843469E-01     0.15000000E+01    -0.74611135E-01     0.10000000E+01     0.12327812E-01     0.45430373E-01     100     0.59696004E-01
-0.16400002E+02    -0.10745571E+01     0.47642812E-01     0.15000000E+01    -0.75088859E-01     0.10000000E+01     0.12363274E-01     0.44191707E-01     100     0.59696004E-01
-0.16300001E+02    -0.10778192E+01     0.46454232E-01     0.15000000E+01    -0.75541995E-01     0.10000000E+01     0.12422064E-01     0.42965993E-01     100     0.59696004E-01
-0.16200001E+02    -0.10801207E+01     0.45343772E-01     0.15000000E+01    -0.75930580E-01     0.10000000E+01     0.12472001E-01     0.41818194E-01     101     0.52765328E-01
-0.16100000E+02    -0.10817715E+01     0.44286326E-01     0.15000000E+01    -0.76280303E-01     0.10000000E+01     0.12520133E-01     0.40727202E-01     101     0.52765328E-01
-0.16000002E+02    -0.10829742E+01     0.43261461E-01     0.15000000E+01    -0.76600604E-01     0.10000000E+01     0.12574959E-01     0.39670330E-01     101     0.52765328E-01
-0.15900001E+02    -0.10836481E+01     0.42286038E-01     0.15000000E+01    -0.76880217E-01     0.10000000E+01     0.12631208E-01     0.38664311E-01     101     0.52765328E-01
-0.15800000E+02    -0.10839481E+01     0.41337915E-01     0.15000000E+01    -0.77135369E-01     0.10000000E+01     0.12701070E-01     0.37687086E-01     101     0.52765328E-01
-0.15700001E+02    -0.10837536E+01     0.40432751E-01     0.15000000E+01    -0.77360041E-01     0.10000000E+01     0.12744550E-01     0.36752217E-01     101     0.52765328E-01
-0.15600002E+02    -0.10834086E+01     0.39544500E-01     0.15000000E+01    -0.77559888E-01     0.10000000E+01     0.12810228E-01     0.35836030E-01     101     0.52765328E-01
-0.15500001E+02    -0.10823139E+01     0.38704332E-01     0.15000000E+01    -0.77735864E-01     0.10000000E+01     0.12880309E-01     0.34969926E-01     101     0.52765328E-01
-0.15400001E+02    -0.10812433E+01     0.37879176E-01     0.15000000E+01    -0.77886589E-01     0.10000000E+01     0.12940086E-01     0.34117524E-01     101     0.52765328E-01
-0.15300001E+02    -0.10799975E+01     0.37073400E-01     0.15000000E+01    -0.78020185E-01     0.10000000E+01     0.12992870E-01     0.33283986E-01     101     0.52765328E-01
-0.15200001E+02    -0.10781901E+01     0.36304869E-01     0.15000000E+01    -0.78124486E-01     0.10000000E+01     0.13066823E-01     0.32490153E-01     101     0.52765328E-01
-0.15100001E+02    -0.10766549E+01     0.35521287E-01     0.15000000E+01    -0.78217015E-01     0.10000000E+01     0.13129679E-01     0.31679157E-01     101     0.52765328E-01
-0.15000001E+02    -0.10744396E+01     0.34799665E-01     0.15000000E+01    -0.78275904E-01     0.10000000E+01     0.13208620E-01     0.30932864E-01     101     0.52765328E-01
-0.14900000E+02    -0.10724777E+01     0.34059603E-01     0.15000000E+01    -0.78323454E-01     0.10000000E+01     0.13277503E-01     0.30166648E-01     101     0.52765328E-01
-0.14800000E+02    -0.10702688E+01     0.33348326E-01     0.15000000E+01    -0.78339987E-01     0.10000000E+01     0.13342587E-01     0.29429745E-01     101     0.52765328E-01
-0.14700002E+02    -0.10679886E+01     0.32645870E-01     0.15000000E+01    -0.78335918E-01     0.10000000E+01     0.13422141E-01     0.28701974E-01     101     0.52765328E-01
-0.14600000E+02    -0.10654762E+01     0.31972535E-01     0.15000000E+01    -0.78302011E-01     0.10000000E+01     0.13504649E-01     0.28003685E-01     101     0.52765328E-01
-0.14500000E+02    -0.10614556E+01     0.31431723E-01     0.15000000E+01    -0.78260817E-01     0.10000000E+01     0.13637542E-01     0.27445471E-01     101     0.52765328E-01
-0.14400001E+02    -0.10606028E+01     0.30634284E-01     0.15000000E+01    -0.78144073E-01     0.10000000E+01     0.13648612E-01     0.26615094E-01     101     0.52765328E-01
-0.14300001E+02    -0.10564612E+01     0.30129533E-01     0.15000000E+01    -0.78041144E-01     0.10000000E+01     0.13789199E-01     0.26089814E-01     102     0.46254452E-01
-0.14200001E+02    -0.10536546E+01     0.29522626E-01     0.15000000E+01    -0.77870950E-01     0.10000000E+01     0.13875284E-01     0.25458781E-01     102     0.46254452E-01
-0.14100001E+02    -0.10516446E+01     0.28887404E-01     0.15000000E+01    -0.77621147E-01     0.10000000E+01     0.13925452E-01     0.24798051E-01     102     0.46254452E-01
-0.14000001E+02    -0.10495336E+01     0.28304460E-01     0.15000000E+01    -0.77287473E-01     0.10000000E+01     0.14000827E-01     0.24190089E-01     102     0.46254452E-01
-0.13900002E+02    -0.10478908E+01     0.27740356E-01     0.15000000E+01    -0.76822199E-01     0.10000000E+01     0.14066000E-01     0.23602253E-01     102     0.46254452E-01
-0.13800001E+02    -0.10474814E+01     0.27201224E-01     0.15000000E+01    -0.76101333E-01     0.10000000E+01     0.14118841E-01     0.23039641E-01     102     0.46254452E-01
-0.13700001E+02    -0.10529927E+01     0.26624167E-01     0.15000000E+01    -0.74466422E-01     0.10000000E+01     0.14144167E-01     0.22438608E-01     102     0.46254452E-01
-0.13600001E+02    -0.10467541E+01     0.26061650E-01     0.15000000E+01    -0.74728064E-01     0.99875665E+00     0.14204520E-01     0.21851085E-01     102     0.46254452E-01
-0.13500001E+02    -0.10393182E+01     0.25363157E-01     0.15000000E+01    -0.75471938E-01     0.99698299E+00     0.14288994E-01     0.21127943E-01     102     0.46254452E-01
-0.13400001E+02    -0.10341867E+01     0.24200663E-01     0.15000000E+01    -0.76738104E-01     0.99476880E+00     0.14566272E-01     0.19919667E-01     102     0.46254452E-01
-0.13300000E+02    -0.10254451E+01     0.23398459E-01     0.15000000E+01    -0.77961810E-01     0.99228150E+00     0.14773665E-01     0.19087043E-01     102     0.46254452E-01
-0.13200001E+02    -0.10151081E+01     0.22745075E-01     0.15000000E+01    -0.79204708E-01     0.98988879E+00     0.14954965E-01     0.18409779E-01     102     0.46254452E-01
-0.13100000E+02    -0.10044453E+01     0.22164511E-01     0.15000000E+01    -0.80330953E-01     0.98573339E+00     0.15131501E-01     0.17806245E-01     102     0.46254452E-01
-0.13000001E+02    -0.99363953E+00     0.21660669E-01     0.15000000E+01    -0.81342027E-01     0.98194665E+00     0.15286390E-01     0.17282033E-01     102     0.46254452E-01
-0.12900001E+02    -0.98266810E+00     0.21198198E-01     0.15000000E+01    -0.82288519E-01     0.97757679E+00     0.15435317E-01     0.16794510E-01     103     0.40209584E-01
-0.12800001E+02    -0.97209042E+00     0.20760613E-01     0.15000000E+01    -0.83095551E-01     0.97188967E+00     0.15592597E-01     0.16333770E-01     103     0.40209584E-01
-0.12700001E+02    -0.96129465E+00     0.20368297E-01     0.15000000E+01    -0.83845161E-01     0.96531320E+00     0.15754702E-01     0.15915137E-01     103     0.40209584E-01
-0.12600001E+02    -0.95085335E+00     0.19999953E-01     0.15000000E+01    -0.84448695E-01     0.95671195E+00     0.15913593E-01     0.15515329E-01     103     0.40209584E-01
-0.12500001E+02    -0.94082826E+00     0.19656422E-01     0.15000000E+01    -0.84896818E-01     0.94459110E+00     0.16083341E-01     0.15132526E-01     103     0.40209584E-01
-0.12400002E+02    -0.93143958E+00     0.19346902E-01     0.15000000E+01    -0.85124858E-01     0.92668992E+00     0.16243581E-01     0.14763147E-01     103     0.40209584E-01
-0.12300001E+02    -0.92278451E+00     0.19099295E-01     0.15000000E+01    -0.85085750E-01     0.89754409E+00     0.16403021E-01     0.14411382E-01     103     0.40209584E-01
-0.12200001E+02    -0.91469538E+00     0.18945824E-01     0.15000000E+01    -0.84867112E-01     0.84896129E+00     0.16554797E-01     0.14061946E-01     103     0.40209584E-01
-0.12100001E+02    -0.90496540E+00     0.18808171E-01     0.15000000E+01    -0.84991753E-01     0.81880128E+00     0.16707167E-01     0.13787700E-01     103     0.40209584E-01
-0.12000000E+02    -0.89463621E+00     0.18673640E-01     0.15000000E+01    -0.85209809E-01     0.79805601E+00     0.16850060E-01     0.13552405E-01     103     0.40209584E-01
-0.11900001E+02    -0.88386619E+00     0.18558342E-01     0.15000000E+01    -0.85459962E-01     0.78301817E+00     0.16976219E-01     0.13358571E-01     104     0.34667194E-01
-0.11800000E+02    -0.87347698E+00     0.18292848E-01     0.15000000E+01    -0.85853077E-01     0.77119470E+00     0.17253945E-01     0.13032855E-01     104     0.34667194E-01
-0.11700001E+02    -0.86309451E+00     0.17971840E-01     0.15000000E+01    -0.86302243E-01     0.76151061E+00     0.17607782E-01     0.12660397E-01     104     0.34667194E-01
-0.11600000E+02    -0.85228091E+00     0.17733205E-01     0.15000000E+01    -0.86700857E-01     0.75322926E+00     0.17868558E-01     0.12380069E-01     104     0.34667194E-01
-0.11500001E+02    -0.84126508E+00     0.17528789E-01     0.15000000E+01    -0.87081909E-01     0.74595028E+00     0.18107735E-01     0.12137279E-01     104     0.34667194E-01
-0.11400001E+02    -0.83005655E+00     0.17335033E-01     0.15000000E+01    -0.87466270E-01     0.73956215E+00     0.18349109E-01     0.11913977E-01     104     0.34667194E-01
-0.11300001E+02    -0.81877005E+00     0.17159911E-01     0.15000000E+01    -0.87839924E-01     0.73379529E+00     0.18579310E-01     0.11706059E-01     104     0.34667194E-01
-0.11200001E+02    -0.80741268E+00     0.16995961E-01     0.15000000E+01    -0.88207908E-01     0.72708279E+00     0.18827759E-01     0.11504875E-01     104     0.34667194E-01
-0.11100001E+02    -0.79591578E+00     0.16840940E-01     0.15000000E+01    -0.88578865E-01     0.72230279E+00     0.19064294E-01     0.11320170E-01     104     0.34667194E-01
-0.11000001E+02    -0.78432530E+00     0.16714709E-01     0.15000000E+01    -0.88930629E-01     0.71777338E+00     0.19391499E-01     0.11164130E-01     105     0.29648051E-01
-0.10900001E+02    -0.77273041E+00     0.16575171E-01     0.15000000E+01    -0.89294918E-01     0.71359491E+00     0.19640896E-01     0.10990577E-01     105     0.29648051E-01
-0.10800001E+02    -0.76102853E+00     0.16443549E-01     0.15000000E+01    -0.89656405E-01     0.70961988E+00     0.19870410E-01     0.10830157E-01     105     0.29648051E-01
-0.10700001E+02    -0.74928808E+00     0.16343454E-01     0.15000000E+01    -0.89987896E-01     0.70586580E+00     0.20076500E-01     0.10695805E-01     105     0.29648051E-01
-0.10600001E+02    -0.73760682E+00     0.16166385E-01     0.15000000E+01    -0.90403818E-01     0.70232999E+00     0.20423278E-01     0.10496048E-01     105     0.29648051E-01
-0.10500001E+02    -0.72592944E+00     0.15924776E-01     0.15000000E+01    -0.90895355E-01     0.69890988E+00     0.20890873E-01     0.10237051E-01     105     0.29648051E-01
-0.10400002E+02    -0.71415877E+00     0.15741795E-01     0.15000000E+01    -0.91329284E-01     0.69564754E+00     0.21271806E-01     0.10036014E-01     105     0.29648051E-01
-0.10300000E+02    -0.70231372E+00     0.15588826E-01     0.15000000E+01    -0.91739729E-01     0.69255680E+00     0.21598278E-01     0.98660924E-02     105     0.29648051E-01
-0.10200001E+02    -0.69039977E+00     0.15444126E-01     0.15000000E+01    -0.92145585E-01     0.68865556E+00     0.21929352E-01     0.97050685E-02     105     0.29648051E-01
-0.10100000E+02    -0.67844737E+00     0.15314258E-01     0.15000000E+01    -0.92538856E-01     0.68575621E+00     0.22271805E-01     0.95523726E-02     106     0.25154669E-01
-0.10000001E+02    -0.66648710E+00     0.15196665E-01     0.15000000E+01    -0.92922807E-01     0.68302089E+00     0.22604004E-01     0.94095673E-02     106     0.25154669E-01
-0.99000006E+01    -0.65442294E+00     0.15078382E-01     0.15000000E+01    -0.93309410E-01     0.68028194E+00     0.22958986E-01     0.92738206E-02     106     0.25154669E-01
-0.98000011E+01    -0.64235824E+00     0.14973447E-01     0.15000000E+01    -0.93684785E-01     0.67763209E+00     0.23307057E-01     0.91462722E-02     106     0.25154669E-01
-0.97000008E+01    -0.63029665E+00     0.14889052E-01     0.15000000E+01    -0.94034880E-01     0.67511439E+00     0.23606988E-01     0.90341587E-02     106     0.25154669E-01
-0.96000013E+01    -0.61822623E+00     0.14763275E-01     0.15000000E+01    -0.94445139E-01     0.67270064E+00     0.24018437E-01     0.88859703E-02     106     0.25154669E-01
-0.95000010E+01    -0.60601419E+00     0.14570067E-01     0.15000000E+01    -0.94947025E-01     0.67024297E+00     0.24667816E-01     0.86888866E-02     106     0.25154669E-01
-0.94000006E+01    -0.59381008E+00     0.14426633E-01     0.15000000E+01    -0.95389143E-01     0.66785336E+00     0.25147384E-01     0.85385591E-02     106     0.25154669E-01
-0.93000011E+01    -0.58161753E+00     0.14305284E-01     0.15000000E+01    -0.95809035E-01     0.66555458E+00     0.25596948E-01     0.84032957E-02     107     0.21171682E-01
-0.91999998E+01    -0.56948215E+00     0.14211267E-01     0.15000000E+01    -0.96197061E-01     0.66272199E+00     0.26173353E-01     0.82904091E-02     107     0.21171682E-01
-0.91000013E+01    -0.55722076E+00     0.14107588E-01     0.15000000E+01    -0.96595995E-01     0.66049033E+00     0.26650101E-01     0.81751645E-02     107     0.21171682E-01
-0.90000000E+01    -0.54495817E+00     0.14014566E-01     0.15000000E+01    -0.96981034E-01     0.65829808E+00     0.27108843E-01     0.80657471E-02     107     0.21171682E-01
-0.89000015E+01    -0.53271186E+00     0.13937118E-01     0.15000000E+01    -0.97346321E-01     0.65618992E+00     0.27523924E-01     0.79667438E-02     107     0.21171682E-01
-0.88000002E+01    -0.52045709E+00     0.13852070E-01     0.15000000E+01    -0.97728923E-01     0.65416110E+00     0.28010117E-01     0.78619048E-02     107     0.21171682E-01
-0.87000017E+01    -0.50805980E+00     0.13696068E-01     0.15000000E+01    -0.98225862E-01     0.65222460E+00     0.28823433E-01     0.76937960E-02     107     0.21171682E-01
-0.86000004E+01    -0.49565232E+00     0.13572987E-01     0.15000000E+01    -0.98674700E-01     0.65019643E+00     0.29458286E-01     0.75720455E-02     107     0.21171682E-01
-0.85000019E+01    -0.48325759E+00     0.13466883E-01     0.15000000E+01    -0.99100463E-01     0.64819634E+00     0.30036731E-01     0.74596670E-02     108     0.17670281E-01
-0.84000006E+01    -0.47087851E+00     0.13373843E-01     0.15000000E+01    -0.99508375E-01     0.64627451E+00     0.30655010E-01     0.73571377E-02     108     0.17670281E-01
-0.83000011E+01    -0.45854759E+00     0.13296446E-01     0.15000000E+01    -0.99894486E-01     0.64386624E+00     0.31275615E-01     0.72597503E-02     108     0.17670281E-01
-0.82000008E+01    -0.44622573E+00     0.13229889E-01     0.15000000E+01    -0.10026451E+00     0.64210081E+00     0.31852212E-01     0.71685328E-02     108     0.17670281E-01
-0.81000013E+01    -0.43389842E+00     0.13173097E-01     0.15000000E+01    -0.10061677E+00     0.64025789E+00     0.32336909E-01     0.70943474E-02     108     0.17670281E-01
-0.80000010E+01    -0.42130640E+00     0.13031620E-01     0.15000000E+01    -0.10112347E+00     0.63840860E+00     0.33610061E-01     0.69628800E-02     108     0.17670281E-01
-0.79000001E+01    -0.40880755E+00     0.12929116E-01     0.15000000E+01    -0.10156296E+00     0.63660955E+00     0.34388162E-01     0.68599069E-02     108     0.17670281E-01
-0.78000011E+01    -0.39635190E+00     0.12843493E-01     0.15000000E+01    -0.10197726E+00     0.63489419E+00     0.35131603E-01     0.67676282E-02     108     0.17670281E-01
-0.77000003E+01    -0.38392505E+00     0.12769739E-01     0.15000000E+01    -0.10237379E+00     0.63324326E+00     0.35907853E-01     0.66785063E-02     109     0.14612910E-01
-0.76000009E+01    -0.37154615E+00     0.12709825E-01     0.15000000E+01    -0.10274830E+00     0.63164061E+00     0.36667224E-01     0.65970388E-02     109     0.14612910E-01
-0.75000005E+01    -0.35915115E+00     0.12656435E-01     0.15000000E+01    -0.10310332E+00     0.62993580E+00     0.37341285E-01     0.65294071E-02     109     0.14612910E-01
-0.74000010E+01    -0.34653860E+00     0.12551079E-01     0.15000000E+01    -0.10356285E+00     0.62822616E+00     0.38474008E-01     0.64257900E-02     109     0.14612910E-01
-0.73000002E+01    -0.33395496E+00     0.12455143E-01     0.15000000E+01    -0.10400960E+00     0.62656164E+00     0.39461840E-01     0.63325013E-02     109     0.14612910E-01
-0.72000012E+01    -0.32145280E+00     0.12379691E-01     0.15000000E+01    -0.10442135E+00     0.62448627E+00     0.40399686E-01     0.62517910E-02     109     0.14612910E-01
-0.71000004E+01    -0.30898434E+00     0.12315445E-01     0.15000000E+01    -0.10481514E+00     0.62296224E+00     0.41382164E-01     0.61770962E-02     109     0.14612910E-01
-0.70000014E+01    -0.29659843E+00     0.12270091E-01     0.15000000E+01    -0.10517551E+00     0.62149262E+00     0.42537536E-01     0.61118454E-02     110     0.11957771E-01
-0.69000006E+01    -0.28415957E+00     0.12220533E-01     0.15000000E+01    -0.10553642E+00     0.61992246E+00     0.43406889E-01     0.60497252E-02     110     0.11957771E-01
-0.68000016E+01    -0.27145672E+00     0.12117204E-01     0.15000000E+01    -0.10601030E+00     0.61831570E+00     0.44828046E-01     0.59564239E-02     110     0.11957771E-01
-0.67000008E+01    -0.25887975E+00     0.12041061E-01     0.15000000E+01    -0.10643374E+00     0.61676520E+00     0.45964208E-01     0.58839004E-02     110     0.11957771E-01
-0.66000018E+01    -0.24634883E+00     0.11978168E-01     0.15000000E+01    -0.10683120E+00     0.61527091E+00     0.47107257E-01     0.58178222E-02     110     0.11957771E-01
-0.65000010E+01    -0.23386545E+00     0.11926408E-01     0.15000000E+01    -0.10720750E+00     0.61383390E+00     0.48259739E-01     0.57552583E-02     110     0.11957771E-01
-0.64000001E+01    -0.22146828E+00     0.11891120E-01     0.15000000E+01    -0.10755005E+00     0.61244208E+00     0.49292509E-01     0.56995898E-02     110     0.11957771E-01
-0.63000011E+01    -0.20888710E+00     0.11822048E-01     0.15000000E+01    -0.10797518E+00     0.61108518E+00     0.50798677E-01     0.56215054E-02     111     0.96629225E-02
-0.62000003E+01    -0.19626871E+00     0.11748355E-01     0.15000000E+01    -0.10840617E+00     0.60914683E+00     0.52514751E-01     0.55619385E-02     111     0.96629225E-02
-0.61000009E+01    -0.18369941E+00     0.11689452E-01     0.15000000E+01    -0.10880106E+00     0.60763878E+00     0.53819593E-01     0.55050617E-02     111     0.96629225E-02
-0.60000000E+01    -0.17118679E+00     0.11642044E-01     0.15000000E+01    -0.10917383E+00     0.60619396E+00     0.55174701E-01     0.54515293E-02     111     0.96629225E-02
-0.59000010E+01    -0.15876588E+00     0.11611652E-01     0.15000000E+01    -0.10951090E+00     0.60480595E+00     0.56331500E-01     0.54048784E-02     111     0.96629225E-02
-0.58000002E+01    -0.14610529E+00     0.11537945E-01     0.15000000E+01    -0.10995235E+00     0.60347873E+00     0.58204021E-01     0.53359871E-02     111     0.96629225E-02
-0.57000012E+01    -0.13354881E+00     0.11484151E-01     0.15000000E+01    -0.11035285E+00     0.60217875E+00     0.59772223E-01     0.52799354E-02     112     0.76893726E-02
-0.56000004E+01    -0.12108112E+00     0.11444951E-01     0.15000000E+01    -0.11072557E+00     0.60089725E+00     0.61651692E-01     0.52340003E-02     112     0.76893726E-02
-0.55000014E+01    -0.10860359E+00     0.11409335E-01     0.15000000E+01    -0.11107901E+00     0.59953392E+00     0.63165948E-01     0.51917438E-02     112     0.76893726E-02
-0.54000006E+01    -0.96013665E-01     0.11356594E-01     0.15000000E+01    -0.11146899E+00     0.59812844E+00     0.64887866E-01     0.51407041E-02     112     0.76893726E-02
-0.53000016E+01    -0.83376445E-01     0.11296527E-01     0.15000000E+01    -0.11188250E+00     0.59675908E+00     0.66755161E-01     0.50916933E-02     112     0.76893726E-02
-0.52000008E+01    -0.70836075E-01     0.11251636E-01     0.15000000E+01    -0.11226451E+00     0.59500885E+00     0.68478763E-01     0.50472440E-02     112     0.76893726E-02
-0.51000013E+01    -0.58346972E-01     0.11216995E-01     0.15000000E+01    -0.11262350E+00     0.59373105E+00     0.70242837E-01     0.50060051E-02     112     0.76893726E-02
-0.50000010E+01    -0.45894038E-01     0.11187795E-01     0.15000000E+01    -0.11297536E+00     0.59250534E+00     0.72430298E-01     0.49647107E-02     113     0.60032276E-02
-0.49000015E+01    -0.33318002E-01     0.11140368E-01     0.15000000E+01    -0.11337576E+00     0.59130287E+00     0.74562736E-01     0.49195876E-02     113     0.60032276E-02
-0.48000007E+01    -0.20825382E-01     0.11106944E-01     0.15000000E+01    -0.11374732E+00     0.59006959E+00     0.76499902E-01     0.48833615E-02     113     0.60032276E-02
-0.47000003E+01    -0.82756542E-02     0.11067802E-01     0.15000000E+01    -0.11411244E+00     0.58873725E+00     0.78437597E-01     0.48492821E-02     113     0.60032276E-02
-0.46000009E+01     0.42118132E-02     0.11038335E-01     0.15000000E+01    -0.11445696E+00     0.58742368E+00     0.80331452E-01     0.48146239E-02     113     0.60032276E-02
-0.45000000E+01     0.16845206E-01     0.10987666E-01     0.15000000E+01    -0.11486255E+00     0.58614153E+00     0.82772709E-01     0.47769425E-02     113     0.60032276E-02
-0.44000010E+01     0.29390389E-01     0.10949102E-01     0.15000000E+01    -0.11524265E+00     0.58490378E+00     0.85488282E-01     0.47457060E-02     114     0.45754998E-02
-0.43000002E+01     0.41855820E-01     0.10923420E-01     0.15000000E+01    -0.11558896E+00     0.58370572E+00     0.87645426E-01     0.47144587E-02     114     0.45754998E-02
-0.42000012E+01     0.54329347E-01     0.10897362E-01     0.15000000E+01    -0.11594006E+00     0.58255804E+00     0.89987256E-01     0.46805288E-02     114     0.45754998E-02
-0.41000004E+01     0.66836372E-01     0.10865496E-01     0.15000000E+01    -0.11631682E+00     0.58104187E+00     0.92538767E-01     0.46483604E-02     114     0.45754998E-02
-0.40000014E+01     0.79296626E-01     0.10842659E-01     0.15000000E+01    -0.11667033E+00     0.57984805E+00     0.94971508E-01     0.46231379E-02     114     0.45754998E-02
-0.39000006E+01     0.91797650E-01     0.10815445E-01     0.15000000E+01    -0.11701573E+00     0.57858509E+00     0.97903833E-01     0.46011652E-02     114     0.45754998E-02
-0.38000014E+01     0.10441496E+00     0.10772731E-01     0.15000000E+01    -0.11740865E+00     0.57734025E+00     0.10087824E+00     0.45717852E-02     115     0.33813347E-02
-0.37000005E+01     0.11696001E+00     0.10740265E-01     0.15000000E+01    -0.11777763E+00     0.57611865E+00     0.10363709E+00     0.45488398E-02     115     0.33813347E-02
-0.36000016E+01     0.12942998E+00     0.10718799E-01     0.15000000E+01    -0.11812016E+00     0.57494295E+00     0.10642231E+00     0.45267493E-02     115     0.33813347E-02
-0.35000007E+01     0.14196436E+00     0.10687787E-01     0.15000000E+01    -0.11849607E+00     0.57380134E+00     0.11032757E+00     0.45035379E-02     115     0.33813347E-02
-0.34000015E+01     0.15446058E+00     0.10663499E-01     0.15000000E+01    -0.11885586E+00     0.57269907E+00     0.11346352E+00     0.44833217E-02     115     0.33813347E-02
-0.33000009E+01     0.16687608E+00     0.10650189E-01     0.15000000E+01    -0.11918796E+00     0.57161570E+00     0.11664641E+00     0.44636237E-02     115     0.33813347E-02
-0.32000017E+01     0.17931668E+00     0.10632257E-01     0.15000000E+01    -0.11954419E+00     0.57016051E+00     0.12029145E+00     0.44397754E-02     116     0.23992427E-02
-0.31000009E+01     0.19186112E+00     0.10603946E-01     0.15000000E+01    -0.11991070E+00     0.56897211E+00     0.12397540E+00     0.44274442E-02     116     0.23992427E-02
-0.30000000E+01     0.20441397E+00     0.10574161E-01     0.15000000E+01    -0.12027907E+00     0.56776649E+00     0.12893003E+00     0.44114725E-02     116     0.23992427E-02
-0.29000010E+01     0.21698014E+00     0.10543963E-01     0.15000000E+01    -0.12065569E+00     0.56659502E+00     0.13322569E+00     0.43991366E-02     116     0.23992427E-02
-0.28000002E+01     0.22945830E+00     0.10525413E-01     0.15000000E+01    -0.12099969E+00     0.56545281E+00     0.13768861E+00     0.43834811E-02     116     0.23992427E-02
-0.27000012E+01     0.24202618E+00     0.10495573E-01     0.15000000E+01    -0.12138565E+00     0.56434244E+00     0.14298601E+00     0.43719485E-02     117     0.16104087E-02
-0.26000004E+01     0.25456417E+00     0.10469741E-01     0.15000000E+01    -0.12176555E+00     0.56326848E+00     0.15015380E+00     0.43601887E-02     117     0.16104087E-02
-0.25000012E+01     0.26707059E+00     0.10448438E-01     0.15000000E+01    -0.12213603E+00     0.56222600E+00     0.15676814E+00     0.43514944E-02     117     0.16104087E-02
-0.24000003E+01     0.27960965E+00     0.10423314E-01     0.15000000E+01    -0.12252475E+00     0.56120175E+00     0.16472830E+00     0.43412987E-02     117     0.16104087E-02
-0.23000014E+01     0.29214501E+00     0.10398849E-01     0.15000000E+01    -0.12292067E+00     0.56014138E+00     0.17450549E+00     0.43330635E-02     117     0.16104087E-02
-0.22000005E+01     0.30489329E+00     0.10351871E-01     0.15000000E+01    -0.12336943E+00     0.55862075E+00     0.18797548E+00     0.43315920E-02     117     0.16104087E-02
-0.21000013E+01     0.31816140E+00     0.10247231E-01     0.15000000E+01    -0.12403829E+00     0.55746716E+00     0.22127780E+00     0.43344316E-02     118     0.99777535E-03
-0.20000007E+01     0.33540073E+00     0.98361215E-02     0.15000000E+01    -0.12649135E+00     0.55634159E+00     0.45518395E+00     0.46320790E-02     118     0.99777535E-03
-0.19000015E+01     0.34799305E+00     0.98448880E-02     0.15000000E+01    -0.12689780E+00     0.55525720E+00     0.48112676E+00     0.47065020E-02     118     0.99777535E-03
-0.18000008E+01     0.36042121E+00     0.98586511E-02     0.15000000E+01    -0.12723327E+00     0.55419415E+00     0.49647513E+00     0.47570490E-02     118     0.99777535E-03
-0.17000016E+01     0.37274593E+00     0.98734330E-02     0.15000000E+01    -0.12752788E+00     0.55316228E+00     0.50566649E+00     0.47837407E-02     118     0.99777535E-03
-0.16000009E+01     0.38503310E+00     0.98890597E-02     0.15000000E+01    -0.12781173E+00     0.55216044E+00     0.51509017E+00     0.48092133E-02     119     0.54556254E-03
-0.15000000E+01     0.39725009E+00     0.99059660E-02     0.15000000E+01    -0.12806928E+00     0.55116928E+00     0.52065241E+00     0.48129898E-02     119     0.54556254E-03
-0.14000009E+01     0.40945992E+00     0.99252900E-02     0.15000000E+01    -0.12833656E+00     0.55015427E+00     0.52494580E+00     0.48316931E-02     119     0.54556254E-03
-0.13000002E+01     0.42176995E+00     0.99392654E-02     0.15000000E+01    -0.12860692E+00     0.54871655E+00     0.52901512E+00     0.48475652E-02     119     0.54556254E-03
-0.12000011E+01     0.43409631E+00     0.99523803E-02     0.15000000E+01    -0.12888756E+00     0.54758471E+00     0.53351831E+00     0.48725614E-02     119     0.54556254E-03
-0.11000003E+01     0.44637981E+00     0.99662859E-02     0.15000000E+01    -0.12915383E+00     0.54650199E+00     0.53815222E+00     0.48898994E-02     120     0.23854098E-03
-0.10000012E+01     0.45864263E+00     0.99812923E-02     0.15000000E+01    -0.12941584E+00     0.54544348E+00     0.54096609E+00     0.48958436E-02     120     0.23854098E-03
-0.90000039E+00     0.47090575E+00     0.99995062E-02     0.15000000E+01    -0.12968685E+00     0.54441279E+00     0.54322058E+00     0.49194684E-02     120     0.23854098E-03
-0.80000126E+00     0.48313352E+00     0.10017069E-01     0.15000000E+01    -0.12994848E+00     0.54341942E+00     0.54539746E+00     0.49336413E-02     120     0.23854098E-03
-0.70000046E+00     0.49530491E+00     0.10032745E-01     0.15000000E+01    -0.13019039E+00     0.54244661E+00     0.54957992E+00     0.49345656E-02     120     0.23854098E-03
-0.60000139E+00     0.50748324E+00     0.10052077E-01     0.15000000E+01    -0.13044490E+00     0.54149210E+00     0.55144900E+00     0.49422760E-02     121     0.62155326E-04
-0.50000060E+00     0.51963538E+00     0.10074348E-01     0.15000000E+01    -0.13069785E+00     0.54051679E+00     0.55305964E+00     0.49590934E-02     121     0.62155326E-04
-0.40000150E+00     0.53181517E+00     0.10095279E-01     0.15000000E+01    -0.13095419E+00     0.53947616E+00     0.55463123E+00     0.49783764E-02     121     0.62155326E-04
-0.30000070E+00     0.54413176E+00     0.10110989E-01     0.15000000E+01    -0.13122830E+00     0.53805929E+00     0.55623543E+00     0.50004502E-02     121     0.62155326E-04
-0.20000160E+00     0.55636162E+00     0.10124675E-01     0.15000000E+01    -0.13148017E+00     0.53697938E+00     0.55957031E+00     0.50076679E-02     121     0.62155326E-04
-0.10000080E+00     0.56860268E+00     0.10142039E-01     0.15000000E+01    -0.13174346E+00     0.53594160E+00     0.56103987E+00     0.50193327E-02     122     0.28565864E-07
 0.00000000E+00     0.58083320E+00     0.10163702E-01     0.15000000E+01    -0.13201095E+00     0.53493732E+00     0.56228489E+00     0.50482485E-02     122     0.28565864E-07
 0.99999093E-01     0.59302789E+00     0.10184723E-01     0.15000000E+01    -0.13227122E+00     0.53394890E+00     0.56345510E+00     0.50703050E-02     122     0.28565864E-07
 0.19999990E+00     0.60517967E+00     0.10205072E-01     0.15000000E+01    -0.13252003E+00     0.53299493E+00     0.56558371E+00     0.50898013E-02     122     0.28565864E-07
 0.29999900E+00     0.61731774E+00     0.10227931E-01     0.15000000E+01    -0.13276839E+00     0.53205484E+00     0.56677890E+00     0.51026717E-02     122     0.28565864E-07
 0.39999980E+00     0.62941349E+00     0.10250268E-01     0.15000000E+01    -0.13300668E+00     0.53112221E+00     0.56852382E+00     0.51102689E-02     123     0.80390244E-04
 0.49999887E+00     0.64144534E+00     0.10274368E-01     0.15000000E+01    -0.13323548E+00     0.52982420E+00     0.57008046E+00     0.51116599E-02     123     0.80390244E-04
 0.59999967E+00     0.65372097E+00     0.10293723E-01     0.15000000E+01    -0.13350819E+00     0.52876300E+00     0.57121146E+00     0.51364182E-02     123     0.80390244E-04
 0.69999880E+00     0.66595238E+00     0.10314957E-01     0.15000000E+01    -0.13377699E+00     0.52770513E+00     0.57295603E+00     0.51780529E-02     123     0.80390244E-04
 0.79999959E+00     0.67815357E+00     0.10335285E-01     0.15000000E+01    -0.13403852E+00     0.52666378E+00     0.57434809E+00     0.52085244E-02     123     0.80390244E-04
 0.89999866E+00     0.69034129E+00     0.10358472E-01     0.15000000E+01    -0.13429756E+00     0.52566051E+00     0.57527369E+00     0.52342755E-02     123     0.80390244E-04
 0.99999946E+00     0.70249933E+00     0.10381682E-01     0.15000000E+01    -0.13455267E+00     0.52467895E+00     0.57623649E+00     0.52571697E-02     124     0.35351070E-03
 0.10999986E+01     0.71460342E+00     0.10401788E-01     0.15000000E+01    -0.13479044E+00     0.52373302E+00     0.57853955E+00     0.52706958E-02     124     0.35351070E-03
 0.11999993E+01     0.72670752E+00     0.10427039E-01     0.15000000E+01    -0.13503566E+00     0.52280736E+00     0.57956064E+00     0.52860552E-02     124     0.35351070E-03
 0.12999984E+01     0.73875266E+00     0.10453751E-01     0.15000000E+01    -0.13527048E+00     0.52159929E+00     0.58058077E+00     0.52944850E-02     124     0.35351070E-03
 0.13999993E+01     0.75075454E+00     0.10483751E-01     0.15000000E+01    -0.13550231E+00     0.52066082E+00     0.58260995E+00     0.53255851E-02     124     0.35351070E-03
 0.14999983E+01     0.76282752E+00     0.10512945E-01     0.15000000E+01    -0.13574761E+00     0.51964843E+00     0.58340913E+00     0.53602359E-02     125     0.82066102E-03
 0.15999992E+01     0.77502829E+00     0.10534123E-01     0.15000000E+01    -0.13601041E+00     0.51860523E+00     0.58479208E+00     0.53983224E-02     125     0.82066102E-03
 0.16999999E+01     0.78719395E+00     0.10556000E-01     0.15000000E+01    -0.13626605E+00     0.51756716E+00     0.58606672E+00     0.54291557E-02     125     0.82066102E-03
 0.17999990E+01     0.79930598E+00     0.10575858E-01     0.15000000E+01    -0.13650471E+00     0.51655334E+00     0.58857322E+00     0.54518371E-02     125     0.82066102E-03
 0.18999999E+01     0.81144118E+00     0.10600852E-01     0.15000000E+01    -0.13675745E+00     0.51556718E+00     0.58945191E+00     0.54768161E-02     125     0.82066102E-03
 0.19999989E+01     0.82354105E+00     0.10625353E-01     0.15000000E+01    -0.13700531E+00     0.51459348E+00     0.59035569E+00     0.54968111E-02     125     0.82066102E-03
 0.20999997E+01     0.83559233E+00     0.10652841E-01     0.15000000E+01    -0.13724428E+00     0.51337856E+00     0.59123564E+00     0.55138879E-02     126     0.14810531E-02
 0.21999989E+01     0.84761304E+00     0.10686260E-01     0.15000000E+01    -0.13748498E+00     0.51246685E+00     0.59229392E+00     0.55535627E-02     126     0.14810531E-02
 0.22999997E+01     0.85959357E+00     0.10718782E-01     0.15000000E+01    -0.13771850E+00     0.51154739E+00     0.59306633E+00     0.55870167E-02     126     0.14810531E-02
 0.23999987E+01     0.87151539E+00     0.10755930E-01     0.15000000E+01    -0.13794133E+00     0.51061755E+00     0.59380168E+00     0.56205336E-02     126     0.14810531E-02
 0.24999995E+01     0.88357067E+00     0.10785434E-01     0.15000000E+01    -0.13818581E+00     0.50960559E+00     0.59455413E+00     0.56605348E-02     126     0.14810531E-02
 0.25999987E+01     0.89572030E+00     0.10810737E-01     0.15000000E+01    -0.13844571E+00     0.50856727E+00     0.59531969E+00     0.57021333E-02     127     0.23334543E-02
 0.26999993E+01     0.90785205E+00     0.10837293E-01     0.15000000E+01    -0.13870083E+00     0.50723040E+00     0.59611863E+00     0.57400079E-02     127     0.23334543E-02
 0.27999985E+01     0.91992807E+00     0.10865044E-01     0.15000000E+01    -0.13894765E+00     0.50621521E+00     0.59695399E+00     0.57750857E-02     127     0.23334543E-02
 0.28999994E+01     0.93197685E+00     0.10893341E-01     0.15000000E+01    -0.13918994E+00     0.50524807E+00     0.59781379E+00     0.58081867E-02     127     0.23334543E-02
 0.29999983E+01     0.94398272E+00     0.10924233E-01     0.15000000E+01    -0.13942516E+00     0.50429803E+00     0.59871745E+00     0.58399830E-02     127     0.23334543E-02
 0.30999992E+01     0.95595318E+00     0.10955718E-01     0.15000000E+01    -0.13965441E+00     0.50337774E+00     0.59964156E+00     0.58690044E-02     127     0.23334543E-02
 0.31999984E+01     0.96788269E+00     0.10989178E-01     0.15000000E+01    -0.13987634E+00     0.50246602E+00     0.60058451E+00     0.58976696E-02     128     0.33788222E-02
 0.32999990E+01     0.97961557E+00     0.11031087E-01     0.15000000E+01    -0.14006335E+00     0.50066006E+00     0.60152471E+00     0.59129209E-02     128     0.33788222E-02
 0.33999999E+01     0.99188972E+00     0.11055655E-01     0.15000000E+01    -0.14034717E+00     0.49672887E+00     0.60241753E+00     0.59643406E-02     128     0.33788222E-02
 0.34999990E+01     0.10038681E+01     0.11091921E-01     0.15000000E+01    -0.14058115E+00     0.49422947E+00     0.60324359E+00     0.60064681E-02     128     0.33788222E-02
 0.35999999E+01     0.10157335E+01     0.11132784E-01     0.15000000E+01    -0.14079665E+00     0.49260658E+00     0.60403097E+00     0.60471729E-02     128     0.33788222E-02
 0.36999989E+01     0.10274870E+01     0.11177445E-01     0.15000000E+01    -0.14099167E+00     0.48999429E+00     0.60507512E+00     0.60846186E-02     128     0.33788222E-02
 0.37999997E+01     0.10396019E+01     0.11203624E-01     0.15000000E+01    -0.14124782E+00     0.48766512E+00     0.60590494E+00     0.61305780E-02     129     0.46209926E-02
 0.38999987E+01     0.10515647E+01     0.11237660E-01     0.15000000E+01    -0.14147694E+00     0.48538479E+00     0.60677147E+00     0.61691282E-02     129     0.46209926E-02
 0.39999995E+01     0.10634204E+01     0.11276644E-01     0.15000000E+01    -0.14168975E+00     0.48354179E+00     0.60765988E+00     0.62055006E-02     129     0.46209926E-02
 0.40999985E+01     0.10750486E+01     0.11326918E-01     0.15000000E+01    -0.14186467E+00     0.48067501E+00     0.60859936E+00     0.62353308E-02     129     0.46209926E-02
 0.41999993E+01     0.10871102E+01     0.11355074E-01     0.15000000E+01    -0.14211075E+00     0.47869435E+00     0.60957444E+00     0.62783156E-02     129     0.46209926E-02
 0.42999988E+01     0.10990504E+01     0.11387607E-01     0.15000000E+01    -0.14233649E+00     0.47652474E+00     0.61057705E+00     0.63147442E-02     129     0.46209926E-02
 0.43999991E+01     0.11108432E+01     0.11427759E-01     0.15000000E+01    -0.14253785E+00     0.47382689E+00     0.61158276E+00     0.63460069E-02     130     0.60680029E-02
 0.44999986E+01     0.11224529E+01     0.11480482E-01     0.15000000E+01    -0.14271346E+00     0.47132194E+00     0.61253870E+00     0.63819895E-02     130     0.60680029E-02
 0.45999994E+01     0.11344351E+01     0.11514339E-01     0.15000000E+01    -0.14295217E+00     0.46887249E+00     0.61342043E+00     0.64402623E-02     130     0.60680029E-02
 0.47000003E+01     0.11462660E+01     0.11555775E-01     0.15000000E+01    -0.14316548E+00     0.46566942E+00     0.61427689E+00     0.64892829E-02     130     0.60680029E-02
 0.47999973E+01     0.11579132E+01     0.11606845E-01     0.15000000E+01    -0.14334710E+00     0.46274573E+00     0.61513764E+00     0.65337853E-02     130     0.60680029E-02
 0.48999982E+01     0.11696562E+01     0.11650837E-01     0.15000000E+01    -0.14354563E+00     0.45946574E+00     0.61601484E+00     0.65818084E-02     130     0.60680029E-02
 0.49999990E+01     0.11814562E+01     0.11691997E-01     0.15000000E+01    -0.14375159E+00     0.45659027E+00     0.61692119E+00     0.66313739E-02     131     0.77328882E-02
 0.50999999E+01     0.11928587E+01     0.11753871E-01     0.15000000E+01    -0.14389309E+00     0.45001537E+00     0.61814630E+00     0.66663129E-02     131     0.77328882E-02
 0.52000008E+01     0.12046229E+01     0.11795321E-01     0.15000000E+01    -0.14409292E+00     0.44733137E+00     0.61914515E+00     0.67128432E-02     131     0.77328882E-02
 0.52999978E+01     0.12162611E+01     0.11844390E-01     0.15000000E+01    -0.14427225E+00     0.44461551E+00     0.62017083E+00     0.67578023E-02     131     0.77328882E-02
 0.53999987E+01     0.12277733E+01     0.11900043E-01     0.15000000E+01    -0.14443170E+00     0.44180450E+00     0.62122881E+00     0.68027619E-02     131     0.77328882E-02
 0.54999995E+01     0.12395047E+01     0.11941624E-01     0.15000000E+01    -0.14462493E+00     0.43854883E+00     0.62229943E+00     0.68457113E-02     131     0.77328882E-02
 0.56000004E+01     0.12508167E+01     0.12012698E-01     0.15000000E+01    -0.14475831E+00     0.43308887E+00     0.62328100E+00     0.68997433E-02     132     0.96339667E-02
 0.56999979E+01     0.12624295E+01     0.12064721E-01     0.15000000E+01    -0.14493832E+00     0.42918238E+00     0.62419683E+00     0.69625550E-02     132     0.96339667E-02
 0.57999988E+01     0.12738687E+01     0.12126457E-01     0.15000000E+01    -0.14509013E+00     0.42501971E+00     0.62510091E+00     0.70213340E-02     132     0.96339667E-02
 0.58999996E+01     0.12852485E+01     0.12191394E-01     0.15000000E+01    -0.14523141E+00     0.42034274E+00     0.62602001E+00     0.70816386E-02     132     0.96339667E-02
 0.60000000E+01     0.12965497E+01     0.12259997E-01     0.15000000E+01    -0.14536081E+00     0.41520709E+00     0.62697119E+00     0.71396199E-02     132     0.96339667E-02
 0.60999975E+01     0.13074402E+01     0.12354393E-01     0.15000000E+01    -0.14542635E+00     0.40581566E+00     0.62795156E+00     0.71979216E-02     132     0.96339667E-02
 0.61999984E+01     0.13184719E+01     0.12440312E-01     0.15000000E+01    -0.14551231E+00     0.39842090E+00     0.62897551E+00     0.72625554E-02     133     0.11795415E-01
 0.62999992E+01     0.13292751E+01     0.12541322E-01     0.15000000E+01    -0.14556351E+00     0.38974562E+00     0.63003927E+00     0.73287482E-02     133     0.11795415E-01
 0.64000001E+01     0.13398032E+01     0.12661637E-01     0.15000000E+01    -0.14557084E+00     0.37920225E+00     0.63113874E+00     0.74014445E-02     133     0.11795415E-01
 0.65000010E+01     0.13498477E+01     0.12816638E-01     0.15000000E+01    -0.14550380E+00     0.36626098E+00     0.63225490E+00     0.74872137E-02     133     0.11795415E-01
 0.65999980E+01     0.13594549E+01     0.13003473E-01     0.15000000E+01    -0.14537077E+00     0.34962800E+00     0.63363338E+00     0.75949235E-02     133     0.11795415E-01
 0.66999989E+01     0.13665208E+01     0.13383934E-01     0.15000000E+01    -0.14485022E+00     0.31731501E+00     0.63454431E+00     0.77987681E-02     133     0.11795415E-01
 0.67999997E+01     0.13735157E+01     0.13777287E-01     0.15000000E+01    -0.14430909E+00     0.28828135E+00     0.63544279E+00     0.80355983E-02     133     0.11795415E-01
 0.69000006E+01     0.13795482E+01     0.14245179E-01     0.15000000E+01    -0.14360765E+00     0.25690237E+00     0.63634962E+00     0.83330683E-02     134     0.14247113E-01
 0.69999981E+01     0.13850852E+01     0.14745376E-01     0.15000000E+01    -0.14281441E+00     0.22671688E+00     0.63728088E+00     0.86640762E-02     134     0.14247113E-01
 0.70999990E+01     0.13908257E+01     0.15219026E-01     0.15000000E+01    -0.14203905E+00     0.20074704E+00     0.63824177E+00     0.89931600E-02     134     0.14247113E-01
 0.71999998E+01     0.13969811E+01     0.15649047E-01     0.15000000E+01    -0.14131890E+00     0.17973307E+00     0.63925576E+00     0.93034152E-02     134     0.14247113E-01
 0.73000002E+01     0.14036777E+01     0.16027352E-01     0.15000000E+01    -0.14067768E+00     0.16275612E+00     0.64032888E+00     0.95886886E-02     134     0.14247113E-01
 0.73999977E+01     0.14106331E+01     0.16375972E-01     0.15000000E+01    -0.14007019E+00     0.14896175E+00     0.64143425E+00     0.98607820E-02     134     0.14247113E-01
 0.74999986E+01     0.14179389E+01     0.16690372E-01     0.15000000E+01    -0.13951518E+00     0.13743986E+00     0.64259028E+00     0.10110509E-01     134     0.14247113E-01
 0.75999994E+01     0.14242500E+01     0.17061293E-01     0.15000000E+01    -0.13879073E+00     0.12485036E+00     0.64371443E+00     0.10404883E-01     134     0.14247113E-01
 0.77000003E+01     0.14319530E+01     0.17330850E-01     0.15000000E+01    -0.13829783E+00     0.11700824E+00     0.64471602E+00     0.10642773E-01     135     0.17026512E-01
 0.77999973E+01     0.14397448E+01     0.17587490E-01     0.15000000E+01    -0.13781519E+00     0.11025198E+00     0.64570522E+00     0.10876410E-01     135     0.17026512E-01
 0.78999982E+01     0.14473290E+01     0.17850168E-01     0.15000000E+01    -0.13729365E+00     0.10426222E+00     0.64670563E+00     0.11116060E-01     135     0.17026512E-01
 0.79999990E+01     0.14545898E+01     0.18125838E-01     0.15000000E+01    -0.13671245E+00     0.98865829E-01     0.64807916E+00     0.11368183E-01     135     0.17026512E-01
 0.81000004E+01     0.14624927E+01     0.18358072E-01     0.15000000E+01    -0.13623779E+00     0.94258472E-01     0.64916277E+00     0.11585811E-01     135     0.17026512E-01
 0.82000008E+01     0.14695654E+01     0.18633645E-01     0.15000000E+01    -0.13561872E+00     0.89973904E-01     0.65029997E+00     0.11841243E-01     135     0.17026512E-01
 0.82999983E+01     0.14772288E+01     0.18869346E-01     0.15000000E+01    -0.13509823E+00     0.86234964E-01     0.65149587E+00     0.12065351E-01     135     0.17026512E-01
 0.83999987E+01     0.14838427E+01     0.19157868E-01     0.15000000E+01    -0.13439320E+00     0.82690150E-01     0.65271300E+00     0.12329435E-01     135     0.17026512E-01
 0.85000000E+01     0.14912541E+01     0.19397503E-01     0.15000000E+01    -0.13382290E+00     0.79629101E-01     0.65396643E+00     0.12564776E-01     135     0.17026512E-01
 0.86000004E+01     0.14972740E+01     0.19708045E-01     0.15000000E+01    -0.13301741E+00     0.75821757E-01     0.65502512E+00     0.12864663E-01     136     0.20178126E-01
 0.86999979E+01     0.15038260E+01     0.19983485E-01     0.15000000E+01    -0.13229915E+00     0.73174670E-01     0.65606868E+00     0.13145398E-01     136     0.20178126E-01
 0.87999983E+01     0.15104343E+01     0.20250279E-01     0.15000000E+01    -0.13158838E+00     0.70891030E-01     0.65713114E+00     0.13416493E-01     136     0.20178126E-01
 0.88999996E+01     0.15160750E+01     0.20562969E-01     0.15000000E+01    -0.13070528E+00     0.68672806E-01     0.65823549E+00     0.13726044E-01     136     0.20178126E-01
 0.90000000E+01     0.15202038E+01     0.20919342E-01     0.15000000E+01    -0.12951757E+00     0.66626862E-01     0.65935594E+00     0.14085565E-01     136     0.20178126E-01
 0.90999975E+01     0.15223496E+01     0.21299290E-01     0.15000000E+01    -0.12788561E+00     0.65109976E-01     0.66054177E+00     0.14478490E-01     136     0.20178126E-01
 0.91999989E+01     0.15250918E+01     0.21704663E-01     0.15000000E+01    -0.12642461E+00     0.63618384E-01     0.66174221E+00     0.14892530E-01     136     0.20178126E-01
 0.92999992E+01     0.15278772E+01     0.22131179E-01     0.15000000E+01    -0.12502502E+00     0.62131606E-01     0.66299403E+00     0.15322600E-01     136     0.20178126E-01
 0.94000006E+01     0.15302176E+01     0.22607017E-01     0.15000000E+01    -0.12359321E+00     0.60611412E-01     0.66427493E+00     0.15796147E-01     136     0.20178126E-01
 0.94999971E+01     0.15334387E+01     0.23060231E-01     0.15000000E+01    -0.12235972E+00     0.59164796E-01     0.66574854E+00     0.16272023E-01     136     0.20178126E-01
 0.95999985E+01     0.15374296E+01     0.23483817E-01     0.15000000E+01    -0.12128237E+00     0.57894632E-01     0.66682291E+00     0.16718101E-01     137     0.23752043E-01
 0.96999989E+01     0.15408286E+01     0.23954831E-01     0.15000000E+01    -0.12013810E+00     0.56660362E-01     0.66794777E+00     0.17205928E-01     137     0.23752043E-01
 0.98000002E+01     0.15436896E+01     0.24471540E-01     0.15000000E+01    -0.11894093E+00     0.55482950E-01     0.66911036E+00     0.17736204E-01     137     0.23752043E-01
 0.99000006E+01     0.15458491E+01     0.25046056E-01     0.15000000E+01    -0.11767410E+00     0.54293267E-01     0.67032188E+00     0.18320937E-01     137     0.23752043E-01
 0.99999981E+01     0.15468816E+01     0.25708355E-01     0.15000000E+01    -0.11628459E+00     0.52645359E-01     0.67156565E+00     0.18992404E-01     137     0.23752043E-01
 0.10099998E+02     0.15501306E+01     0.26248191E-01     0.15000000E+01    -0.11525472E+00     0.51678512E-01     0.67288816E+00     0.19551549E-01     137     0.23752043E-01
 0.10200000E+02     0.15526910E+01     0.26837893E-01     0.15000000E+01    -0.11416464E+00     0.50760731E-01     0.67425054E+00     0.20157918E-01     137     0.23752043E-01
 0.10300000E+02     0.15547470E+01     0.27489301E-01     0.15000000E+01    -0.11305274E+00     0.49862374E-01     0.67545992E+00     0.20831978E-01     137     0.23752043E-01
 0.10399998E+02     0.15562723E+01     0.28193394E-01     0.15000000E+01    -0.11192104E+00     0.49033467E-01     0.67657989E+00     0.21560900E-01     137     0.23752043E-01
 0.10499999E+02     0.15570514E+01     0.28970562E-01     0.15000000E+01    -0.11074955E+00     0.48225712E-01     0.67772663E+00     0.22360884E-01     137     0.23752043E-01
 0.10599999E+02     0.15571887E+01     0.29817848E-01     0.15000000E+01    -0.10956404E+00     0.47407769E-01     0.67891425E+00     0.23230845E-01     137     0.23752043E-01
 0.10700000E+02     0.15566567E+01     0.30728105E-01     0.15000000E+01    -0.10837853E+00     0.46576571E-01     0.68012482E+00     0.24165044E-01     137     0.23752043E-01
 0.10799997E+02     0.15572884E+01     0.31584546E-01     0.15000000E+01    -0.10739296E+00     0.45834549E-01     0.68143469E+00     0.25054555E-01     137     0.23752043E-01
 0.10899999E+02     0.15580432E+01     0.32446038E-01     0.15000000E+01    -0.10648642E+00     0.45239642E-01     0.68278700E+00     0.25946006E-01     137     0.23752043E-01
 0.10999999E+02     0.15580231E+01     0.33387687E-01     0.15000000E+01    -0.10557600E+00     0.44627544E-01     0.68466127E+00     0.26918331E-01     138     0.27799172E-01
 0.11100000E+02     0.15575762E+01     0.34397610E-01     0.15000000E+01    -0.10471787E+00     0.44047914E-01     0.68586189E+00     0.27965102E-01     138     0.27799172E-01
 0.11200001E+02     0.15566468E+01     0.35453197E-01     0.15000000E+01    -0.10390101E+00     0.43513171E-01     0.68700814E+00     0.29059246E-01     138     0.27799172E-01
 0.11299998E+02     0.15551344E+01     0.36575802E-01     0.15000000E+01    -0.10312659E+00     0.42995512E-01     0.68818694E+00     0.30219518E-01     138     0.27799172E-01
 0.11399999E+02     0.15529881E+01     0.37757304E-01     0.15000000E+01    -0.10238459E+00     0.42495642E-01     0.68938971E+00     0.31438027E-01     138     0.27799172E-01
 0.11500000E+02     0.15506192E+01     0.38966339E-01     0.15000000E+01    -0.10170574E+00     0.42013206E-01     0.69065154E+00     0.32683499E-01     138     0.27799172E-01
 0.11600000E+02     0.15476580E+01     0.40226754E-01     0.15000000E+01    -0.10105700E+00     0.41536037E-01     0.69190872E+00     0.33979774E-01     138     0.27799172E-01
 0.11699998E+02     0.15442150E+01     0.41504454E-01     0.15000000E+01    -0.10043235E+00     0.41039884E-01     0.69322681E+00     0.35292912E-01     138     0.27799172E-01
 0.11799999E+02     0.15394433E+01     0.42882182E-01     0.15000000E+01    -0.99791318E-01     0.40228698E-01     0.69451356E+00     0.36701716E-01     138     0.27799172E-01
 0.11900000E+02     0.15381861E+01     0.43967646E-01     0.15000000E+01    -0.99352717E-01     0.39887890E-01     0.69577622E+00     0.37832327E-01     138     0.27799172E-01
 0.12000000E+02     0.15363084E+01     0.45079917E-01     0.15000000E+01    -0.98907009E-01     0.39465316E-01     0.69693851E+00     0.38989969E-01     138     0.27799172E-01
 0.12099998E+02     0.15338037E+01     0.46218496E-01     0.15000000E+01    -0.98445818E-01     0.39126895E-01     0.69810003E+00     0.40171750E-01     138     0.27799172E-01
 0.12199999E+02     0.15310330E+01     0.47367971E-01     0.15000000E+01    -0.97984686E-01     0.38723908E-01     0.69931519E+00     0.41362353E-01     138     0.27799172E-01
 0.12299999E+02     0.15277607E+01     0.48532914E-01     0.15000000E+01    -0.97512044E-01     0.38376804E-01     0.70055544E+00     0.42567544E-01     138     0.27799172E-01
 0.12400001E+02     0.15241683E+01     0.49686704E-01     0.15000000E+01    -0.97028315E-01     0.38064279E-01     0.70182198E+00     0.43760285E-01     138     0.27799172E-01
 0.12499997E+02     0.15201944E+01     0.50857008E-01     0.15000000E+01    -0.96539177E-01     0.37767049E-01     0.70309269E+00     0.44968262E-01     138     0.27799172E-01
 0.12599998E+02     0.15157604E+01     0.52041754E-01     0.15000000E+01    -0.96030138E-01     0.37431758E-01     0.70440876E+00     0.46188343E-01     138     0.27799172E-01
 0.12699999E+02     0.15112932E+01     0.53196184E-01     0.15000000E+01    -0.95525511E-01     0.37158053E-01     0.70563787E+00     0.47379687E-01     138     0.27799172E-01
 0.12800000E+02     0.15065854E+01     0.54349076E-01     0.15000000E+01    -0.95007628E-01     0.36859568E-01     0.70671672E+00     0.48573438E-01     138     0.27799172E-01
 0.12900001E+02     0.15015731E+01     0.55498540E-01     0.15000000E+01    -0.94487578E-01     0.36554679E-01     0.70832324E+00     0.49764156E-01     138     0.27799172E-01
 0.12999998E+02     0.14959948E+01     0.56666940E-01     0.15000000E+01    -0.93950927E-01     0.36307871E-01     0.70946425E+00     0.50971836E-01     138     0.27799172E-01
 0.13099999E+02     0.14906062E+01     0.57806328E-01     0.15000000E+01    -0.93425103E-01     0.36018353E-01     0.71063727E+00     0.52148543E-01     138     0.27799172E-01
 0.13200000E+02     0.14848258E+01     0.58925796E-01     0.15000000E+01    -0.92879973E-01     0.35672951E-01     0.71182138E+00     0.53305652E-01     139     0.32365151E-01
 0.13300000E+02     0.14788051E+01     0.60083076E-01     0.15000000E+01    -0.92367873E-01     0.35373576E-01     0.71302491E+00     0.54499466E-01     139     0.32365151E-01
 0.13399998E+02     0.14727402E+01     0.61219268E-01     0.15000000E+01    -0.91857523E-01     0.35042271E-01     0.71424514E+00     0.55669554E-01     139     0.32365151E-01
 0.13499999E+02     0.14672641E+01     0.62308244E-01     0.15000000E+01    -0.91390997E-01     0.34719039E-01     0.71547353E+00     0.56791149E-01     139     0.32365151E-01
 0.13599999E+02     0.14637791E+01     0.63272886E-01     0.15000000E+01    -0.91053784E-01     0.34484506E-01     0.71663964E+00     0.57800245E-01     139     0.32365151E-01
 0.13700001E+02     0.14617143E+01     0.64120941E-01     0.15000000E+01    -0.90752646E-01     0.34224093E-01     0.71791875E+00     0.58687903E-01     139     0.32365151E-01
 0.13799997E+02     0.14583743E+01     0.65073892E-01     0.15000000E+01    -0.90471491E-01     0.34022145E-01     0.71920013E+00     0.59680711E-01     139     0.32365151E-01
 0.13899999E+02     0.14559926E+01     0.65932125E-01     0.15000000E+01    -0.90208590E-01     0.33748496E-01     0.72053993E+00     0.60574137E-01     139     0.32365151E-01
 0.13999999E+02     0.14530661E+01     0.66836357E-01     0.15000000E+01    -0.89992136E-01     0.33467062E-01     0.72191006E+00     0.61513711E-01     139     0.32365151E-01
 0.14100000E+02     0.14508743E+01     0.67943864E-01     0.15000000E+01    -0.89799196E-01     0.33152342E-01     0.72337425E+00     0.62652193E-01     139     0.32365151E-01
 0.14199998E+02     0.14484321E+01     0.69215529E-01     0.15000000E+01    -0.89644589E-01     0.32919284E-01     0.72484422E+00     0.63954607E-01     139     0.32365151E-01
 0.14299998E+02     0.14463563E+01     0.70463426E-01     0.15000000E+01    -0.89527801E-01     0.32638788E-01     0.72624928E+00     0.65234683E-01     139     0.32365151E-01
 0.14400000E+02     0.14446822E+01     0.71687035E-01     0.15000000E+01    -0.89436844E-01     0.32315180E-01     0.72763449E+00     0.66490360E-01     139     0.32365151E-01
 0.14500000E+02     0.14425557E+01     0.72977759E-01     0.15000000E+01    -0.89390323E-01     0.32016560E-01     0.72905934E+00     0.67812346E-01     139     0.32365151E-01
 0.14600000E+02     0.14412438E+01     0.74174948E-01     0.15000000E+01    -0.89348659E-01     0.31722073E-01     0.73059183E+00     0.69036841E-01     139     0.32365151E-01
 0.14699998E+02     0.14394284E+01     0.75473383E-01     0.15000000E+01    -0.89361250E-01     0.31444296E-01     0.73278683E+00     0.70364133E-01     139     0.32365151E-01
 0.14799999E+02     0.14377819E+01     0.76737851E-01     0.15000000E+01    -0.89384362E-01     0.31102696E-01     0.73442703E+00     0.71651265E-01     139     0.32365151E-01
 0.14900000E+02     0.14365163E+01     0.77971525E-01     0.15000000E+01    -0.89430377E-01     0.30785397E-01     0.73601127E+00     0.72909430E-01     139     0.32365151E-01
 0.15000001E+02     0.14340184E+01     0.79364546E-01     0.15000000E+01    -0.89540623E-01     0.30236341E-01     0.73751301E+00     0.74327171E-01     139     0.32365151E-01
 0.15199999E+02     0.14320917E+01     0.81860729E-01     0.15000000E+01    -0.89795068E-01     0.29555544E-01     0.74089605E+00     0.76880373E-01     139     0.32365151E-01
 0.15299999E+02     0.14332829E+01     0.82886271E-01     0.15000000E+01    -0.89949712E-01     0.29331665E-01     0.74288952E+00     0.77938169E-01     139     0.32365151E-01
 0.15400001E+02     0.14346660E+01     0.83871000E-01     0.15000000E+01    -0.90091996E-01     0.29044488E-01     0.74488324E+00     0.78950576E-01     139     0.32365151E-01
 0.15499998E+02     0.14353451E+01     0.84955722E-01     0.15000000E+01    -0.90284199E-01     0.28813262E-01     0.74672675E+00     0.80071636E-01     140     0.37487615E-01
 0.15599998E+02     0.14357655E+01     0.86090900E-01     0.15000000E+01    -0.90520762E-01     0.28574672E-01     0.74865186E+00     0.81240356E-01     140     0.37487615E-01
 0.15699999E+02     0.14366832E+01     0.87128028E-01     0.15000000E+01    -0.90726241E-01     0.28294325E-01     0.75082839E+00     0.82306199E-01     140     0.37487615E-01
 0.15800000E+02     0.14373292E+01     0.88238396E-01     0.15000000E+01    -0.90956129E-01     0.28052315E-01     0.75287175E+00     0.83443217E-01     140     0.37487615E-01
 0.15899998E+02     0.14374813E+01     0.89397371E-01     0.15000000E+01    -0.91240421E-01     0.27730074E-01     0.75510150E+00     0.84627353E-01     140     0.37487615E-01
 0.15999998E+02     0.14382339E+01     0.90474449E-01     0.15000000E+01    -0.91503926E-01     0.27473493E-01     0.75726557E+00     0.85733615E-01     140     0.37487615E-01
 0.16099998E+02     0.14390697E+01     0.91573335E-01     0.15000000E+01    -0.91810435E-01     0.27231587E-01     0.75955808E+00     0.86859882E-01     140     0.37487615E-01
 0.16200001E+02     0.14392358E+01     0.92758171E-01     0.15000000E+01    -0.92155129E-01     0.27008407E-01     0.76176888E+00     0.88072255E-01     140     0.37487615E-01
 0.16300001E+02     0.14396269E+01     0.93898162E-01     0.15000000E+01    -0.92482217E-01     0.26714042E-01     0.76434982E+00     0.89234084E-01     140     0.37487615E-01
 0.16399998E+02     0.14403037E+01     0.94996244E-01     0.15000000E+01    -0.92827559E-01     0.26425930E-01     0.76677477E+00     0.90356700E-01     140     0.37487615E-01
 0.16499998E+02     0.14401280E+01     0.96236974E-01     0.15000000E+01    -0.93249753E-01     0.26161242E-01     0.77032965E+00     0.91628492E-01     140     0.37487615E-01
 0.16600000E+02     0.14396739E+01     0.97479716E-01     0.15000000E+01    -0.93669824E-01     0.25857287E-01     0.77202928E+00     0.92893600E-01     140     0.37487615E-01
 0.16700001E+02     0.14395316E+01     0.98703481E-01     0.15000000E+01    -0.94102435E-01     0.25540262E-01     0.77573460E+00     0.94144717E-01     140     0.37487615E-01
 0.16799997E+02     0.14380988E+01     0.10012618E+00     0.15000000E+01    -0.94654404E-01     0.25145320E-01     0.77862710E+00     0.95597506E-01     140     0.37487615E-01
 0.16900000E+02     0.14413682E+01     0.10095195E+00     0.15000000E+01    -0.94991736E-01     0.24963647E-01     0.78201187E+00     0.96457951E-01     140     0.37487615E-01
 0.17000000E+02     0.14437827E+01     0.10187868E+00     0.15000000E+01    -0.95365413E-01     0.24792189E-01     0.78570849E+00     0.97418159E-01     140     0.37487615E-01
 0.17100000E+02     0.14455243E+01     0.10290796E+00     0.15000000E+01    -0.95830120E-01     0.24670081E-01     0.78964591E+00     0.98484650E-01     140     0.37487615E-01
 0.17199997E+02     0.14472104E+01     0.10395250E+00     0.15000000E+01    -0.96310288E-01     0.24403367E-01     0.79381067E+00     0.99568233E-01     141     0.43190826E-01
 0.17299999E+02     0.14494210E+01     0.10491645E+00     0.15000000E+01    -0.96750937E-01     0.24081852E-01     0.79865968E+00     0.10056801E+00     141     0.43190826E-01
 0.17400000E+02     0.14509022E+01     0.10596630E+00     0.15000000E+01    -0.97246476E-01     0.23968155E-01     0.80332410E+00     0.10165440E+00     141     0.43190826E-01
 0.17500000E+02     0.14521421E+01     0.10708609E+00     0.15000000E+01    -0.97805396E-01     0.23772968E-01     0.80945474E+00     0.10281631E+00     141     0.43190826E-01
 0.17599997E+02     0.14536445E+01     0.10818429E+00     0.15000000E+01    -0.98370992E-01     0.23560736E-01     0.81902760E+00     0.10396310E+00     141     0.43190826E-01
 0.17699999E+02     0.14552933E+01     0.10922636E+00     0.15000000E+01    -0.98916255E-01     0.23283569E-01     0.82492274E+00     0.10503811E+00     141     0.43190826E-01
 0.17799999E+02     0.14573963E+01     0.11025001E+00     0.15000000E+01    -0.99456161E-01     0.23071261E-01     0.83688790E+00     0.10611361E+00     141     0.43190826E-01
 0.17900000E+02     0.14569315E+01     0.11120201E+00     0.15000000E+01    -0.99703655E-01     0.22995852E-01     0.10000000E+01     0.10734445E+00     141     0.43190826E-01
 0.18000000E+02     0.14581522E+01     0.11229159E+00     0.15000000E+01    -0.10031257E+00     0.22634009E-01     0.10000000E+01     0.10844538E+00     141     0.43190826E-01
 0.18099998E+02     0.14590515E+01     0.11341672E+00     0.15000000E+01    -0.10094402E+00     0.22503339E-01     0.10000000E+01     0.10958868E+00     141     0.43190826E-01
 0.18199999E+02     0.14595886E+01     0.11459140E+00     0.15000000E+01    -0.10161058E+00     0.22215297E-01     0.10000000E+01     0.11077932E+00     141     0.43190826E-01
 0.18299999E+02     0.14596298E+01     0.11591385E+00     0.15000000E+01    -0.10239660E+00     0.22061933E-01     0.10000000E+01     0.11212428E+00     141     0.43190826E-01
 0.18400000E+02     0.14600033E+01     0.11710491E+00     0.15000000E+01    -0.10311015E+00     0.21759141E-01     0.10000000E+01     0.11332911E+00     141     0.43190826E-01
 0.18499998E+02     0.14594849E+01     0.11844490E+00     0.15000000E+01    -0.10393304E+00     0.21475088E-01     0.10000000E+01     0.11469074E+00     141     0.43190826E-01
 0.18599998E+02     0.14578712E+01     0.11994848E+00     0.15000000E+01    -0.10489354E+00     0.21243047E-01     0.10000000E+01     0.11621957E+00     141     0.43190826E-01
 0.18699999E+02     0.14596258E+01     0.12095840E+00     0.15000000E+01    -0.10555993E+00     0.21103840E-01     0.10000000E+01     0.11724927E+00     141     0.43190826E-01
 0.18800001E+02     0.14637402E+01     0.12171210E+00     0.15000000E+01    -0.10609660E+00     0.20933932E-01     0.10000000E+01     0.11802639E+00     141     0.43190826E-01
 0.18899998E+02     0.14664968E+01     0.12262335E+00     0.15000000E+01    -0.10670617E+00     0.20722426E-01     0.10000000E+01     0.11896098E+00     142     0.49481776E-01
 0.18999998E+02     0.14673563E+01     0.12380025E+00     0.15000000E+01    -0.10751694E+00     0.20619418E-01     0.10000000E+01     0.12016766E+00     142     0.49481776E-01
 0.19099998E+02     0.14688137E+01     0.12486374E+00     0.15000000E+01    -0.10826313E+00     0.20538174E-01     0.10000000E+01     0.12125456E+00     142     0.49481776E-01
 0.19200001E+02     0.14707261E+01     0.12589227E+00     0.15000000E+01    -0.10898630E+00     0.20319268E-01     0.10000000E+01     0.12230688E+00     142     0.49481776E-01
 0.19300001E+02     0.14718229E+01     0.12710720E+00     0.15000000E+01    -0.10989186E+00     0.20214846E-01     0.10000000E+01     0.12354720E+00     142     0.49481776E-01
 0.19399998E+02     0.14738220E+01     0.12812097E+00     0.15000000E+01    -0.11068095E+00     0.20026913E-01     0.10000000E+01     0.12458339E+00     142     0.49481776E-01
 0.19499998E+02     0.14752854E+01     0.12917340E+00     0.15000000E+01    -0.11146349E+00     0.19973496E-01     0.10000000E+01     0.12565878E+00     142     0.49481776E-01
 0.19600000E+02     0.14769073E+01     0.13030101E+00     0.15000000E+01    -0.11233819E+00     0.19686205E-01     0.10000000E+01     0.12680449E+00     142     0.49481776E-01
 0.19700001E+02     0.14773312E+01     0.13161820E+00     0.15000000E+01    -0.11335436E+00     0.19651845E-01     0.10000000E+01     0.12814996E+00     142     0.49481776E-01
 0.19799997E+02     0.14789202E+01     0.13269641E+00     0.15000000E+01    -0.11423165E+00     0.19483605E-01     0.10000000E+01     0.12924714E+00     142     0.49481776E-01
 0.19900000E+02     0.14800595E+01     0.13384578E+00     0.15000000E+01    -0.11516975E+00     0.19269798E-01     0.10000000E+01     0.13041501E+00     142     0.49481776E-01
 0.20000000E+02     0.14799591E+01     0.13526915E+00     0.15000000E+01    -0.11634872E+00     0.19107336E-01     0.10000000E+01     0.13186474E+00     142     0.49481776E-01
 0.20100000E+02     0.14818739E+01     0.13632596E+00     0.15000000E+01    -0.11723514E+00     0.18936371E-01     0.10000000E+01     0.13293384E+00     142     0.49481776E-01
 0.20199997E+02     0.14817501E+01     0.13769166E+00     0.15000000E+01    -0.11838523E+00     0.18745305E-01     0.10000000E+01     0.13431972E+00     142     0.49481776E-01
 0.20299999E+02     0.14821988E+01     0.13901909E+00     0.15000000E+01    -0.11954950E+00     0.18461438E-01     0.10000000E+01     0.13566236E+00     142     0.49481776E-01
 0.20400000E+02     0.14829369E+01     0.14023867E+00     0.15000000E+01    -0.12060107E+00     0.18506669E-01     0.10000000E+01     0.13691467E+00     142     0.49481776E-01
 0.20500000E+02     0.14820021E+01     0.14182860E+00     0.15000000E+01    -0.12201628E+00     0.18199088E-01     0.10000000E+01     0.13851963E+00     142     0.49481776E-01
 0.20599998E+02     0.14797351E+01     0.14354663E+00     0.15000000E+01    -0.12362244E+00     0.18010851E-01     0.10000000E+01     0.14026940E+00     142     0.49481776E-01
 0.20699999E+02     0.14791230E+01     0.14507683E+00     0.15000000E+01    -0.12503454E+00     0.17848883E-01     0.10000000E+01     0.14182737E+00     142     0.49481776E-01
 0.20799999E+02     0.14777554E+01     0.14678600E+00     0.15000000E+01    -0.12662387E+00     0.17654287E-01     0.10000000E+01     0.14356522E+00     143     0.56348931E-01
 0.20900000E+02     0.14801273E+01     0.14774388E+00     0.15000000E+01    -0.12756304E+00     0.17612021E-01     0.10000000E+01     0.14454778E+00     143     0.56348931E-01
 0.21000000E+02     0.14843677E+01     0.14847930E+00     0.15000000E+01    -0.12829354E+00     0.17422531E-01     0.10000000E+01     0.14530645E+00     143     0.56348931E-01
 0.21099998E+02     0.14827965E+01     0.15032658E+00     0.15000000E+01    -0.13003184E+00     0.17451294E-01     0.10000000E+01     0.14718981E+00     143     0.56348931E-01
 0.21199999E+02     0.14867973E+01     0.15109365E+00     0.15000000E+01    -0.13082178E+00     0.17276358E-01     0.10000000E+01     0.14797972E+00     143     0.56348931E-01
 0.21299999E+02     0.14863964E+01     0.15261501E+00     0.15000000E+01    -0.13227759E+00     0.17214768E-01     0.10000000E+01     0.14953694E+00     143     0.56348931E-01
 0.21400000E+02     0.14865162E+01     0.15409611E+00     0.15000000E+01    -0.13375238E+00     0.17230764E-01     0.10000000E+01     0.15104930E+00     143     0.56348931E-01
 0.21499998E+02     0.14892650E+01     0.15513256E+00     0.15000000E+01    -0.13482799E+00     0.17086532E-01     0.10000000E+01     0.15210626E+00     143     0.56348931E-01
 0.21599998E+02     0.14922063E+01     0.15605555E+00     0.15000000E+01    -0.13575181E+00     0.16801376E-01     0.10000000E+01     0.15304820E+00     143     0.56348931E-01
 0.21699999E+02     0.14919995E+01     0.15757792E+00     0.15000000E+01    -0.13723750E+00     0.16640868E-01     0.10000000E+01     0.15460035E+00     143     0.56348931E-01
 0.21800001E+02     0.14933577E+01     0.15887275E+00     0.15000000E+01    -0.13860360E+00     0.16488468E-01     0.10000000E+01     0.15592219E+00     143     0.56348931E-01
 0.21899998E+02     0.14945618E+01     0.16017769E+00     0.15000000E+01    -0.13995045E+00     0.16485807E-01     0.10000000E+01     0.15725364E+00     143     0.56348931E-01
 0.21999998E+02     0.14926505E+01     0.16216603E+00     0.15000000E+01    -0.14205335E+00     0.16383817E-01     0.10000000E+01     0.15928318E+00     143     0.56348931E-01
 0.22099998E+02     0.14940078E+01     0.16345619E+00     0.15000000E+01    -0.14345382E+00     0.16334359E-01     0.10000000E+01     0.16059832E+00     143     0.56348931E-01
 0.22200001E+02     0.14936863E+01     0.16509534E+00     0.15000000E+01    -0.14511134E+00     0.16271450E-01     0.10000000E+01     0.16226599E+00     143     0.56348931E-01
 0.22299997E+02     0.14945942E+01     0.16649114E+00     0.15000000E+01    -0.14667441E+00     0.15981890E-01     0.10000000E+01     0.16368099E+00     143     0.56348931E-01
