  
       RFOIL         Version 3.00
  
 Calculated polar for: OSO-2026-HT1-T18                
  
 1  Reynolds number fixed
  
 xtrf =      0.05000000 (suction)     0.05000000 (pressure)
 Rot. Parameters:  f0 =      1.00000000 c/r =      0.00000000
 Mach =      0.00000000     Re =      1.50000000 e 6     Ncrit =      3.00000000
  
             alpha                CL                CD            Re(CL)                CM             S_xtr             P_xtr               CDp            I_stag            X_stag
  ------- -------- --------- --------- -------- ------- ------- -------- 
-0.18400000E+02    -0.11207196E+01     0.82924917E-01     0.15000000E+01    -0.42872347E-01     0.98971480E+00     0.80500674E-02     0.80016665E-01      99     0.66996463E-01
-0.18300001E+02    -0.11468201E+01     0.77001855E-01     0.15000000E+01    -0.46874728E-01     0.98971480E+00     0.80200909E-02     0.73965035E-01      99     0.66996463E-01
-0.18200001E+02    -0.11662254E+01     0.73138952E-01     0.15000000E+01    -0.49069185E-01     0.98971480E+00     0.80110813E-02     0.70012048E-01      99     0.66996463E-01
-0.18100002E+02    -0.11789056E+01     0.70056058E-01     0.15000000E+01    -0.50822932E-01     0.98971480E+00     0.80158580E-02     0.66859290E-01      99     0.66996463E-01
-0.18000000E+02    -0.11892514E+01     0.67425139E-01     0.15000000E+01    -0.52206181E-01     0.98971480E+00     0.79997657E-02     0.64164959E-01      99     0.66996463E-01
-0.17900000E+02    -0.11987230E+01     0.65018021E-01     0.15000000E+01    -0.53399019E-01     0.98971480E+00     0.80222124E-02     0.61700199E-01      99     0.66996463E-01
-0.17800001E+02    -0.12099950E+01     0.62965728E-01     0.15000000E+01    -0.53981278E-01     0.98971480E+00     0.80205323E-02     0.59592672E-01      99     0.66996463E-01
-0.17700001E+02    -0.12167584E+01     0.61015386E-01     0.15000000E+01    -0.54810673E-01     0.98971480E+00     0.80380356E-02     0.57593826E-01      99     0.66996463E-01
-0.17600000E+02    -0.12225884E+01     0.59207331E-01     0.15000000E+01    -0.55535637E-01     0.98971480E+00     0.80352537E-02     0.55738892E-01      99     0.66996463E-01
-0.17500000E+02    -0.12301323E+01     0.57519864E-01     0.15000000E+01    -0.55935107E-01     0.98971480E+00     0.80591571E-02     0.54006126E-01      99     0.66996463E-01
-0.17400002E+02    -0.12347941E+01     0.55887487E-01     0.15000000E+01    -0.56505732E-01     0.98971480E+00     0.80770962E-02     0.52330498E-01      99     0.66996463E-01
-0.17300001E+02    -0.12390199E+01     0.54320794E-01     0.15000000E+01    -0.57018247E-01     0.98971480E+00     0.80940258E-02     0.50722472E-01      99     0.66996463E-01
-0.17200001E+02    -0.12422674E+01     0.52897390E-01     0.15000000E+01    -0.57435744E-01     0.98971480E+00     0.81078131E-02     0.49260270E-01      99     0.66996463E-01
-0.17100000E+02    -0.12451872E+01     0.51525045E-01     0.15000000E+01    -0.57819363E-01     0.98971480E+00     0.81530334E-02     0.47852010E-01      99     0.66996463E-01
-0.17000002E+02    -0.12480019E+01     0.50164972E-01     0.15000000E+01    -0.58180653E-01     0.98971480E+00     0.81703756E-02     0.46454452E-01      99     0.66996463E-01
-0.16900000E+02    -0.12517158E+01     0.48952371E-01     0.15000000E+01    -0.58250308E-01     0.98971480E+00     0.81729619E-02     0.45204129E-01      99     0.66996463E-01
-0.16800001E+02    -0.12535353E+01     0.47725312E-01     0.15000000E+01    -0.58521368E-01     0.98971480E+00     0.82122413E-02     0.43942969E-01      99     0.66996463E-01
-0.16600000E+02    -0.12621306E+01     0.45535147E-01     0.15000000E+01    -0.58166675E-01     0.98765242E+00     0.82660988E-02     0.41682716E-01      99     0.66996463E-01
-0.16500000E+02    -0.12631685E+01     0.44413488E-01     0.15000000E+01    -0.58332201E-01     0.98765242E+00     0.82842382E-02     0.40525462E-01     100     0.59696004E-01
-0.16400002E+02    -0.12659444E+01     0.43395657E-01     0.15000000E+01    -0.58171183E-01     0.98765242E+00     0.82899332E-02     0.39474241E-01     100     0.59696004E-01
-0.16300001E+02    -0.12674621E+01     0.42389214E-01     0.15000000E+01    -0.58116119E-01     0.98765242E+00     0.83395923E-02     0.38437407E-01     100     0.59696004E-01
-0.16200001E+02    -0.11160970E+01     0.38404923E-01     0.15000000E+01    -0.77457771E-01     0.96076906E+00     0.87348707E-02     0.34528937E-01     100     0.59696004E-01
-0.16000002E+02    -0.11180078E+01     0.37416745E-01     0.15000000E+01    -0.76289229E-01     0.75642085E+00     0.87975767E-02     0.32814022E-01     100     0.59696004E-01
-0.15900001E+02    -0.11165909E+01     0.36616668E-01     0.15000000E+01    -0.76495327E-01     0.74845403E+00     0.88398950E-02     0.31958472E-01     100     0.59696004E-01
-0.15800000E+02    -0.11151215E+01     0.35832971E-01     0.15000000E+01    -0.76686695E-01     0.74144447E+00     0.88925939E-02     0.31120280E-01     101     0.52765328E-01
-0.15700001E+02    -0.11132762E+01     0.35089403E-01     0.15000000E+01    -0.76855734E-01     0.73511094E+00     0.89279842E-02     0.30327708E-01     101     0.52765328E-01
-0.15600002E+02    -0.11114950E+01     0.34340035E-01     0.15000000E+01    -0.77011436E-01     0.72958547E+00     0.89661907E-02     0.29532285E-01     101     0.52765328E-01
-0.15500001E+02    -0.11093038E+01     0.33627920E-01     0.15000000E+01    -0.77153534E-01     0.72429001E+00     0.90305833E-02     0.28775910E-01     101     0.52765328E-01
-0.15400001E+02    -0.11070187E+01     0.32926302E-01     0.15000000E+01    -0.77281177E-01     0.71962428E+00     0.90683084E-02     0.28032767E-01     101     0.52765328E-01
-0.15300001E+02    -0.11045483E+01     0.32249324E-01     0.15000000E+01    -0.77396952E-01     0.71499503E+00     0.91073290E-02     0.27312806E-01     101     0.52765328E-01
-0.15200001E+02    -0.11019150E+01     0.31586293E-01     0.15000000E+01    -0.77493705E-01     0.71099359E+00     0.91642654E-02     0.26612084E-01     101     0.52765328E-01
-0.14900000E+02    -0.10927708E+01     0.29744839E-01     0.15000000E+01    -0.77738069E-01     0.69555956E+00     0.94877938E-02     0.24646239E-01     101     0.52765328E-01
-0.14800000E+02    -0.10895113E+01     0.29142763E-01     0.15000000E+01    -0.77788942E-01     0.69235247E+00     0.95238201E-02     0.24008542E-01     101     0.52765328E-01
-0.14700002E+02    -0.10862048E+01     0.28548837E-01     0.15000000E+01    -0.77835597E-01     0.68935823E+00     0.95741050E-02     0.23380456E-01     101     0.52765328E-01
-0.14600000E+02    -0.10826625E+01     0.27984576E-01     0.15000000E+01    -0.77864029E-01     0.68636930E+00     0.96307322E-02     0.22781748E-01     101     0.52765328E-01
-0.14500000E+02    -0.10795989E+01     0.27386691E-01     0.15000000E+01    -0.77876538E-01     0.68343365E+00     0.96906051E-02     0.22146737E-01     101     0.52765328E-01
-0.14400001E+02    -0.10762508E+01     0.26815562E-01     0.15000000E+01    -0.77872016E-01     0.68078035E+00     0.97382469E-02     0.21545984E-01     101     0.52765328E-01
-0.14300001E+02    -0.10730458E+01     0.26237071E-01     0.15000000E+01    -0.77853851E-01     0.67817849E+00     0.98154191E-02     0.20937808E-01     101     0.52765328E-01
-0.14200001E+02    -0.10649430E+01     0.26873026E-01     0.15000000E+01    -0.78754976E-01     0.50000001E-01     0.98760780E-02     0.20376675E-01     102     0.46254452E-01
-0.14100001E+02    -0.10615450E+01     0.26332635E-01     0.15000000E+01    -0.78683279E-01     0.50000001E-01     0.99305352E-02     0.19811075E-01     102     0.46254452E-01
-0.14000001E+02    -0.10583160E+01     0.25794255E-01     0.15000000E+01    -0.78578569E-01     0.50000001E-01     0.99834949E-02     0.19247040E-01     102     0.46254452E-01
-0.13900002E+02    -0.10552101E+01     0.25258262E-01     0.15000000E+01    -0.78442410E-01     0.50000001E-01     0.10041041E-01     0.18685473E-01     102     0.46254452E-01
-0.13800001E+02    -0.10523099E+01     0.24731062E-01     0.15000000E+01    -0.78246303E-01     0.50000001E-01     0.10099825E-01     0.18132400E-01     102     0.46254452E-01
-0.13700001E+02    -0.10506657E+01     0.24200646E-01     0.15000000E+01    -0.77860564E-01     0.50000001E-01     0.10167436E-01     0.17576255E-01     102     0.46254452E-01
-0.13600001E+02    -0.10550715E+01     0.23665857E-01     0.15000000E+01    -0.76663673E-01     0.50000001E-01     0.10188913E-01     0.17011236E-01     102     0.46254452E-01
-0.13500001E+02    -0.10501416E+01     0.23218708E-01     0.15000000E+01    -0.76811470E-01     0.50000001E-01     0.10245888E-01     0.16534431E-01     102     0.46254452E-01
-0.13400001E+02    -0.10437359E+01     0.22800047E-01     0.15000000E+01    -0.77139832E-01     0.50000001E-01     0.10325332E-01     0.16085885E-01     102     0.46254452E-01
-0.13300000E+02    -0.10362824E+01     0.22407187E-01     0.15000000E+01    -0.77576995E-01     0.50000001E-01     0.10388929E-01     0.15661869E-01     102     0.46254452E-01
-0.13200001E+02    -0.10280167E+01     0.22033641E-01     0.15000000E+01    -0.78098185E-01     0.50000001E-01     0.10475151E-01     0.15258071E-01     102     0.46254452E-01
-0.13100000E+02    -0.10191185E+01     0.21676369E-01     0.15000000E+01    -0.78670330E-01     0.50000001E-01     0.10558898E-01     0.14869950E-01     102     0.46254452E-01
-0.13000001E+02    -0.10097154E+01     0.21341892E-01     0.15000000E+01    -0.79274356E-01     0.50000001E-01     0.10653413E-01     0.14505100E-01     102     0.46254452E-01
-0.12900001E+02    -0.99990958E+00     0.21022949E-01     0.15000000E+01    -0.79900689E-01     0.50000001E-01     0.10742713E-01     0.14152532E-01     103     0.40209584E-01
-0.12800001E+02    -0.98978090E+00     0.20719664E-01     0.15000000E+01    -0.80536783E-01     0.50000001E-01     0.10829265E-01     0.13818823E-01     103     0.40209584E-01
-0.12700001E+02    -0.97937661E+00     0.20433934E-01     0.15000000E+01    -0.81167571E-01     0.50000001E-01     0.10942398E-01     0.13503571E-01     103     0.40209584E-01
-0.12600001E+02    -0.96877813E+00     0.20161428E-01     0.15000000E+01    -0.81777751E-01     0.50000001E-01     0.11043644E-01     0.13201706E-01     103     0.40209584E-01
-0.12500001E+02    -0.95806468E+00     0.19907756E-01     0.15000000E+01    -0.82352921E-01     0.50000001E-01     0.11152888E-01     0.12919609E-01     103     0.40209584E-01
-0.12400002E+02    -0.94728535E+00     0.19674262E-01     0.15000000E+01    -0.82872443E-01     0.50000001E-01     0.11265539E-01     0.12658639E-01     103     0.40209584E-01
-0.12300001E+02    -0.93649083E+00     0.19457176E-01     0.15000000E+01    -0.83331399E-01     0.50000001E-01     0.11383647E-01     0.12415268E-01     103     0.40209584E-01
-0.12200001E+02    -0.92568707E+00     0.19253395E-01     0.15000000E+01    -0.83741605E-01     0.50000001E-01     0.11483727E-01     0.12186083E-01     103     0.40209584E-01
-0.12100001E+02    -0.91481322E+00     0.19063298E-01     0.15000000E+01    -0.84125735E-01     0.50000001E-01     0.11605423E-01     0.11971162E-01     103     0.40209584E-01
-0.12000000E+02    -0.90385360E+00     0.18879874E-01     0.15000000E+01    -0.84505968E-01     0.50000001E-01     0.11724354E-01     0.11763358E-01     103     0.40209584E-01
-0.11900001E+02    -0.89285713E+00     0.18691657E-01     0.15000000E+01    -0.84890790E-01     0.50000001E-01     0.11846437E-01     0.11545904E-01     104     0.34667194E-01
-0.11800000E+02    -0.88181460E+00     0.18500369E-01     0.15000000E+01    -0.85280098E-01     0.50000001E-01     0.11978900E-01     0.11334597E-01     104     0.34667194E-01
-0.11700001E+02    -0.87069249E+00     0.18315045E-01     0.15000000E+01    -0.85669085E-01     0.50000001E-01     0.12117113E-01     0.11130201E-01     104     0.34667194E-01
-0.11600000E+02    -0.85948032E+00     0.18138578E-01     0.15000000E+01    -0.86056575E-01     0.50000001E-01     0.12242582E-01     0.10934543E-01     104     0.34667194E-01
-0.11500001E+02    -0.84819198E+00     0.17968385E-01     0.15000000E+01    -0.86443707E-01     0.50000001E-01     0.12379240E-01     0.10745270E-01     104     0.34667194E-01
-0.11400001E+02    -0.83682722E+00     0.17804563E-01     0.15000000E+01    -0.86829327E-01     0.50000001E-01     0.12533677E-01     0.10562327E-01     104     0.34667194E-01
-0.11300001E+02    -0.82544214E+00     0.17638925E-01     0.15000000E+01    -0.87224208E-01     0.50000001E-01     0.12939200E-01     0.10384774E-01     104     0.34667194E-01
-0.11200001E+02    -0.81394714E+00     0.17487764E-01     0.15000000E+01    -0.87608196E-01     0.50000001E-01     0.13091769E-01     0.10213681E-01     104     0.34667194E-01
-0.11100001E+02    -0.80239147E+00     0.17342774E-01     0.15000000E+01    -0.87991446E-01     0.50000001E-01     0.13248472E-01     0.10048517E-01     104     0.34667194E-01
-0.11000001E+02    -0.79078782E+00     0.17201290E-01     0.15000000E+01    -0.88374645E-01     0.50000001E-01     0.13399424E-01     0.98839570E-02     105     0.29648051E-01
-0.10900001E+02    -0.77913815E+00     0.17064832E-01     0.15000000E+01    -0.88758938E-01     0.50000001E-01     0.13561978E-01     0.97272266E-02     105     0.29648051E-01
-0.10800001E+02    -0.76744229E+00     0.16932169E-01     0.15000000E+01    -0.89142099E-01     0.50000001E-01     0.13713610E-01     0.95741749E-02     105     0.29648051E-01
-0.10700001E+02    -0.75570035E+00     0.16804717E-01     0.15000000E+01    -0.89524001E-01     0.50000001E-01     0.13922542E-01     0.94267037E-02     105     0.29648051E-01
-0.10600001E+02    -0.74391824E+00     0.16680425E-01     0.15000000E+01    -0.89906193E-01     0.50000001E-01     0.14093957E-01     0.92815654E-02     105     0.29648051E-01
-0.10500001E+02    -0.73210406E+00     0.16560078E-01     0.15000000E+01    -0.90289243E-01     0.50000001E-01     0.14260083E-01     0.91372393E-02     105     0.29648051E-01
-0.10400002E+02    -0.72026896E+00     0.16423881E-01     0.15000000E+01    -0.90691417E-01     0.50000001E-01     0.14450794E-01     0.89852866E-02     105     0.29648051E-01
-0.10300000E+02    -0.70839894E+00     0.16294731E-01     0.15000000E+01    -0.91092005E-01     0.50000001E-01     0.14658916E-01     0.88409185E-02     105     0.29648051E-01
-0.10200001E+02    -0.69649076E+00     0.16170295E-01     0.15000000E+01    -0.91491900E-01     0.50000001E-01     0.14848692E-01     0.87010572E-02     105     0.29648051E-01
-0.10100000E+02    -0.68454140E+00     0.16050704E-01     0.15000000E+01    -0.91889203E-01     0.50000001E-01     0.15058298E-01     0.85631879E-02     106     0.25154669E-01
-0.10000001E+02    -0.67256743E+00     0.15936991E-01     0.15000000E+01    -0.92285186E-01     0.50000001E-01     0.15252573E-01     0.84330216E-02     106     0.25154669E-01
-0.99000006E+01    -0.66055864E+00     0.15826510E-01     0.15000000E+01    -0.92679530E-01     0.50000001E-01     0.15484714E-01     0.83064865E-02     106     0.25154669E-01
-0.98000011E+01    -0.64852583E+00     0.15719719E-01     0.15000000E+01    -0.93074322E-01     0.50000001E-01     0.15718982E-01     0.81831738E-02     106     0.25154669E-01
-0.97000008E+01    -0.63646376E+00     0.15616620E-01     0.15000000E+01    -0.93465984E-01     0.50000001E-01     0.15941286E-01     0.80629867E-02     106     0.25154669E-01
-0.96000013E+01    -0.62438262E+00     0.15517308E-01     0.15000000E+01    -0.93857668E-01     0.50000001E-01     0.16166704E-01     0.79466105E-02     106     0.25154669E-01
-0.95000010E+01    -0.61227751E+00     0.15420507E-01     0.15000000E+01    -0.94248734E-01     0.50000001E-01     0.16417764E-01     0.78325635E-02     106     0.25154669E-01
-0.94000006E+01    -0.60014683E+00     0.15327190E-01     0.15000000E+01    -0.94636783E-01     0.50000001E-01     0.16684212E-01     0.77219349E-02     106     0.25154669E-01
-0.93000011E+01    -0.58800691E+00     0.15223151E-01     0.15000000E+01    -0.95047928E-01     0.50000001E-01     0.17309379E-01     0.76007573E-02     107     0.21171682E-01
-0.91999998E+01    -0.57583201E+00     0.15122805E-01     0.15000000E+01    -0.95453717E-01     0.50000001E-01     0.17593291E-01     0.74877604E-02     107     0.21171682E-01
-0.91000013E+01    -0.56363970E+00     0.15026547E-01     0.15000000E+01    -0.95857404E-01     0.50000001E-01     0.17870015E-01     0.73784310E-02     107     0.21171682E-01
-0.90000000E+01    -0.55143309E+00     0.14935563E-01     0.15000000E+01    -0.96256591E-01     0.50000001E-01     0.18154966E-01     0.72736945E-02     107     0.21171682E-01
-0.89000015E+01    -0.53920799E+00     0.14848874E-01     0.15000000E+01    -0.96651852E-01     0.50000001E-01     0.18458042E-01     0.71727489E-02     107     0.21171682E-01
-0.88000002E+01    -0.52697200E+00     0.14764907E-01     0.15000000E+01    -0.97046740E-01     0.50000001E-01     0.18767169E-01     0.70740310E-02     107     0.21171682E-01
-0.87000017E+01    -0.51472116E+00     0.14684510E-01     0.15000000E+01    -0.97438313E-01     0.50000001E-01     0.19081989E-01     0.69785025E-02     107     0.21171682E-01
-0.86000004E+01    -0.50245976E+00     0.14606652E-01     0.15000000E+01    -0.97828709E-01     0.50000001E-01     0.19405620E-01     0.68852515E-02     107     0.21171682E-01
-0.85000019E+01    -0.49018678E+00     0.14531951E-01     0.15000000E+01    -0.98216601E-01     0.50000001E-01     0.19734137E-01     0.67924820E-02     108     0.17670281E-01
-0.84000006E+01    -0.47790200E+00     0.14459822E-01     0.15000000E+01    -0.98602071E-01     0.50000001E-01     0.20085365E-01     0.67042923E-02     108     0.17670281E-01
-0.83000011E+01    -0.46558821E+00     0.14378251E-01     0.15000000E+01    -0.99007286E-01     0.50000001E-01     0.20508951E-01     0.66071497E-02     108     0.17670281E-01
-0.82000008E+01    -0.45325902E+00     0.14299816E-01     0.15000000E+01    -0.99408388E-01     0.50000001E-01     0.20841019E-01     0.65172990E-02     108     0.17670281E-01
-0.80000010E+01    -0.42857963E+00     0.14145437E-01     0.15000000E+01    -0.10022070E+00     0.50000001E-01     0.22130616E-01     0.63463231E-02     108     0.17670281E-01
-0.79000001E+01    -0.41623732E+00     0.14079762E-01     0.15000000E+01    -0.10060716E+00     0.50000001E-01     0.22563195E-01     0.62669897E-02     108     0.17670281E-01
-0.78000011E+01    -0.40389213E+00     0.14016928E-01     0.15000000E+01    -0.10099161E+00     0.50000001E-01     0.22975711E-01     0.61900504E-02     108     0.17670281E-01
-0.77000003E+01    -0.39154336E+00     0.13956579E-01     0.15000000E+01    -0.10137358E+00     0.50000001E-01     0.23408094E-01     0.61130412E-02     109     0.14612910E-01
-0.76000009E+01    -0.37918341E+00     0.13895042E-01     0.15000000E+01    -0.10176005E+00     0.50000001E-01     0.23880389E-01     0.60335780E-02     109     0.14612910E-01
-0.75000005E+01    -0.36678576E+00     0.13825941E-01     0.15000000E+01    -0.10216280E+00     0.50000001E-01     0.24386803E-01     0.59560826E-02     109     0.14612910E-01
-0.74000010E+01    -0.35439286E+00     0.13761966E-01     0.15000000E+01    -0.10255880E+00     0.50000001E-01     0.24865193E-01     0.58824597E-02     109     0.14612910E-01
-0.73000002E+01    -0.34200475E+00     0.13702864E-01     0.15000000E+01    -0.10294686E+00     0.50000001E-01     0.25371663E-01     0.58127427E-02     109     0.14612910E-01
-0.72000012E+01    -0.32961610E+00     0.13646691E-01     0.15000000E+01    -0.10333109E+00     0.50000001E-01     0.25913104E-01     0.57454938E-02     109     0.14612910E-01
-0.71000004E+01    -0.31723180E+00     0.13593523E-01     0.15000000E+01    -0.10371216E+00     0.50000001E-01     0.26490143E-01     0.56804232E-02     109     0.14612910E-01
-0.70000014E+01    -0.30483678E+00     0.13539538E-01     0.15000000E+01    -0.10409717E+00     0.50000001E-01     0.27658261E-01     0.56156060E-02     110     0.11957771E-01
-0.69000006E+01    -0.29241857E+00     0.13483466E-01     0.15000000E+01    -0.10448706E+00     0.50000001E-01     0.28249927E-01     0.55455305E-02     110     0.11957771E-01
-0.68000016E+01    -0.27999330E+00     0.13427007E-01     0.15000000E+01    -0.10488026E+00     0.50000001E-01     0.28882677E-01     0.54818327E-02     110     0.11957771E-01
-0.67000008E+01    -0.26758489E+00     0.13376321E-01     0.15000000E+01    -0.10526424E+00     0.50000001E-01     0.29484335E-01     0.54220278E-02     110     0.11957771E-01
-0.66000018E+01    -0.25517488E+00     0.13328877E-01     0.15000000E+01    -0.10564145E+00     0.50000001E-01     0.30144235E-01     0.53645428E-02     110     0.11957771E-01
-0.65000010E+01    -0.24277437E+00     0.13284937E-01     0.15000000E+01    -0.10601296E+00     0.50000001E-01     0.30789005E-01     0.53095715E-02     110     0.11957771E-01
-0.64000001E+01    -0.23037845E+00     0.13243299E-01     0.15000000E+01    -0.10638140E+00     0.50000001E-01     0.31526785E-01     0.52567273E-02     110     0.11957771E-01
-0.63000011E+01    -0.21798499E+00     0.13203820E-01     0.15000000E+01    -0.10674574E+00     0.50000001E-01     0.32241207E-01     0.52035479E-02     111     0.96629225E-02
-0.62000003E+01    -0.20550109E+00     0.13143529E-01     0.15000000E+01    -0.10716000E+00     0.50000001E-01     0.33769414E-01     0.51408894E-02     111     0.96629225E-02
-0.61000009E+01    -0.19308586E+00     0.13101874E-01     0.15000000E+01    -0.10753245E+00     0.50000001E-01     0.34548953E-01     0.50910562E-02     111     0.96629225E-02
-0.60000000E+01    -0.18068326E+00     0.13064144E-01     0.15000000E+01    -0.10789797E+00     0.50000001E-01     0.35328951E-01     0.50436147E-02     111     0.96629225E-02
-0.59000010E+01    -0.16828720E+00     0.13028924E-01     0.15000000E+01    -0.10825933E+00     0.50000001E-01     0.36172111E-01     0.49981438E-02     111     0.96629225E-02
-0.58000002E+01    -0.15590218E+00     0.12996029E-01     0.15000000E+01    -0.10861696E+00     0.50000001E-01     0.37055247E-01     0.49545970E-02     111     0.96629225E-02
-0.57000012E+01    -0.14348578E+00     0.12958919E-01     0.15000000E+01    -0.10898431E+00     0.50000001E-01     0.37950031E-01     0.49044890E-02     111     0.96629225E-02
-0.56000004E+01    -0.13101330E+00     0.12909788E-01     0.15000000E+01    -0.10938281E+00     0.50000001E-01     0.39748359E-01     0.48571229E-02     112     0.76893726E-02
-0.55000014E+01    -0.11861707E+00     0.12878001E-01     0.15000000E+01    -0.10974133E+00     0.50000001E-01     0.40658187E-01     0.48168488E-02     112     0.76893726E-02
-0.54000006E+01    -0.10623343E+00     0.12849536E-01     0.15000000E+01    -0.11009378E+00     0.50000001E-01     0.41595552E-01     0.47788275E-02     112     0.76893726E-02
-0.53000016E+01    -0.93855254E-01     0.12822879E-01     0.15000000E+01    -0.11044169E+00     0.50000001E-01     0.42593978E-01     0.47421576E-02     112     0.76893726E-02
-0.52000008E+01    -0.81462584E-01     0.12793130E-01     0.15000000E+01    -0.11079897E+00     0.50000001E-01     0.43670502E-01     0.46999929E-02     112     0.76893726E-02
-0.51000013E+01    -0.69048747E-01     0.12760501E-01     0.15000000E+01    -0.11116367E+00     0.50000001E-01     0.44704184E-01     0.46633137E-02     112     0.76893726E-02
-0.50000010E+01    -0.56624666E-01     0.12725342E-01     0.15000000E+01    -0.11153695E+00     0.50000001E-01     0.46803884E-01     0.46276124E-02     113     0.60032276E-02
-0.49000015E+01    -0.44258021E-01     0.12702988E-01     0.15000000E+01    -0.11187869E+00     0.50000001E-01     0.47907189E-01     0.45963749E-02     113     0.60032276E-02
-0.48000007E+01    -0.31901453E-01     0.12682806E-01     0.15000000E+01    -0.11221726E+00     0.50000001E-01     0.49067970E-01     0.45668203E-02     113     0.60032276E-02
-0.47000003E+01    -0.19534478E-01     0.12660638E-01     0.15000000E+01    -0.11256107E+00     0.50000001E-01     0.50000001E-01     0.45316154E-02     113     0.60032276E-02
-0.46000009E+01    -0.72134454E-02     0.12647544E-01     0.15000000E+01    -0.11288312E+00     0.50000001E-01     0.50000001E-01     0.45042094E-02     113     0.60032276E-02
-0.45000000E+01     0.51036440E-02     0.12635794E-01     0.15000000E+01    -0.11320242E+00     0.50000001E-01     0.50000001E-01     0.44783670E-02     113     0.60032276E-02
-0.44000010E+01     0.17414814E-01     0.12624734E-01     0.15000000E+01    -0.11352108E+00     0.50000001E-01     0.50000001E-01     0.44522332E-02     114     0.45754998E-02
-0.43000002E+01     0.29717853E-01     0.12614874E-01     0.15000000E+01    -0.11383794E+00     0.50000001E-01     0.50000001E-01     0.44288645E-02     114     0.45754998E-02
-0.42000012E+01     0.42017072E-01     0.12605893E-01     0.15000000E+01    -0.11415275E+00     0.50000001E-01     0.50000001E-01     0.44066561E-02     114     0.45754998E-02
-0.41000004E+01     0.54307763E-01     0.12598187E-01     0.15000000E+01    -0.11446542E+00     0.50000001E-01     0.50000001E-01     0.43857712E-02     114     0.45754998E-02
-0.40000014E+01     0.66596337E-01     0.12591198E-01     0.15000000E+01    -0.11477704E+00     0.50000001E-01     0.50000001E-01     0.43661548E-02     114     0.45754998E-02
-0.39000006E+01     0.78874491E-01     0.12585278E-01     0.15000000E+01    -0.11508718E+00     0.50000001E-01     0.50000001E-01     0.43476950E-02     114     0.45754998E-02
-0.38000014E+01     0.91150634E-01     0.12579896E-01     0.15000000E+01    -0.11539638E+00     0.50000001E-01     0.50000001E-01     0.43290164E-02     115     0.33813347E-02
-0.37000005E+01     0.10341773E+00     0.12575757E-01     0.15000000E+01    -0.11570286E+00     0.50000001E-01     0.50000001E-01     0.43128375E-02     115     0.33813347E-02
-0.36000016E+01     0.11567844E+00     0.12572500E-01     0.15000000E+01    -0.11600772E+00     0.50000001E-01     0.50000001E-01     0.42978432E-02     115     0.33813347E-02
-0.35000007E+01     0.12793157E+00     0.12569918E-01     0.15000000E+01    -0.11631235E+00     0.50000001E-01     0.50000001E-01     0.42838436E-02     115     0.33813347E-02
-0.34000015E+01     0.14018154E+00     0.12568155E-01     0.15000000E+01    -0.11661458E+00     0.50000001E-01     0.50000001E-01     0.42710006E-02     115     0.33813347E-02
-0.33000009E+01     0.15242381E+00     0.12567387E-01     0.15000000E+01    -0.11691523E+00     0.50000001E-01     0.50000001E-01     0.42592417E-02     115     0.33813347E-02
-0.32000017E+01     0.16465783E+00     0.12567555E-01     0.15000000E+01    -0.11721352E+00     0.50000001E-01     0.50000001E-01     0.42476151E-02     116     0.23992427E-02
-0.31000009E+01     0.17688571E+00     0.12568467E-01     0.15000000E+01    -0.11751115E+00     0.50000001E-01     0.50000001E-01     0.42380234E-02     116     0.23992427E-02
-0.30000000E+01     0.18910463E+00     0.12570235E-01     0.15000000E+01    -0.11780715E+00     0.50000001E-01     0.50000001E-01     0.42294692E-02     116     0.23992427E-02
-0.29000010E+01     0.20132005E+00     0.12572562E-01     0.15000000E+01    -0.11810204E+00     0.50000001E-01     0.50000001E-01     0.42218836E-02     116     0.23992427E-02
-0.28000002E+01     0.21352658E+00     0.12576067E-01     0.15000000E+01    -0.11839423E+00     0.50000001E-01     0.50000001E-01     0.42155171E-02     116     0.23992427E-02
-0.27000012E+01     0.22572570E+00     0.12580252E-01     0.15000000E+01    -0.11868487E+00     0.50000001E-01     0.50000001E-01     0.42101173E-02     116     0.23992427E-02
-0.26000004E+01     0.23791565E+00     0.12585271E-01     0.15000000E+01    -0.11897415E+00     0.50000001E-01     0.50000001E-01     0.42049307E-02     117     0.16104087E-02
-0.25000012E+01     0.25009885E+00     0.12590952E-01     0.15000000E+01    -0.11926222E+00     0.50000001E-01     0.50000001E-01     0.42014932E-02     117     0.16104087E-02
-0.24000003E+01     0.26227573E+00     0.12597315E-01     0.15000000E+01    -0.11954854E+00     0.50000001E-01     0.50000001E-01     0.41990671E-02     117     0.16104087E-02
-0.23000014E+01     0.27444360E+00     0.12604760E-01     0.15000000E+01    -0.11983279E+00     0.50000001E-01     0.50000001E-01     0.41978164E-02     117     0.16104087E-02
-0.22000005E+01     0.28660622E+00     0.12612638E-01     0.15000000E+01    -0.12011561E+00     0.50000001E-01     0.50000001E-01     0.41973665E-02     117     0.16104087E-02
-0.21000013E+01     0.29875615E+00     0.12621547E-01     0.15000000E+01    -0.12039702E+00     0.50000001E-01     0.50000001E-01     0.41980501E-02     117     0.16104087E-02
-0.20000007E+01     0.31090015E+00     0.12631018E-01     0.15000000E+01    -0.12067642E+00     0.50000001E-01     0.50000001E-01     0.41989610E-02     118     0.99777535E-03
-0.19000015E+01     0.32303730E+00     0.12641316E-01     0.15000000E+01    -0.12095457E+00     0.50000001E-01     0.50000001E-01     0.42015463E-02     118     0.99777535E-03
-0.18000008E+01     0.33516571E+00     0.12652447E-01     0.15000000E+01    -0.12123013E+00     0.50000001E-01     0.50000001E-01     0.42051142E-02     118     0.99777535E-03
-0.17000016E+01     0.34728146E+00     0.12664411E-01     0.15000000E+01    -0.12150460E+00     0.50000001E-01     0.50000001E-01     0.42097215E-02     118     0.99777535E-03
-0.16000009E+01     0.35938972E+00     0.12676976E-01     0.15000000E+01    -0.12177765E+00     0.50000001E-01     0.50000001E-01     0.42152442E-02     118     0.99777535E-03
-0.15000000E+01     0.37149027E+00     0.12690322E-01     0.15000000E+01    -0.12204850E+00     0.50000001E-01     0.50000001E-01     0.42212205E-02     119     0.54556254E-03
-0.14000009E+01     0.38358197E+00     0.12704449E-01     0.15000000E+01    -0.12231799E+00     0.50000001E-01     0.50000001E-01     0.42287810E-02     119     0.54556254E-03
-0.13000002E+01     0.39566395E+00     0.12719334E-01     0.15000000E+01    -0.12258484E+00     0.50000001E-01     0.50000001E-01     0.42372225E-02     119     0.54556254E-03
-0.12000011E+01     0.40773460E+00     0.12734867E-01     0.15000000E+01    -0.12285050E+00     0.50000001E-01     0.50000001E-01     0.42465897E-02     119     0.54556254E-03
-0.11000003E+01     0.41979674E+00     0.12751237E-01     0.15000000E+01    -0.12311403E+00     0.50000001E-01     0.50000001E-01     0.42569730E-02     119     0.54556254E-03
-0.10000012E+01     0.43185019E+00     0.12768097E-01     0.15000000E+01    -0.12337629E+00     0.50000001E-01     0.50000001E-01     0.42678481E-02     120     0.23854098E-03
-0.90000039E+00     0.44389024E+00     0.12786027E-01     0.15000000E+01    -0.12363582E+00     0.50000001E-01     0.50000001E-01     0.42801592E-02     120     0.23854098E-03
-0.80000126E+00     0.45592320E+00     0.12804550E-01     0.15000000E+01    -0.12389420E+00     0.50000001E-01     0.50000001E-01     0.42934380E-02     120     0.23854098E-03
-0.70000046E+00     0.46794534E+00     0.12823825E-01     0.15000000E+01    -0.12415023E+00     0.50000001E-01     0.50000001E-01     0.43076482E-02     120     0.23854098E-03
-0.60000139E+00     0.47995397E+00     0.12843937E-01     0.15000000E+01    -0.12440446E+00     0.50000001E-01     0.50000001E-01     0.43227980E-02     120     0.23854098E-03
-0.50000060E+00     0.49195662E+00     0.12864438E-01     0.15000000E+01    -0.12465667E+00     0.50000001E-01     0.50000001E-01     0.43385820E-02     121     0.62155326E-04
-0.40000150E+00     0.50394404E+00     0.12886028E-01     0.15000000E+01    -0.12490736E+00     0.50000001E-01     0.50000001E-01     0.43556960E-02     121     0.62155326E-04
-0.30000070E+00     0.51592350E+00     0.12908184E-01     0.15000000E+01    -0.12515534E+00     0.50000001E-01     0.50000001E-01     0.43736687E-02     121     0.62155326E-04
-0.20000160E+00     0.52788943E+00     0.12931115E-01     0.15000000E+01    -0.12540145E+00     0.50000001E-01     0.50000001E-01     0.43925922E-02     121     0.62155326E-04
-0.10000080E+00     0.53984493E+00     0.12954725E-01     0.15000000E+01    -0.12564583E+00     0.50000001E-01     0.50000001E-01     0.44124825E-02     121     0.62155326E-04
 0.00000000E+00     0.55178905E+00     0.12979143E-01     0.15000000E+01    -0.12588730E+00     0.50000001E-01     0.50000001E-01     0.44333758E-02     121     0.62155326E-04
 0.99999093E-01     0.56371975E+00     0.13004285E-01     0.15000000E+01    -0.12612715E+00     0.50000001E-01     0.50000001E-01     0.44551026E-02     122     0.28565864E-07
 0.19999990E+00     0.57563972E+00     0.13030146E-01     0.15000000E+01    -0.12636517E+00     0.50000001E-01     0.50000001E-01     0.44779088E-02     122     0.28565864E-07
 0.29999900E+00     0.58754689E+00     0.13056773E-01     0.15000000E+01    -0.12660038E+00     0.50000001E-01     0.50000001E-01     0.45015765E-02     122     0.28565864E-07
 0.39999980E+00     0.59943986E+00     0.13084084E-01     0.15000000E+01    -0.12683374E+00     0.50000001E-01     0.50000001E-01     0.45262473E-02     122     0.28565864E-07
 0.49999887E+00     0.61131883E+00     0.13112276E-01     0.15000000E+01    -0.12706397E+00     0.50000001E-01     0.50000001E-01     0.45518912E-02     122     0.28565864E-07
 0.59999967E+00     0.62318945E+00     0.13140903E-01     0.15000000E+01    -0.12729311E+00     0.50000001E-01     0.50000001E-01     0.45786584E-02     123     0.80390244E-04
 0.69999880E+00     0.63504225E+00     0.13170600E-01     0.15000000E+01    -0.12751904E+00     0.50000001E-01     0.50000001E-01     0.46062246E-02     123     0.80390244E-04
 0.79999959E+00     0.64688307E+00     0.13200902E-01     0.15000000E+01    -0.12774318E+00     0.50000001E-01     0.50000001E-01     0.46346644E-02     123     0.80390244E-04
 0.89999866E+00     0.65871102E+00     0.13231987E-01     0.15000000E+01    -0.12796412E+00     0.50000001E-01     0.50000001E-01     0.46641203E-02     123     0.80390244E-04
 0.99999946E+00     0.67052269E+00     0.13263860E-01     0.15000000E+01    -0.12818319E+00     0.50000001E-01     0.50000001E-01     0.46945754E-02     123     0.80390244E-04
 0.10999986E+01     0.68232036E+00     0.13296458E-01     0.15000000E+01    -0.12839957E+00     0.50000001E-01     0.50000001E-01     0.47266409E-02     124     0.35351070E-03
 0.11999993E+01     0.69410294E+00     0.13329966E-01     0.15000000E+01    -0.12861268E+00     0.50000001E-01     0.50000001E-01     0.47590546E-02     124     0.35351070E-03
 0.12999984E+01     0.70587158E+00     0.13364017E-01     0.15000000E+01    -0.12882411E+00     0.50000001E-01     0.50000001E-01     0.47923075E-02     124     0.35351070E-03
 0.13999993E+01     0.71762407E+00     0.13398889E-01     0.15000000E+01    -0.12903237E+00     0.50000001E-01     0.50000001E-01     0.48265960E-02     124     0.35351070E-03
 0.14999983E+01     0.72936136E+00     0.13434596E-01     0.15000000E+01    -0.12923762E+00     0.50000001E-01     0.50000001E-01     0.48619481E-02     124     0.35351070E-03
 0.15999992E+01     0.74108201E+00     0.13470965E-01     0.15000000E+01    -0.12944087E+00     0.50000001E-01     0.50000001E-01     0.48982548E-02     124     0.35351070E-03
 0.16999999E+01     0.75278586E+00     0.13508302E-01     0.15000000E+01    -0.12964073E+00     0.50000001E-01     0.50000001E-01     0.49365973E-02     125     0.82066102E-03
 0.17999990E+01     0.76447380E+00     0.13546230E-01     0.15000000E+01    -0.12983795E+00     0.50000001E-01     0.50000001E-01     0.49747815E-02     125     0.82066102E-03
 0.18999999E+01     0.77614760E+00     0.13585026E-01     0.15000000E+01    -0.13003190E+00     0.50000001E-01     0.50000001E-01     0.50140992E-02     125     0.82066102E-03
 0.19999989E+01     0.78780055E+00     0.13624677E-01     0.15000000E+01    -0.13022302E+00     0.50000001E-01     0.50000001E-01     0.50544282E-02     125     0.82066102E-03
 0.20999997E+01     0.79943496E+00     0.13665039E-01     0.15000000E+01    -0.13041160E+00     0.50000001E-01     0.50000001E-01     0.50957156E-02     125     0.82066102E-03
 0.21999989E+01     0.81105298E+00     0.13706386E-01     0.15000000E+01    -0.13059607E+00     0.50000001E-01     0.50000001E-01     0.51395269E-02     126     0.14810531E-02
 0.22999997E+01     0.82265139E+00     0.13748457E-01     0.15000000E+01    -0.13077772E+00     0.50000001E-01     0.50000001E-01     0.51829210E-02     126     0.14810531E-02
 0.23999987E+01     0.83423078E+00     0.13791141E-01     0.15000000E+01    -0.13095605E+00     0.50000001E-01     0.50000001E-01     0.52272025E-02     126     0.14810531E-02
 0.24999995E+01     0.84579170E+00     0.13834880E-01     0.15000000E+01    -0.13113092E+00     0.50000001E-01     0.50000001E-01     0.52726958E-02     126     0.14810531E-02
 0.25999987E+01     0.85733235E+00     0.13879478E-01     0.15000000E+01    -0.13130267E+00     0.50000001E-01     0.50000001E-01     0.53193010E-02     126     0.14810531E-02
 0.26999993E+01     0.86885220E+00     0.13924820E-01     0.15000000E+01    -0.13147028E+00     0.50000001E-01     0.50000001E-01     0.53668953E-02     126     0.14810531E-02
 0.27999985E+01     0.88035172E+00     0.13971207E-01     0.15000000E+01    -0.13163486E+00     0.50000001E-01     0.50000001E-01     0.54172324E-02     127     0.23334543E-02
 0.28999994E+01     0.89183038E+00     0.14018385E-01     0.15000000E+01    -0.13179539E+00     0.50000001E-01     0.50000001E-01     0.54670312E-02     127     0.23334543E-02
 0.29999983E+01     0.90328848E+00     0.14066114E-01     0.15000000E+01    -0.13195239E+00     0.50000001E-01     0.50000001E-01     0.55177119E-02     127     0.23334543E-02
 0.30999992E+01     0.91472238E+00     0.14115001E-01     0.15000000E+01    -0.13210560E+00     0.50000001E-01     0.50000001E-01     0.55696908E-02     127     0.23334543E-02
 0.31999984E+01     0.92613369E+00     0.14164694E-01     0.15000000E+01    -0.13225451E+00     0.50000001E-01     0.50000001E-01     0.56227604E-02     127     0.23334543E-02
 0.32999990E+01     0.93752283E+00     0.14215343E-01     0.15000000E+01    -0.13239931E+00     0.50000001E-01     0.50000001E-01     0.56769475E-02     127     0.23334543E-02
 0.33999999E+01     0.94888657E+00     0.14267256E-01     0.15000000E+01    -0.13254052E+00     0.50000001E-01     0.50000001E-01     0.57342993E-02     128     0.33788222E-02
 0.34999990E+01     0.96022731E+00     0.14319352E-01     0.15000000E+01    -0.13267697E+00     0.50000001E-01     0.50000001E-01     0.57904590E-02     128     0.33788222E-02
 0.35999999E+01     0.97154087E+00     0.14373183E-01     0.15000000E+01    -0.13280904E+00     0.50000001E-01     0.50000001E-01     0.58484841E-02     128     0.33788222E-02
 0.36999989E+01     0.98283041E+00     0.14427195E-01     0.15000000E+01    -0.13293646E+00     0.50000001E-01     0.50000001E-01     0.59069535E-02     128     0.33788222E-02
 0.37999997E+01     0.99409157E+00     0.14482595E-01     0.15000000E+01    -0.13305980E+00     0.50000001E-01     0.50000001E-01     0.59670378E-02     128     0.33788222E-02
 0.38999987E+01     0.10053278E+01     0.14538752E-01     0.15000000E+01    -0.13317806E+00     0.50000001E-01     0.50000001E-01     0.60281865E-02     128     0.33788222E-02
 0.39999995E+01     0.10165336E+01     0.14596533E-01     0.15000000E+01    -0.13329121E+00     0.50000001E-01     0.50000001E-01     0.60928650E-02     129     0.46209926E-02
 0.40999985E+01     0.10277121E+01     0.14654419E-01     0.15000000E+01    -0.13339938E+00     0.50000001E-01     0.50000001E-01     0.61561475E-02     129     0.46209926E-02
 0.41999993E+01     0.10388621E+01     0.14714112E-01     0.15000000E+01    -0.13350254E+00     0.50000001E-01     0.50000001E-01     0.62214509E-02     129     0.46209926E-02
 0.42999988E+01     0.10499793E+01     0.14774431E-01     0.15000000E+01    -0.13359980E+00     0.50000001E-01     0.50000001E-01     0.62876139E-02     129     0.46209926E-02
 0.43999991E+01     0.10610625E+01     0.14835760E-01     0.15000000E+01    -0.13369109E+00     0.50000001E-01     0.50000001E-01     0.63550053E-02     129     0.46209926E-02
 0.44999986E+01     0.10721123E+01     0.14898088E-01     0.15000000E+01    -0.13377704E+00     0.50000001E-01     0.50000001E-01     0.64236596E-02     129     0.46209926E-02
 0.45999994E+01     0.10831304E+01     0.14961584E-01     0.15000000E+01    -0.13385656E+00     0.50000001E-01     0.50000001E-01     0.64956229E-02     130     0.60680029E-02
 0.47000003E+01     0.10941110E+01     0.15025972E-01     0.15000000E+01    -0.13392995E+00     0.50000001E-01     0.50000001E-01     0.65668169E-02     130     0.60680029E-02
 0.47999973E+01     0.11050580E+01     0.15091510E-01     0.15000000E+01    -0.13399668E+00     0.50000001E-01     0.50000001E-01     0.66394228E-02     130     0.60680029E-02
 0.48999982E+01     0.11159668E+01     0.15158207E-01     0.15000000E+01    -0.13405727E+00     0.50000001E-01     0.50000001E-01     0.67133475E-02     130     0.60680029E-02
 0.49999990E+01     0.11268338E+01     0.15226064E-01     0.15000000E+01    -0.13411020E+00     0.50000001E-01     0.50000001E-01     0.67887167E-02     130     0.60680029E-02
 0.50999999E+01     0.11376609E+01     0.15294979E-01     0.15000000E+01    -0.13415541E+00     0.50000001E-01     0.50000001E-01     0.68654073E-02     130     0.60680029E-02
 0.52000008E+01     0.11484458E+01     0.15365069E-01     0.15000000E+01    -0.13419361E+00     0.50000001E-01     0.50000001E-01     0.69455011E-02     131     0.77328882E-02
 0.52999978E+01     0.11591858E+01     0.15436511E-01     0.15000000E+01    -0.13422339E+00     0.50000001E-01     0.50000001E-01     0.70251450E-02     131     0.77328882E-02
 0.53999987E+01     0.11698825E+01     0.15509028E-01     0.15000000E+01    -0.13424550E+00     0.50000001E-01     0.50000001E-01     0.71061840E-02     131     0.77328882E-02
 0.54999995E+01     0.11805320E+01     0.15582829E-01     0.15000000E+01    -0.13425960E+00     0.50000001E-01     0.50000001E-01     0.71886955E-02     131     0.77328882E-02
 0.56000004E+01     0.11911372E+01     0.15658071E-01     0.15000000E+01    -0.13426505E+00     0.50000001E-01     0.50000001E-01     0.72729103E-02     131     0.77328882E-02
 0.56999979E+01     0.12016889E+01     0.15734624E-01     0.15000000E+01    -0.13426101E+00     0.50000001E-01     0.50000001E-01     0.73586907E-02     131     0.77328882E-02
 0.57999988E+01     0.12121929E+01     0.15812550E-01     0.15000000E+01    -0.13424833E+00     0.50000001E-01     0.50000001E-01     0.74482327E-02     132     0.96339667E-02
 0.58999996E+01     0.12226403E+01     0.15891701E-01     0.15000000E+01    -0.13422526E+00     0.50000001E-01     0.50000001E-01     0.75371396E-02     132     0.96339667E-02
 0.60000000E+01     0.12330303E+01     0.15972393E-01     0.15000000E+01    -0.13419232E+00     0.50000001E-01     0.50000001E-01     0.76278681E-02     132     0.96339667E-02
 0.60999975E+01     0.12433627E+01     0.16054505E-01     0.15000000E+01    -0.13414867E+00     0.50000001E-01     0.50000001E-01     0.77202767E-02     132     0.96339667E-02
 0.61999984E+01     0.12536347E+01     0.16138235E-01     0.15000000E+01    -0.13409396E+00     0.50000001E-01     0.50000001E-01     0.78145424E-02     132     0.96339667E-02
 0.62999992E+01     0.12638465E+01     0.16223699E-01     0.15000000E+01    -0.13402840E+00     0.50000001E-01     0.50000001E-01     0.79108123E-02     132     0.96339667E-02
 0.64000001E+01     0.12739922E+01     0.16310764E-01     0.15000000E+01    -0.13395050E+00     0.50000001E-01     0.50000001E-01     0.80089578E-02     132     0.96339667E-02
 0.65000010E+01     0.12840726E+01     0.16399404E-01     0.15000000E+01    -0.13386115E+00     0.50000001E-01     0.50000001E-01     0.81112152E-02     133     0.11795415E-01
 0.65999980E+01     0.12940782E+01     0.16490007E-01     0.15000000E+01    -0.13375811E+00     0.50000001E-01     0.50000001E-01     0.82134139E-02     133     0.11795415E-01
 0.66999989E+01     0.13040107E+01     0.16582392E-01     0.15000000E+01    -0.13364205E+00     0.50000001E-01     0.50000001E-01     0.83177341E-02     133     0.11795415E-01
 0.67999997E+01     0.13138644E+01     0.16676635E-01     0.15000000E+01    -0.13351092E+00     0.50000001E-01     0.50000001E-01     0.84241843E-02     133     0.11795415E-01
 0.69000006E+01     0.13236340E+01     0.16773039E-01     0.15000000E+01    -0.13336492E+00     0.50000001E-01     0.50000001E-01     0.85330680E-02     133     0.11795415E-01
 0.69999981E+01     0.13333116E+01     0.16871665E-01     0.15000000E+01    -0.13320242E+00     0.50000001E-01     0.50000001E-01     0.86443601E-02     133     0.11795415E-01
 0.70999990E+01     0.13429054E+01     0.16972290E-01     0.15000000E+01    -0.13302398E+00     0.50000001E-01     0.50000001E-01     0.87580867E-02     133     0.11795415E-01
 0.71999998E+01     0.13523983E+01     0.17075418E-01     0.15000000E+01    -0.13282812E+00     0.50000001E-01     0.50000001E-01     0.88768639E-02     134     0.14247113E-01
 0.73000002E+01     0.13617944E+01     0.17180987E-01     0.15000000E+01    -0.13261412E+00     0.50000001E-01     0.50000001E-01     0.89961216E-02     134     0.14247113E-01
 0.73999977E+01     0.13710854E+01     0.17288772E-01     0.15000000E+01    -0.13238057E+00     0.50000001E-01     0.50000001E-01     0.91179488E-02     134     0.14247113E-01
 0.74999986E+01     0.13802626E+01     0.17399380E-01     0.15000000E+01    -0.13212641E+00     0.50000001E-01     0.50000001E-01     0.92429118E-02     134     0.14247113E-01
 0.75999994E+01     0.13893081E+01     0.17513033E-01     0.15000000E+01    -0.13184889E+00     0.50000001E-01     0.50000001E-01     0.93711875E-02     134     0.14247113E-01
 0.77000003E+01     0.13982315E+01     0.17629569E-01     0.15000000E+01    -0.13154785E+00     0.50000001E-01     0.50000001E-01     0.95027369E-02     134     0.14247113E-01
 0.77999973E+01     0.14065272E+01     0.17774466E-01     0.15000000E+01    -0.13113792E+00     0.48979226E-01     0.50000001E-01     0.96543794E-02     134     0.14247113E-01
 0.78999982E+01     0.14133281E+01     0.17990449E-01     0.15000000E+01    -0.13046682E+00     0.46352755E-01     0.50000001E-01     0.98590776E-02     135     0.17026512E-01
 0.79999990E+01     0.14211648E+01     0.18145997E-01     0.15000000E+01    -0.12997293E+00     0.45327924E-01     0.50000001E-01     0.10030063E-01     135     0.17026512E-01
 0.81000004E+01     0.14288323E+01     0.18303473E-01     0.15000000E+01    -0.12944837E+00     0.44375256E-01     0.50000001E-01     0.10196338E-01     135     0.17026512E-01
 0.82000008E+01     0.14362123E+01     0.18468361E-01     0.15000000E+01    -0.12887217E+00     0.43456018E-01     0.50000001E-01     0.10370063E-01     135     0.17026512E-01
 0.82999983E+01     0.14432846E+01     0.18641492E-01     0.15000000E+01    -0.12824024E+00     0.42626023E-01     0.50000001E-01     0.10552166E-01     135     0.17026512E-01
 0.83999987E+01     0.14498545E+01     0.18828942E-01     0.15000000E+01    -0.12751819E+00     0.41770246E-01     0.50000001E-01     0.10747299E-01     135     0.17026512E-01
 0.85000000E+01     0.14551454E+01     0.19034015E-01     0.15000000E+01    -0.12653999E+00     0.40965226E-01     0.50000001E-01     0.10960053E-01     135     0.17026512E-01
 0.86000004E+01     0.14563136E+01     0.19266844E-01     0.15000000E+01    -0.12470493E+00     0.40313095E-01     0.50000001E-01     0.11205374E-01     135     0.17026512E-01
 0.86999979E+01     0.14585700E+01     0.19512132E-01     0.15000000E+01    -0.12312293E+00     0.39733626E-01     0.50000001E-01     0.11474173E-01     135     0.17026512E-01
 0.87999983E+01     0.14626726E+01     0.19769216E-01     0.15000000E+01    -0.12195494E+00     0.39103411E-01     0.50000001E-01     0.11749169E-01     136     0.20178126E-01
 0.88999996E+01     0.14661440E+01     0.20077283E-01     0.15000000E+01    -0.12071918E+00     0.37468161E-01     0.50000001E-01     0.12064094E-01     136     0.20178126E-01
 0.90000000E+01     0.14705040E+01     0.20363014E-01     0.15000000E+01    -0.11966953E+00     0.36868416E-01     0.50000001E-01     0.12364254E-01     136     0.20178126E-01
 0.90999975E+01     0.14745502E+01     0.20666616E-01     0.15000000E+01    -0.11859249E+00     0.36229778E-01     0.50000001E-01     0.12681567E-01     136     0.20178126E-01
 0.91999989E+01     0.14784732E+01     0.20985752E-01     0.15000000E+01    -0.11752353E+00     0.35682537E-01     0.50000001E-01     0.13015155E-01     136     0.20178126E-01
 0.92999992E+01     0.14821072E+01     0.21326752E-01     0.15000000E+01    -0.11643618E+00     0.35137806E-01     0.50000001E-01     0.13370287E-01     136     0.20178126E-01
 0.94000006E+01     0.14855359E+01     0.21685630E-01     0.15000000E+01    -0.11534644E+00     0.34532838E-01     0.50000001E-01     0.13751629E-01     136     0.20178126E-01
 0.94999971E+01     0.14893349E+01     0.22034433E-01     0.15000000E+01    -0.11434312E+00     0.34019515E-01     0.50000001E-01     0.14119704E-01     136     0.20178126E-01
 0.95999985E+01     0.14928741E+01     0.22405062E-01     0.15000000E+01    -0.11332808E+00     0.33511691E-01     0.50000001E-01     0.14509771E-01     136     0.20178126E-01
 0.96999989E+01     0.14962136E+01     0.22795569E-01     0.15000000E+01    -0.11231635E+00     0.33057071E-01     0.50000001E-01     0.14920864E-01     136     0.20178126E-01
 0.98000002E+01     0.14991622E+01     0.23216955E-01     0.15000000E+01    -0.11128195E+00     0.32563459E-01     0.50000001E-01     0.15362875E-01     136     0.20178126E-01
 0.99000006E+01     0.15018631E+01     0.23660697E-01     0.15000000E+01    -0.11025161E+00     0.32171838E-01     0.50000001E-01     0.15831191E-01     137     0.23752043E-01
 0.99999981E+01     0.15042464E+01     0.24139099E-01     0.15000000E+01    -0.10922093E+00     0.31741619E-01     0.50000001E-01     0.16331656E-01     137     0.23752043E-01
 0.10099998E+02     0.15061806E+01     0.24654394E-01     0.15000000E+01    -0.10817376E+00     0.31323045E-01     0.50000001E-01     0.16869612E-01     137     0.23752043E-01
 0.10200000E+02     0.15060835E+01     0.25321918E-01     0.15000000E+01    -0.10694254E+00     0.30256378E-01     0.50000001E-01     0.17551344E-01     137     0.23752043E-01
 0.10300000E+02     0.15070637E+01     0.25939997E-01     0.15000000E+01    -0.10590102E+00     0.29891551E-01     0.50000001E-01     0.18193401E-01     137     0.23752043E-01
 0.10399998E+02     0.15079377E+01     0.26594013E-01     0.15000000E+01    -0.10491139E+00     0.29504672E-01     0.50000001E-01     0.18880714E-01     137     0.23752043E-01
 0.10499999E+02     0.15088414E+01     0.27272275E-01     0.15000000E+01    -0.10399140E+00     0.29166684E-01     0.50000001E-01     0.19587871E-01     137     0.23752043E-01
 0.10599999E+02     0.15094441E+01     0.27995570E-01     0.15000000E+01    -0.10310748E+00     0.28840235E-01     0.50000001E-01     0.20341739E-01     137     0.23752043E-01
 0.10700000E+02     0.15097321E+01     0.28774621E-01     0.15000000E+01    -0.10226631E+00     0.28521519E-01     0.50000001E-01     0.21152006E-01     137     0.23752043E-01
 0.10799997E+02     0.15096117E+01     0.29613988E-01     0.15000000E+01    -0.10146284E+00     0.28226418E-01     0.50000001E-01     0.22024291E-01     137     0.23752043E-01
 0.10899999E+02     0.15092725E+01     0.30505393E-01     0.15000000E+01    -0.10071716E+00     0.27924111E-01     0.50000001E-01     0.22948934E-01     137     0.23752043E-01
 0.10999999E+02     0.15086049E+01     0.31457867E-01     0.15000000E+01    -0.10001896E+00     0.27639810E-01     0.50000001E-01     0.23935784E-01     137     0.23752043E-01
 0.11100000E+02     0.15077507E+01     0.32449625E-01     0.15000000E+01    -0.99373996E-01     0.27430769E-01     0.50000001E-01     0.24963235E-01     137     0.23752043E-01
 0.11200001E+02     0.15066521E+01     0.33494320E-01     0.15000000E+01    -0.98772712E-01     0.27173016E-01     0.50000001E-01     0.26043436E-01     137     0.23752043E-01
 0.11299998E+02     0.15051777E+01     0.34591351E-01     0.15000000E+01    -0.98204449E-01     0.26928678E-01     0.50000001E-01     0.27176470E-01     137     0.23752043E-01
 0.11399999E+02     0.15035940E+01     0.35722982E-01     0.15000000E+01    -0.97673483E-01     0.26710764E-01     0.50000001E-01     0.28347135E-01     138     0.27799172E-01
 0.11500000E+02     0.15015750E+01     0.36901891E-01     0.15000000E+01    -0.97157307E-01     0.26453765E-01     0.50000001E-01     0.29561445E-01     138     0.27799172E-01
 0.11600000E+02     0.14994695E+01     0.38100749E-01     0.15000000E+01    -0.96664146E-01     0.26233716E-01     0.50000001E-01     0.30796129E-01     138     0.27799172E-01
 0.11699998E+02     0.14971428E+01     0.39330542E-01     0.15000000E+01    -0.96187249E-01     0.26020534E-01     0.50000001E-01     0.32061432E-01     138     0.27799172E-01
 0.11799999E+02     0.14944053E+01     0.40594108E-01     0.15000000E+01    -0.95707968E-01     0.25777765E-01     0.50000001E-01     0.33359967E-01     138     0.27799172E-01
 0.11900000E+02     0.14917307E+01     0.41858800E-01     0.15000000E+01    -0.95248729E-01     0.25621220E-01     0.50000001E-01     0.34660518E-01     138     0.27799172E-01
 0.12000000E+02     0.14885117E+01     0.43173049E-01     0.15000000E+01    -0.94775975E-01     0.25404900E-01     0.50000001E-01     0.36009673E-01     138     0.27799172E-01
 0.12099998E+02     0.14852574E+01     0.44478245E-01     0.15000000E+01    -0.94310075E-01     0.25218531E-01     0.50000001E-01     0.37350412E-01     138     0.27799172E-01
 0.12199999E+02     0.14820657E+01     0.45773078E-01     0.15000000E+01    -0.93851767E-01     0.25001328E-01     0.50000001E-01     0.38687728E-01     138     0.27799172E-01
 0.12299999E+02     0.14790170E+01     0.47046710E-01     0.15000000E+01    -0.93397886E-01     0.24829414E-01     0.50000001E-01     0.39997846E-01     138     0.27799172E-01
 0.12400001E+02     0.14758536E+01     0.48304290E-01     0.15000000E+01    -0.92935570E-01     0.24639390E-01     0.50000001E-01     0.41291215E-01     138     0.27799172E-01
 0.12499997E+02     0.14722763E+01     0.49601227E-01     0.15000000E+01    -0.92466071E-01     0.24507131E-01     0.50000001E-01     0.42624649E-01     138     0.27799172E-01
 0.12599998E+02     0.14683602E+01     0.50916594E-01     0.15000000E+01    -0.91985673E-01     0.24324685E-01     0.50000001E-01     0.43976486E-01     138     0.27799172E-01
 0.12699999E+02     0.14646887E+01     0.52194625E-01     0.15000000E+01    -0.91506593E-01     0.24165051E-01     0.50000001E-01     0.45289785E-01     138     0.27799172E-01
 0.12800000E+02     0.14597847E+01     0.53568378E-01     0.15000000E+01    -0.90987325E-01     0.23535023E-01     0.50000001E-01     0.46694547E-01     138     0.27799172E-01
 0.12900001E+02     0.14553580E+01     0.54898623E-01     0.15000000E+01    -0.90505488E-01     0.23387255E-01     0.50000001E-01     0.48060935E-01     138     0.27799172E-01
 0.12999998E+02     0.14514697E+01     0.56162942E-01     0.15000000E+01    -0.90031341E-01     0.23239635E-01     0.50000001E-01     0.49359400E-01     138     0.27799172E-01
 0.13099999E+02     0.14470804E+01     0.57483554E-01     0.15000000E+01    -0.89572430E-01     0.23101365E-01     0.50000001E-01     0.50715357E-01     138     0.27799172E-01
 0.13200000E+02     0.14429047E+01     0.58778983E-01     0.15000000E+01    -0.89131758E-01     0.22959933E-01     0.50000001E-01     0.52044794E-01     138     0.27799172E-01
 0.13300000E+02     0.14390475E+01     0.60055006E-01     0.15000000E+01    -0.88720649E-01     0.22768427E-01     0.50000001E-01     0.53353298E-01     138     0.27799172E-01
 0.13399998E+02     0.14351095E+01     0.61353702E-01     0.15000000E+01    -0.88341191E-01     0.22646846E-01     0.50000001E-01     0.54686036E-01     138     0.27799172E-01
 0.13499999E+02     0.14318875E+01     0.62584966E-01     0.15000000E+01    -0.87995633E-01     0.22505892E-01     0.50000001E-01     0.55948429E-01     138     0.27799172E-01
 0.13599999E+02     0.14283148E+01     0.63879058E-01     0.15000000E+01    -0.87694615E-01     0.22348780E-01     0.50000001E-01     0.57274893E-01     138     0.27799172E-01
 0.13700001E+02     0.14255797E+01     0.65100200E-01     0.15000000E+01    -0.87419815E-01     0.22176128E-01     0.50000001E-01     0.58525294E-01     138     0.27799172E-01
 0.13799997E+02     0.14226646E+01     0.66359401E-01     0.15000000E+01    -0.87198578E-01     0.22043442E-01     0.50000001E-01     0.59818193E-01     139     0.32365151E-01
 0.13899999E+02     0.14204203E+01     0.67573600E-01     0.15000000E+01    -0.87000243E-01     0.21903198E-01     0.50000001E-01     0.61061136E-01     139     0.32365151E-01
 0.13999999E+02     0.14182357E+01     0.68795666E-01     0.15000000E+01    -0.86843699E-01     0.21749491E-01     0.50000001E-01     0.62311992E-01     139     0.32365151E-01
 0.14100000E+02     0.14160260E+01     0.70036039E-01     0.15000000E+01    -0.86721189E-01     0.21540066E-01     0.50000001E-01     0.63579470E-01     139     0.32365151E-01
 0.14199998E+02     0.14147060E+01     0.71197897E-01     0.15000000E+01    -0.86623169E-01     0.21339212E-01     0.50000001E-01     0.64766996E-01     139     0.32365151E-01
 0.14299998E+02     0.14129833E+01     0.72425000E-01     0.15000000E+01    -0.86578436E-01     0.21218766E-01     0.50000001E-01     0.66022679E-01     139     0.32365151E-01
 0.14400000E+02     0.14124153E+01     0.73535867E-01     0.15000000E+01    -0.86541206E-01     0.21023504E-01     0.50000001E-01     0.67166254E-01     139     0.32365151E-01
 0.14500000E+02     0.14117092E+01     0.74684188E-01     0.15000000E+01    -0.86544961E-01     0.20858025E-01     0.50000001E-01     0.68342932E-01     139     0.32365151E-01
 0.14600000E+02     0.14112025E+01     0.75815037E-01     0.15000000E+01    -0.86582981E-01     0.20695519E-01     0.50000001E-01     0.69502294E-01     139     0.32365151E-01
 0.14699998E+02     0.14114025E+01     0.76867774E-01     0.15000000E+01    -0.86609229E-01     0.20501059E-01     0.50000001E-01     0.70580602E-01     139     0.32365151E-01
 0.14799999E+02     0.14109170E+01     0.78029938E-01     0.15000000E+01    -0.86701386E-01     0.20335179E-01     0.50000001E-01     0.71770117E-01     139     0.32365151E-01
 0.14900000E+02     0.14109441E+01     0.79131149E-01     0.15000000E+01    -0.86797208E-01     0.20185338E-01     0.50000001E-01     0.72898090E-01     139     0.32365151E-01
 0.15000001E+02     0.14115205E+01     0.80175273E-01     0.15000000E+01    -0.86892270E-01     0.20012453E-01     0.50000001E-01     0.73967002E-01     139     0.32365151E-01
 0.15099998E+02     0.14115584E+01     0.81309110E-01     0.15000000E+01    -0.87052450E-01     0.19839574E-01     0.50000001E-01     0.75127542E-01     139     0.32365151E-01
 0.15199999E+02     0.14118035E+01     0.82399599E-01     0.15000000E+01    -0.87202989E-01     0.19650660E-01     0.50000001E-01     0.76243140E-01     139     0.32365151E-01
 0.15299999E+02     0.14127429E+01     0.83406098E-01     0.15000000E+01    -0.87349318E-01     0.19563695E-01     0.50000001E-01     0.77275023E-01     139     0.32365151E-01
 0.15400001E+02     0.14129155E+01     0.84533043E-01     0.15000000E+01    -0.87563403E-01     0.19317040E-01     0.50000001E-01     0.78426227E-01     139     0.32365151E-01
 0.15499998E+02     0.14127992E+01     0.85677646E-01     0.15000000E+01    -0.87776601E-01     0.18816033E-01     0.50000001E-01     0.79588629E-01     139     0.32365151E-01
 0.15599998E+02     0.14138728E+01     0.86677320E-01     0.15000000E+01    -0.87985009E-01     0.18679578E-01     0.50000001E-01     0.80611415E-01     139     0.32365151E-01
 0.15699999E+02     0.14143349E+01     0.87780029E-01     0.15000000E+01    -0.88240683E-01     0.18518243E-01     0.50000001E-01     0.81740029E-01     140     0.37487615E-01
 0.15800000E+02     0.14149108E+01     0.88876344E-01     0.15000000E+01    -0.88509828E-01     0.18334933E-01     0.50000001E-01     0.82860254E-01     140     0.37487615E-01
 0.15899998E+02     0.14157500E+01     0.89916267E-01     0.15000000E+01    -0.88768028E-01     0.18190196E-01     0.50000001E-01     0.83920732E-01     140     0.37487615E-01
 0.15999998E+02     0.14165921E+01     0.90979785E-01     0.15000000E+01    -0.89044683E-01     0.17998151E-01     0.50000001E-01     0.85006535E-01     140     0.37487615E-01
 0.16099998E+02     0.14172544E+01     0.92093073E-01     0.15000000E+01    -0.89408033E-01     0.17873378E-01     0.50000001E-01     0.86143777E-01     140     0.37487615E-01
 0.16200001E+02     0.14183625E+01     0.93111940E-01     0.15000000E+01    -0.89711957E-01     0.17778268E-01     0.50000001E-01     0.87185949E-01     140     0.37487615E-01
 0.16300001E+02     0.14197747E+01     0.94112113E-01     0.15000000E+01    -0.90016849E-01     0.17559227E-01     0.50000001E-01     0.88213675E-01     140     0.37487615E-01
 0.16399998E+02     0.14208055E+01     0.95182858E-01     0.15000000E+01    -0.90411432E-01     0.17433733E-01     0.50000001E-01     0.89310288E-01     140     0.37487615E-01
 0.16499998E+02     0.14221936E+01     0.96206240E-01     0.15000000E+01    -0.90774007E-01     0.17241873E-01     0.50000001E-01     0.90358905E-01     140     0.37487615E-01
 0.16600000E+02     0.14238222E+01     0.97172692E-01     0.15000000E+01    -0.91118507E-01     0.17184855E-01     0.50000001E-01     0.91349952E-01     140     0.37487615E-01
 0.16700001E+02     0.14254322E+01     0.98169662E-01     0.15000000E+01    -0.91503903E-01     0.16941793E-01     0.50000001E-01     0.92370190E-01     140     0.37487615E-01
 0.16799997E+02     0.14264858E+01     0.99250577E-01     0.15000000E+01    -0.91945052E-01     0.16839996E-01     0.50000001E-01     0.93477406E-01     140     0.37487615E-01
 0.16900000E+02     0.14279931E+01     0.10024343E+00     0.15000000E+01    -0.92351839E-01     0.16673550E-01     0.50000001E-01     0.94494492E-01     140     0.37487615E-01
 0.17000000E+02     0.14298333E+01     0.10119449E+00     0.15000000E+01    -0.92741251E-01     0.16537806E-01     0.50000001E-01     0.95468640E-01     140     0.37487615E-01
 0.17100000E+02     0.14312326E+01     0.10224656E+00     0.15000000E+01    -0.93229704E-01     0.16372394E-01     0.50000001E-01     0.96544959E-01     140     0.37487615E-01
 0.17199997E+02     0.14323908E+01     0.10331154E+00     0.15000000E+01    -0.93725190E-01     0.16316934E-01     0.50000001E-01     0.97635441E-01     140     0.37487615E-01
 0.17299999E+02     0.14340554E+01     0.10429179E+00     0.15000000E+01    -0.94162956E-01     0.16096165E-01     0.50000001E-01     0.98640271E-01     141     0.43190826E-01
 0.17400000E+02     0.14358792E+01     0.10526271E+00     0.15000000E+01    -0.94649777E-01     0.16058821E-01     0.50000001E-01     0.99636123E-01     141     0.43190826E-01
 0.17500000E+02     0.14370328E+01     0.10635053E+00     0.15000000E+01    -0.95207907E-01     0.15911825E-01     0.50000001E-01     0.10074822E+00     141     0.43190826E-01
 0.17599997E+02     0.14384439E+01     0.10738254E+00     0.15000000E+01    -0.95730498E-01     0.15717464E-01     0.50000001E-01     0.10180242E+00     141     0.43190826E-01
 0.17699999E+02     0.14397104E+01     0.10839939E+00     0.15000000E+01    -0.96264236E-01     0.15341970E-01     0.50000001E-01     0.10283267E+00     141     0.43190826E-01
 0.17799999E+02     0.14410911E+01     0.10943995E+00     0.15000000E+01    -0.96827976E-01     0.15220714E-01     0.50000001E-01     0.10389660E+00     141     0.43190826E-01
 0.17900000E+02     0.14429168E+01     0.11045757E+00     0.15000000E+01    -0.97410172E-01     0.15341832E-01     0.50000001E-01     0.10494561E+00     141     0.43190826E-01
 0.18000000E+02     0.14438039E+01     0.11154380E+00     0.15000000E+01    -0.98037645E-01     0.14998176E-01     0.50000001E-01     0.10604687E+00     141     0.43190826E-01
 0.18800001E+02     0.14665205E+01     0.12067828E+00     0.15000000E+01    -0.10547718E+00     0.13977302E-01     0.69710112E+00     0.11616786E+00     142     0.49481776E-01
 0.18899998E+02     0.14679544E+01     0.12170929E+00     0.15000000E+01    -0.10616205E+00     0.13450510E-01     0.69825470E+00     0.11721660E+00     142     0.49481776E-01
 0.18999998E+02     0.14693048E+01     0.12282407E+00     0.15000000E+01    -0.10694992E+00     0.13704809E-01     0.69979972E+00     0.11836692E+00     142     0.49481776E-01
 0.19099998E+02     0.14710621E+01     0.12385891E+00     0.15000000E+01    -0.10768301E+00     0.13631555E-01     0.70086843E+00     0.11942592E+00     142     0.49481776E-01
 0.19200001E+02     0.14726892E+01     0.12488099E+00     0.15000000E+01    -0.10839788E+00     0.13479438E-01     0.70262897E+00     0.12047225E+00     142     0.49481776E-01
 0.19300001E+02     0.14740245E+01     0.12602749E+00     0.15000000E+01    -0.10925453E+00     0.13522073E-01     0.70388955E+00     0.12164815E+00     142     0.49481776E-01
 0.19399998E+02     0.14753836E+01     0.12716199E+00     0.15000000E+01    -0.11013309E+00     0.13322089E-01     0.70531267E+00     0.12280537E+00     142     0.49481776E-01
 0.19499998E+02     0.14771698E+01     0.12818980E+00     0.15000000E+01    -0.11089041E+00     0.13267368E-01     0.70670176E+00     0.12386014E+00     142     0.49481776E-01
 0.19600000E+02     0.14784318E+01     0.12929742E+00     0.15000000E+01    -0.11176667E+00     0.13007334E-01     0.71023840E+00     0.12499458E+00     142     0.49481776E-01
 0.19700001E+02     0.14799229E+01     0.13049121E+00     0.15000000E+01    -0.11268970E+00     0.13185238E-01     0.71184230E+00     0.12622280E+00     142     0.49481776E-01
 0.19799997E+02     0.14813275E+01     0.13156617E+00     0.15000000E+01    -0.11358853E+00     0.12986069E-01     0.71107250E+00     0.12731688E+00     142     0.49481776E-01
 0.19900000E+02     0.14828955E+01     0.13265118E+00     0.15000000E+01    -0.11443089E+00     0.12932876E-01     0.71261120E+00     0.12842633E+00     142     0.49481776E-01
 0.20000000E+02     0.14838912E+01     0.13388854E+00     0.15000000E+01    -0.11548077E+00     0.12821944E-01     0.71613258E+00     0.12969661E+00     142     0.49481776E-01
 0.20100000E+02     0.14846489E+01     0.13513155E+00     0.15000000E+01    -0.11652788E+00     0.12486633E-01     0.71776283E+00     0.13095747E+00     142     0.49481776E-01
 0.20199997E+02     0.14857241E+01     0.13625635E+00     0.15000000E+01    -0.11747086E+00     0.12324600E-01     0.71926361E+00     0.13210453E+00     142     0.49481776E-01
 0.20299999E+02     0.14859942E+01     0.13755523E+00     0.15000000E+01    -0.11861305E+00     0.12047826E-01     0.71859503E+00     0.13341840E+00     142     0.49481776E-01
 0.20400000E+02     0.14877673E+01     0.13869028E+00     0.15000000E+01    -0.11958504E+00     0.12250410E-01     0.72274971E+00     0.13459629E+00     142     0.49481776E-01
 0.20500000E+02     0.14887029E+01     0.13987806E+00     0.15000000E+01    -0.12065221E+00     0.11837348E-01     0.72406453E+00     0.13580546E+00     142     0.49481776E-01
 0.20599998E+02     0.14898558E+01     0.14107776E+00     0.15000000E+01    -0.12174048E+00     0.12042480E-01     0.72579038E+00     0.13703613E+00     143     0.56348931E-01
 0.20699999E+02     0.14904890E+01     0.14238966E+00     0.15000000E+01    -0.12294140E+00     0.11958769E-01     0.72757775E+00     0.13837959E+00     143     0.56348931E-01
 0.20799999E+02     0.14923146E+01     0.14350684E+00     0.15000000E+01    -0.12397188E+00     0.11782505E-01     0.72941792E+00     0.13953064E+00     143     0.56348931E-01
 0.20900000E+02     0.14940896E+01     0.14459670E+00     0.15000000E+01    -0.12499336E+00     0.11663909E-01     0.73154485E+00     0.14065146E+00     143     0.56348931E-01
 0.21000000E+02     0.14945844E+01     0.14601384E+00     0.15000000E+01    -0.12635010E+00     0.11409121E-01     0.73580599E+00     0.14210196E+00     143     0.56348931E-01
 0.21099998E+02     0.14961072E+01     0.14721069E+00     0.15000000E+01    -0.12749852E+00     0.11626319E-01     0.73809206E+00     0.14333588E+00     143     0.56348931E-01
 0.21199999E+02     0.14974194E+01     0.14842363E+00     0.15000000E+01    -0.12871858E+00     0.11349507E-01     0.73982942E+00     0.14457487E+00     143     0.56348931E-01
 0.21299999E+02     0.14978187E+01     0.14983577E+00     0.15000000E+01    -0.13004142E+00     0.11620921E-01     0.74193639E+00     0.14602838E+00     143     0.56348931E-01
 0.21400000E+02     0.14991680E+01     0.15104662E+00     0.15000000E+01    -0.13123877E+00     0.11555636E-01     0.74419326E+00     0.14726807E+00     143     0.56348931E-01
 0.21499998E+02     0.15006595E+01     0.15227838E+00     0.15000000E+01    -0.13251005E+00     0.11372153E-01     0.74624598E+00     0.14852858E+00     143     0.56348931E-01
 0.21599998E+02     0.15008523E+01     0.15374529E+00     0.15000000E+01    -0.13396034E+00     0.10966966E-01     0.74799782E+00     0.15002294E+00     143     0.56348931E-01
 0.21699999E+02     0.15014732E+01     0.15504007E+00     0.15000000E+01    -0.13522851E+00     0.10842090E-01     0.75122446E+00     0.15135130E+00     143     0.56348931E-01
 0.21800001E+02     0.15023599E+01     0.15643251E+00     0.15000000E+01    -0.13668780E+00     0.10722160E-01     0.75679153E+00     0.15278096E+00     143     0.56348931E-01
 0.21899998E+02     0.15031090E+01     0.15786888E+00     0.15000000E+01    -0.13814563E+00     0.10696596E-01     0.75950819E+00     0.15425459E+00     143     0.56348931E-01
 0.21999998E+02     0.15041554E+01     0.15922605E+00     0.15000000E+01    -0.13960041E+00     0.10906869E-01     0.76229632E+00     0.15565525E+00     143     0.56348931E-01
 0.22099998E+02     0.15049278E+01     0.16068137E+00     0.15000000E+01    -0.14113435E+00     0.10852886E-01     0.76485950E+00     0.15714425E+00     143     0.56348931E-01
 0.22200001E+02     0.15050763E+01     0.16216068E+00     0.15000000E+01    -0.14264163E+00     0.10669095E-01     0.76763183E+00     0.15865402E+00     143     0.56348931E-01
 0.22299997E+02     0.15054783E+01     0.16365884E+00     0.15000000E+01    -0.14426495E+00     0.10420680E-01     0.77095956E+00     0.16018358E+00     143     0.56348931E-01
 0.22399998E+02     0.15054018E+01     0.16534372E+00     0.15000000E+01    -0.14600791E+00     0.10416218E-01     0.77418381E+00     0.16190547E+00     143     0.56348931E-01
 0.22500000E+02     0.15057563E+01     0.16676256E+00     0.15000000E+01    -0.14759891E+00     0.10135427E-01     0.77199477E+00     0.16334477E+00     144     0.63764669E-01
 0.22600000E+02     0.15065738E+01     0.16836554E+00     0.15000000E+01    -0.14928091E+00     0.10164746E-01     0.78050637E+00     0.16500160E+00     144     0.63764669E-01
 0.22700001E+02     0.15052955E+01     0.17020516E+00     0.15000000E+01    -0.15140945E+00     0.99273715E-02     0.78416902E+00     0.16687378E+00     144     0.63764669E-01
