  
       RFOIL         Version 3.00
  
 Calculated polar for: OSO-2026-HT1-T24                
  
 1  Reynolds number fixed
  
 xtrf =      0.05000000 (suction)     0.05000000 (pressure)
 Rot. Parameters:  f0 =      1.00000000 c/r =      0.00000000
 Mach =      0.00000000     Re =      1.50000000 e 6     Ncrit =      3.00000000
  
             alpha                CL                CD            Re(CL)                CM             S_xtr             P_xtr               CDp            I_stag            X_stag
  ------- -------- --------- --------- -------- ------- ------- -------- 
-0.22900002E+02    -0.10455370E+01     0.17230143E+00     0.15000000E+01     0.42901099E-01     0.10000000E+01     0.15043650E-01     0.16923630E+00      93     0.69425754E-01
-0.22500000E+02    -0.10410362E+01     0.16909596E+00     0.15000000E+01     0.39197136E-01     0.10000000E+01     0.15323758E-01     0.16596921E+00      93     0.69425754E-01
-0.22000000E+02    -0.10365642E+01     0.16586687E+00     0.15000000E+01     0.35481282E-01     0.10000000E+01     0.16000645E-01     0.16267997E+00      93     0.69425754E-01
-0.21500002E+02    -0.10281482E+01     0.16192424E+00     0.15000000E+01     0.31782992E-01     0.10000000E+01     0.16177287E-01     0.15866122E+00      94     0.62477306E-01
-0.21400000E+02    -0.10255594E+01     0.16120771E+00     0.15000000E+01     0.31102363E-01     0.10000000E+01     0.16580943E-01     0.15793990E+00      94     0.62477306E-01
-0.20900000E+02    -0.10200427E+01     0.15827055E+00     0.15000000E+01     0.28544707E-01     0.10000000E+01     0.16799245E-01     0.15493052E+00      94     0.62477306E-01
-0.20800001E+02    -0.10175512E+01     0.15752017E+00     0.15000000E+01     0.27980432E-01     0.10000000E+01     0.17179837E-01     0.15417181E+00      94     0.62477306E-01
-0.20700003E+02    -0.10149364E+01     0.15674487E+00     0.15000000E+01     0.27375095E-01     0.10000000E+01     0.17199889E-01     0.15338555E+00      94     0.62477306E-01
-0.20600000E+02    -0.10126350E+01     0.15591702E+00     0.15000000E+01     0.26780521E-01     0.10000000E+01     0.17261863E-01     0.15254642E+00      94     0.62477306E-01
-0.20500000E+02    -0.10157547E+01     0.15633364E+00     0.15000000E+01     0.27165100E-01     0.10000000E+01     0.17382853E-01     0.15294528E+00      94     0.62477306E-01
-0.20400002E+02    -0.10112090E+01     0.15500113E+00     0.15000000E+01     0.26135202E-01     0.10000000E+01     0.17480137E-01     0.15160125E+00      94     0.62477306E-01
-0.20300001E+02    -0.10117631E+01     0.15458949E+00     0.15000000E+01     0.25921149E-01     0.10000000E+01     0.17599707E-01     0.15117218E+00      95     0.55857971E-01
-0.20200001E+02    -0.10093422E+01     0.15379484E+00     0.15000000E+01     0.25388010E-01     0.10000000E+01     0.17732669E-01     0.15036459E+00      95     0.55857971E-01
-0.20100000E+02    -0.10069103E+01     0.15306318E+00     0.15000000E+01     0.24909927E-01     0.10000000E+01     0.17765835E-01     0.14962237E+00      95     0.55857971E-01
-0.20000002E+02    -0.10047238E+01     0.15229006E+00     0.15000000E+01     0.24422426E-01     0.10000000E+01     0.17885527E-01     0.14884251E+00      95     0.55857971E-01
-0.19900000E+02    -0.10022062E+01     0.15152134E+00     0.15000000E+01     0.23928970E-01     0.10000000E+01     0.17859796E-01     0.14805932E+00      95     0.55857971E-01
-0.19800001E+02    -0.10005419E+01     0.15072866E+00     0.15000000E+01     0.23472246E-01     0.10000000E+01     0.18093761E-01     0.14726391E+00      95     0.55857971E-01
-0.19700001E+02    -0.10004143E+01     0.15014897E+00     0.15000000E+01     0.23261342E-01     0.10000000E+01     0.18124785E-01     0.14667077E+00      95     0.55857971E-01
-0.19600000E+02    -0.10022341E+01     0.14993073E+00     0.15000000E+01     0.23349226E-01     0.10000000E+01     0.18303698E-01     0.14644182E+00      95     0.55857971E-01
-0.19500000E+02    -0.99981928E+00     0.14914036E+00     0.15000000E+01     0.22893921E-01     0.10000000E+01     0.18424034E-01     0.14564426E+00      95     0.55857971E-01
-0.19400002E+02    -0.99744785E+00     0.14836691E+00     0.15000000E+01     0.22489324E-01     0.10000000E+01     0.18532207E-01     0.14486338E+00      95     0.55857971E-01
-0.19300001E+02    -0.99506950E+00     0.14761432E+00     0.15000000E+01     0.22089120E-01     0.10000000E+01     0.18611353E-01     0.14410251E+00      95     0.55857971E-01
-0.19000002E+02    -0.99058425E+00     0.14563394E+00     0.15000000E+01     0.21286618E-01     0.98082179E+00     0.19224688E-01     0.14209995E+00      95     0.55857971E-01
-0.18900002E+02    -0.98906922E+00     0.14485873E+00     0.15000000E+01     0.20933535E-01     0.98082179E+00     0.19378887E-01     0.14131454E+00      95     0.55857971E-01
-0.18800001E+02    -0.99013025E+00     0.14450127E+00     0.15000000E+01     0.21088455E-01     0.98082179E+00     0.19110877E-01     0.14093745E+00      95     0.55857971E-01
-0.18300001E+02    -0.83951312E+00     0.11739896E+00     0.15000000E+01    -0.41573849E-02     0.50000001E-01     0.21115920E-01     0.11156327E+00      97     0.43742869E-01
-0.18200001E+02    -0.83556378E+00     0.11658667E+00     0.15000000E+01    -0.48329793E-02     0.50000001E-01     0.21153932E-01     0.11073469E+00      97     0.43742869E-01
-0.18100002E+02    -0.83152151E+00     0.11586580E+00     0.15000000E+01    -0.54091550E-02     0.50000001E-01     0.21442087E-01     0.11000592E+00      97     0.43742869E-01
-0.18000000E+02    -0.82734329E+00     0.11516980E+00     0.15000000E+01    -0.59743896E-02     0.50000001E-01     0.21521538E-01     0.10929807E+00      97     0.43742869E-01
-0.17900000E+02    -0.82288158E+00     0.11448607E+00     0.15000000E+01    -0.65428871E-02     0.50000001E-01     0.21768155E-01     0.10860231E+00      97     0.43742869E-01
-0.17800001E+02    -0.81863600E+00     0.11379045E+00     0.15000000E+01    -0.71137091E-02     0.50000001E-01     0.21920057E-01     0.10789397E+00      97     0.43742869E-01
-0.17700001E+02    -0.81442207E+00     0.11307304E+00     0.15000000E+01    -0.76606926E-02     0.50000001E-01     0.22086700E-01     0.10716444E+00      97     0.43742869E-01
-0.17600000E+02    -0.81018245E+00     0.11236742E+00     0.15000000E+01    -0.82323812E-02     0.50000001E-01     0.22210442E-01     0.10644524E+00      97     0.43742869E-01
-0.17500000E+02    -0.80612367E+00     0.11160148E+00     0.15000000E+01    -0.88092033E-02     0.50000001E-01     0.22455381E-01     0.10566600E+00      97     0.43742869E-01
-0.17400002E+02    -0.80206954E+00     0.11083119E+00     0.15000000E+01    -0.94218738E-02     0.50000001E-01     0.22898203E-01     0.10488278E+00      97     0.43742869E-01
-0.16000002E+02    -0.74216038E+00     0.10096902E+00     0.15000000E+01    -0.16477749E-01     0.50000001E-01     0.25637893E-01     0.94864145E-01      98     0.38310651E-01
-0.15900001E+02    -0.73769069E+00     0.10026766E+00     0.15000000E+01    -0.16927475E-01     0.50000001E-01     0.25809472E-01     0.94151393E-01      98     0.38310651E-01
-0.15800000E+02    -0.73321539E+00     0.99583589E-01     0.15000000E+01    -0.17377011E-01     0.50000001E-01     0.26054369E-01     0.93456879E-01      98     0.38310651E-01
-0.15700001E+02    -0.72886747E+00     0.98887995E-01     0.15000000E+01    -0.17824359E-01     0.50000001E-01     0.26275370E-01     0.92747845E-01      99     0.33326767E-01
-0.15600002E+02    -0.72458041E+00     0.98171636E-01     0.15000000E+01    -0.18282698E-01     0.50000001E-01     0.26522702E-01     0.92019662E-01      99     0.33326767E-01
-0.15500001E+02    -0.72042841E+00     0.97421899E-01     0.15000000E+01    -0.18761549E-01     0.50000001E-01     0.26674941E-01     0.91256842E-01      99     0.33326767E-01
-0.15400001E+02    -0.71629995E+00     0.96670114E-01     0.15000000E+01    -0.19225437E-01     0.50000001E-01     0.26921798E-01     0.90491369E-01      99     0.33326767E-01
-0.15300001E+02    -0.71202451E+00     0.95955797E-01     0.15000000E+01    -0.19670712E-01     0.50000001E-01     0.27199537E-01     0.89765422E-01      99     0.33326767E-01
-0.15200001E+02    -0.70742351E+00     0.95296867E-01     0.15000000E+01    -0.20084066E-01     0.50000001E-01     0.27491489E-01     0.89095041E-01      99     0.33326767E-01
-0.15100001E+02    -0.70279902E+00     0.94638862E-01     0.15000000E+01    -0.20485450E-01     0.50000001E-01     0.27673377E-01     0.88425070E-01      99     0.33326767E-01
-0.15000001E+02    -0.69861746E+00     0.93957730E-01     0.15000000E+01    -0.20884866E-01     0.50000001E-01     0.28333060E-01     0.87735794E-01      99     0.33326767E-01
-0.14900000E+02    -0.69440746E+00     0.93281418E-01     0.15000000E+01    -0.21277787E-01     0.50000001E-01     0.28670914E-01     0.87052941E-01      99     0.33326767E-01
-0.14800000E+02    -0.69013309E+00     0.92595614E-01     0.15000000E+01    -0.21665558E-01     0.50000001E-01     0.28856141E-01     0.86358197E-01      99     0.33326767E-01
-0.14700002E+02    -0.68590802E+00     0.91892883E-01     0.15000000E+01    -0.22075936E-01     0.50000001E-01     0.29186303E-01     0.85647412E-01      99     0.33326767E-01
-0.14600000E+02    -0.68169731E+00     0.91167562E-01     0.15000000E+01    -0.22493718E-01     0.50000001E-01     0.29326176E-01     0.84910259E-01      99     0.33326767E-01
-0.14500000E+02    -0.67771834E+00     0.90406366E-01     0.15000000E+01    -0.22923062E-01     0.50000001E-01     0.29596189E-01     0.84137015E-01     100     0.28801009E-01
-0.14400001E+02    -0.67381567E+00     0.89641877E-01     0.15000000E+01    -0.23351219E-01     0.50000001E-01     0.29977093E-01     0.83362713E-01     100     0.28801009E-01
-0.14300001E+02    -0.66948682E+00     0.88954531E-01     0.15000000E+01    -0.23717454E-01     0.50000001E-01     0.30175485E-01     0.82664080E-01     100     0.28801009E-01
-0.14200001E+02    -0.66492116E+00     0.88290565E-01     0.15000000E+01    -0.24092009E-01     0.50000001E-01     0.30475674E-01     0.81990212E-01     100     0.28801009E-01
-0.14100001E+02    -0.66042101E+00     0.87635495E-01     0.15000000E+01    -0.24447596E-01     0.50000001E-01     0.30785657E-01     0.81325307E-01     100     0.28801009E-01
-0.14000001E+02    -0.65591288E+00     0.86970635E-01     0.15000000E+01    -0.24809932E-01     0.50000001E-01     0.31007379E-01     0.80649689E-01     100     0.28801009E-01
-0.13900002E+02    -0.65143144E+00     0.86300187E-01     0.15000000E+01    -0.25155790E-01     0.50000001E-01     0.31350367E-01     0.79968326E-01     100     0.28801009E-01
-0.13800001E+02    -0.64702177E+00     0.85610859E-01     0.15000000E+01    -0.25522698E-01     0.50000001E-01     0.31651102E-01     0.79267956E-01     100     0.28801009E-01
-0.13700001E+02    -0.64264375E+00     0.84898837E-01     0.15000000E+01    -0.25893973E-01     0.50000001E-01     0.31949040E-01     0.78543596E-01     100     0.28801009E-01
-0.13600001E+02    -0.63851774E+00     0.84161118E-01     0.15000000E+01    -0.26274635E-01     0.50000001E-01     0.32222919E-01     0.77793814E-01     100     0.28801009E-01
-0.13500001E+02    -0.63478619E+00     0.83378375E-01     0.15000000E+01    -0.26669296E-01     0.50000001E-01     0.32573774E-01     0.76996990E-01     100     0.28801009E-01
-0.13400001E+02    -0.63153780E+00     0.82599483E-01     0.15000000E+01    -0.27034771E-01     0.50000001E-01     0.33471018E-01     0.76220565E-01     100     0.28801009E-01
-0.13300000E+02    -0.62720966E+00     0.81922948E-01     0.15000000E+01    -0.27366064E-01     0.50000001E-01     0.33758458E-01     0.75533755E-01     101     0.24729561E-01
-0.13200001E+02    -0.62282848E+00     0.81248946E-01     0.15000000E+01    -0.27691573E-01     0.50000001E-01     0.34078613E-01     0.74851133E-01     101     0.24729561E-01
-0.13100000E+02    -0.61850238E+00     0.80569550E-01     0.15000000E+01    -0.28015809E-01     0.50000001E-01     0.34443598E-01     0.74163251E-01     101     0.24729561E-01
-0.13000001E+02    -0.61416954E+00     0.79885438E-01     0.15000000E+01    -0.28344652E-01     0.50000001E-01     0.34802698E-01     0.73470183E-01     101     0.24729561E-01
-0.12900001E+02    -0.60988790E+00     0.79192787E-01     0.15000000E+01    -0.28669868E-01     0.50000001E-01     0.35139427E-01     0.72767302E-01     101     0.24729561E-01
-0.12800001E+02    -0.60571575E+00     0.78476332E-01     0.15000000E+01    -0.29009236E-01     0.50000001E-01     0.35539847E-01     0.72040834E-01     101     0.24729561E-01
-0.12700001E+02    -0.60169941E+00     0.77744752E-01     0.15000000E+01    -0.29357851E-01     0.50000001E-01     0.35841033E-01     0.71297318E-01     101     0.24729561E-01
-0.12600001E+02    -0.59787303E+00     0.76951966E-01     0.15000000E+01    -0.29722195E-01     0.50000001E-01     0.36211476E-01     0.70492163E-01     101     0.24729561E-01
-0.12500001E+02    -0.59383678E+00     0.76210983E-01     0.15000000E+01    -0.30059604E-01     0.50000001E-01     0.36536559E-01     0.69739610E-01     101     0.24729561E-01
-0.12400002E+02    -0.58941543E+00     0.75545743E-01     0.15000000E+01    -0.30355966E-01     0.50000001E-01     0.36986858E-01     0.69063984E-01     101     0.24729561E-01
-0.12300001E+02    -0.58524197E+00     0.74857496E-01     0.15000000E+01    -0.30661078E-01     0.50000001E-01     0.37448578E-01     0.68363450E-01     101     0.24729561E-01
-0.12200001E+02    -0.58113557E+00     0.74164443E-01     0.15000000E+01    -0.30955786E-01     0.50000001E-01     0.37786093E-01     0.67662790E-01     101     0.24729561E-01
-0.12100001E+02    -0.57717365E+00     0.73453978E-01     0.15000000E+01    -0.31256292E-01     0.50000001E-01     0.38184401E-01     0.66944078E-01     102     0.21095596E-01
-0.12000000E+02    -0.57326126E+00     0.72731055E-01     0.15000000E+01    -0.31560764E-01     0.50000001E-01     0.38579870E-01     0.66213705E-01     102     0.21095596E-01
-0.11900001E+02    -0.56956875E+00     0.71974196E-01     0.15000000E+01    -0.31880274E-01     0.50000001E-01     0.39011076E-01     0.65448686E-01     102     0.21095596E-01
-0.11800000E+02    -0.56663108E+00     0.71144141E-01     0.15000000E+01    -0.32213654E-01     0.50000001E-01     0.40036473E-01     0.64614959E-01     102     0.21095596E-01
-0.11700001E+02    -0.56304395E+00     0.70379771E-01     0.15000000E+01    -0.32541331E-01     0.50000001E-01     0.40496621E-01     0.63839793E-01     102     0.21095596E-01
-0.11600000E+02    -0.55884033E+00     0.69675229E-01     0.15000000E+01    -0.32828547E-01     0.50000001E-01     0.40885359E-01     0.63125461E-01     102     0.21095596E-01
-0.11500001E+02    -0.55464607E+00     0.68990715E-01     0.15000000E+01    -0.33106674E-01     0.50000001E-01     0.41394755E-01     0.62431410E-01     102     0.21095596E-01
-0.11400001E+02    -0.55048382E+00     0.68305418E-01     0.15000000E+01    -0.33378907E-01     0.50000001E-01     0.41867986E-01     0.61736587E-01     102     0.21095596E-01
-0.11300001E+02    -0.54634923E+00     0.67612574E-01     0.15000000E+01    -0.33655670E-01     0.50000001E-01     0.42298127E-01     0.61033323E-01     102     0.21095596E-01
-0.11200001E+02    -0.54258311E+00     0.66886783E-01     0.15000000E+01    -0.33939078E-01     0.50000001E-01     0.42796612E-01     0.60293186E-01     102     0.21095596E-01
-0.11100001E+02    -0.53933287E+00     0.66086285E-01     0.15000000E+01    -0.34238551E-01     0.50000001E-01     0.43328643E-01     0.59485666E-01     102     0.21095596E-01
-0.11000001E+02    -0.53645635E+00     0.65257683E-01     0.15000000E+01    -0.34559023E-01     0.50000001E-01     0.43821361E-01     0.58647469E-01     103     0.17872365E-01
-0.10900001E+02    -0.53327483E+00     0.64465024E-01     0.15000000E+01    -0.34854744E-01     0.50000001E-01     0.44312950E-01     0.57846446E-01     103     0.17872365E-01
-0.10800001E+02    -0.52948242E+00     0.63760176E-01     0.15000000E+01    -0.35113890E-01     0.50000001E-01     0.44809535E-01     0.57134043E-01     103     0.17872365E-01
-0.10700001E+02    -0.52571028E+00     0.63050814E-01     0.15000000E+01    -0.35367269E-01     0.50000001E-01     0.45344330E-01     0.56416944E-01     103     0.17872365E-01
-0.10600001E+02    -0.52200359E+00     0.62333167E-01     0.15000000E+01    -0.35623629E-01     0.50000001E-01     0.45919307E-01     0.55691000E-01     103     0.17872365E-01
-0.10500001E+02    -0.51835817E+00     0.61623327E-01     0.15000000E+01    -0.35885341E-01     0.50000001E-01     0.46415038E-01     0.54971475E-01     103     0.17872365E-01
-0.10400002E+02    -0.51504725E+00     0.60844854E-01     0.15000000E+01    -0.36159206E-01     0.50000001E-01     0.47025483E-01     0.54183085E-01     103     0.17872365E-01
-0.10300000E+02    -0.51278931E+00     0.59984516E-01     0.15000000E+01    -0.36458395E-01     0.50000001E-01     0.48473686E-01     0.53316914E-01     103     0.17872365E-01
-0.10200001E+02    -0.51010323E+00     0.59180703E-01     0.15000000E+01    -0.36735419E-01     0.50000001E-01     0.49078245E-01     0.52498896E-01     103     0.17872365E-01
-0.10100000E+02    -0.50698853E+00     0.58440328E-01     0.15000000E+01    -0.36973856E-01     0.50000001E-01     0.49714439E-01     0.51753383E-01     103     0.17872365E-01
-0.10000001E+02    -0.50346649E+00     0.57732441E-01     0.15000000E+01    -0.37206266E-01     0.50000001E-01     0.50000001E-01     0.51035874E-01     103     0.17872365E-01
-0.99000006E+01    -0.49964434E+00     0.57037566E-01     0.15000000E+01    -0.37440147E-01     0.50000001E-01     0.50000001E-01     0.50327200E-01     103     0.17872365E-01
-0.98000011E+01    -0.49615714E+00     0.56326389E-01     0.15000000E+01    -0.37682977E-01     0.50000001E-01     0.50000001E-01     0.49600769E-01     104     0.15027414E-01
-0.97000008E+01    -0.49306965E+00     0.55561073E-01     0.15000000E+01    -0.37938282E-01     0.50000001E-01     0.50000001E-01     0.48820641E-01     104     0.15027414E-01
-0.96000013E+01    -0.49043882E+00     0.54739565E-01     0.15000000E+01    -0.38206100E-01     0.50000001E-01     0.50000001E-01     0.47983259E-01     104     0.15027414E-01
-0.95000010E+01    -0.48708284E+00     0.54035004E-01     0.15000000E+01    -0.38431220E-01     0.50000001E-01     0.50000001E-01     0.47264796E-01     104     0.15027414E-01
-0.94000006E+01    -0.48356128E+00     0.53352710E-01     0.15000000E+01    -0.38638290E-01     0.50000001E-01     0.50000001E-01     0.46569571E-01     104     0.15027414E-01
-0.93000011E+01    -0.48013338E+00     0.52656729E-01     0.15000000E+01    -0.38844466E-01     0.50000001E-01     0.50000001E-01     0.45860115E-01     104     0.15027414E-01
-0.91999998E+01    -0.47711304E+00     0.51925287E-01     0.15000000E+01    -0.39057791E-01     0.50000001E-01     0.50000001E-01     0.45115482E-01     104     0.15027414E-01
-0.91000013E+01    -0.47457331E+00     0.51164128E-01     0.15000000E+01    -0.39279047E-01     0.50000001E-01     0.50000001E-01     0.44339597E-01     104     0.15027414E-01
-0.90000000E+01    -0.47281429E+00     0.50301053E-01     0.15000000E+01    -0.39522115E-01     0.50000001E-01     0.50000001E-01     0.43460425E-01     104     0.15027414E-01
-0.89000015E+01    -0.47029611E+00     0.49565136E-01     0.15000000E+01    -0.39715249E-01     0.50000001E-01     0.50000001E-01     0.42710662E-01     104     0.15027414E-01
-0.88000002E+01    -0.46762621E+00     0.48841801E-01     0.15000000E+01    -0.39890178E-01     0.50000001E-01     0.50000001E-01     0.41974667E-01     104     0.15027414E-01
-0.87000017E+01    -0.46506906E+00     0.48116986E-01     0.15000000E+01    -0.40065221E-01     0.50000001E-01     0.50000001E-01     0.41234609E-01     105     0.12526029E-01
-0.86000004E+01    -0.46335602E+00     0.47329791E-01     0.15000000E+01    -0.40241625E-01     0.50000001E-01     0.50000001E-01     0.40433448E-01     105     0.12526029E-01
-0.85000019E+01    -0.46278697E+00     0.46433084E-01     0.15000000E+01    -0.40437035E-01     0.50000001E-01     0.50000001E-01     0.39520271E-01     105     0.12526029E-01
-0.84000006E+01    -0.46207413E+00     0.45574132E-01     0.15000000E+01    -0.40600710E-01     0.50000001E-01     0.50000001E-01     0.38646579E-01     105     0.12526029E-01
-0.83000011E+01    -0.46074423E+00     0.44807117E-01     0.15000000E+01    -0.40726766E-01     0.50000001E-01     0.50000001E-01     0.37866067E-01     105     0.12526029E-01
-0.82000008E+01    -0.46016216E+00     0.43982118E-01     0.15000000E+01    -0.40846169E-01     0.50000001E-01     0.50000001E-01     0.37026946E-01     105     0.12526029E-01
-0.81000013E+01    -0.46136856E+00     0.43021027E-01     0.15000000E+01    -0.40965609E-01     0.50000001E-01     0.50000001E-01     0.36049504E-01     105     0.12526029E-01
-0.80000010E+01    -0.46408758E+00     0.41967195E-01     0.15000000E+01    -0.41058749E-01     0.50000001E-01     0.50000001E-01     0.34978174E-01     105     0.12526029E-01
-0.79000001E+01    -0.46585041E+00     0.41040543E-01     0.15000000E+01    -0.41091558E-01     0.50000001E-01     0.50000001E-01     0.34036960E-01     105     0.12526029E-01
-0.78000011E+01    -0.47036958E+00     0.39929699E-01     0.15000000E+01    -0.41082758E-01     0.50000001E-01     0.50000001E-01     0.32909177E-01     105     0.12526029E-01
-0.77000003E+01    -0.48035848E+00     0.38465403E-01     0.15000000E+01    -0.40969055E-01     0.50000001E-01     0.50000001E-01     0.31423114E-01     105     0.12526029E-01
-0.76000009E+01    -0.49214256E+00     0.36977794E-01     0.15000000E+01    -0.40631846E-01     0.50000001E-01     0.50000001E-01     0.29915428E-01     105     0.12526029E-01
-0.74000010E+01    -0.54754466E+00     0.30926833E-01     0.15000000E+01    -0.43226819E-01     0.50000001E-01     0.50000001E-01     0.23747308E-01     105     0.12526029E-01
-0.73000002E+01    -0.54134679E+00     0.28875550E-01     0.15000000E+01    -0.47944747E-01     0.50000001E-01     0.50000001E-01     0.21628205E-01     105     0.12526029E-01
-0.72000012E+01    -0.52943271E+00     0.27013078E-01     0.15000000E+01    -0.53082794E-01     0.50000001E-01     0.50000001E-01     0.19693257E-01     105     0.12526029E-01
-0.71000004E+01    -0.51464331E+00     0.25557589E-01     0.15000000E+01    -0.57609648E-01     0.50000001E-01     0.50000001E-01     0.18172480E-01     105     0.12526029E-01
-0.70000014E+01    -0.49851385E+00     0.24308467E-01     0.15000000E+01    -0.61781775E-01     0.50000001E-01     0.50000001E-01     0.16860705E-01     105     0.12526029E-01
-0.69000006E+01    -0.48135787E+00     0.23120930E-01     0.15000000E+01    -0.65908931E-01     0.50000001E-01     0.50000001E-01     0.15607158E-01     105     0.12526029E-01
-0.68000016E+01    -0.46457320E+00     0.22200527E-01     0.15000000E+01    -0.69265515E-01     0.50000001E-01     0.50000001E-01     0.14629181E-01     106     0.10334659E-01
-0.67000008E+01    -0.44765496E+00     0.21342199E-01     0.15000000E+01    -0.72441533E-01     0.50000001E-01     0.50000001E-01     0.13713942E-01     106     0.10334659E-01
-0.66000018E+01    -0.43105128E+00     0.20594504E-01     0.15000000E+01    -0.75252913E-01     0.50000001E-01     0.50000001E-01     0.12912069E-01     106     0.10334659E-01
-0.65000010E+01    -0.41494560E+00     0.19963974E-01     0.15000000E+01    -0.77671476E-01     0.50000001E-01     0.50000001E-01     0.12232663E-01     106     0.10334659E-01
-0.64000001E+01    -0.39902282E+00     0.19374585E-01     0.15000000E+01    -0.79922371E-01     0.50000001E-01     0.50000001E-01     0.11594526E-01     106     0.10334659E-01
-0.63000011E+01    -0.38364211E+00     0.18884897E-01     0.15000000E+01    -0.81833795E-01     0.50000001E-01     0.50000001E-01     0.11059924E-01     107     0.84213689E-02
-0.62000003E+01    -0.36854318E+00     0.18441711E-01     0.15000000E+01    -0.83566286E-01     0.50000001E-01     0.50000001E-01     0.10574715E-01     107     0.84213689E-02
-0.61000009E+01    -0.35373923E+00     0.18045474E-01     0.15000000E+01    -0.85126095E-01     0.50000001E-01     0.50000001E-01     0.10138264E-01     107     0.84213689E-02
-0.60000000E+01    -0.33924106E+00     0.17698059E-01     0.15000000E+01    -0.86514048E-01     0.50000001E-01     0.50000001E-01     0.97535541E-02     107     0.84213689E-02
-0.59000010E+01    -0.32496792E+00     0.17385991E-01     0.15000000E+01    -0.87776512E-01     0.50000001E-01     0.50000001E-01     0.94059035E-02     107     0.84213689E-02
-0.58000002E+01    -0.31093594E+00     0.17112069E-01     0.15000000E+01    -0.88910840E-01     0.50000001E-01     0.50000001E-01     0.90978034E-02     108     0.67574694E-02
-0.57000012E+01    -0.29709667E+00     0.16873118E-01     0.15000000E+01    -0.89939147E-01     0.50000001E-01     0.50000001E-01     0.88283913E-02     108     0.67574694E-02
-0.56000004E+01    -0.28348646E+00     0.16681474E-01     0.15000000E+01    -0.90839341E-01     0.50000001E-01     0.50000001E-01     0.86104646E-02     108     0.67574694E-02
-0.55000014E+01    -0.27007675E+00     0.16535202E-01     0.15000000E+01    -0.91628477E-01     0.50000001E-01     0.50000001E-01     0.84421309E-02     108     0.67574694E-02
-0.54000006E+01    -0.25680035E+00     0.16419247E-01     0.15000000E+01    -0.92343263E-01     0.50000001E-01     0.50000001E-01     0.83072437E-02     108     0.67574694E-02
-0.53000016E+01    -0.24358284E+00     0.16317032E-01     0.15000000E+01    -0.93022913E-01     0.50000001E-01     0.50000001E-01     0.81876079E-02     108     0.67574694E-02
-0.52000008E+01    -0.23040845E+00     0.16223598E-01     0.15000000E+01    -0.93677551E-01     0.50000001E-01     0.50000001E-01     0.80764443E-02     109     0.53184223E-02
-0.51000013E+01    -0.21726231E+00     0.16136017E-01     0.15000000E+01    -0.94315849E-01     0.50000001E-01     0.50000001E-01     0.79727741E-02     109     0.53184223E-02
-0.50000010E+01    -0.20414639E+00     0.16054615E-01     0.15000000E+01    -0.94935864E-01     0.50000001E-01     0.50000001E-01     0.78759370E-02     109     0.53184223E-02
-0.49000015E+01    -0.19105496E+00     0.15978102E-01     0.15000000E+01    -0.95542558E-01     0.50000001E-01     0.50000001E-01     0.77844886E-02     109     0.53184223E-02
-0.48000007E+01    -0.17799282E+00     0.15907060E-01     0.15000000E+01    -0.96133992E-01     0.50000001E-01     0.50000001E-01     0.76988852E-02     109     0.53184223E-02
-0.47000003E+01    -0.16494167E+00     0.15838895E-01     0.15000000E+01    -0.96716650E-01     0.50000001E-01     0.50000001E-01     0.76159313E-02     110     0.40839603E-02
-0.46000009E+01    -0.15191312E+00     0.15775412E-01     0.15000000E+01    -0.97286351E-01     0.50000001E-01     0.50000001E-01     0.75387675E-02     110     0.40839603E-02
-0.45000000E+01    -0.13890396E+00     0.15715227E-01     0.15000000E+01    -0.97847290E-01     0.50000001E-01     0.50000001E-01     0.74652899E-02     110     0.40839603E-02
-0.44000010E+01    -0.12590759E+00     0.15658207E-01     0.15000000E+01    -0.98398469E-01     0.50000001E-01     0.50000001E-01     0.73953690E-02     110     0.40839603E-02
-0.43000002E+01    -0.11292599E+00     0.15604076E-01     0.15000000E+01    -0.98941855E-01     0.50000001E-01     0.50000001E-01     0.73287161E-02     110     0.40839603E-02
-0.42000012E+01    -0.99957600E-01     0.15552331E-01     0.15000000E+01    -0.99479116E-01     0.50000001E-01     0.50000001E-01     0.72640767E-02     111     0.30372913E-02
-0.41000004E+01    -0.87007955E-01     0.15503967E-01     0.15000000E+01    -0.10000662E+00     0.50000001E-01     0.50000001E-01     0.72037224E-02     111     0.30372913E-02
-0.40000014E+01    -0.74066244E-01     0.15457483E-01     0.15000000E+01    -0.10052837E+00     0.50000001E-01     0.50000001E-01     0.71456861E-02     111     0.30372913E-02
-0.39000006E+01    -0.61140526E-01     0.15413825E-01     0.15000000E+01    -0.10104321E+00     0.50000001E-01     0.50000001E-01     0.70906626E-02     111     0.30372913E-02
-0.38000014E+01    -0.48222966E-01     0.15371826E-01     0.15000000E+01    -0.10155286E+00     0.50000001E-01     0.50000001E-01     0.70376610E-02     111     0.30372913E-02
-0.37000005E+01    -0.35319351E-01     0.15332512E-01     0.15000000E+01    -0.10205533E+00     0.50000001E-01     0.50000001E-01     0.69869375E-02     112     0.21643129E-02
-0.36000016E+01    -0.22426628E-01     0.15294865E-01     0.15000000E+01    -0.10255335E+00     0.50000001E-01     0.50000001E-01     0.69387527E-02     112     0.21643129E-02
-0.35000007E+01    -0.95443260E-02     0.15259461E-01     0.15000000E+01    -0.10304476E+00     0.50000001E-01     0.50000001E-01     0.68930415E-02     112     0.21643129E-02
-0.34000015E+01     0.33285937E-02     0.15225502E-01     0.15000000E+01    -0.10353228E+00     0.50000001E-01     0.50000001E-01     0.68491669E-02     112     0.21643129E-02
-0.33000009E+01     0.16187277E-01     0.15193709E-01     0.15000000E+01    -0.10401362E+00     0.50000001E-01     0.50000001E-01     0.68075536E-02     112     0.21643129E-02
-0.32000017E+01     0.29038001E-01     0.15163799E-01     0.15000000E+01    -0.10449030E+00     0.50000001E-01     0.50000001E-01     0.67675645E-02     113     0.14532950E-02
-0.31000009E+01     0.41879512E-01     0.15135236E-01     0.15000000E+01    -0.10496312E+00     0.50000001E-01     0.50000001E-01     0.67297155E-02     113     0.14532950E-02
-0.30000000E+01     0.54707494E-01     0.15108585E-01     0.15000000E+01    -0.10543123E+00     0.50000001E-01     0.50000001E-01     0.66939518E-02     113     0.14532950E-02
-0.29000010E+01     0.67528658E-01     0.15083217E-01     0.15000000E+01    -0.10589459E+00     0.50000001E-01     0.50000001E-01     0.66597741E-02     113     0.14532950E-02
-0.28000002E+01     0.80339827E-01     0.15059315E-01     0.15000000E+01    -0.10635445E+00     0.50000001E-01     0.50000001E-01     0.66272859E-02     113     0.14532950E-02
-0.27000012E+01     0.93138203E-01     0.15037234E-01     0.15000000E+01    -0.10680941E+00     0.50000001E-01     0.50000001E-01     0.65963930E-02     114     0.89414942E-03
-0.26000004E+01     0.10592798E+00     0.15016550E-01     0.15000000E+01    -0.10726070E+00     0.50000001E-01     0.50000001E-01     0.65674679E-02     114     0.89414942E-03
-0.25000012E+01     0.11870798E+00     0.14997104E-01     0.15000000E+01    -0.10770846E+00     0.50000001E-01     0.50000001E-01     0.65400777E-02     114     0.89414942E-03
-0.24000003E+01     0.13147968E+00     0.14979248E-01     0.15000000E+01    -0.10815127E+00     0.50000001E-01     0.50000001E-01     0.65144198E-02     114     0.89414942E-03
-0.23000014E+01     0.14423817E+00     0.14962986E-01     0.15000000E+01    -0.10859060E+00     0.50000001E-01     0.50000001E-01     0.64902632E-02     115     0.47783012E-03
-0.22000005E+01     0.15698971E+00     0.14947625E-01     0.15000000E+01    -0.10902643E+00     0.50000001E-01     0.50000001E-01     0.64675510E-02     115     0.47783012E-03
-0.21000013E+01     0.16973060E+00     0.14933589E-01     0.15000000E+01    -0.10945965E+00     0.50000001E-01     0.50000001E-01     0.64463969E-02     115     0.47783012E-03
-0.20000007E+01     0.18245868E+00     0.14921092E-01     0.15000000E+01    -0.10988739E+00     0.50000001E-01     0.50000001E-01     0.64269062E-02     115     0.47783012E-03
-0.19000015E+01     0.19517902E+00     0.14909808E-01     0.15000000E+01    -0.11031244E+00     0.50000001E-01     0.50000001E-01     0.64088395E-02     115     0.47783012E-03
-0.18000008E+01     0.20789018E+00     0.14899747E-01     0.15000000E+01    -0.11073358E+00     0.50000001E-01     0.50000001E-01     0.63920710E-02     116     0.19587070E-03
-0.17000016E+01     0.22058994E+00     0.14890863E-01     0.15000000E+01    -0.11115181E+00     0.50000001E-01     0.50000001E-01     0.63767647E-02     116     0.19587070E-03
-0.16000009E+01     0.23328021E+00     0.14883260E-01     0.15000000E+01    -0.11156587E+00     0.50000001E-01     0.50000001E-01     0.63629495E-02     116     0.19587070E-03
-0.15000000E+01     0.24595907E+00     0.14876725E-01     0.15000000E+01    -0.11197723E+00     0.50000001E-01     0.50000001E-01     0.63504549E-02     116     0.19587070E-03
-0.14000009E+01     0.25862813E+00     0.14871360E-01     0.15000000E+01    -0.11238515E+00     0.50000001E-01     0.50000001E-01     0.63392958E-02     116     0.19587070E-03
-0.13000002E+01     0.27128544E+00     0.14867304E-01     0.15000000E+01    -0.11278912E+00     0.50000001E-01     0.50000001E-01     0.63295290E-02     117     0.39888557E-04
-0.12000011E+01     0.28393397E+00     0.14864145E-01     0.15000000E+01    -0.11319047E+00     0.50000001E-01     0.50000001E-01     0.63209850E-02     117     0.39888557E-04
-0.11000003E+01     0.29656944E+00     0.14862451E-01     0.15000000E+01    -0.11358818E+00     0.50000001E-01     0.50000001E-01     0.63139694E-02     117     0.39888557E-04
-0.10000012E+01     0.30919290E+00     0.14861542E-01     0.15000000E+01    -0.11398268E+00     0.50000001E-01     0.50000001E-01     0.63080648E-02     117     0.39888557E-04
-0.90000039E+00     0.32180664E+00     0.14862181E-01     0.15000000E+01    -0.11437318E+00     0.50000001E-01     0.50000001E-01     0.63038226E-02     118     0.13656995E-05
-0.80000126E+00     0.33441094E+00     0.14863494E-01     0.15000000E+01    -0.11476140E+00     0.50000001E-01     0.50000001E-01     0.63004429E-02     118     0.13656995E-05
-0.70000046E+00     0.34700176E+00     0.14865991E-01     0.15000000E+01    -0.11514620E+00     0.50000001E-01     0.50000001E-01     0.62984144E-02     118     0.13656995E-05
-0.60000139E+00     0.35958326E+00     0.14869463E-01     0.15000000E+01    -0.11552789E+00     0.50000001E-01     0.50000001E-01     0.62976284E-02     118     0.13656995E-05
-0.50000060E+00     0.37215215E+00     0.14874193E-01     0.15000000E+01    -0.11590562E+00     0.50000001E-01     0.50000001E-01     0.62983530E-02     119     0.75805736E-04
-0.40000150E+00     0.38470718E+00     0.14879901E-01     0.15000000E+01    -0.11628062E+00     0.50000001E-01     0.50000001E-01     0.63000852E-02     119     0.75805736E-04
-0.30000070E+00     0.39725250E+00     0.14886759E-01     0.15000000E+01    -0.11665144E+00     0.50000001E-01     0.50000001E-01     0.63031474E-02     119     0.75805736E-04
-0.20000160E+00     0.40978578E+00     0.14894689E-01     0.15000000E+01    -0.11701950E+00     0.50000001E-01     0.50000001E-01     0.63074483E-02     119     0.75805736E-04
-0.10000080E+00     0.42230335E+00     0.14903373E-01     0.15000000E+01    -0.11738542E+00     0.50000001E-01     0.50000001E-01     0.63127382E-02     119     0.75805736E-04
 0.00000000E+00     0.43481135E+00     0.14913347E-01     0.15000000E+01    -0.11774693E+00     0.50000001E-01     0.50000001E-01     0.63197035E-02     120     0.26949524E-03
 0.99999093E-01     0.44730705E+00     0.14924183E-01     0.15000000E+01    -0.11810500E+00     0.50000001E-01     0.50000001E-01     0.63274521E-02     120     0.26949524E-03
 0.19999990E+00     0.45978853E+00     0.14936172E-01     0.15000000E+01    -0.11846051E+00     0.50000001E-01     0.50000001E-01     0.63365307E-02     120     0.26949524E-03
 0.29999900E+00     0.47225714E+00     0.14949018E-01     0.15000000E+01    -0.11881245E+00     0.50000001E-01     0.50000001E-01     0.63467110E-02     120     0.26949524E-03
 0.39999980E+00     0.48471144E+00     0.14963204E-01     0.15000000E+01    -0.11916050E+00     0.50000001E-01     0.50000001E-01     0.63583031E-02     120     0.26949524E-03
 0.49999887E+00     0.49715266E+00     0.14978074E-01     0.15000000E+01    -0.11950600E+00     0.50000001E-01     0.50000001E-01     0.63711880E-02     121     0.58935303E-03
 0.59999967E+00     0.50957966E+00     0.14994141E-01     0.15000000E+01    -0.11984742E+00     0.50000001E-01     0.50000001E-01     0.63850358E-02     121     0.58935303E-03
 0.69999880E+00     0.52199495E+00     0.15011056E-01     0.15000000E+01    -0.12018618E+00     0.50000001E-01     0.50000001E-01     0.64000469E-02     121     0.58935303E-03
 0.79999959E+00     0.53439039E+00     0.15029185E-01     0.15000000E+01    -0.12052095E+00     0.50000001E-01     0.50000001E-01     0.64161913E-02     121     0.58935303E-03
 0.89999866E+00     0.54677647E+00     0.15047892E-01     0.15000000E+01    -0.12085245E+00     0.50000001E-01     0.50000001E-01     0.64333221E-02     121     0.58935303E-03
 0.99999946E+00     0.55914694E+00     0.15068031E-01     0.15000000E+01    -0.12118007E+00     0.50000001E-01     0.50000001E-01     0.64524245E-02     122     0.10421828E-02
 0.10999986E+01     0.57149857E+00     0.15089048E-01     0.15000000E+01    -0.12150460E+00     0.50000001E-01     0.50000001E-01     0.64720893E-02     122     0.10421828E-02
 0.11999993E+01     0.58383787E+00     0.15111055E-01     0.15000000E+01    -0.12182579E+00     0.50000001E-01     0.50000001E-01     0.64929547E-02     122     0.10421828E-02
 0.12999984E+01     0.59616184E+00     0.15133988E-01     0.15000000E+01    -0.12214301E+00     0.50000001E-01     0.50000001E-01     0.65149199E-02     122     0.10421828E-02
 0.13999993E+01     0.60846740E+00     0.15157984E-01     0.15000000E+01    -0.12245718E+00     0.50000001E-01     0.50000001E-01     0.65387562E-02     123     0.16348928E-02
 0.14999983E+01     0.62075680E+00     0.15182918E-01     0.15000000E+01    -0.12276720E+00     0.50000001E-01     0.50000001E-01     0.65630330E-02     123     0.16348928E-02
 0.15999992E+01     0.63302982E+00     0.15209122E-01     0.15000000E+01    -0.12307279E+00     0.50000001E-01     0.50000001E-01     0.65887300E-02     123     0.16348928E-02
 0.16999999E+01     0.64528668E+00     0.15236060E-01     0.15000000E+01    -0.12337575E+00     0.50000001E-01     0.50000001E-01     0.66153985E-02     123     0.16348928E-02
 0.17999990E+01     0.65752393E+00     0.15264123E-01     0.15000000E+01    -0.12367432E+00     0.50000001E-01     0.50000001E-01     0.66433642E-02     123     0.16348928E-02
 0.18999999E+01     0.66974545E+00     0.15293045E-01     0.15000000E+01    -0.12396989E+00     0.50000001E-01     0.50000001E-01     0.66730957E-02     124     0.23748465E-02
 0.19999989E+01     0.68194759E+00     0.15323054E-01     0.15000000E+01    -0.12426068E+00     0.50000001E-01     0.50000001E-01     0.67033302E-02     124     0.23748465E-02
 0.20999997E+01     0.69413316E+00     0.15354089E-01     0.15000000E+01    -0.12454744E+00     0.50000001E-01     0.50000001E-01     0.67347754E-02     124     0.23748465E-02
 0.21999989E+01     0.70629698E+00     0.15386201E-01     0.15000000E+01    -0.12483055E+00     0.50000001E-01     0.50000001E-01     0.67674648E-02     124     0.23748465E-02
 0.22999997E+01     0.71844256E+00     0.15419543E-01     0.15000000E+01    -0.12510960E+00     0.50000001E-01     0.50000001E-01     0.68014851E-02     124     0.23748465E-02
 0.23999987E+01     0.73056787E+00     0.15453354E-01     0.15000000E+01    -0.12538411E+00     0.50000001E-01     0.50000001E-01     0.68371408E-02     125     0.32701876E-02
 0.24999995E+01     0.74266964E+00     0.15488638E-01     0.15000000E+01    -0.12565446E+00     0.50000001E-01     0.50000001E-01     0.68734409E-02     125     0.32701876E-02
 0.25999987E+01     0.75475472E+00     0.15524682E-01     0.15000000E+01    -0.12592055E+00     0.50000001E-01     0.50000001E-01     0.69107804E-02     125     0.32701876E-02
 0.26999993E+01     0.76681668E+00     0.15561772E-01     0.15000000E+01    -0.12618226E+00     0.50000001E-01     0.50000001E-01     0.69493689E-02     125     0.32701876E-02
 0.27999985E+01     0.77885717E+00     0.15599742E-01     0.15000000E+01    -0.12643953E+00     0.50000001E-01     0.50000001E-01     0.69889911E-02     125     0.32701876E-02
 0.28999994E+01     0.79086769E+00     0.15639169E-01     0.15000000E+01    -0.12669161E+00     0.50000001E-01     0.50000001E-01     0.70301583E-02     125     0.32701876E-02
 0.29999983E+01     0.80286354E+00     0.15679287E-01     0.15000000E+01    -0.12693901E+00     0.50000001E-01     0.50000001E-01     0.70732171E-02     126     0.43303436E-02
 0.30999992E+01     0.81483132E+00     0.15720600E-01     0.15000000E+01    -0.12718171E+00     0.50000001E-01     0.50000001E-01     0.71166698E-02     126     0.43303436E-02
 0.31999984E+01     0.82677454E+00     0.15762828E-01     0.15000000E+01    -0.12741931E+00     0.50000001E-01     0.50000001E-01     0.71612187E-02     126     0.43303436E-02
 0.32999990E+01     0.83869535E+00     0.15806172E-01     0.15000000E+01    -0.12765244E+00     0.50000001E-01     0.50000001E-01     0.72070956E-02     126     0.43303436E-02
 0.33999999E+01     0.85058743E+00     0.15850831E-01     0.15000000E+01    -0.12787956E+00     0.50000001E-01     0.50000001E-01     0.72544087E-02     126     0.43303436E-02
 0.34999990E+01     0.86245406E+00     0.15896095E-01     0.15000000E+01    -0.12810272E+00     0.50000001E-01     0.50000001E-01     0.73036514E-02     127     0.55664545E-02
 0.35999999E+01     0.87429136E+00     0.15943022E-01     0.15000000E+01    -0.12831977E+00     0.50000001E-01     0.50000001E-01     0.73535386E-02     127     0.55664545E-02
 0.36999989E+01     0.88610393E+00     0.15990581E-01     0.15000000E+01    -0.12853113E+00     0.50000001E-01     0.50000001E-01     0.74043861E-02     127     0.55664545E-02
 0.37999997E+01     0.89788806E+00     0.16039414E-01     0.15000000E+01    -0.12873733E+00     0.50000001E-01     0.50000001E-01     0.74566286E-02     127     0.55664545E-02
 0.38999987E+01     0.90963829E+00     0.16089465E-01     0.15000000E+01    -0.12893766E+00     0.50000001E-01     0.50000001E-01     0.75102467E-02     127     0.55664545E-02
 0.39999995E+01     0.92135954E+00     0.16140712E-01     0.15000000E+01    -0.12913193E+00     0.50000001E-01     0.50000001E-01     0.75663663E-02     128     0.69917417E-02
 0.40999985E+01     0.93304765E+00     0.16193239E-01     0.15000000E+01    -0.12931958E+00     0.50000001E-01     0.50000001E-01     0.76227719E-02     128     0.69917417E-02
 0.41999993E+01     0.94471020E+00     0.16246555E-01     0.15000000E+01    -0.12950227E+00     0.50000001E-01     0.50000001E-01     0.76802876E-02     128     0.69917417E-02
 0.42999988E+01     0.95633119E+00     0.16301496E-01     0.15000000E+01    -0.12967734E+00     0.50000001E-01     0.50000001E-01     0.77394573E-02     128     0.69917417E-02
 0.43999991E+01     0.96792251E+00     0.16357476E-01     0.15000000E+01    -0.12984690E+00     0.50000001E-01     0.50000001E-01     0.77999346E-02     128     0.69917417E-02
 0.44999986E+01     0.97947967E+00     0.16414681E-01     0.15000000E+01    -0.13000967E+00     0.50000001E-01     0.50000001E-01     0.78618266E-02     128     0.69917417E-02
 0.45999994E+01     0.99099845E+00     0.16473325E-01     0.15000000E+01    -0.13016549E+00     0.50000001E-01     0.50000001E-01     0.79265516E-02     129     0.86222664E-02
 0.47000003E+01     0.10024813E+01     0.16533110E-01     0.15000000E+01    -0.13031395E+00     0.50000001E-01     0.50000001E-01     0.79913586E-02     129     0.86222664E-02
 0.47999973E+01     0.10139265E+01     0.16594069E-01     0.15000000E+01    -0.13045546E+00     0.50000001E-01     0.50000001E-01     0.80575710E-02     129     0.86222664E-02
 0.48999982E+01     0.10253280E+01     0.16656686E-01     0.15000000E+01    -0.13058937E+00     0.50000001E-01     0.50000001E-01     0.81255771E-02     129     0.86222664E-02
 0.49999990E+01     0.10366929E+01     0.16720278E-01     0.15000000E+01    -0.13071632E+00     0.50000001E-01     0.50000001E-01     0.81948219E-02     129     0.86222664E-02
 0.50999999E+01     0.10480083E+01     0.16785746E-01     0.15000000E+01    -0.13083398E+00     0.50000001E-01     0.50000001E-01     0.82660345E-02     129     0.86222664E-02
 0.52000008E+01     0.10592847E+01     0.16852248E-01     0.15000000E+01    -0.13094363E+00     0.50000001E-01     0.50000001E-01     0.83399322E-02     130     0.10477415E-01
 0.52999978E+01     0.10705147E+01     0.16920073E-01     0.15000000E+01    -0.13104475E+00     0.50000001E-01     0.50000001E-01     0.84139714E-02     130     0.10477415E-01
 0.53999987E+01     0.10816966E+01     0.16989743E-01     0.15000000E+01    -0.13113736E+00     0.50000001E-01     0.50000001E-01     0.84900092E-02     130     0.10477415E-01
 0.54999995E+01     0.10928286E+01     0.17060837E-01     0.15000000E+01    -0.13122085E+00     0.50000001E-01     0.50000001E-01     0.85676750E-02     130     0.10477415E-01
 0.56000004E+01     0.11039075E+01     0.17133743E-01     0.15000000E+01    -0.13129504E+00     0.50000001E-01     0.50000001E-01     0.86473189E-02     130     0.10477415E-01
 0.56999979E+01     0.11149369E+01     0.17208068E-01     0.15000000E+01    -0.13135938E+00     0.50000001E-01     0.50000001E-01     0.87286411E-02     130     0.10477415E-01
 0.57999988E+01     0.11259139E+01     0.17283989E-01     0.15000000E+01    -0.13141407E+00     0.50000001E-01     0.50000001E-01     0.88132247E-02     131     0.12580140E-01
 0.58999996E+01     0.11368289E+01     0.17361550E-01     0.15000000E+01    -0.13145776E+00     0.50000001E-01     0.50000001E-01     0.88981614E-02     131     0.12580140E-01
 0.60000000E+01     0.11476780E+01     0.17441086E-01     0.15000000E+01    -0.13148943E+00     0.50000001E-01     0.50000001E-01     0.89852614E-02     131     0.12580140E-01
 0.60999975E+01     0.11584637E+01     0.17522708E-01     0.15000000E+01    -0.13151015E+00     0.50000001E-01     0.50000001E-01     0.90746405E-02     131     0.12580140E-01
 0.61999984E+01     0.11691865E+01     0.17605796E-01     0.15000000E+01    -0.13151850E+00     0.50000001E-01     0.50000001E-01     0.91657266E-02     131     0.12580140E-01
 0.62999992E+01     0.11798453E+01     0.17690597E-01     0.15000000E+01    -0.13151506E+00     0.50000001E-01     0.50000001E-01     0.92588523E-02     131     0.12580140E-01
 0.64000001E+01     0.11904320E+01     0.17777335E-01     0.15000000E+01    -0.13149926E+00     0.50000001E-01     0.50000001E-01     0.93556754E-02     132     0.14958286E-01
 0.65000010E+01     0.12009348E+01     0.17866988E-01     0.15000000E+01    -0.13146761E+00     0.50000001E-01     0.50000001E-01     0.94538983E-02     132     0.14958286E-01
 0.65999980E+01     0.12113680E+01     0.17958352E-01     0.15000000E+01    -0.13142383E+00     0.50000001E-01     0.50000001E-01     0.95541971E-02     132     0.14958286E-01
 0.66999989E+01     0.12217135E+01     0.18051816E-01     0.15000000E+01    -0.13136458E+00     0.50000001E-01     0.50000001E-01     0.96568605E-02     132     0.14958286E-01
 0.67999997E+01     0.12319647E+01     0.18147949E-01     0.15000000E+01    -0.13128780E+00     0.50000001E-01     0.50000001E-01     0.97623654E-02     132     0.14958286E-01
 0.69000006E+01     0.12421204E+01     0.18246714E-01     0.15000000E+01    -0.13119352E+00     0.50000001E-01     0.50000001E-01     0.98707126E-02     132     0.14958286E-01
 0.69999981E+01     0.12521709E+01     0.18348092E-01     0.15000000E+01    -0.13108145E+00     0.50000001E-01     0.50000001E-01     0.99819275E-02     132     0.14958286E-01
 0.70999990E+01     0.12621268E+01     0.18451689E-01     0.15000000E+01    -0.13095233E+00     0.50000001E-01     0.50000001E-01     0.10097421E-01     133     0.17644048E-01
 0.71999998E+01     0.12719612E+01     0.18558929E-01     0.15000000E+01    -0.13080095E+00     0.50000001E-01     0.50000001E-01     0.10215002E-01     133     0.17644048E-01
 0.73000002E+01     0.12816751E+01     0.18669192E-01     0.15000000E+01    -0.13062923E+00     0.50000001E-01     0.50000001E-01     0.10335869E-01     133     0.17644048E-01
 0.73999977E+01     0.12912718E+01     0.18781947E-01     0.15000000E+01    -0.13043557E+00     0.50000001E-01     0.50000001E-01     0.10459741E-01     133     0.17644048E-01
 0.74999986E+01     0.13007021E+01     0.18899687E-01     0.15000000E+01    -0.13021271E+00     0.50000001E-01     0.50000001E-01     0.10588502E-01     133     0.17644048E-01
 0.75999994E+01     0.13099891E+01     0.19020464E-01     0.15000000E+01    -0.12996420E+00     0.50000001E-01     0.50000001E-01     0.10720857E-01     133     0.17644048E-01
 0.77000003E+01     0.13191094E+01     0.19145407E-01     0.15000000E+01    -0.12968643E+00     0.50000001E-01     0.50000001E-01     0.10857657E-01     133     0.17644048E-01
 0.77999973E+01     0.13280593E+01     0.19274497E-01     0.15000000E+01    -0.12937899E+00     0.50000001E-01     0.50000001E-01     0.10999014E-01     133     0.17644048E-01
 0.78999982E+01     0.13367833E+01     0.19410212E-01     0.15000000E+01    -0.12903143E+00     0.50000001E-01     0.50000001E-01     0.11148939E-01     134     0.20675475E-01
 0.79999990E+01     0.13453202E+01     0.19549014E-01     0.15000000E+01    -0.12865055E+00     0.50000001E-01     0.50000001E-01     0.11300900E-01     134     0.20675475E-01
 0.81000004E+01     0.13535585E+01     0.19695977E-01     0.15000000E+01    -0.12821798E+00     0.50000001E-01     0.50000001E-01     0.11461059E-01     134     0.20675475E-01
 0.82000008E+01     0.13615338E+01     0.19849299E-01     0.15000000E+01    -0.12773877E+00     0.50000001E-01     0.50000001E-01     0.11628103E-01     134     0.20675475E-01
 0.82999983E+01     0.13692031E+01     0.20009935E-01     0.15000000E+01    -0.12720634E+00     0.50000001E-01     0.50000001E-01     0.11803197E-01     134     0.20675475E-01
 0.83999987E+01     0.13764663E+01     0.20180764E-01     0.15000000E+01    -0.12660259E+00     0.50000001E-01     0.50000001E-01     0.11988810E-01     134     0.20675475E-01
 0.85000000E+01     0.13812211E+01     0.20378323E-01     0.15000000E+01    -0.12550469E+00     0.50000001E-01     0.50000001E-01     0.12203784E-01     134     0.20675475E-01
 0.86000004E+01     0.13805400E+01     0.20645084E-01     0.15000000E+01    -0.12335549E+00     0.50000001E-01     0.50000001E-01     0.12493172E-01     134     0.20675475E-01
 0.86999979E+01     0.13829336E+01     0.20928429E-01     0.15000000E+01    -0.12186686E+00     0.50000001E-01     0.50000001E-01     0.12797249E-01     134     0.20675475E-01
 0.87999983E+01     0.13870668E+01     0.21218903E-01     0.15000000E+01    -0.12075773E+00     0.50000001E-01     0.50000001E-01     0.13109229E-01     135     0.24095157E-01
 0.88999996E+01     0.13915056E+01     0.21520069E-01     0.15000000E+01    -0.11974333E+00     0.50000001E-01     0.50000001E-01     0.13430056E-01     135     0.24095157E-01
 0.90000000E+01     0.13959039E+01     0.21835428E-01     0.15000000E+01    -0.11875954E+00     0.50000001E-01     0.50000001E-01     0.13765718E-01     135     0.24095157E-01
 0.90999975E+01     0.14002378E+01     0.22161320E-01     0.15000000E+01    -0.11779995E+00     0.50000001E-01     0.50000001E-01     0.14112986E-01     135     0.24095157E-01
 0.91999989E+01     0.14043787E+01     0.22509366E-01     0.15000000E+01    -0.11684590E+00     0.50000001E-01     0.50000001E-01     0.14482740E-01     135     0.24095157E-01
 0.92999992E+01     0.14083519E+01     0.22876542E-01     0.15000000E+01    -0.11590335E+00     0.50000001E-01     0.50000001E-01     0.14872429E-01     135     0.24095157E-01
 0.94000006E+01     0.14121066E+01     0.23265742E-01     0.15000000E+01    -0.11496653E+00     0.50000001E-01     0.50000001E-01     0.15285039E-01     135     0.24095157E-01
 0.94999971E+01     0.14155852E+01     0.23681851E-01     0.15000000E+01    -0.11403025E+00     0.50000001E-01     0.50000001E-01     0.15725391E-01     135     0.24095157E-01
 0.95999985E+01     0.14177916E+01     0.24182694E-01     0.15000000E+01    -0.11297583E+00     0.49565215E-01     0.50000001E-01     0.16255613E-01     135     0.24095157E-01
 0.96999989E+01     0.14193614E+01     0.24734050E-01     0.15000000E+01    -0.11189821E+00     0.48697602E-01     0.50000001E-01     0.16827544E-01     135     0.24095157E-01
 0.98000002E+01     0.14206102E+01     0.25330121E-01     0.15000000E+01    -0.11084528E+00     0.47793884E-01     0.50000001E-01     0.17445406E-01     135     0.24095157E-01
 0.99000006E+01     0.14215659E+01     0.25970971E-01     0.15000000E+01    -0.10982590E+00     0.46977565E-01     0.50000001E-01     0.18111559E-01     136     0.27950181E-01
 0.99999981E+01     0.14221319E+01     0.26659319E-01     0.15000000E+01    -0.10883324E+00     0.46227146E-01     0.50000001E-01     0.18824544E-01     136     0.27950181E-01
 0.10099998E+02     0.14221551E+01     0.27416885E-01     0.15000000E+01    -0.10786174E+00     0.45474164E-01     0.50000001E-01     0.19607276E-01     136     0.27950181E-01
 0.10200000E+02     0.14215157E+01     0.28254813E-01     0.15000000E+01    -0.10691041E+00     0.44744223E-01     0.50000001E-01     0.20471191E-01     136     0.27950181E-01
 0.10300000E+02     0.14202951E+01     0.29168356E-01     0.15000000E+01    -0.10599373E+00     0.44012707E-01     0.50000001E-01     0.21411246E-01     136     0.27950181E-01
 0.10399998E+02     0.14193273E+01     0.30098695E-01     0.15000000E+01    -0.10517843E+00     0.43417044E-01     0.50000001E-01     0.22379024E-01     136     0.27950181E-01
 0.10499999E+02     0.14184109E+01     0.31058313E-01     0.15000000E+01    -0.10444342E+00     0.42788532E-01     0.50000001E-01     0.23369819E-01     136     0.27950181E-01
 0.10599999E+02     0.14174012E+01     0.32058515E-01     0.15000000E+01    -0.10376784E+00     0.42227086E-01     0.50000001E-01     0.24402017E-01     136     0.27950181E-01
 0.10700000E+02     0.14161351E+01     0.33102028E-01     0.15000000E+01    -0.10313655E+00     0.41668057E-01     0.50000001E-01     0.25477992E-01     136     0.27950181E-01
 0.10799997E+02     0.14116905E+01     0.34449313E-01     0.15000000E+01    -0.10239305E+00     0.39955989E-01     0.50000001E-01     0.26851065E-01     136     0.27950181E-01
 0.10899999E+02     0.14094820E+01     0.35625715E-01     0.15000000E+01    -0.10182627E+00     0.39471485E-01     0.50000001E-01     0.28060500E-01     136     0.27950181E-01
 0.10999999E+02     0.14068751E+01     0.36860377E-01     0.15000000E+01    -0.10128617E+00     0.38973097E-01     0.50000001E-01     0.29327914E-01     136     0.27950181E-01
 0.11100000E+02     0.14039136E+01     0.38133241E-01     0.15000000E+01    -0.10076343E+00     0.38497396E-01     0.50000001E-01     0.30633422E-01     136     0.27950181E-01
 0.11200001E+02     0.14011565E+01     0.39401677E-01     0.15000000E+01    -0.10028121E+00     0.38002845E-01     0.50000001E-01     0.31943481E-01     136     0.27950181E-01
 0.11299998E+02     0.13986669E+01     0.40657170E-01     0.15000000E+01    -0.99837534E-01     0.37606444E-01     0.50000001E-01     0.33233527E-01     136     0.27950181E-01
 0.11399999E+02     0.13959360E+01     0.41936841E-01     0.15000000E+01    -0.99397689E-01     0.37226506E-01     0.50000001E-01     0.34547955E-01     136     0.27950181E-01
 0.11500000E+02     0.13930260E+01     0.43224029E-01     0.15000000E+01    -0.98965362E-01     0.36848344E-01     0.50000001E-01     0.35869818E-01     136     0.27950181E-01
 0.11600000E+02     0.13898672E+01     0.44534348E-01     0.15000000E+01    -0.98529436E-01     0.36441997E-01     0.50000001E-01     0.37214171E-01     136     0.27950181E-01
 0.11699998E+02     0.13865699E+01     0.45846388E-01     0.15000000E+01    -0.98093078E-01     0.36100041E-01     0.50000001E-01     0.38562864E-01     137     0.32289684E-01
 0.11799999E+02     0.13826370E+01     0.47213484E-01     0.15000000E+01    -0.97648531E-01     0.35756633E-01     0.50000001E-01     0.39965324E-01     137     0.32289684E-01
 0.11900000E+02     0.13784868E+01     0.48583504E-01     0.15000000E+01    -0.97197331E-01     0.35446253E-01     0.50000001E-01     0.41370679E-01     137     0.32289684E-01
 0.12000000E+02     0.13742087E+01     0.49941089E-01     0.15000000E+01    -0.96729957E-01     0.35139628E-01     0.50000001E-01     0.42762540E-01     137     0.32289684E-01
 0.12099998E+02     0.13695835E+01     0.51321946E-01     0.15000000E+01    -0.96251406E-01     0.34772705E-01     0.50000001E-01     0.44177357E-01     137     0.32289684E-01
 0.12199999E+02     0.13643502E+01     0.52743044E-01     0.15000000E+01    -0.95771156E-01     0.34549985E-01     0.50000001E-01     0.45634791E-01     137     0.32289684E-01
 0.12299999E+02     0.13592321E+01     0.54145359E-01     0.15000000E+01    -0.95285855E-01     0.34245901E-01     0.50000001E-01     0.47071226E-01     137     0.32289684E-01
 0.12400001E+02     0.13538697E+01     0.55538177E-01     0.15000000E+01    -0.94795026E-01     0.33909772E-01     0.50000001E-01     0.48496667E-01     137     0.32289684E-01
 0.12499997E+02     0.13481394E+01     0.56994546E-01     0.15000000E+01    -0.94332948E-01     0.33654213E-01     0.50000001E-01     0.49988382E-01     137     0.32289684E-01
 0.12599998E+02     0.13430402E+01     0.58366995E-01     0.15000000E+01    -0.93889818E-01     0.33376731E-01     0.50000001E-01     0.51393222E-01     137     0.32289684E-01
 0.12699999E+02     0.13383828E+01     0.59731916E-01     0.15000000E+01    -0.93498789E-01     0.33107985E-01     0.50000001E-01     0.52799229E-01     137     0.32289684E-01
 0.12800000E+02     0.13341155E+01     0.61058063E-01     0.15000000E+01    -0.93152076E-01     0.32858640E-01     0.50000001E-01     0.54158933E-01     137     0.32289684E-01
 0.12900001E+02     0.13304255E+01     0.62359609E-01     0.15000000E+01    -0.92845164E-01     0.32552242E-01     0.50000001E-01     0.55491682E-01     137     0.32289684E-01
 0.12999998E+02     0.13267300E+01     0.63684836E-01     0.15000000E+01    -0.92588201E-01     0.32270696E-01     0.50000001E-01     0.56849144E-01     137     0.32289684E-01
 0.13099999E+02     0.13223042E+01     0.65087415E-01     0.15000000E+01    -0.92333809E-01     0.31208385E-01     0.50000001E-01     0.58274973E-01     137     0.32289684E-01
 0.13200000E+02     0.13208392E+01     0.66252105E-01     0.15000000E+01    -0.92194840E-01     0.31691119E-01     0.50000001E-01     0.59476219E-01     137     0.32289684E-01
 0.13300000E+02     0.13168857E+01     0.67646414E-01     0.15000000E+01    -0.92034779E-01     0.30643359E-01     0.50000001E-01     0.60892090E-01     137     0.32289684E-01
 0.13399998E+02     0.13164870E+01     0.68738513E-01     0.15000000E+01    -0.91964699E-01     0.31060217E-01     0.50000001E-01     0.62018346E-01     137     0.32289684E-01
 0.13499999E+02     0.13142416E+01     0.70025325E-01     0.15000000E+01    -0.91914788E-01     0.30758545E-01     0.50000001E-01     0.63333035E-01     137     0.32289684E-01
 0.13599999E+02     0.13110976E+01     0.71392782E-01     0.15000000E+01    -0.91859967E-01     0.29715562E-01     0.50000001E-01     0.64716786E-01     137     0.32289684E-01
 0.13700001E+02     0.13091501E+01     0.72701335E-01     0.15000000E+01    -0.91893539E-01     0.29455721E-01     0.50000001E-01     0.66052221E-01     137     0.32289684E-01
 0.13799997E+02     0.13079149E+01     0.73908113E-01     0.15000000E+01    -0.91910131E-01     0.29010367E-01     0.50000001E-01     0.67279570E-01     137     0.32289684E-01
 0.13899999E+02     0.13066024E+01     0.75176060E-01     0.15000000E+01    -0.92004605E-01     0.28733566E-01     0.50000001E-01     0.68579562E-01     137     0.32289684E-01
 0.13999999E+02     0.13063256E+01     0.76335430E-01     0.15000000E+01    -0.92106469E-01     0.28473305E-01     0.50000001E-01     0.69764651E-01     137     0.32289684E-01
 0.14100000E+02     0.13065892E+01     0.77420898E-01     0.15000000E+01    -0.92200041E-01     0.28205808E-01     0.50000001E-01     0.70875056E-01     138     0.37160967E-01
 0.14199998E+02     0.13060539E+01     0.78654371E-01     0.15000000E+01    -0.92380323E-01     0.27907804E-01     0.50000001E-01     0.72134465E-01     138     0.37160967E-01
 0.14299998E+02     0.13062907E+01     0.79783320E-01     0.15000000E+01    -0.92543572E-01     0.27594687E-01     0.50000001E-01     0.73286965E-01     138     0.37160967E-01
 0.14400000E+02     0.13070755E+01     0.80839805E-01     0.15000000E+01    -0.92702933E-01     0.27433569E-01     0.50000001E-01     0.74366219E-01     138     0.37160967E-01
 0.14500000E+02     0.13067474E+01     0.82066812E-01     0.15000000E+01    -0.92943504E-01     0.27041016E-01     0.50000001E-01     0.75617202E-01     138     0.37160967E-01
 0.14600000E+02     0.13073372E+01     0.83183952E-01     0.15000000E+01    -0.93157418E-01     0.26803184E-01     0.50000001E-01     0.76757297E-01     138     0.37160967E-01
 0.14699998E+02     0.13083758E+01     0.84237635E-01     0.15000000E+01    -0.93378238E-01     0.26531924E-01     0.50000001E-01     0.77831797E-01     138     0.37160967E-01
 0.14799999E+02     0.13085248E+01     0.85432865E-01     0.15000000E+01    -0.93678460E-01     0.26274748E-01     0.50000001E-01     0.79051018E-01     138     0.37160967E-01
 0.14900000E+02     0.13091011E+01     0.86560145E-01     0.15000000E+01    -0.93955755E-01     0.25978543E-01     0.50000001E-01     0.80199368E-01     138     0.37160967E-01
 0.15000001E+02     0.13102728E+01     0.87604895E-01     0.15000000E+01    -0.94213605E-01     0.25800085E-01     0.50000001E-01     0.81263870E-01     138     0.37160967E-01
 0.15099998E+02     0.13103313E+01     0.88820517E-01     0.15000000E+01    -0.94568647E-01     0.25382057E-01     0.50000001E-01     0.82499817E-01     138     0.37160967E-01
 0.15199999E+02     0.13110162E+01     0.89968294E-01     0.15000000E+01    -0.94915055E-01     0.25168179E-01     0.50000001E-01     0.83668612E-01     138     0.37160967E-01
 0.15299999E+02     0.13123693E+01     0.91006503E-01     0.15000000E+01    -0.95226146E-01     0.24920320E-01     0.50000001E-01     0.84726140E-01     138     0.37160967E-01
 0.15400001E+02     0.13130940E+01     0.92167541E-01     0.15000000E+01    -0.95613822E-01     0.24666369E-01     0.50000001E-01     0.85914694E-01     138     0.37160967E-01
 0.15499998E+02     0.13140674E+01     0.93291208E-01     0.15000000E+01    -0.95999673E-01     0.24413481E-01     0.50000001E-01     0.87060973E-01     138     0.37160967E-01
 0.15599998E+02     0.13150809E+01     0.94377436E-01     0.15000000E+01    -0.96376218E-01     0.23635348E-01     0.50000001E-01     0.88163130E-01     138     0.37160967E-01
 0.15699999E+02     0.13174086E+01     0.95350198E-01     0.15000000E+01    -0.96727520E-01     0.23876587E-01     0.50000001E-01     0.89161448E-01     138     0.37160967E-01
 0.15800000E+02     0.13178228E+01     0.96557304E-01     0.15000000E+01    -0.97221456E-01     0.23241317E-01     0.50000001E-01     0.90389922E-01     139     0.42605218E-01
 0.15899998E+02     0.13193023E+01     0.97624391E-01     0.15000000E+01    -0.97648434E-01     0.22969177E-01     0.50000001E-01     0.91477498E-01     139     0.42605218E-01
 0.15999998E+02     0.13218738E+01     0.98565213E-01     0.15000000E+01    -0.98034203E-01     0.23208397E-01     0.50000001E-01     0.92444062E-01     139     0.42605218E-01
 0.16099998E+02     0.13225749E+01     0.99739537E-01     0.15000000E+01    -0.98538473E-01     0.22564776E-01     0.50000001E-01     0.93634658E-01     139     0.42605218E-01
 0.16200001E+02     0.13236297E+01     0.10087694E+00     0.15000000E+01    -0.99045962E-01     0.22276206E-01     0.50000001E-01     0.94792098E-01     139     0.42605218E-01
 0.16300001E+02     0.13254194E+01     0.10190425E+00     0.15000000E+01    -0.99500529E-01     0.22104392E-01     0.50000001E-01     0.95839672E-01     139     0.42605218E-01
 0.16399998E+02     0.13271463E+01     0.10294700E+00     0.15000000E+01    -0.99991970E-01     0.21816773E-01     0.50000001E-01     0.96900538E-01     139     0.42605218E-01
 0.16499998E+02     0.13280889E+01     0.10411961E+00     0.15000000E+01    -0.10056512E+00     0.21628693E-01     0.50000001E-01     0.98094508E-01     139     0.42605218E-01
 0.16600000E+02     0.13294178E+01     0.10522494E+00     0.15000000E+01    -0.10110187E+00     0.21435032E-01     0.50000001E-01     0.99219166E-01     139     0.42605218E-01
 0.16700001E+02     0.13313270E+01     0.10624398E+00     0.15000000E+01    -0.10162719E+00     0.21148272E-01     0.50000001E-01     0.10025521E+00     139     0.42605218E-01
 0.16799997E+02     0.13328123E+01     0.10735650E+00     0.15000000E+01    -0.10220926E+00     0.20975858E-01     0.50000001E-01     0.10139503E+00     139     0.42605218E-01
 0.16900000E+02     0.13344119E+01     0.10846414E+00     0.15000000E+01    -0.10280859E+00     0.20837121E-01     0.50000001E-01     0.10252666E+00     139     0.42605218E-01
 0.17000000E+02     0.13364331E+01     0.10948268E+00     0.15000000E+01    -0.10336152E+00     0.20635402E-01     0.50000001E-01     0.10356568E+00     139     0.42605218E-01
 0.17100000E+02     0.13385907E+01     0.11046698E+00     0.15000000E+01    -0.10389773E+00     0.20409031E-01     0.50000001E-01     0.10457034E+00     139     0.42605218E-01
 0.17199997E+02     0.13398126E+01     0.11163067E+00     0.15000000E+01    -0.10458700E+00     0.19890767E-01     0.50000001E-01     0.10575239E+00     139     0.42605218E-01
 0.17299999E+02     0.13420433E+01     0.11268162E+00     0.15000000E+01    -0.10519855E+00     0.20251129E-01     0.50000001E-01     0.10683152E+00     139     0.42605218E-01
 0.17400000E+02     0.13521067E+01     0.11427280E+00     0.15000000E+01    -0.10753399E+00     0.19741971E-01     0.43257388E+00     0.10887828E+00     140     0.48649773E-01
 0.17500000E+02     0.13543229E+01     0.11524007E+00     0.15000000E+01    -0.10807946E+00     0.19673418E-01     0.43297380E+00     0.10986382E+00     140     0.48649773E-01
 0.17599997E+02     0.13550146E+01     0.11650172E+00     0.15000000E+01    -0.10884689E+00     0.19049093E-01     0.43367031E+00     0.11113922E+00     140     0.48649773E-01
 0.17699999E+02     0.13574969E+01     0.11754251E+00     0.15000000E+01    -0.10950518E+00     0.19376345E-01     0.43392941E+00     0.11220872E+00     140     0.48649773E-01
 0.17799999E+02     0.13594064E+01     0.11858856E+00     0.15000000E+01    -0.11014909E+00     0.19184690E-01     0.43437055E+00     0.11327472E+00     140     0.48649773E-01
 0.17900000E+02     0.13614624E+01     0.11960293E+00     0.15000000E+01    -0.11081332E+00     0.18950563E-01     0.43471476E+00     0.11430958E+00     140     0.48649773E-01
 0.18000000E+02     0.13618401E+01     0.12093394E+00     0.15000000E+01    -0.11169713E+00     0.18439934E-01     0.43607190E+00     0.11565726E+00     140     0.48649773E-01
 0.18099998E+02     0.13636088E+01     0.12203997E+00     0.15000000E+01    -0.11244491E+00     0.18420340E-01     0.43634367E+00     0.11678687E+00     140     0.48649773E-01
 0.18199999E+02     0.13654422E+01     0.12309422E+00     0.15000000E+01    -0.11316801E+00     0.18228436E-01     0.43724793E+00     0.11785751E+00     140     0.48649773E-01
 0.18299999E+02     0.13682534E+01     0.12408521E+00     0.15000000E+01    -0.11385719E+00     0.18514069E-01     0.43734536E+00     0.11887758E+00     140     0.48649773E-01
 0.18400000E+02     0.13681654E+01     0.12541837E+00     0.15000000E+01    -0.11477368E+00     0.17820610E-01     0.43688446E+00     0.12022372E+00     140     0.48649773E-01
 0.18499998E+02     0.13703622E+01     0.12648642E+00     0.15000000E+01    -0.11556909E+00     0.17733773E-01     0.43833214E+00     0.12131749E+00     140     0.48649773E-01
 0.18599998E+02     0.13728726E+01     0.12745701E+00     0.15000000E+01    -0.11627313E+00     0.17799808E-01     0.43899548E+00     0.12231062E+00     140     0.48649773E-01
 0.18699999E+02     0.13743371E+01     0.12863253E+00     0.15000000E+01    -0.11713745E+00     0.17706200E-01     0.43934247E+00     0.12350898E+00     140     0.48649773E-01
 0.18800001E+02     0.13760865E+01     0.12979916E+00     0.15000000E+01    -0.11804159E+00     0.17346190E-01     0.43972212E+00     0.12469526E+00     140     0.48649773E-01
 0.18899998E+02     0.13779982E+01     0.13086607E+00     0.15000000E+01    -0.11883937E+00     0.17135890E-01     0.44016850E+00     0.12578221E+00     140     0.48649773E-01
 0.18999998E+02     0.13801318E+01     0.13191728E+00     0.15000000E+01    -0.11965188E+00     0.16983060E-01     0.44046134E+00     0.12685552E+00     141     0.55301353E-01
 0.19099998E+02     0.13819304E+01     0.13309231E+00     0.15000000E+01    -0.12058415E+00     0.17356742E-01     0.44099370E+00     0.12806037E+00     141     0.55301353E-01
 0.19200001E+02     0.13833040E+01     0.13426091E+00     0.15000000E+01    -0.12151017E+00     0.16801069E-01     0.44143122E+00     0.12924573E+00     141     0.55301353E-01
 0.19300001E+02     0.13855001E+01     0.13530299E+00     0.15000000E+01    -0.12234905E+00     0.16707793E-01     0.44221935E+00     0.13030809E+00     141     0.55301353E-01
 0.19399998E+02     0.13873982E+01     0.13643420E+00     0.15000000E+01    -0.12329002E+00     0.16654348E-01     0.44229448E+00     0.13146169E+00     141     0.55301353E-01
 0.19499998E+02     0.13888404E+01     0.13764448E+00     0.15000000E+01    -0.12429552E+00     0.16501166E-01     0.44308472E+00     0.13269377E+00     141     0.55301353E-01
 0.19600000E+02     0.13902735E+01     0.13880056E+00     0.15000000E+01    -0.12525517E+00     0.16251739E-01     0.44352737E+00     0.13386740E+00     141     0.55301353E-01
 0.19700001E+02     0.13925956E+01     0.13988382E+00     0.15000000E+01    -0.12623578E+00     0.16101213E-01     0.44357735E+00     0.13496988E+00     141     0.55301353E-01
 0.19799997E+02     0.13938552E+01     0.14110759E+00     0.15000000E+01    -0.12727304E+00     0.16081523E-01     0.44402874E+00     0.13621646E+00     141     0.55301353E-01
 0.19900000E+02     0.13954439E+01     0.14233273E+00     0.15000000E+01    -0.12834723E+00     0.15936792E-01     0.44546846E+00     0.13747020E+00     141     0.55301353E-01
 0.20000000E+02     0.13969709E+01     0.14349015E+00     0.15000000E+01    -0.12938653E+00     0.15701260E-01     0.44527552E+00     0.13864264E+00     141     0.55301353E-01
 0.20100000E+02     0.13989356E+01     0.14463182E+00     0.15000000E+01    -0.13042478E+00     0.15734129E-01     0.44677949E+00     0.13981442E+00     141     0.55301353E-01
 0.20199997E+02     0.14000767E+01     0.14591543E+00     0.15000000E+01    -0.13156834E+00     0.15631342E-01     0.44620246E+00     0.14111583E+00     141     0.55301353E-01
 0.20299999E+02     0.14016930E+01     0.14712019E+00     0.15000000E+01    -0.13270104E+00     0.15499641E-01     0.44735733E+00     0.14234526E+00     141     0.55301353E-01
 0.20400000E+02     0.14026798E+01     0.14836292E+00     0.15000000E+01    -0.13386486E+00     0.15310512E-01     0.44678113E+00     0.14359789E+00     141     0.55301353E-01
 0.20500000E+02     0.14036283E+01     0.14974537E+00     0.15000000E+01    -0.13519931E+00     0.15043005E-01     0.44738814E+00     0.14500463E+00     141     0.55301353E-01
