  
       RFOIL         Version 3.00
  
 Calculated polar for: OSO-2026-HT1-T30                
  
 1  Reynolds number fixed
  
 xtrf =      1.00000000 (suction)     1.00000000 (pressure)
 Rot. Parameters:  f0 =      1.00000000 c/r =      0.00000000
 Mach =      0.00000000     Re =      1.50000000 e 6     Ncrit =      9.00000000
  
             alpha                CL                CD            Re(CL)                CM             S_xtr             P_xtr               CDp            I_stag            X_stag
  ------- -------- --------- --------- -------- ------- ------- -------- 
-0.24000000E+02    -0.93121827E+00     0.16198575E+00     0.15000000E+01     0.30358922E-01     0.10000000E+01     0.30412061E-01     0.15858036E+00      86     0.69401525E-01
-0.23900000E+02    -0.92666137E+00     0.16156825E+00     0.15000000E+01     0.29654244E-01     0.10000000E+01     0.30454744E-01     0.15815090E+00      87     0.62954552E-01
-0.23800001E+02    -0.92093700E+00     0.16094831E+00     0.15000000E+01     0.28759077E-01     0.10000000E+01     0.30600982E-01     0.15751575E+00      87     0.62954552E-01
-0.23700001E+02    -0.91628683E+00     0.16053461E+00     0.15000000E+01     0.28022701E-01     0.10000000E+01     0.30564435E-01     0.15709761E+00      87     0.62954552E-01
-0.23600000E+02    -0.91287827E+00     0.16021346E+00     0.15000000E+01     0.27218312E-01     0.10000000E+01     0.31045837E-01     0.15678744E+00      87     0.62954552E-01
-0.23500000E+02    -0.90823382E+00     0.15974240E+00     0.15000000E+01     0.26423395E-01     0.10000000E+01     0.31094717E-01     0.15630971E+00      87     0.62954552E-01
-0.23400002E+02    -0.90535897E+00     0.15934813E+00     0.15000000E+01     0.25668360E-01     0.10000000E+01     0.31482112E-01     0.15592673E+00      87     0.62954552E-01
-0.23300001E+02    -0.90102315E+00     0.15880182E+00     0.15000000E+01     0.24802195E-01     0.10000000E+01     0.31633068E-01     0.15538217E+00      87     0.62954552E-01
-0.23200001E+02    -0.89635259E+00     0.15812837E+00     0.15000000E+01     0.23973221E-01     0.10000000E+01     0.31937007E-01     0.15471397E+00      87     0.62954552E-01
-0.23100000E+02    -0.89216059E+00     0.15766151E+00     0.15000000E+01     0.23207709E-01     0.10000000E+01     0.31945124E-01     0.15423879E+00      87     0.62954552E-01
-0.23000002E+02    -0.88736558E+00     0.15718091E+00     0.15000000E+01     0.22474302E-01     0.10000000E+01     0.32065097E-01     0.15375741E+00      87     0.62954552E-01
-0.22900002E+02    -0.88259315E+00     0.15671730E+00     0.15000000E+01     0.21734877E-01     0.10000000E+01     0.32202687E-01     0.15329336E+00      87     0.62954552E-01
-0.22800001E+02    -0.87743539E+00     0.15619959E+00     0.15000000E+01     0.20960238E-01     0.10000000E+01     0.32358337E-01     0.15277214E+00      88     0.56935936E-01
-0.22700001E+02    -0.87243938E+00     0.15566675E+00     0.15000000E+01     0.20210931E-01     0.10000000E+01     0.32687709E-01     0.15224291E+00      88     0.56935936E-01
-0.22600002E+02    -0.86752468E+00     0.15523709E+00     0.15000000E+01     0.19486081E-01     0.10000000E+01     0.32729428E-01     0.15180720E+00      88     0.56935936E-01
-0.22500000E+02    -0.86256254E+00     0.15470995E+00     0.15000000E+01     0.18757215E-01     0.10000000E+01     0.32889757E-01     0.15128025E+00      88     0.56935936E-01
-0.22400002E+02    -0.85724443E+00     0.15421735E+00     0.15000000E+01     0.18014222E-01     0.10000000E+01     0.33083133E-01     0.15078287E+00      88     0.56935936E-01
-0.22300001E+02    -0.85241115E+00     0.15371247E+00     0.15000000E+01     0.17329596E-01     0.10000000E+01     0.33360168E-01     0.15027420E+00      88     0.56935936E-01
-0.22200001E+02    -0.84751397E+00     0.15323152E+00     0.15000000E+01     0.16596472E-01     0.10000000E+01     0.33242773E-01     0.14978804E+00      88     0.56935936E-01
-0.22100000E+02    -0.84244919E+00     0.15268648E+00     0.15000000E+01     0.15854113E-01     0.10000000E+01     0.33546425E-01     0.14923765E+00      88     0.56935936E-01
-0.22000000E+02    -0.83746868E+00     0.15215190E+00     0.15000000E+01     0.15114607E-01     0.10000000E+01     0.33665176E-01     0.14869659E+00      88     0.56935936E-01
-0.21800001E+02    -0.82752365E+00     0.15103975E+00     0.15000000E+01     0.13689697E-01     0.10000000E+01     0.34040611E-01     0.14756921E+00      89     0.51345102E-01
-0.21600000E+02    -0.81613094E+00     0.14998572E+00     0.15000000E+01     0.12315653E-01     0.10000000E+01     0.34428272E-01     0.14649726E+00      89     0.51345102E-01
-0.21500002E+02    -0.81051952E+00     0.14951032E+00     0.15000000E+01     0.11617469E-01     0.10000000E+01     0.34502037E-01     0.14601499E+00      89     0.51345102E-01
-0.21400000E+02    -0.80546284E+00     0.14908105E+00     0.15000000E+01     0.10984408E-01     0.10000000E+01     0.34562491E-01     0.14558190E+00      89     0.51345102E-01
-0.21300001E+02    -0.79985309E+00     0.14855887E+00     0.15000000E+01     0.10286428E-01     0.10000000E+01     0.34920033E-01     0.14505620E+00      89     0.51345102E-01
-0.21200001E+02    -0.79501116E+00     0.14812182E+00     0.15000000E+01     0.96475128E-02     0.10000000E+01     0.35064258E-01     0.14461876E+00      89     0.51345102E-01
-0.21100002E+02    -0.79149151E+00     0.14777875E+00     0.15000000E+01     0.90659130E-02     0.10000000E+01     0.35409313E-01     0.14428678E+00      89     0.51345102E-01
-0.21000000E+02    -0.78638512E+00     0.14728022E+00     0.15000000E+01     0.83796689E-02     0.10000000E+01     0.35731249E-01     0.14379248E+00      89     0.51345102E-01
-0.20900000E+02    -0.78198886E+00     0.14681441E+00     0.15000000E+01     0.77353935E-02     0.10000000E+01     0.35932619E-01     0.14333084E+00      89     0.51345102E-01
-0.20800001E+02    -0.77737451E+00     0.14634553E+00     0.15000000E+01     0.71155764E-02     0.10000000E+01     0.36027227E-01     0.14285861E+00      90     0.46173539E-01
-0.20700003E+02    -0.77245373E+00     0.14578176E+00     0.15000000E+01     0.64031761E-02     0.10000000E+01     0.36347438E-01     0.14230111E+00      90     0.46173539E-01
-0.20600000E+02    -0.76760501E+00     0.14527696E+00     0.15000000E+01     0.57783332E-02     0.10000000E+01     0.36535658E-01     0.14179774E+00      90     0.46173539E-01
-0.20500000E+02    -0.76255250E+00     0.14467232E+00     0.15000000E+01     0.51046796E-02     0.10000000E+01     0.36832068E-01     0.14119479E+00      90     0.46173539E-01
-0.20400002E+02    -0.75756556E+00     0.14413550E+00     0.15000000E+01     0.44427831E-02     0.10000000E+01     0.37061535E-01     0.14065722E+00      90     0.46173539E-01
-0.20300001E+02    -0.75295788E+00     0.14368254E+00     0.15000000E+01     0.38318874E-02     0.10000000E+01     0.37129607E-01     0.14020132E+00      90     0.46173539E-01
-0.20200001E+02    -0.74726021E+00     0.14315350E+00     0.15000000E+01     0.31767834E-02     0.10000000E+01     0.37404764E-01     0.13967264E+00      90     0.46173539E-01
-0.20100000E+02    -0.74207389E+00     0.14267921E+00     0.15000000E+01     0.25931331E-02     0.10000000E+01     0.37616778E-01     0.13919792E+00      90     0.46173539E-01
-0.20000002E+02    -0.73656350E+00     0.14218250E+00     0.15000000E+01     0.19525867E-02     0.10000000E+01     0.37733413E-01     0.13869740E+00      90     0.46173539E-01
-0.19900000E+02    -0.73114294E+00     0.14170787E+00     0.15000000E+01     0.13862024E-02     0.10000000E+01     0.37978645E-01     0.13822055E+00      90     0.46173539E-01
-0.19800001E+02    -0.72578526E+00     0.14121079E+00     0.15000000E+01     0.78850496E-03     0.10000000E+01     0.38199872E-01     0.13772032E+00      91     0.41406777E-01
-0.19700001E+02    -0.72003263E+00     0.14069980E+00     0.15000000E+01     0.17994782E-03     0.10000000E+01     0.38403463E-01     0.13720389E+00      91     0.41406777E-01
-0.19600000E+02    -0.71414906E+00     0.14018302E+00     0.15000000E+01    -0.41865185E-03     0.10000000E+01     0.38734395E-01     0.13668153E+00      91     0.41406777E-01
-0.19500000E+02    -0.70849669E+00     0.13969201E+00     0.15000000E+01    -0.99937106E-03     0.10000000E+01     0.38924888E-01     0.13618521E+00      91     0.41406777E-01
-0.19400002E+02    -0.70288175E+00     0.13915528E+00     0.15000000E+01    -0.16022469E-02     0.10000000E+01     0.39089635E-01     0.13564204E+00      91     0.41406777E-01
-0.19300001E+02    -0.69771129E+00     0.13865145E+00     0.15000000E+01    -0.21718019E-02     0.10000000E+01     0.39157674E-01     0.13513358E+00      91     0.41406777E-01
-0.19200001E+02    -0.69086933E+00     0.13803481E+00     0.15000000E+01    -0.28602160E-02     0.10000000E+01     0.39405316E-01     0.13450946E+00      91     0.41406777E-01
-0.19100000E+02    -0.68748575E+00     0.13761814E+00     0.15000000E+01    -0.33591883E-02     0.10000000E+01     0.39818730E-01     0.13410003E+00      91     0.41406777E-01
-0.19000002E+02    -0.68362278E+00     0.13708355E+00     0.15000000E+01    -0.39199768E-02     0.10000000E+01     0.40280115E-01     0.13357291E+00      91     0.41406777E-01
-0.18900002E+02    -0.67916197E+00     0.13653228E+00     0.15000000E+01    -0.45229536E-02     0.10000000E+01     0.40611371E-01     0.13302882E+00      91     0.41406777E-01
-0.18800001E+02    -0.67418885E+00     0.13596666E+00     0.15000000E+01    -0.51121796E-02     0.10000000E+01     0.40848240E-01     0.13246484E+00      92     0.37025496E-01
-0.18700001E+02    -0.66938394E+00     0.13547303E+00     0.15000000E+01    -0.56434125E-02     0.10000000E+01     0.41011523E-01     0.13197227E+00      92     0.37025496E-01
-0.18600000E+02    -0.66423452E+00     0.13496885E+00     0.15000000E+01    -0.62092412E-02     0.10000000E+01     0.41368786E-01     0.13147555E+00      92     0.37025496E-01
-0.18500002E+02    -0.65898782E+00     0.13445804E+00     0.15000000E+01    -0.67454288E-02     0.10000000E+01     0.41672356E-01     0.13096814E+00      92     0.37025496E-01
-0.18400000E+02    -0.65376168E+00     0.13393924E+00     0.15000000E+01    -0.73248493E-02     0.10000000E+01     0.41817602E-01     0.13044935E+00      92     0.37025496E-01
-0.18300001E+02    -0.64840108E+00     0.13342868E+00     0.15000000E+01    -0.78311060E-02     0.10000000E+01     0.42210039E-01     0.12994401E+00      92     0.37025496E-01
-0.18200001E+02    -0.64316374E+00     0.13291931E+00     0.15000000E+01    -0.83644781E-02     0.10000000E+01     0.42443033E-01     0.12943555E+00      92     0.37025496E-01
-0.18100002E+02    -0.63743705E+00     0.13238582E+00     0.15000000E+01    -0.89089330E-02     0.10000000E+01     0.42779244E-01     0.12890238E+00      92     0.37025496E-01
-0.18000000E+02    -0.63203043E+00     0.13185471E+00     0.15000000E+01    -0.94473744E-02     0.10000000E+01     0.43090180E-01     0.12837011E+00      92     0.37025496E-01
-0.17900000E+02    -0.62691957E+00     0.13132679E+00     0.15000000E+01    -0.99705756E-02     0.10000000E+01     0.43269020E-01     0.12783843E+00      93     0.33007883E-01
-0.17800001E+02    -0.62087935E+00     0.13078040E+00     0.15000000E+01    -0.10512060E-01     0.10000000E+01     0.43672070E-01     0.12728950E+00      93     0.33007883E-01
-0.17700001E+02    -0.61591995E+00     0.13022183E+00     0.15000000E+01    -0.11040792E-01     0.10000000E+01     0.43754201E-01     0.12672700E+00      93     0.33007883E-01
-0.17600000E+02    -0.61006695E+00     0.12964714E+00     0.15000000E+01    -0.11609158E-01     0.10000000E+01     0.44142410E-01     0.12614779E+00      93     0.33007883E-01
-0.17500000E+02    -0.60440826E+00     0.12908521E+00     0.15000000E+01    -0.12162835E-01     0.10000000E+01     0.44374615E-01     0.12558098E+00      93     0.33007883E-01
-0.17400002E+02    -0.59819978E+00     0.12850165E+00     0.15000000E+01    -0.12716712E-01     0.10000000E+01     0.44597059E-01     0.12498979E+00      93     0.33007883E-01
-0.17300001E+02    -0.59359258E+00     0.12792169E+00     0.15000000E+01    -0.13229955E-01     0.10000000E+01     0.45014638E-01     0.12441298E+00      93     0.33007883E-01
-0.17200001E+02    -0.58919388E+00     0.12737516E+00     0.15000000E+01    -0.13710083E-01     0.10000000E+01     0.45383185E-01     0.12387075E+00      93     0.33007883E-01
-0.17100000E+02    -0.58483642E+00     0.12682818E+00     0.15000000E+01    -0.14192889E-01     0.10000000E+01     0.45874272E-01     0.12333221E+00      93     0.33007883E-01
-0.17000002E+02    -0.58032072E+00     0.12628447E+00     0.15000000E+01    -0.14674355E-01     0.10000000E+01     0.46433546E-01     0.12280018E+00      93     0.33007883E-01
-0.16900000E+02    -0.57544696E+00     0.12572354E+00     0.15000000E+01    -0.15161741E-01     0.10000000E+01     0.46782423E-01     0.12224326E+00      94     0.29330799E-01
-0.16800001E+02    -0.56999034E+00     0.12517235E+00     0.15000000E+01    -0.15663886E-01     0.10000000E+01     0.47182217E-01     0.12169763E+00      94     0.29330799E-01
-0.16700001E+02    -0.56510019E+00     0.12462305E+00     0.15000000E+01    -0.16132329E-01     0.10000000E+01     0.47554735E-01     0.12115570E+00      94     0.29330799E-01
-0.16600000E+02    -0.55980188E+00     0.12406002E+00     0.15000000E+01    -0.16626092E-01     0.10000000E+01     0.47789939E-01     0.12059227E+00      94     0.29330799E-01
-0.16500000E+02    -0.55450815E+00     0.12349383E+00     0.15000000E+01    -0.17104741E-01     0.10000000E+01     0.48276652E-01     0.12003130E+00      94     0.29330799E-01
-0.16400002E+02    -0.54941881E+00     0.12290441E+00     0.15000000E+01    -0.17599406E-01     0.10000000E+01     0.48511196E-01     0.11944097E+00      94     0.29330799E-01
-0.16300001E+02    -0.54380339E+00     0.12233996E+00     0.15000000E+01    -0.18095398E-01     0.10000000E+01     0.49027625E-01     0.11887855E+00      94     0.29330799E-01
-0.16200001E+02    -0.53868866E+00     0.12173516E+00     0.15000000E+01    -0.18571621E-01     0.10000000E+01     0.49315903E-01     0.11827150E+00      94     0.29330799E-01
-0.16100000E+02    -0.53337395E+00     0.12110953E+00     0.15000000E+01    -0.19080022E-01     0.10000000E+01     0.49692467E-01     0.11764432E+00      94     0.29330799E-01
-0.16000002E+02    -0.52788585E+00     0.12048921E+00     0.15000000E+01    -0.19590914E-01     0.10000000E+01     0.50111972E-01     0.11701880E+00      95     0.25971070E-01
-0.15900001E+02    -0.52227533E+00     0.11991182E+00     0.15000000E+01    -0.20053223E-01     0.10000000E+01     0.50332583E-01     0.11643785E+00      95     0.25971070E-01
-0.15800000E+02    -0.51609039E+00     0.11935632E+00     0.15000000E+01    -0.20510154E-01     0.10000000E+01     0.50666049E-01     0.11587783E+00      95     0.25971070E-01
-0.15700001E+02    -0.51142246E+00     0.11878273E+00     0.15000000E+01    -0.20955008E-01     0.10000000E+01     0.51251139E-01     0.11530831E+00      95     0.25971070E-01
-0.15600002E+02    -0.50718904E+00     0.11817245E+00     0.15000000E+01    -0.21476887E-01     0.99723184E+00     0.52124262E-01     0.11471035E+00      95     0.25971070E-01
-0.15500001E+02    -0.49821392E+00     0.11751353E+00     0.15000000E+01    -0.23358291E-01     0.96800953E+00     0.52658714E-01     0.11403614E+00      95     0.25971070E-01
-0.15300001E+02    -0.49128440E+00     0.11641455E+00     0.15000000E+01    -0.22671642E-01     0.73012125E+00     0.53644788E-01     0.11197170E+00      95     0.25971070E-01
-0.15200001E+02    -0.48631108E+00     0.11579187E+00     0.15000000E+01    -0.23168758E-01     0.71267718E+00     0.54087412E-01     0.11127398E+00      95     0.25971070E-01
-0.15100001E+02    -0.48091248E+00     0.11516308E+00     0.15000000E+01    -0.23635967E-01     0.69915462E+00     0.54703157E-01     0.11058730E+00      96     0.22905810E-01
-0.15000001E+02    -0.47567707E+00     0.11456294E+00     0.15000000E+01    -0.24146283E-01     0.68906301E+00     0.55304140E-01     0.10994048E+00      96     0.22905810E-01
-0.14900000E+02    -0.47035107E+00     0.11393949E+00     0.15000000E+01    -0.24622442E-01     0.68104523E+00     0.55980790E-01     0.10928421E+00      96     0.22905810E-01
-0.14800000E+02    -0.46533638E+00     0.11325681E+00     0.15000000E+01    -0.25100393E-01     0.67356914E+00     0.56245063E-01     0.10856141E+00      96     0.22905810E-01
-0.14700002E+02    -0.45990318E+00     0.11258712E+00     0.15000000E+01    -0.25632540E-01     0.66737145E+00     0.56795038E-01     0.10786138E+00      96     0.22905810E-01
-0.14600000E+02    -0.45411670E+00     0.11197602E+00     0.15000000E+01    -0.26106214E-01     0.66140568E+00     0.57297111E-01     0.10721005E+00      96     0.22905810E-01
-0.14500000E+02    -0.44826418E+00     0.11140970E+00     0.15000000E+01    -0.26539711E-01     0.65640271E+00     0.57670645E-01     0.10662095E+00      96     0.22905810E-01
-0.14400001E+02    -0.44321030E+00     0.11077433E+00     0.15000000E+01    -0.27037185E-01     0.65202123E+00     0.58525775E-01     0.10596720E+00      97     0.20112822E-01
-0.14300001E+02    -0.43897769E+00     0.11011337E+00     0.15000000E+01    -0.27470069E-01     0.64775485E+00     0.59315804E-01     0.10528687E+00      97     0.20112822E-01
-0.14200001E+02    -0.43433952E+00     0.10947331E+00     0.15000000E+01    -0.27906852E-01     0.64384288E+00     0.60131393E-01     0.10464139E+00      97     0.20112822E-01
-0.14100001E+02    -0.42966515E+00     0.10882892E+00     0.15000000E+01    -0.28339250E-01     0.63882017E+00     0.61030138E-01     0.10398369E+00      97     0.20112822E-01
-0.14000001E+02    -0.42476556E+00     0.10819527E+00     0.15000000E+01    -0.28750041E-01     0.63542485E+00     0.61678711E-01     0.10333399E+00      97     0.20112822E-01
-0.13900002E+02    -0.41994974E+00     0.10753576E+00     0.15000000E+01    -0.29197618E-01     0.63336450E+00     0.62397610E-01     0.10266587E+00      97     0.20112822E-01
-0.13800001E+02    -0.41478789E+00     0.10686842E+00     0.15000000E+01    -0.29668484E-01     0.62906462E+00     0.62931597E-01     0.10198434E+00      97     0.20112822E-01
-0.13700001E+02    -0.40996829E+00     0.10618424E+00     0.15000000E+01    -0.30114572E-01     0.62602949E+00     0.63833661E-01     0.10128744E+00      97     0.20112822E-01
-0.13600001E+02    -0.40512556E+00     0.10546345E+00     0.15000000E+01    -0.30580839E-01     0.62331212E+00     0.64518847E-01     0.10054839E+00      97     0.20112822E-01
-0.13500001E+02    -0.39977193E+00     0.10479488E+00     0.15000000E+01    -0.31032115E-01     0.62027860E+00     0.65441221E-01     0.99854551E-01      98     0.17570687E-01
-0.13400001E+02    -0.39430135E+00     0.10417271E+00     0.15000000E+01    -0.31465396E-01     0.61769545E+00     0.65744899E-01     0.99219903E-01      98     0.17570687E-01
-0.13300000E+02    -0.38990390E+00     0.10348827E+00     0.15000000E+01    -0.31866055E-01     0.61526561E+00     0.67216448E-01     0.98532587E-01      98     0.17570687E-01
-0.13200001E+02    -0.38604552E+00     0.10277774E+00     0.15000000E+01    -0.32263972E-01     0.61297578E+00     0.68869784E-01     0.97828075E-01      98     0.17570687E-01
-0.13100000E+02    -0.38139313E+00     0.10210542E+00     0.15000000E+01    -0.32672428E-01     0.61061448E+00     0.69887877E-01     0.97149372E-01      98     0.17570687E-01
-0.13000001E+02    -0.37661859E+00     0.10143125E+00     0.15000000E+01    -0.33088040E-01     0.60821307E+00     0.70801929E-01     0.96462406E-01      98     0.17570687E-01
-0.12900001E+02    -0.37176561E+00     0.10075568E+00     0.15000000E+01    -0.33506438E-01     0.60602236E+00     0.71888998E-01     0.95776543E-01      98     0.17570687E-01
-0.12800001E+02    -0.36700895E+00     0.10005710E+00     0.15000000E+01    -0.33911206E-01     0.60389161E+00     0.72975598E-01     0.95074959E-01      98     0.17570687E-01
-0.12700001E+02    -0.36226735E+00     0.99341467E-01     0.15000000E+01    -0.34323476E-01     0.60094982E+00     0.74282780E-01     0.94348051E-01      99     0.15260036E-01
-0.12600001E+02    -0.35787880E+00     0.98565556E-01     0.15000000E+01    -0.34762077E-01     0.59905046E+00     0.75487375E-01     0.93559027E-01      99     0.15260036E-01
-0.12500001E+02    -0.35468012E+00     0.97713031E-01     0.15000000E+01    -0.35174791E-01     0.59793520E+00     0.77615231E-01     0.92712864E-01      99     0.15260036E-01
-0.12400002E+02    -0.35049447E+00     0.96989162E-01     0.15000000E+01    -0.35567783E-01     0.59513694E+00     0.79195544E-01     0.91978937E-01      99     0.15260036E-01
-0.12300001E+02    -0.34643233E+00     0.96259415E-01     0.15000000E+01    -0.35948254E-01     0.59322554E+00     0.81267357E-01     0.91243967E-01      99     0.15260036E-01
-0.12200001E+02    -0.34178436E+00     0.95569253E-01     0.15000000E+01    -0.36329910E-01     0.59146094E+00     0.82890041E-01     0.90554796E-01      99     0.15260036E-01
-0.12100001E+02    -0.33751184E+00     0.94833471E-01     0.15000000E+01    -0.36718082E-01     0.58965212E+00     0.85158922E-01     0.89816593E-01      99     0.15260036E-01
-0.12000000E+02    -0.33476034E+00     0.93968078E-01     0.15000000E+01    -0.37092280E-01     0.58797181E+00     0.88179968E-01     0.88964626E-01      99     0.15260036E-01
-0.11900001E+02    -0.33286512E+00     0.92980832E-01     0.15000000E+01    -0.37514351E-01     0.58641309E+00     0.92610635E-01     0.87992355E-01      99     0.15260036E-01
-0.11800000E+02    -0.32987821E+00     0.92073016E-01     0.15000000E+01    -0.37909795E-01     0.58485222E+00     0.95273368E-01     0.87076053E-01      99     0.15260036E-01
-0.11700001E+02    -0.33118632E+00     0.90826921E-01     0.15000000E+01    -0.38295906E-01     0.58347327E+00     0.10321351E+00     0.85866988E-01     100     0.13163205E-01
-0.90000000E+01    -0.69985586E+00     0.14831249E-01     0.15000000E+01    -0.83648406E-01     0.56070435E+00     0.31598437E+00     0.95492750E-02      98     0.17570687E-01
-0.89000015E+01    -0.68359935E+00     0.14596873E-01     0.15000000E+01    -0.85340939E-01     0.55904156E+00     0.32371259E+00     0.93291486E-02      99     0.15260036E-01
-0.88000002E+01    -0.66813415E+00     0.14425389E-01     0.15000000E+01    -0.86730286E-01     0.55743915E+00     0.32966614E+00     0.91685075E-02      99     0.15260036E-01
-0.87000017E+01    -0.65426278E+00     0.14368546E-01     0.15000000E+01    -0.87524839E-01     0.55589312E+00     0.33320299E+00     0.90925777E-02      99     0.15260036E-01
-0.86000004E+01    -0.63955015E+00     0.14261534E-01     0.15000000E+01    -0.88623531E-01     0.55431652E+00     0.33590513E+00     0.89853499E-02      99     0.15260036E-01
-0.85000019E+01    -0.62564516E+00     0.14207691E-01     0.15000000E+01    -0.89417785E-01     0.55272746E+00     0.33823404E+00     0.89235725E-02      99     0.15260036E-01
-0.84000006E+01    -0.61218184E+00     0.14180114E-01     0.15000000E+01    -0.90037331E-01     0.55126846E+00     0.34034348E+00     0.88817077E-02     100     0.13163205E-01
-0.83000011E+01    -0.59795678E+00     0.14109340E-01     0.15000000E+01    -0.90929203E-01     0.54977566E+00     0.34209174E+00     0.88084117E-02     100     0.13163205E-01
-0.82000008E+01    -0.58382785E+00     0.14047644E-01     0.15000000E+01    -0.91786295E-01     0.54828990E+00     0.34361526E+00     0.87474100E-02     100     0.13163205E-01
-0.81000013E+01    -0.57001668E+00     0.14007375E-01     0.15000000E+01    -0.92530712E-01     0.54686171E+00     0.34501317E+00     0.86993482E-02     100     0.13163205E-01
-0.80000010E+01    -0.55645925E+00     0.13979849E-01     0.15000000E+01    -0.93191892E-01     0.54495198E+00     0.34634507E+00     0.86528957E-02     100     0.13163205E-01
-0.79000001E+01    -0.54308081E+00     0.13962928E-01     0.15000000E+01    -0.93789585E-01     0.54359478E+00     0.34756282E+00     0.86109275E-02     101     0.11264869E-01
-0.78000011E+01    -0.52992064E+00     0.13958197E-01     0.15000000E+01    -0.94317451E-01     0.54221034E+00     0.34870023E+00     0.85726064E-02     101     0.11264869E-01
-0.77000003E+01    -0.51578540E+00     0.13905372E-01     0.15000000E+01    -0.95185600E-01     0.54069769E+00     0.35023719E+00     0.85126106E-02     101     0.11264869E-01
-0.76000009E+01    -0.50178677E+00     0.13857945E-01     0.15000000E+01    -0.95977262E-01     0.53937817E+00     0.35159436E+00     0.84778657E-02     101     0.11264869E-01
-0.75000005E+01    -0.48802882E+00     0.13824657E-01     0.15000000E+01    -0.96683644E-01     0.53804481E+00     0.35237962E+00     0.84423749E-02     101     0.11264869E-01
-0.74000010E+01    -0.47439167E+00     0.13798149E-01     0.15000000E+01    -0.97350121E-01     0.53671080E+00     0.35314313E+00     0.84072221E-02     102     0.95512820E-02
-0.73000002E+01    -0.46084011E+00     0.13777085E-01     0.15000000E+01    -0.97988971E-01     0.53539640E+00     0.35386866E+00     0.83732838E-02     102     0.95512820E-02
-0.72000012E+01    -0.44732639E+00     0.13758083E-01     0.15000000E+01    -0.98618686E-01     0.53411376E+00     0.35457104E+00     0.83383275E-02     102     0.95512820E-02
-0.71000004E+01    -0.43384463E+00     0.13741673E-01     0.15000000E+01    -0.99236742E-01     0.53284210E+00     0.35524434E+00     0.83025033E-02     102     0.95512820E-02
-0.70000014E+01    -0.42062980E+00     0.13738065E-01     0.15000000E+01    -0.99770471E-01     0.53161925E+00     0.35629123E+00     0.82711373E-02     102     0.95512820E-02
-0.69000006E+01    -0.40729445E+00     0.13730121E-01     0.15000000E+01    -0.10034426E+00     0.53038555E+00     0.35684529E+00     0.82324464E-02     103     0.80103641E-02
-0.68000016E+01    -0.39375073E+00     0.13714151E-01     0.15000000E+01    -0.10099046E+00     0.52910382E+00     0.35742879E+00     0.81914188E-02     103     0.80103641E-02
-0.67000008E+01    -0.37980878E+00     0.13679708E-01     0.15000000E+01    -0.10176428E+00     0.52731836E+00     0.35806385E+00     0.81556095E-02     103     0.80103641E-02
-0.66000018E+01    -0.36586607E+00     0.13643273E-01     0.15000000E+01    -0.10251851E+00     0.52611637E+00     0.35880589E+00     0.81281941E-02     103     0.80103641E-02
-0.65000010E+01    -0.35208026E+00     0.13615554E-01     0.15000000E+01    -0.10322261E+00     0.52490771E+00     0.35929957E+00     0.81007984E-02     103     0.80103641E-02
-0.64000001E+01    -0.33837137E+00     0.13592858E-01     0.15000000E+01    -0.10390171E+00     0.52368909E+00     0.35976613E+00     0.80740526E-02     104     0.66311467E-02
-0.63000011E+01    -0.32471782E+00     0.13573293E-01     0.15000000E+01    -0.10456446E+00     0.52249849E+00     0.36020765E+00     0.80478862E-02     104     0.66311467E-02
-0.62000003E+01    -0.31123948E+00     0.13562292E-01     0.15000000E+01    -0.10517301E+00     0.52132487E+00     0.36097917E+00     0.80297738E-02     104     0.66311467E-02
-0.61000009E+01    -0.29782748E+00     0.13555447E-01     0.15000000E+01    -0.10576088E+00     0.52019662E+00     0.36170623E+00     0.80110896E-02     104     0.66311467E-02
-0.60000000E+01    -0.28431511E+00     0.13544932E-01     0.15000000E+01    -0.10638140E+00     0.51905692E+00     0.36210927E+00     0.79848208E-02     104     0.66311467E-02
-0.59000010E+01    -0.27082264E+00     0.13535619E-01     0.15000000E+01    -0.10699981E+00     0.51793313E+00     0.36250892E+00     0.79570096E-02     105     0.54041143E-02
-0.58000002E+01    -0.25736839E+00     0.13530112E-01     0.15000000E+01    -0.10760681E+00     0.51674396E+00     0.36291113E+00     0.79309391E-02     105     0.54041143E-02
-0.57000012E+01    -0.24393645E+00     0.13526033E-01     0.15000000E+01    -0.10820844E+00     0.51547503E+00     0.36330596E+00     0.79076085E-02     105     0.54041143E-02
-0.56000004E+01    -0.23051724E+00     0.13516772E-01     0.15000000E+01    -0.10877796E+00     0.51441890E+00     0.36401632E+00     0.78905858E-02     105     0.54041143E-02
-0.55000014E+01    -0.21697199E+00     0.13503200E-01     0.15000000E+01    -0.10938901E+00     0.51333916E+00     0.36438414E+00     0.78677069E-02     105     0.54041143E-02
-0.54000006E+01    -0.20345536E+00     0.13491389E-01     0.15000000E+01    -0.10999304E+00     0.51184040E+00     0.36473742E+00     0.78426264E-02     106     0.43207821E-02
-0.53000016E+01    -0.19000041E+00     0.13483612E-01     0.15000000E+01    -0.11058206E+00     0.51072788E+00     0.36506620E+00     0.78185704E-02     106     0.43207821E-02
-0.52000008E+01    -0.17678635E+00     0.13487395E-01     0.15000000E+01    -0.11109357E+00     0.50965756E+00     0.36563337E+00     0.77950112E-02     106     0.43207821E-02
-0.51000013E+01    -0.16293335E+00     0.13464351E-01     0.15000000E+01    -0.11181920E+00     0.50858939E+00     0.36615396E+00     0.77740652E-02     106     0.43207821E-02
-0.50000010E+01    -0.14912987E+00     0.13446110E-01     0.15000000E+01    -0.11253171E+00     0.50754678E+00     0.36694181E+00     0.77614170E-02     107     0.33736858E-02
-0.49000015E+01    -0.13548493E+00     0.13435207E-01     0.15000000E+01    -0.11319041E+00     0.50650972E+00     0.36730927E+00     0.77440380E-02     107     0.33736858E-02
-0.48000007E+01    -0.12190459E+00     0.13428566E-01     0.15000000E+01    -0.11382931E+00     0.50545526E+00     0.36763585E+00     0.77277026E-02     107     0.33736858E-02
-0.47000003E+01    -0.10838754E+00     0.13425981E-01     0.15000000E+01    -0.11445314E+00     0.50432485E+00     0.36795264E+00     0.77125086E-02     107     0.33736858E-02
-0.46000009E+01    -0.95059834E-01     0.13430296E-01     0.15000000E+01    -0.11501608E+00     0.50317466E+00     0.36882660E+00     0.77163507E-02     107     0.33736858E-02
-0.45000000E+01    -0.81445090E-01     0.13418281E-01     0.15000000E+01    -0.11563949E+00     0.50221223E+00     0.36911371E+00     0.77058924E-02     108     0.25560975E-02
-0.44000010E+01    -0.68000361E-01     0.13413700E-01     0.15000000E+01    -0.11621469E+00     0.50119662E+00     0.36966109E+00     0.77022021E-02     108     0.25560975E-02
-0.43000002E+01    -0.54588631E-01     0.13411395E-01     0.15000000E+01    -0.11678226E+00     0.50020516E+00     0.37020874E+00     0.76981462E-02     108     0.25560975E-02
-0.42000012E+01    -0.41050829E-01     0.13404977E-01     0.15000000E+01    -0.11738700E+00     0.49918175E+00     0.37049335E+00     0.76866751E-02     108     0.25560975E-02
-0.41000004E+01    -0.27551074E-01     0.13401174E-01     0.15000000E+01    -0.11798520E+00     0.49819019E+00     0.37077576E+00     0.76755085E-02     108     0.25560975E-02
-0.40000014E+01    -0.14078182E-01     0.13399357E-01     0.15000000E+01    -0.11857671E+00     0.49683437E+00     0.37106416E+00     0.76620900E-02     109     0.18620254E-02
-0.39000006E+01    -0.62001188E-03     0.13398754E-01     0.15000000E+01    -0.11916399E+00     0.49586934E+00     0.37135845E+00     0.76501896E-02     109     0.18620254E-02
-0.38000014E+01     0.12808792E-01     0.13400543E-01     0.15000000E+01    -0.11974576E+00     0.49490818E+00     0.37165242E+00     0.76389648E-02     109     0.18620254E-02
-0.37000005E+01     0.26208792E-01     0.13404339E-01     0.15000000E+01    -0.12031996E+00     0.49394986E+00     0.37195668E+00     0.76277545E-02     109     0.18620254E-02
-0.36000016E+01     0.39570604E-01     0.13410636E-01     0.15000000E+01    -0.12088800E+00     0.49294713E+00     0.37224603E+00     0.76165977E-02     110     0.12859545E-02
-0.35000007E+01     0.52876249E-01     0.13420826E-01     0.15000000E+01    -0.12144228E+00     0.49185592E+00     0.37255299E+00     0.76065939E-02     110     0.12859545E-02
-0.34000015E+01     0.66318080E-01     0.13421433E-01     0.15000000E+01    -0.12201641E+00     0.49087271E+00     0.37283611E+00     0.76019545E-02     110     0.12859545E-02
-0.33000009E+01     0.79799078E-01     0.13418270E-01     0.15000000E+01    -0.12259208E+00     0.48995367E+00     0.37313581E+00     0.75957105E-02     110     0.12859545E-02
-0.32000017E+01     0.93241937E-01     0.13417430E-01     0.15000000E+01    -0.12316006E+00     0.48901680E+00     0.37340903E+00     0.75891088E-02     111     0.82278514E-03
-0.31000009E+01     0.10664639E+00     0.13418710E-01     0.15000000E+01    -0.12371724E+00     0.48808682E+00     0.37368035E+00     0.75823199E-02     111     0.82278514E-03
-0.30000000E+01     0.12001684E+00     0.13421979E-01     0.15000000E+01    -0.12426551E+00     0.48715702E+00     0.37392953E+00     0.75753666E-02     111     0.82278514E-03
-0.29000010E+01     0.13334987E+00     0.13427555E-01     0.15000000E+01    -0.12480427E+00     0.48623693E+00     0.37415552E+00     0.75681335E-02     111     0.82278514E-03
-0.28000002E+01     0.14700083E+00     0.13426276E-01     0.15000000E+01    -0.12545082E+00     0.48531887E+00     0.37478137E+00     0.75703287E-02     111     0.82278514E-03
-0.27000012E+01     0.16065115E+00     0.13423569E-01     0.15000000E+01    -0.12609632E+00     0.48440424E+00     0.37522766E+00     0.75701619E-02     112     0.46761124E-03
-0.26000004E+01     0.17419180E+00     0.13427907E-01     0.15000000E+01    -0.12671201E+00     0.48318350E+00     0.37561750E+00     0.75707310E-02     112     0.46761124E-03
-0.25000012E+01     0.18767352E+00     0.13434764E-01     0.15000000E+01    -0.12731080E+00     0.48228437E+00     0.37596974E+00     0.75735659E-02     112     0.46761124E-03
-0.24000003E+01     0.20108968E+00     0.13445181E-01     0.15000000E+01    -0.12789156E+00     0.48135594E+00     0.37629294E+00     0.75771986E-02     112     0.46761124E-03
-0.23000014E+01     0.21443425E+00     0.13459817E-01     0.15000000E+01    -0.12845603E+00     0.48034054E+00     0.37661311E+00     0.75820759E-02     113     0.21560270E-03
-0.22000005E+01     0.22782177E+00     0.13470282E-01     0.15000000E+01    -0.12902239E+00     0.47936338E+00     0.37690702E+00     0.75917533E-02     113     0.21560270E-03
-0.21000013E+01     0.24135333E+00     0.13470718E-01     0.15000000E+01    -0.12960722E+00     0.47852653E+00     0.37721473E+00     0.76006013E-02     113     0.21560270E-03
-0.20000007E+01     0.25483057E+00     0.13474463E-01     0.15000000E+01    -0.13018021E+00     0.47764900E+00     0.37750793E+00     0.76095895E-02     113     0.21560270E-03
-0.19000015E+01     0.26825669E+00     0.13480471E-01     0.15000000E+01    -0.13074167E+00     0.47678158E+00     0.37780413E+00     0.76183481E-02     114     0.61959356E-04
-0.18000008E+01     0.28166342E+00     0.13487687E-01     0.15000000E+01    -0.13129744E+00     0.47589940E+00     0.37809110E+00     0.76266546E-02     114     0.61959356E-04
-0.17000016E+01     0.29504123E+00     0.13497017E-01     0.15000000E+01    -0.13184673E+00     0.47503334E+00     0.37838918E+00     0.76355776E-02     114     0.61959356E-04
-0.16000009E+01     0.30837935E+00     0.13508340E-01     0.15000000E+01    -0.13238740E+00     0.47417194E+00     0.37869337E+00     0.76442598E-02     114     0.61959356E-04
-0.15000000E+01     0.32169905E+00     0.13521006E-01     0.15000000E+01    -0.13292341E+00     0.47332567E+00     0.37900400E+00     0.76526846E-02     115     0.12394212E-05
-0.14000009E+01     0.33498681E+00     0.13535445E-01     0.15000000E+01    -0.13345328E+00     0.47249892E+00     0.37931645E+00     0.76614227E-02     115     0.12394212E-05
-0.13000002E+01     0.34822807E+00     0.13553009E-01     0.15000000E+01    -0.13397487E+00     0.47135580E+00     0.37964103E+00     0.76681427E-02     115     0.12394212E-05
-0.12000011E+01     0.36144239E+00     0.13571570E-01     0.15000000E+01    -0.13448833E+00     0.47050819E+00     0.37997681E+00     0.76768207E-02     115     0.12394212E-05
-0.11000003E+01     0.37461352E+00     0.13593041E-01     0.15000000E+01    -0.13499466E+00     0.46961886E+00     0.38029915E+00     0.76861964E-02     116     0.33528038E-04
-0.10000012E+01     0.38772005E+00     0.13618488E-01     0.15000000E+01    -0.13548836E+00     0.46865404E+00     0.38063768E+00     0.76967990E-02     116     0.33528038E-04
-0.90000039E+00     0.40093926E+00     0.13636159E-01     0.15000000E+01    -0.13599759E+00     0.46775043E+00     0.38097626E+00     0.77118939E-02     116     0.33528038E-04
-0.80000126E+00     0.41429511E+00     0.13644981E-01     0.15000000E+01    -0.13652763E+00     0.46696210E+00     0.38131759E+00     0.77249426E-02     116     0.33528038E-04
-0.70000046E+00     0.42760426E+00     0.13656696E-01     0.15000000E+01    -0.13704714E+00     0.46614444E+00     0.38164717E+00     0.77382624E-02     116     0.33528038E-04
-0.60000139E+00     0.44086549E+00     0.13670215E-01     0.15000000E+01    -0.13755539E+00     0.46532270E+00     0.38197634E+00     0.77510071E-02     117     0.16560972E-03
-0.50000060E+00     0.45409653E+00     0.13685269E-01     0.15000000E+01    -0.13805652E+00     0.46449596E+00     0.38228548E+00     0.77634002E-02     117     0.16560972E-03
-0.40000150E+00     0.46728119E+00     0.13701679E-01     0.15000000E+01    -0.13854577E+00     0.46368295E+00     0.38258943E+00     0.77749719E-02     117     0.16560972E-03
-0.30000070E+00     0.48042679E+00     0.13719892E-01     0.15000000E+01    -0.13902618E+00     0.46287972E+00     0.38286123E+00     0.77861319E-02     117     0.16560972E-03
-0.20000160E+00     0.49351773E+00     0.13740598E-01     0.15000000E+01    -0.13949315E+00     0.46207565E+00     0.38310519E+00     0.77972547E-02     118     0.39859337E-03
-0.10000080E+00     0.50704044E+00     0.13757743E-01     0.15000000E+01    -0.14009485E+00     0.46128541E+00     0.38369253E+00     0.78224763E-02     118     0.39859337E-03
 0.00000000E+00     0.52045542E+00     0.13777152E-01     0.15000000E+01    -0.14067018E+00     0.46020895E+00     0.38437462E+00     0.78467727E-02     118     0.39859337E-03
 0.99999093E-01     0.53374147E+00     0.13803286E-01     0.15000000E+01    -0.14120704E+00     0.45942125E+00     0.38479003E+00     0.78732725E-02     118     0.39859337E-03
 0.19999990E+00     0.54693389E+00     0.13830548E-01     0.15000000E+01    -0.14172108E+00     0.45860463E+00     0.38515902E+00     0.78981612E-02     119     0.73378510E-03
 0.29999900E+00     0.56004459E+00     0.13861155E-01     0.15000000E+01    -0.14221668E+00     0.45771953E+00     0.38552329E+00     0.79232799E-02     119     0.73378510E-03
 0.39999980E+00     0.57305312E+00     0.13895575E-01     0.15000000E+01    -0.14269090E+00     0.45673925E+00     0.38586023E+00     0.79518948E-02     119     0.73378510E-03
 0.49999887E+00     0.58642942E+00     0.13909450E-01     0.15000000E+01    -0.14322196E+00     0.45601472E+00     0.38620296E+00     0.79804165E-02     119     0.73378510E-03
 0.59999967E+00     0.59973824E+00     0.13926132E-01     0.15000000E+01    -0.14373922E+00     0.45525548E+00     0.38654202E+00     0.80088116E-02     120     0.11727152E-02
 0.69999880E+00     0.61298841E+00     0.13945462E-01     0.15000000E+01    -0.14424318E+00     0.45446607E+00     0.38687512E+00     0.80366302E-02     120     0.11727152E-02
 0.79999959E+00     0.62619668E+00     0.13966095E-01     0.15000000E+01    -0.14473814E+00     0.45368221E+00     0.38721299E+00     0.80636777E-02     120     0.11727152E-02
 0.89999866E+00     0.63937640E+00     0.13988487E-01     0.15000000E+01    -0.14522573E+00     0.45288962E+00     0.38754758E+00     0.80909664E-02     120     0.11727152E-02
 0.99999946E+00     0.65252328E+00     0.14012375E-01     0.15000000E+01    -0.14570646E+00     0.45212689E+00     0.38789621E+00     0.81187766E-02     121     0.17174835E-02
 0.10999986E+01     0.66563988E+00     0.14037439E-01     0.15000000E+01    -0.14618099E+00     0.45136878E+00     0.38824588E+00     0.81456732E-02     121     0.17174835E-02
 0.11999993E+01     0.67871583E+00     0.14064988E-01     0.15000000E+01    -0.14664790E+00     0.45061019E+00     0.38860387E+00     0.81728287E-02     121     0.17174835E-02
 0.12999984E+01     0.69174808E+00     0.14094488E-01     0.15000000E+01    -0.14710584E+00     0.44959098E+00     0.38897148E+00     0.81974827E-02     121     0.17174835E-02
 0.13999993E+01     0.70474166E+00     0.14126669E-01     0.15000000E+01    -0.14755566E+00     0.44883320E+00     0.38934743E+00     0.82251308E-02     121     0.17174835E-02
 0.14999983E+01     0.71768332E+00     0.14158954E-01     0.15000000E+01    -0.14799538E+00     0.44809380E+00     0.38972729E+00     0.82517043E-02     122     0.23706513E-02
 0.15999992E+01     0.73056501E+00     0.14197254E-01     0.15000000E+01    -0.14842215E+00     0.44732380E+00     0.39010018E+00     0.82816221E-02     122     0.23706513E-02
 0.16999999E+01     0.74336100E+00     0.14234976E-01     0.15000000E+01    -0.14883412E+00     0.44645506E+00     0.39047351E+00     0.83074812E-02     122     0.23706513E-02
 0.17999990E+01     0.75608760E+00     0.14277698E-01     0.15000000E+01    -0.14923033E+00     0.44552478E+00     0.39084357E+00     0.83398912E-02     122     0.23706513E-02
 0.18999999E+01     0.76923472E+00     0.14298045E-01     0.15000000E+01    -0.14969528E+00     0.44484124E+00     0.39121100E+00     0.83702859E-02     123     0.31354742E-02
 0.19999989E+01     0.78230560E+00     0.14321119E-01     0.15000000E+01    -0.15014406E+00     0.44410774E+00     0.39155340E+00     0.83995601E-02     123     0.31354742E-02
 0.20999997E+01     0.79530627E+00     0.14346478E-01     0.15000000E+01    -0.15057762E+00     0.44335869E+00     0.39186972E+00     0.84281284E-02     123     0.31354742E-02
 0.21999989E+01     0.80825019E+00     0.14373074E-01     0.15000000E+01    -0.15099768E+00     0.44259852E+00     0.39216161E+00     0.84554870E-02     123     0.31354742E-02
 0.22999997E+01     0.82148904E+00     0.14403275E-01     0.15000000E+01    -0.15150747E+00     0.44184387E+00     0.39269945E+00     0.84980503E-02     123     0.31354742E-02
 0.23999987E+01     0.83475667E+00     0.14434836E-01     0.15000000E+01    -0.15202704E+00     0.44110551E+00     0.39327276E+00     0.85449014E-02     124     0.40157624E-02
 0.24999995E+01     0.84794843E+00     0.14467933E-01     0.15000000E+01    -0.15252486E+00     0.44011658E+00     0.39376968E+00     0.85886056E-02     124     0.40157624E-02
 0.25999987E+01     0.86100543E+00     0.14503004E-01     0.15000000E+01    -0.15299219E+00     0.43937919E+00     0.39421085E+00     0.86313002E-02     124     0.40157624E-02
 0.26999993E+01     0.87396920E+00     0.14537302E-01     0.15000000E+01    -0.15343775E+00     0.43866524E+00     0.39478698E+00     0.86733364E-02     124     0.40157624E-02
 0.27999985E+01     0.88688189E+00     0.14579312E-01     0.15000000E+01    -0.15387069E+00     0.43795100E+00     0.39517188E+00     0.87189414E-02     125     0.50163125E-02
 0.28999994E+01     0.89972234E+00     0.14623156E-01     0.15000000E+01    -0.15428799E+00     0.43723282E+00     0.39555696E+00     0.87637324E-02     125     0.50163125E-02
 0.29999983E+01     0.91249025E+00     0.14667906E-01     0.15000000E+01    -0.15469043E+00     0.43649548E+00     0.39593905E+00     0.88071879E-02     125     0.50163125E-02
 0.30999992E+01     0.92515647E+00     0.14714317E-01     0.15000000E+01    -0.15507323E+00     0.43568471E+00     0.39630392E+00     0.88485274E-02     125     0.50163125E-02
 0.31999984E+01     0.93768364E+00     0.14767136E-01     0.15000000E+01    -0.15542862E+00     0.43479705E+00     0.39667675E+00     0.88934582E-02     126     0.61429571E-02
 0.32999990E+01     0.95063847E+00     0.14800830E-01     0.15000000E+01    -0.15585595E+00     0.43407571E+00     0.39706242E+00     0.89414977E-02     126     0.61429571E-02
 0.33999999E+01     0.96365786E+00     0.14830596E-01     0.15000000E+01    -0.15629317E+00     0.43336752E+00     0.39746213E+00     0.89863818E-02     126     0.61429571E-02
 0.34999990E+01     0.97661561E+00     0.14863092E-01     0.15000000E+01    -0.15671808E+00     0.43263334E+00     0.39786077E+00     0.90313125E-02     126     0.61429571E-02
 0.35999999E+01     0.98958015E+00     0.14896056E-01     0.15000000E+01    -0.15714264E+00     0.43163833E+00     0.39826486E+00     0.90749208E-02     126     0.61429571E-02
 0.36999989E+01     0.10024347E+01     0.14932220E-01     0.15000000E+01    -0.15754810E+00     0.43089700E+00     0.39869034E+00     0.91197481E-02     127     0.74025788E-02
 0.37999997E+01     0.10152550E+01     0.14970173E-01     0.15000000E+01    -0.15794452E+00     0.43016884E+00     0.39911965E+00     0.91638947E-02     127     0.74025788E-02
 0.38999987E+01     0.10280353E+01     0.15009818E-01     0.15000000E+01    -0.15833312E+00     0.42945781E+00     0.39953524E+00     0.92084110E-02     127     0.74025788E-02
 0.39999995E+01     0.10407505E+01     0.15052351E-01     0.15000000E+01    -0.15870784E+00     0.42876050E+00     0.39995381E+00     0.92534814E-02     127     0.74025788E-02
 0.40999985E+01     0.10533968E+01     0.15095111E-01     0.15000000E+01    -0.15906903E+00     0.42806286E+00     0.40035877E+00     0.92961686E-02     127     0.74025788E-02
 0.41999993E+01     0.10659834E+01     0.15140873E-01     0.15000000E+01    -0.15941730E+00     0.42737159E+00     0.40075520E+00     0.93402714E-02     128     0.88038854E-02
 0.42999988E+01     0.10784981E+01     0.15188644E-01     0.15000000E+01    -0.15975055E+00     0.42667767E+00     0.40111911E+00     0.93834177E-02     128     0.88038854E-02
 0.43999991E+01     0.10905312E+01     0.15258639E-01     0.15000000E+01    -0.15999973E+00     0.42443877E+00     0.40145963E+00     0.94183180E-02     128     0.88038854E-02
 0.44999986E+01     0.11033536E+01     0.15300943E-01     0.15000000E+01    -0.16040051E+00     0.42288122E+00     0.40193462E+00     0.94710719E-02     128     0.88038854E-02
 0.45999994E+01     0.11166358E+01     0.15335292E-01     0.15000000E+01    -0.16090438E+00     0.42158028E+00     0.40260568E+00     0.95332079E-02     129     0.10357128E-01
 0.47000003E+01     0.11296927E+01     0.15376180E-01     0.15000000E+01    -0.16135938E+00     0.42032635E+00     0.40316340E+00     0.95936712E-02     129     0.10357128E-01
 0.47999973E+01     0.11426147E+01     0.15418063E-01     0.15000000E+01    -0.16178301E+00     0.41896272E+00     0.40366590E+00     0.96493550E-02     129     0.10357128E-01
 0.48999982E+01     0.11553439E+01     0.15467996E-01     0.15000000E+01    -0.16216925E+00     0.41770458E+00     0.40413320E+00     0.97065959E-02     129     0.10357128E-01
 0.49999990E+01     0.11679606E+01     0.15519940E-01     0.15000000E+01    -0.16253187E+00     0.41689056E+00     0.40456769E+00     0.97656660E-02     129     0.10357128E-01
 0.50999999E+01     0.11804233E+01     0.15579171E-01     0.15000000E+01    -0.16286571E+00     0.41551903E+00     0.40499893E+00     0.98224673E-02     130     0.12075183E-01
 0.52000008E+01     0.11926548E+01     0.15645036E-01     0.15000000E+01    -0.16315468E+00     0.41420048E+00     0.40559104E+00     0.98820571E-02     130     0.12075183E-01
 0.52999978E+01     0.12048302E+01     0.15714301E-01     0.15000000E+01    -0.16343200E+00     0.41323975E+00     0.40600598E+00     0.99460417E-02     130     0.12075183E-01
 0.53999987E+01     0.12178525E+01     0.15743790E-01     0.15000000E+01    -0.16385540E+00     0.41142163E+00     0.40644079E+00     0.10000851E-01     130     0.12075183E-01
 0.54999995E+01     0.12306217E+01     0.15784565E-01     0.15000000E+01    -0.16423215E+00     0.41001818E+00     0.40687340E+00     0.10056280E-01     130     0.12075183E-01
 0.56000004E+01     0.12432063E+01     0.15831785E-01     0.15000000E+01    -0.16457489E+00     0.40906283E+00     0.40732366E+00     0.10115052E-01     131     0.13973595E-01
 0.56999979E+01     0.12557127E+01     0.15882982E-01     0.15000000E+01    -0.16490296E+00     0.40814090E+00     0.40778080E+00     0.10174254E-01     131     0.13973595E-01
 0.57999988E+01     0.12681262E+01     0.15939703E-01     0.15000000E+01    -0.16521452E+00     0.40673858E+00     0.40823725E+00     0.10231701E-01     131     0.13973595E-01
 0.58999996E+01     0.12803677E+01     0.16003570E-01     0.15000000E+01    -0.16549560E+00     0.40516785E+00     0.40871033E+00     0.10288674E-01     131     0.13973595E-01
 0.60000000E+01     0.12925476E+01     0.16067242E-01     0.15000000E+01    -0.16576323E+00     0.40420863E+00     0.40917885E+00     0.10348704E-01     131     0.13973595E-01
 0.60999975E+01     0.13044319E+01     0.16147153E-01     0.15000000E+01    -0.16597883E+00     0.40283591E+00     0.40963659E+00     0.10416185E-01     132     0.16071815E-01
 0.61999984E+01     0.13170375E+01     0.16190795E-01     0.15000000E+01    -0.16631627E+00     0.40130422E+00     0.41009647E+00     0.10476080E-01     132     0.16071815E-01
 0.62999992E+01     0.13296329E+01     0.16232628E-01     0.15000000E+01    -0.16664927E+00     0.39947090E+00     0.41053015E+00     0.10528899E-01     132     0.16071815E-01
 0.64000001E+01     0.13419422E+01     0.16284134E-01     0.15000000E+01    -0.16692792E+00     0.39833373E+00     0.41093647E+00     0.10585073E-01     132     0.16071815E-01
 0.65000010E+01     0.13541154E+01     0.16342806E-01     0.15000000E+01    -0.16718189E+00     0.39671952E+00     0.41129392E+00     0.10640823E-01     132     0.16071815E-01
 0.65999980E+01     0.13665426E+01     0.16412830E-01     0.15000000E+01    -0.16751315E+00     0.39558208E+00     0.41200089E+00     0.10722479E-01     133     0.18393675E-01
 0.66999989E+01     0.13787726E+01     0.16492894E-01     0.15000000E+01    -0.16781029E+00     0.39407101E+00     0.41266793E+00     0.10805805E-01     133     0.18393675E-01
 0.67999997E+01     0.13906401E+01     0.16584899E-01     0.15000000E+01    -0.16803750E+00     0.39239162E+00     0.41324568E+00     0.10891258E-01     133     0.18393675E-01
 0.69000006E+01     0.14032934E+01     0.16634671E-01     0.15000000E+01    -0.16839391E+00     0.39026204E+00     0.41377988E+00     0.10966001E-01     133     0.18393675E-01
 0.69999981E+01     0.14156963E+01     0.16694715E-01     0.15000000E+01    -0.16870381E+00     0.38788977E+00     0.41428202E+00     0.11038499E-01     133     0.18393675E-01
 0.70999990E+01     0.14278837E+01     0.16763190E-01     0.15000000E+01    -0.16897167E+00     0.38648677E+00     0.41476342E+00     0.11116584E-01     133     0.18393675E-01
 0.71999998E+01     0.14397069E+01     0.16845657E-01     0.15000000E+01    -0.16917485E+00     0.38411352E+00     0.41541690E+00     0.11195496E-01     134     0.20969167E-01
 0.73000002E+01     0.14512793E+01     0.16941627E-01     0.15000000E+01    -0.16933429E+00     0.38217604E+00     0.41588932E+00     0.11280132E-01     134     0.20969167E-01
 0.73999977E+01     0.14635271E+01     0.17004285E-01     0.15000000E+01    -0.16960473E+00     0.37997890E+00     0.41636664E+00     0.11359461E-01     134     0.20969167E-01
 0.74999986E+01     0.14755927E+01     0.17071579E-01     0.15000000E+01    -0.16984349E+00     0.37726957E+00     0.41685712E+00     0.11432288E-01     134     0.20969167E-01
 0.75999994E+01     0.14874663E+01     0.17148750E-01     0.15000000E+01    -0.17004685E+00     0.37552994E+00     0.41735774E+00     0.11512752E-01     134     0.20969167E-01
 0.77000003E+01     0.14991492E+01     0.17235303E-01     0.15000000E+01    -0.17021619E+00     0.37380883E+00     0.41785362E+00     0.11597252E-01     134     0.20969167E-01
 0.77999973E+01     0.15105333E+01     0.17335830E-01     0.15000000E+01    -0.17033349E+00     0.37201542E+00     0.41835922E+00     0.11689102E-01     135     0.23835858E-01
 0.78999982E+01     0.15224817E+01     0.17407712E-01     0.15000000E+01    -0.17054468E+00     0.36999169E+00     0.41888279E+00     0.11773512E-01     135     0.23835858E-01
 0.79999990E+01     0.15343293E+01     0.17482679E-01     0.15000000E+01    -0.17073569E+00     0.36787537E+00     0.41940886E+00     0.11855195E-01     135     0.23835858E-01
 0.81000004E+01     0.15459360E+01     0.17568387E-01     0.15000000E+01    -0.17088398E+00     0.36571637E+00     0.41991061E+00     0.11940882E-01     135     0.23835858E-01
 0.82000008E+01     0.15568181E+01     0.17688362E-01     0.15000000E+01    -0.17090943E+00     0.36234343E+00     0.42039344E+00     0.12036816E-01     135     0.23835858E-01
 0.82999983E+01     0.15682957E+01     0.17776128E-01     0.15000000E+01    -0.17103058E+00     0.35981065E+00     0.42085457E+00     0.12126420E-01     135     0.23835858E-01
 0.83999987E+01     0.15797237E+01     0.17863642E-01     0.15000000E+01    -0.17113790E+00     0.35710195E+00     0.42125866E+00     0.12213933E-01     136     0.27040660E-01
 0.85000000E+01     0.15910655E+01     0.17975947E-01     0.15000000E+01    -0.17125748E+00     0.35429859E+00     0.42196497E+00     0.12326241E-01     136     0.27040660E-01
 0.86000004E+01     0.16020255E+01     0.18110896E-01     0.15000000E+01    -0.17131741E+00     0.35137668E+00     0.42269734E+00     0.12456913E-01     136     0.27040660E-01
 0.86999979E+01     0.16135337E+01     0.18213341E-01     0.15000000E+01    -0.17146133E+00     0.34791753E+00     0.42334345E+00     0.12569571E-01     136     0.27040660E-01
 0.87999983E+01     0.16244411E+01     0.18340219E-01     0.15000000E+01    -0.17149848E+00     0.34435397E+00     0.42391226E+00     0.12692844E-01     136     0.27040660E-01
 0.88999996E+01     0.16349189E+01     0.18486150E-01     0.15000000E+01    -0.17145818E+00     0.34044442E+00     0.42444393E+00     0.12828952E-01     136     0.27040660E-01
 0.90000000E+01     0.16448927E+01     0.18652979E-01     0.15000000E+01    -0.17133062E+00     0.33384416E+00     0.42496571E+00     0.12973538E-01     137     0.30642577E-01
 0.90999975E+01     0.16548811E+01     0.18817656E-01     0.15000000E+01    -0.17120016E+00     0.32855138E+00     0.42547798E+00     0.13123000E-01     137     0.30642577E-01
 0.91999989E+01     0.16642076E+01     0.19013023E-01     0.15000000E+01    -0.17095459E+00     0.32276878E+00     0.42598492E+00     0.13290557E-01     137     0.30642577E-01
 0.92999992E+01     0.16733941E+01     0.19210957E-01     0.15000000E+01    -0.17067756E+00     0.31580839E+00     0.42668977E+00     0.13465509E-01     137     0.30642577E-01
 0.94000006E+01     0.16815732E+01     0.19457784E-01     0.15000000E+01    -0.17022750E+00     0.30781785E+00     0.42717510E+00     0.13672955E-01     137     0.30642577E-01
 0.94999971E+01     0.16887516E+01     0.19752491E-01     0.15000000E+01    -0.16960290E+00     0.29852319E+00     0.42767987E+00     0.13917971E-01     137     0.30642577E-01
 0.95999985E+01     0.16946406E+01     0.20107573E-01     0.15000000E+01    -0.16875194E+00     0.28770283E+00     0.42815498E+00     0.14212392E-01     137     0.30642577E-01
 0.96999989E+01     0.16987326E+01     0.20548414E-01     0.15000000E+01    -0.16758446E+00     0.27547613E+00     0.42862022E+00     0.14579615E-01     137     0.30642577E-01
 0.98000002E+01     0.17008917E+01     0.21077916E-01     0.15000000E+01    -0.16607264E+00     0.26187363E+00     0.42906213E+00     0.15029043E-01     137     0.30642577E-01
 0.99000006E+01     0.16963152E+01     0.21920681E-01     0.15000000E+01    -0.16337469E+00     0.24192360E+00     0.42938647E+00     0.15748015E-01     138     0.34716614E-01
 0.99999981E+01     0.16914661E+01     0.22719124E-01     0.15000000E+01    -0.16050003E+00     0.23007855E+00     0.42972046E+00     0.16484380E-01     138     0.34716614E-01
 0.10099998E+02     0.16824682E+01     0.23655806E-01     0.15000000E+01    -0.15679494E+00     0.22110270E+00     0.42998883E+00     0.17384749E-01     138     0.34716614E-01
 0.10200000E+02     0.16755787E+01     0.24569083E-01     0.15000000E+01    -0.15367888E+00     0.21096052E+00     0.43029481E+00     0.18251501E-01     138     0.34716614E-01
 0.10300000E+02     0.16690985E+01     0.25503471E-01     0.15000000E+01    -0.15075569E+00     0.20126793E+00     0.43058383E+00     0.19142959E-01     138     0.34716614E-01
 0.10399998E+02     0.16627482E+01     0.26473502E-01     0.15000000E+01    -0.14796400E+00     0.19233772E+00     0.43086827E+00     0.20076489E-01     138     0.34716614E-01
 0.10499999E+02     0.16567636E+01     0.27456671E-01     0.15000000E+01    -0.14533088E+00     0.18448973E+00     0.43114382E+00     0.21031450E-01     138     0.34716614E-01
 0.10599999E+02     0.16505572E+01     0.28488945E-01     0.15000000E+01    -0.14276674E+00     0.17747246E+00     0.43139681E+00     0.22041539E-01     138     0.34716614E-01
 0.10700000E+02     0.16441833E+01     0.29556798E-01     0.15000000E+01    -0.14028583E+00     0.17108370E+00     0.43164182E+00     0.23090530E-01     138     0.34716614E-01
 0.10799997E+02     0.16387806E+01     0.30611495E-01     0.15000000E+01    -0.13806565E+00     0.16526563E+00     0.43201265E+00     0.24141811E-01     138     0.34716614E-01
 0.10899999E+02     0.16321250E+01     0.31777602E-01     0.15000000E+01    -0.13580780E+00     0.16026431E+00     0.43247938E+00     0.25311362E-01     138     0.34716614E-01
 0.10999999E+02     0.16266899E+01     0.32902803E-01     0.15000000E+01    -0.13383196E+00     0.15567040E+00     0.43294278E+00     0.26446387E-01     138     0.34716614E-01
 0.11100000E+02     0.16187233E+01     0.34206066E-01     0.15000000E+01    -0.13168159E+00     0.15185843E+00     0.43331721E+00     0.27764939E-01     138     0.34716614E-01
 0.11200001E+02     0.16125189E+01     0.35427228E-01     0.15000000E+01    -0.12988633E+00     0.14824674E+00     0.43367499E+00     0.29007038E-01     138     0.34716614E-01
 0.11299998E+02     0.16046009E+01     0.36788434E-01     0.15000000E+01    -0.12807015E+00     0.14516452E+00     0.43398625E+00     0.30394007E-01     138     0.34716614E-01
 0.11399999E+02     0.15940665E+01     0.38389161E-01     0.15000000E+01    -0.12621593E+00     0.14259645E+00     0.43424281E+00     0.32029498E-01     138     0.34716614E-01
 0.11500000E+02     0.15849227E+01     0.39932627E-01     0.15000000E+01    -0.12471899E+00     0.14023291E+00     0.43451759E+00     0.33614445E-01     138     0.34716614E-01
 0.11600000E+02     0.15740429E+01     0.41674975E-01     0.15000000E+01    -0.12334725E+00     0.13813451E+00     0.43474141E+00     0.35405111E-01     138     0.34716614E-01
 0.11699998E+02     0.15614009E+01     0.43611575E-01     0.15000000E+01    -0.12215070E+00     0.13651352E+00     0.43495151E+00     0.37398394E-01     138     0.34716614E-01
 0.11799999E+02     0.15464693E+01     0.45790982E-01     0.15000000E+01    -0.12115005E+00     0.13515717E+00     0.43510413E+00     0.39642312E-01     138     0.34716614E-01
 0.11900000E+02     0.15297385E+01     0.48206676E-01     0.15000000E+01    -0.12036409E+00     0.13408008E+00     0.43519771E+00     0.42128406E-01     138     0.34716614E-01
 0.12000000E+02     0.15141118E+01     0.50514728E-01     0.15000000E+01    -0.11979522E+00     0.13295633E+00     0.43533385E+00     0.44511870E-01     138     0.34716614E-01
 0.12099998E+02     0.14986250E+01     0.52755643E-01     0.15000000E+01    -0.11931422E+00     0.13194507E+00     0.43543664E+00     0.46822976E-01     138     0.34716614E-01
 0.12199999E+02     0.14817183E+01     0.55022527E-01     0.15000000E+01    -0.11886032E+00     0.13101031E+00     0.43553093E+00     0.49162030E-01     138     0.34716614E-01
 0.12299999E+02     0.14650816E+01     0.57137188E-01     0.15000000E+01    -0.11840470E+00     0.13011374E+00     0.43562707E+00     0.51344056E-01     138     0.34716614E-01
 0.12400001E+02     0.14486114E+01     0.59048824E-01     0.15000000E+01    -0.11793702E+00     0.12929718E+00     0.43571895E+00     0.53319946E-01     138     0.34716614E-01
 0.12499997E+02     0.14307362E+01     0.60855176E-01     0.15000000E+01    -0.11744650E+00     0.12845667E+00     0.43577433E+00     0.55190425E-01     138     0.34716614E-01
 0.12599998E+02     0.14129535E+01     0.62898807E-01     0.15000000E+01    -0.11695047E+00     0.12765887E+00     0.43578869E+00     0.57294875E-01     138     0.34716614E-01
 0.12699999E+02     0.13960985E+01     0.65601759E-01     0.15000000E+01    -0.11647703E+00     0.12692301E+00     0.43587220E+00     0.60054209E-01     138     0.34716614E-01
 0.12800000E+02     0.13792907E+01     0.68229929E-01     0.15000000E+01    -0.11605012E+00     0.12606774E+00     0.43593669E+00     0.62734157E-01     138     0.34716614E-01
 0.12900001E+02     0.13621335E+01     0.70953220E-01     0.15000000E+01    -0.11570079E+00     0.12510023E+00     0.43596274E+00     0.65506719E-01     138     0.34716614E-01
 0.12999998E+02     0.13488196E+01     0.73324248E-01     0.15000000E+01    -0.11552028E+00     0.12399434E+00     0.43610239E+00     0.67927994E-01     138     0.34716614E-01
 0.13099999E+02     0.13389567E+01     0.75362965E-01     0.15000000E+01    -0.11541052E+00     0.12255256E+00     0.43627256E+00     0.70002995E-01     138     0.34716614E-01
 0.13200000E+02     0.13291914E+01     0.77437751E-01     0.15000000E+01    -0.11540195E+00     0.12123742E+00     0.43642193E+00     0.72114304E-01     138     0.34716614E-01
 0.13300000E+02     0.13204204E+01     0.79442374E-01     0.15000000E+01    -0.11548394E+00     0.11984650E+00     0.43668783E+00     0.74151292E-01     138     0.34716614E-01
 0.13399998E+02     0.13124124E+01     0.81394166E-01     0.15000000E+01    -0.11561116E+00     0.11818216E+00     0.43685338E+00     0.76126561E-01     138     0.34716614E-01
 0.13499999E+02     0.13009591E+01     0.83782345E-01     0.15000000E+01    -0.11587887E+00     0.11601263E+00     0.43704394E+00     0.78538470E-01     138     0.34716614E-01
 0.13599999E+02     0.12986250E+01     0.85200705E-01     0.15000000E+01    -0.11610085E+00     0.11502275E+00     0.43740338E+00     0.79982840E-01     138     0.34716614E-01
 0.13700001E+02     0.12946057E+01     0.86825915E-01     0.15000000E+01    -0.11638184E+00     0.11339118E+00     0.43764240E+00     0.81630386E-01     138     0.34716614E-01
 0.13799997E+02     0.12907174E+01     0.88460520E-01     0.15000000E+01    -0.11672264E+00     0.11189301E+00     0.43816692E+00     0.83287142E-01     138     0.34716614E-01
 0.13899999E+02     0.12862078E+01     0.90155900E-01     0.15000000E+01    -0.11707364E+00     0.10959887E+00     0.43822125E+00     0.84989153E-01     138     0.34716614E-01
 0.13999999E+02     0.12829024E+01     0.91784857E-01     0.15000000E+01    -0.11748765E+00     0.10888246E+00     0.43873298E+00     0.86641654E-01     138     0.34716614E-01
 0.14100000E+02     0.12789276E+01     0.93440346E-01     0.15000000E+01    -0.11791123E+00     0.10634332E+00     0.43910027E+00     0.88306576E-01     138     0.34716614E-01
 0.14199998E+02     0.12783988E+01     0.94696939E-01     0.15000000E+01    -0.11826178E+00     0.10513316E+00     0.43951267E+00     0.89580424E-01     138     0.34716614E-01
 0.14299998E+02     0.12764424E+01     0.96219227E-01     0.15000000E+01    -0.11875700E+00     0.10366736E+00     0.43960541E+00     0.91120698E-01     138     0.34716614E-01
 0.14400000E+02     0.12753901E+01     0.97582825E-01     0.15000000E+01    -0.11916643E+00     0.10215025E+00     0.44008467E+00     0.92494085E-01     138     0.34716614E-01
 0.14500000E+02     0.12740730E+01     0.98948739E-01     0.15000000E+01    -0.11960832E+00     0.10073082E+00     0.44033310E+00     0.93866274E-01     138     0.34716614E-01
 0.14600000E+02     0.12711083E+01     0.10059200E+00     0.15000000E+01    -0.12019330E+00     0.99419013E-01     0.44075486E+00     0.95519707E-01     138     0.34716614E-01
 0.14699998E+02     0.12716476E+01     0.10175721E+00     0.15000000E+01    -0.12060621E+00     0.98031394E-01     0.44108650E+00     0.96701711E-01     138     0.34716614E-01
 0.14799999E+02     0.12729654E+01     0.10284267E+00     0.15000000E+01    -0.12102044E+00     0.96732497E-01     0.44162092E+00     0.97796969E-01     138     0.34716614E-01
 0.14900000E+02     0.12721941E+01     0.10420748E+00     0.15000000E+01    -0.12156009E+00     0.94997711E-01     0.44193357E+00     0.99172659E-01     139     0.39357785E-01
 0.15000001E+02     0.12726249E+01     0.10546114E+00     0.15000000E+01    -0.12210634E+00     0.94285525E-01     0.44218168E+00     0.10044020E+00     139     0.39357785E-01
 0.15099998E+02     0.12717313E+01     0.10676691E+00     0.15000000E+01    -0.12259995E+00     0.92700407E-01     0.44248715E+00     0.10174244E+00     139     0.39357785E-01
 0.15199999E+02     0.12731516E+01     0.10785601E+00     0.15000000E+01    -0.12309676E+00     0.92092671E-01     0.44300598E+00     0.10284548E+00     139     0.39357785E-01
 0.15299999E+02     0.12732475E+01     0.10919809E+00     0.15000000E+01    -0.12377461E+00     0.90655617E-01     0.44352686E+00     0.10421092E+00     139     0.39357785E-01
 0.15400001E+02     0.12751392E+01     0.11029465E+00     0.15000000E+01    -0.12433220E+00     0.89747749E-01     0.44426039E+00     0.10533054E+00     139     0.39357785E-01
 0.15499998E+02     0.12766660E+01     0.11138286E+00     0.15000000E+01    -0.12486847E+00     0.88202991E-01     0.44472221E+00     0.10643169E+00     139     0.39357785E-01
 0.15599998E+02     0.12783610E+01     0.11242479E+00     0.15000000E+01    -0.12538305E+00     0.87124564E-01     0.44520915E+00     0.10748533E+00     139     0.39357785E-01
 0.15699999E+02     0.12797946E+01     0.11357466E+00     0.15000000E+01    -0.12599994E+00     0.86407937E-01     0.44572210E+00     0.10865413E+00     139     0.39357785E-01
 0.15800000E+02     0.12805741E+01     0.11480688E+00     0.15000000E+01    -0.12665494E+00     0.85610859E-01     0.44616079E+00     0.10990067E+00     139     0.39357785E-01
 0.15899998E+02     0.12813957E+01     0.11594478E+00     0.15000000E+01    -0.12722929E+00     0.84597401E-01     0.44643921E+00     0.11104559E+00     139     0.39357785E-01
 0.15999998E+02     0.12827086E+01     0.11703674E+00     0.15000000E+01    -0.12784211E+00     0.83044738E-01     0.44708192E+00     0.11214639E+00     139     0.39357785E-01
 0.16099998E+02     0.12853926E+01     0.11796933E+00     0.15000000E+01    -0.12836134E+00     0.82255237E-01     0.44749367E+00     0.11309647E+00     139     0.39357785E-01
 0.16200001E+02     0.12872469E+01     0.11909045E+00     0.15000000E+01    -0.12901452E+00     0.81472650E-01     0.44789797E+00     0.11423617E+00     139     0.39357785E-01
 0.16300001E+02     0.12896023E+01     0.12012797E+00     0.15000000E+01    -0.12965137E+00     0.80792755E-01     0.44837075E+00     0.11529163E+00     139     0.39357785E-01
 0.16399998E+02     0.12912878E+01     0.12116028E+00     0.15000000E+01    -0.13024466E+00     0.79568908E-01     0.44886202E+00     0.11633196E+00     140     0.44677772E-01
 0.16499998E+02     0.12942598E+01     0.12203943E+00     0.15000000E+01    -0.13076748E+00     0.79167068E-01     0.44914705E+00     0.11722350E+00     140     0.44677772E-01
 0.16600000E+02     0.12947299E+01     0.12325642E+00     0.15000000E+01    -0.13152105E+00     0.77726170E-01     0.44987553E+00     0.11843882E+00     140     0.44677772E-01
 0.16700001E+02     0.12956103E+01     0.12443121E+00     0.15000000E+01    -0.13223501E+00     0.77067785E-01     0.45039058E+00     0.11962336E+00     140     0.44677772E-01
 0.16799997E+02     0.12977734E+01     0.12542450E+00     0.15000000E+01    -0.13286452E+00     0.76205775E-01     0.45063406E+00     0.12062749E+00     140     0.44677772E-01
 0.16900000E+02     0.13009008E+01     0.12628755E+00     0.15000000E+01    -0.13342096E+00     0.75452738E-01     0.45120504E+00     0.12150489E+00     140     0.44677772E-01
 0.17000000E+02     0.13042765E+01     0.12713933E+00     0.15000000E+01    -0.13399273E+00     0.74660987E-01     0.45160896E+00     0.12236904E+00     140     0.44677772E-01
 0.17100000E+02     0.13068779E+01     0.12807138E+00     0.15000000E+01    -0.13460776E+00     0.73951431E-01     0.45235339E+00     0.12331129E+00     140     0.44677772E-01
 0.17199997E+02     0.13087220E+01     0.12915903E+00     0.15000000E+01    -0.13534895E+00     0.72963141E-01     0.45244068E+00     0.12441036E+00     140     0.44677772E-01
 0.17299999E+02     0.13109905E+01     0.13016255E+00     0.15000000E+01    -0.13604271E+00     0.72422400E-01     0.45317763E+00     0.12542072E+00     140     0.44677772E-01
 0.17400000E+02     0.13128580E+01     0.13113932E+00     0.15000000E+01    -0.13669828E+00     0.71477264E-01     0.45360440E+00     0.12639563E+00     140     0.44677772E-01
 0.17500000E+02     0.13150867E+01     0.13206828E+00     0.15000000E+01    -0.13736196E+00     0.70595711E-01     0.45403156E+00     0.12732802E+00     140     0.44677772E-01
 0.17599997E+02     0.13171923E+01     0.13310470E+00     0.15000000E+01    -0.13816544E+00     0.69863364E-01     0.45489910E+00     0.12837948E+00     140     0.44677772E-01
 0.17699999E+02     0.13189108E+01     0.13425577E+00     0.15000000E+01    -0.13907264E+00     0.69400311E-01     0.45552960E+00     0.12955135E+00     140     0.44677772E-01
 0.17799999E+02     0.13225093E+01     0.13514279E+00     0.15000000E+01    -0.13973553E+00     0.68778642E-01     0.45572278E+00     0.13046044E+00     141     0.50799482E-01
 0.17900000E+02     0.13262792E+01     0.13593057E+00     0.15000000E+01    -0.14034264E+00     0.68064377E-01     0.45684132E+00     0.13127048E+00     141     0.50799482E-01
 0.18000000E+02     0.13294678E+01     0.13677458E+00     0.15000000E+01    -0.14096834E+00     0.67562625E-01     0.45753834E+00     0.13213275E+00     141     0.50799482E-01
 0.18099998E+02     0.13329343E+01     0.13763168E+00     0.15000000E+01    -0.14169821E+00     0.66883117E-01     0.45776156E+00     0.13300243E+00     141     0.50799482E-01
 0.18199999E+02     0.13352537E+01     0.13859104E+00     0.15000000E+01    -0.14243388E+00     0.66048078E-01     0.45852014E+00     0.13397340E+00     141     0.50799482E-01
 0.18299999E+02     0.13379520E+01     0.13960382E+00     0.15000000E+01    -0.14326113E+00     0.66000305E-01     0.45904621E+00     0.13500920E+00     141     0.50799482E-01
 0.18400000E+02     0.13399552E+01     0.14060271E+00     0.15000000E+01    -0.14409193E+00     0.64903431E-01     0.45939508E+00     0.13600925E+00     141     0.50799482E-01
 0.18499998E+02     0.13424828E+01     0.14154449E+00     0.15000000E+01    -0.14488544E+00     0.64189374E-01     0.45999339E+00     0.13695551E+00     141     0.50799482E-01
 0.18599998E+02     0.13453276E+01     0.14239565E+00     0.15000000E+01    -0.14558436E+00     0.63722327E-01     0.46079901E+00     0.13781542E+00     141     0.50799482E-01
 0.18699999E+02     0.13468938E+01     0.14339288E+00     0.15000000E+01    -0.14639965E+00     0.62803507E-01     0.46121305E+00     0.13881841E+00     141     0.50799482E-01
 0.18800001E+02     0.13499578E+01     0.14436130E+00     0.15000000E+01    -0.14722483E+00     0.62301449E-01     0.46129414E+00     0.13980772E+00     141     0.50799482E-01
