  
       RFOIL         Version 3.00
  
 Calculated polar for: OSO-2026-HT1-T24                
  
 1  Reynolds number fixed
  
 xtrf =      1.00000000 (suction)     1.00000000 (pressure)
 Rot. Parameters:  f0 =      1.00000000 c/r =      0.00000000
 Mach =      0.00000000     Re =      1.50000000 e 6     Ncrit =      9.00000000
  
             alpha                CL                CD            Re(CL)                CM             S_xtr             P_xtr               CDp            I_stag            X_stag
  ------- -------- --------- --------- -------- ------- ------- -------- 
-0.23600000E+02    -0.10100921E+01     0.16835533E+00     0.15000000E+01     0.47530599E-01     0.10000000E+01     0.20476125E-01     0.16563764E+00      93     0.69425754E-01
-0.23500000E+02    -0.10083500E+01     0.16728789E+00     0.15000000E+01     0.46158805E-01     0.10000000E+01     0.20438138E-01     0.16455404E+00      93     0.69425754E-01
-0.23400002E+02    -0.10047082E+01     0.16623169E+00     0.15000000E+01     0.44958301E-01     0.10000000E+01     0.20514976E-01     0.16347860E+00      93     0.69425754E-01
-0.23300001E+02    -0.10005392E+01     0.16518098E+00     0.15000000E+01     0.43850023E-01     0.10000000E+01     0.20656165E-01     0.16240464E+00      93     0.69425754E-01
-0.23100000E+02    -0.10014081E+01     0.16206430E+00     0.15000000E+01     0.40432312E-01     0.10000000E+01     0.21244206E-01     0.15927036E+00      93     0.69425754E-01
-0.23000002E+02    -0.99941915E+00     0.16091333E+00     0.15000000E+01     0.39184630E-01     0.10000000E+01     0.21323331E-01     0.15810616E+00      93     0.69425754E-01
-0.22900002E+02    -0.99737000E+00     0.15967648E+00     0.15000000E+01     0.37820496E-01     0.10000000E+01     0.21442052E-01     0.15685567E+00      93     0.69425754E-01
-0.22800001E+02    -0.99666160E+00     0.15820687E+00     0.15000000E+01     0.36258038E-01     0.10000000E+01     0.21644639E-01     0.15537432E+00      93     0.69425754E-01
-0.22700001E+02    -0.99303705E+00     0.15725838E+00     0.15000000E+01     0.35203140E-01     0.10000000E+01     0.21654272E-01     0.15440920E+00      93     0.69425754E-01
-0.22600002E+02    -0.99112481E+00     0.15606931E+00     0.15000000E+01     0.33978328E-01     0.10000000E+01     0.21956738E-01     0.15321800E+00      93     0.69425754E-01
-0.22500000E+02    -0.98823279E+00     0.15510687E+00     0.15000000E+01     0.32853782E-01     0.10000000E+01     0.21956775E-01     0.15224077E+00      93     0.69425754E-01
-0.22400002E+02    -0.98666096E+00     0.15380709E+00     0.15000000E+01     0.31559452E-01     0.10000000E+01     0.22156700E-01     0.15092544E+00      94     0.62477306E-01
-0.22300001E+02    -0.98361611E+00     0.15272129E+00     0.15000000E+01     0.30356448E-01     0.10000000E+01     0.22292648E-01     0.14982978E+00      94     0.62477306E-01
-0.22200001E+02    -0.98026079E+00     0.15181585E+00     0.15000000E+01     0.29371053E-01     0.10000000E+01     0.22396982E-01     0.14891170E+00      94     0.62477306E-01
-0.22100000E+02    -0.97705364E+00     0.15088090E+00     0.15000000E+01     0.28357357E-01     0.10000000E+01     0.22496019E-01     0.14796554E+00      94     0.62477306E-01
-0.22000000E+02    -0.97388530E+00     0.14989024E+00     0.15000000E+01     0.27343962E-01     0.10000000E+01     0.22732915E-01     0.14696337E+00      94     0.62477306E-01
-0.21900002E+02    -0.97067094E+00     0.14888284E+00     0.15000000E+01     0.26253186E-01     0.10000000E+01     0.22799779E-01     0.14594142E+00      94     0.62477306E-01
-0.21800001E+02    -0.96842790E+00     0.14777140E+00     0.15000000E+01     0.25125539E-01     0.10000000E+01     0.22864219E-01     0.14481394E+00      94     0.62477306E-01
-0.21700001E+02    -0.96464288E+00     0.14685273E+00     0.15000000E+01     0.24168333E-01     0.10000000E+01     0.23079801E-01     0.14388159E+00      94     0.62477306E-01
-0.21600000E+02    -0.96085048E+00     0.14601178E+00     0.15000000E+01     0.23234453E-01     0.10000000E+01     0.23259329E-01     0.14302678E+00      94     0.62477306E-01
-0.21500002E+02    -0.95694721E+00     0.14518133E+00     0.15000000E+01     0.22388419E-01     0.10000000E+01     0.23437239E-01     0.14218344E+00      94     0.62477306E-01
-0.21400000E+02    -0.95275158E+00     0.14436725E+00     0.15000000E+01     0.21517314E-01     0.10000000E+01     0.23597376E-01     0.14135626E+00      94     0.62477306E-01
-0.21300001E+02    -0.94914955E+00     0.14347768E+00     0.15000000E+01     0.20611446E-01     0.10000000E+01     0.23688238E-01     0.14045188E+00      94     0.62477306E-01
-0.21200001E+02    -0.94509751E+00     0.14262161E+00     0.15000000E+01     0.19729968E-01     0.10000000E+01     0.23833882E-01     0.13957706E+00      94     0.62477306E-01
-0.21100002E+02    -0.94035470E+00     0.14177257E+00     0.15000000E+01     0.18887481E-01     0.10000000E+01     0.23979940E-01     0.13871048E+00      94     0.62477306E-01
-0.21000000E+02    -0.93712854E+00     0.14086522E+00     0.15000000E+01     0.17953997E-01     0.10000000E+01     0.24004081E-01     0.13778755E+00      95     0.55857971E-01
-0.20900000E+02    -0.93395764E+00     0.13995352E+00     0.15000000E+01     0.17047640E-01     0.10000000E+01     0.24307389E-01     0.13687138E+00      95     0.55857971E-01
-0.20700003E+02    -0.93002945E+00     0.13791668E+00     0.15000000E+01     0.15087897E-01     0.10000000E+01     0.24786275E-01     0.13482153E+00      95     0.55857971E-01
-0.20600000E+02    -0.92837727E+00     0.13688508E+00     0.15000000E+01     0.14085229E-01     0.10000000E+01     0.25096616E-01     0.13378462E+00      95     0.55857971E-01
-0.20500000E+02    -0.92566276E+00     0.13581911E+00     0.15000000E+01     0.13095325E-01     0.10000000E+01     0.25227530E-01     0.13271147E+00      95     0.55857971E-01
-0.20400002E+02    -0.92215759E+00     0.13498339E+00     0.15000000E+01     0.12277933E-01     0.10000000E+01     0.25337670E-01     0.13186717E+00      95     0.55857971E-01
-0.20300001E+02    -0.91848516E+00     0.13414077E+00     0.15000000E+01     0.11472045E-01     0.10000000E+01     0.25605118E-01     0.13102385E+00      95     0.55857971E-01
-0.20200001E+02    -0.91475230E+00     0.13331677E+00     0.15000000E+01     0.10678147E-01     0.10000000E+01     0.25753083E-01     0.13019170E+00      95     0.55857971E-01
-0.20100000E+02    -0.91164720E+00     0.13243450E+00     0.15000000E+01     0.98606339E-02     0.10000000E+01     0.25900608E-01     0.12930156E+00      95     0.55857971E-01
-0.20000002E+02    -0.90786576E+00     0.13160172E+00     0.15000000E+01     0.90902476E-02     0.10000000E+01     0.26109738E-01     0.12846230E+00      95     0.55857971E-01
-0.19900000E+02    -0.90409726E+00     0.13074183E+00     0.15000000E+01     0.82938727E-02     0.10000000E+01     0.26307484E-01     0.12759241E+00      95     0.55857971E-01
-0.19800001E+02    -0.90082181E+00     0.12982164E+00     0.15000000E+01     0.74956859E-02     0.10000000E+01     0.26447400E-01     0.12666163E+00      95     0.55857971E-01
-0.19700001E+02    -0.89700627E+00     0.12900664E+00     0.15000000E+01     0.67241006E-02     0.10000000E+01     0.26627095E-01     0.12583725E+00      95     0.55857971E-01
-0.19600000E+02    -0.89256823E+00     0.12828690E+00     0.15000000E+01     0.60754167E-02     0.10000000E+01     0.26857892E-01     0.12510620E+00      96     0.49601890E-01
-0.19500000E+02    -0.88845873E+00     0.12752728E+00     0.15000000E+01     0.53752735E-02     0.10000000E+01     0.27015945E-01     0.12433626E+00      96     0.49601890E-01
-0.19400002E+02    -0.88377500E+00     0.12679456E+00     0.15000000E+01     0.47360500E-02     0.10000000E+01     0.27271241E-01     0.12359361E+00      96     0.49601890E-01
-0.19300001E+02    -0.87910944E+00     0.12609209E+00     0.15000000E+01     0.40629208E-02     0.10000000E+01     0.27457176E-01     0.12287899E+00      96     0.49601890E-01
-0.19200001E+02    -0.87398958E+00     0.12539807E+00     0.15000000E+01     0.34241532E-02     0.10000000E+01     0.27704399E-01     0.12217179E+00      96     0.49601890E-01
-0.19100000E+02    -0.86963129E+00     0.12461925E+00     0.15000000E+01     0.27929675E-02     0.10000000E+01     0.27808053E-01     0.12137985E+00      96     0.49601890E-01
-0.19000002E+02    -0.86478114E+00     0.12386028E+00     0.15000000E+01     0.20989410E-02     0.10000000E+01     0.27947806E-01     0.12060631E+00      96     0.49601890E-01
-0.18900002E+02    -0.86363155E+00     0.12282787E+00     0.15000000E+01     0.12618353E-02     0.10000000E+01     0.28342618E-01     0.11957314E+00      96     0.49601890E-01
-0.18800001E+02    -0.86069036E+00     0.12197490E+00     0.15000000E+01     0.56071766E-03     0.10000000E+01     0.28484294E-01     0.11871185E+00      96     0.49601890E-01
-0.18700001E+02    -0.85808873E+00     0.12109628E+00     0.15000000E+01    -0.15093177E-03     0.10000000E+01     0.28829172E-01     0.11783478E+00      96     0.49601890E-01
-0.18600000E+02    -0.85450733E+00     0.12028940E+00     0.15000000E+01    -0.81939925E-03     0.10000000E+01     0.29224705E-01     0.11702996E+00      96     0.49601890E-01
-0.18500002E+02    -0.85088456E+00     0.11949021E+00     0.15000000E+01    -0.14509272E-02     0.10000000E+01     0.29439759E-01     0.11622908E+00      96     0.49601890E-01
-0.18400000E+02    -0.84724253E+00     0.11867185E+00     0.15000000E+01    -0.20967100E-02     0.10000000E+01     0.29691901E-01     0.11540785E+00      96     0.49601890E-01
-0.18300001E+02    -0.84351164E+00     0.11783846E+00     0.15000000E+01    -0.27589139E-02     0.10000000E+01     0.29857356E-01     0.11456484E+00      97     0.43742869E-01
-0.18200001E+02    -0.84007353E+00     0.11695290E+00     0.15000000E+01    -0.34613044E-02     0.10000000E+01     0.30062491E-01     0.11367384E+00      97     0.43742869E-01
-0.18100002E+02    -0.83604831E+00     0.11618163E+00     0.15000000E+01    -0.40588616E-02     0.10000000E+01     0.30341873E-01     0.11289776E+00      97     0.43742869E-01
-0.18000000E+02    -0.83186501E+00     0.11542504E+00     0.15000000E+01    -0.46239197E-02     0.10000000E+01     0.30593265E-01     0.11213650E+00      97     0.43742869E-01
-0.17900000E+02    -0.82754064E+00     0.11468248E+00     0.15000000E+01    -0.51969145E-02     0.10000000E+01     0.30780943E-01     0.11138661E+00      97     0.43742869E-01
-0.17800001E+02    -0.82284343E+00     0.11401213E+00     0.15000000E+01    -0.57487329E-02     0.10000000E+01     0.31065891E-01     0.11070925E+00      97     0.43742869E-01
-0.17700001E+02    -0.81840122E+00     0.11329602E+00     0.15000000E+01    -0.62840553E-02     0.10000000E+01     0.31364109E-01     0.10998519E+00      97     0.43742869E-01
-0.17600000E+02    -0.81397861E+00     0.11257585E+00     0.15000000E+01    -0.68389447E-02     0.10000000E+01     0.31575568E-01     0.10925526E+00      97     0.43742869E-01
-0.17500000E+02    -0.80912542E+00     0.11187375E+00     0.15000000E+01    -0.73730480E-02     0.10000000E+01     0.31833876E-01     0.10854209E+00      97     0.43742869E-01
-0.17400002E+02    -0.80440223E+00     0.11113194E+00     0.15000000E+01    -0.79451930E-02     0.10000000E+01     0.32023661E-01     0.10778913E+00      97     0.43742869E-01
-0.17300001E+02    -0.79964930E+00     0.11040352E+00     0.15000000E+01    -0.84983176E-02     0.10000000E+01     0.32209262E-01     0.10704875E+00      97     0.43742869E-01
-0.17200001E+02    -0.79630464E+00     0.10954816E+00     0.15000000E+01    -0.91061378E-02     0.10000000E+01     0.32586336E-01     0.10618828E+00      97     0.43742869E-01
-0.17100000E+02    -0.79384691E+00     0.10867698E+00     0.15000000E+01    -0.96618962E-02     0.10000000E+01     0.33077665E-01     0.10531900E+00      97     0.43742869E-01
-0.17000002E+02    -0.79021162E+00     0.10789578E+00     0.15000000E+01    -0.10206317E-01     0.10000000E+01     0.33303272E-01     0.10453611E+00      97     0.43742869E-01
-0.16900000E+02    -0.78668451E+00     0.10712305E+00     0.15000000E+01    -0.10740649E-01     0.10000000E+01     0.33839744E-01     0.10376923E+00      98     0.38310651E-01
-0.16800001E+02    -0.78295052E+00     0.10636581E+00     0.15000000E+01    -0.11247068E-01     0.10000000E+01     0.33995129E-01     0.10300684E+00      98     0.38310651E-01
-0.16700001E+02    -0.77881694E+00     0.10560874E+00     0.15000000E+01    -0.11756741E-01     0.10000000E+01     0.34477264E-01     0.10225430E+00      98     0.38310651E-01
-0.16600000E+02    -0.77487922E+00     0.10483906E+00     0.15000000E+01    -0.12273910E-01     0.10000000E+01     0.34689400E-01     0.10147990E+00      98     0.38310651E-01
-0.16500000E+02    -0.77082342E+00     0.10405234E+00     0.15000000E+01    -0.12799377E-01     0.10000000E+01     0.35111949E-01     0.10069101E+00      98     0.38310651E-01
-0.16400002E+02    -0.76686513E+00     0.10324753E+00     0.15000000E+01    -0.13337953E-01     0.10000000E+01     0.35332900E-01     0.99878892E-01      98     0.38310651E-01
-0.16300001E+02    -0.76286983E+00     0.10245949E+00     0.15000000E+01    -0.13845030E-01     0.10000000E+01     0.35697710E-01     0.99084899E-01      98     0.38310651E-01
-0.16200001E+02    -0.75805724E+00     0.10178490E+00     0.15000000E+01    -0.14305939E-01     0.10000000E+01     0.36057912E-01     0.98403916E-01      98     0.38310651E-01
-0.16100000E+02    -0.75349015E+00     0.10109832E+00     0.15000000E+01    -0.14748048E-01     0.10000000E+01     0.36331091E-01     0.97709887E-01      98     0.38310651E-01
-0.16000002E+02    -0.74853384E+00     0.10042983E+00     0.15000000E+01    -0.15193094E-01     0.10000000E+01     0.36636993E-01     0.97032487E-01      98     0.38310651E-01
-0.15900001E+02    -0.74320155E+00     0.99792831E-01     0.15000000E+01    -0.15623093E-01     0.10000000E+01     0.36935002E-01     0.96385434E-01      98     0.38310651E-01
-0.15800000E+02    -0.73802888E+00     0.99144295E-01     0.15000000E+01    -0.16055377E-01     0.10000000E+01     0.37153255E-01     0.95726058E-01      98     0.38310651E-01
-0.15700001E+02    -0.73537552E+00     0.98282561E-01     0.15000000E+01    -0.16541526E-01     0.10000000E+01     0.37703384E-01     0.94866104E-01      99     0.33326767E-01
-0.15600002E+02    -0.73251307E+00     0.97387232E-01     0.15000000E+01    -0.17035758E-01     0.10000000E+01     0.38175240E-01     0.93971580E-01      99     0.33326767E-01
-0.15500001E+02    -0.72957206E+00     0.96524820E-01     0.15000000E+01    -0.17550627E-01     0.10000000E+01     0.38586643E-01     0.93110003E-01      99     0.33326767E-01
-0.15400001E+02    -0.72609645E+00     0.95693015E-01     0.15000000E+01    -0.18024174E-01     0.10000000E+01     0.38982723E-01     0.92277877E-01      99     0.33326767E-01
-0.15300001E+02    -0.72225529E+00     0.94941989E-01     0.15000000E+01    -0.18462351E-01     0.10000000E+01     0.39416343E-01     0.91529012E-01      99     0.33326767E-01
-0.15200001E+02    -0.71808428E+00     0.94220795E-01     0.15000000E+01    -0.18881550E-01     0.10000000E+01     0.39848927E-01     0.90808511E-01      99     0.33326767E-01
-0.15100001E+02    -0.71380001E+00     0.93508363E-01     0.15000000E+01    -0.19289745E-01     0.10000000E+01     0.40220000E-01     0.90094566E-01      99     0.33326767E-01
-0.15000001E+02    -0.70954961E+00     0.92790589E-01     0.15000000E+01    -0.19696660E-01     0.10000000E+01     0.40574193E-01     0.89374438E-01      99     0.33326767E-01
-0.14900000E+02    -0.70498586E+00     0.92098974E-01     0.15000000E+01    -0.20097423E-01     0.10000000E+01     0.41211803E-01     0.88681713E-01      99     0.33326767E-01
-0.14800000E+02    -0.70079470E+00     0.91364838E-01     0.15000000E+01    -0.20499183E-01     0.10000000E+01     0.41438855E-01     0.87939970E-01      99     0.33326767E-01
-0.14700002E+02    -0.69627142E+00     0.90644196E-01     0.15000000E+01    -0.20912716E-01     0.10000000E+01     0.41836314E-01     0.87211803E-01      99     0.33326767E-01
-0.14600000E+02    -0.69114000E+00     0.89962304E-01     0.15000000E+01    -0.21326605E-01     0.10000000E+01     0.42307928E-01     0.86520523E-01      99     0.33326767E-01
-0.14500000E+02    -0.68632126E+00     0.89217812E-01     0.15000000E+01    -0.21746801E-01     0.10000000E+01     0.42659417E-01     0.85765764E-01      99     0.33326767E-01
-0.14400001E+02    -0.68431538E+00     0.88267505E-01     0.15000000E+01    -0.22202952E-01     0.10000000E+01     0.43418534E-01     0.84817752E-01     100     0.28801009E-01
-0.14300001E+02    -0.68102038E+00     0.87496243E-01     0.15000000E+01    -0.22580232E-01     0.10000000E+01     0.44033036E-01     0.84051028E-01     100     0.28801009E-01
-0.14200001E+02    -0.67727137E+00     0.86746119E-01     0.15000000E+01    -0.22964317E-01     0.10000000E+01     0.44495340E-01     0.83303586E-01     100     0.28801009E-01
-0.14100001E+02    -0.67355669E+00     0.85992366E-01     0.15000000E+01    -0.23333360E-01     0.10000000E+01     0.45048330E-01     0.82553729E-01     100     0.28801009E-01
-0.14000001E+02    -0.66973644E+00     0.85229546E-01     0.15000000E+01    -0.23707803E-01     0.10000000E+01     0.45561228E-01     0.81792399E-01     100     0.28801009E-01
-0.13900002E+02    -0.66572398E+00     0.84482431E-01     0.15000000E+01    -0.24075599E-01     0.10000000E+01     0.46054263E-01     0.81044622E-01     100     0.28801009E-01
-0.13800001E+02    -0.66181922E+00     0.83710775E-01     0.15000000E+01    -0.24468057E-01     0.10000000E+01     0.46583395E-01     0.80270514E-01     100     0.28801009E-01
-0.13700001E+02    -0.65802109E+00     0.82900248E-01     0.15000000E+01    -0.24872199E-01     0.10000000E+01     0.47108673E-01     0.79455510E-01     100     0.28801009E-01
-0.13600001E+02    -0.65470207E+00     0.82280315E-01     0.15000000E+01    -0.25229996E-01     0.92956400E+00     0.47586657E-01     0.78734204E-01     100     0.28801009E-01
-0.13500001E+02    -0.65251261E+00     0.81794776E-01     0.15000000E+01    -0.24671331E-01     0.87783355E+00     0.48057847E-01     0.78044616E-01     100     0.28801009E-01
-0.13400001E+02    -0.64797884E+00     0.81244811E-01     0.15000000E+01    -0.24746174E-01     0.84549326E+00     0.48524711E-01     0.77345043E-01     100     0.28801009E-01
-0.13300000E+02    -0.64453620E+00     0.80519311E-01     0.15000000E+01    -0.25004465E-01     0.82369030E+00     0.49225584E-01     0.76522760E-01     100     0.28801009E-01
-0.13200001E+02    -0.64167118E+00     0.79737850E-01     0.15000000E+01    -0.25312133E-01     0.80731875E+00     0.50236911E-01     0.75676128E-01     101     0.24729561E-01
-0.13100000E+02    -0.63806468E+00     0.78998975E-01     0.15000000E+01    -0.25639132E-01     0.79407465E+00     0.50688297E-01     0.74876443E-01     101     0.24729561E-01
-0.13000001E+02    -0.63473123E+00     0.78207970E-01     0.15000000E+01    -0.25989586E-01     0.78299850E+00     0.51566269E-01     0.74042447E-01     101     0.24729561E-01
-0.12900001E+02    -0.63132590E+00     0.77421434E-01     0.15000000E+01    -0.26352983E-01     0.77367783E+00     0.52224394E-01     0.73215641E-01     101     0.24729561E-01
-0.12800001E+02    -0.62793684E+00     0.76588221E-01     0.15000000E+01    -0.26737353E-01     0.76305920E+00     0.52871116E-01     0.72332591E-01     101     0.24729561E-01
-0.12700001E+02    -0.62433028E+00     0.75796150E-01     0.15000000E+01    -0.27094530E-01     0.75596625E+00     0.53537577E-01     0.71504839E-01     101     0.24729561E-01
-0.12600001E+02    -0.61999923E+00     0.75096637E-01     0.15000000E+01    -0.27416887E-01     0.74931836E+00     0.54191910E-01     0.70768513E-01     101     0.24729561E-01
-0.12500001E+02    -0.61539507E+00     0.74411631E-01     0.15000000E+01    -0.27729621E-01     0.74338043E+00     0.54905050E-01     0.70053846E-01     101     0.24729561E-01
-0.12400002E+02    -0.61116499E+00     0.73725030E-01     0.15000000E+01    -0.28042305E-01     0.73777503E+00     0.55640783E-01     0.69331795E-01     101     0.24729561E-01
-0.12300001E+02    -0.60848606E+00     0.72876662E-01     0.15000000E+01    -0.28377887E-01     0.73290247E+00     0.56610335E-01     0.68470426E-01     101     0.24729561E-01
-0.12200001E+02    -0.60560298E+00     0.72041057E-01     0.15000000E+01    -0.28710002E-01     0.72820419E+00     0.57479728E-01     0.67616589E-01     101     0.24729561E-01
-0.12100001E+02    -0.60290241E+00     0.71153335E-01     0.15000000E+01    -0.29072901E-01     0.72382855E+00     0.58301214E-01     0.66709429E-01     101     0.24729561E-01
-0.12000000E+02    -0.60022008E+00     0.70247948E-01     0.15000000E+01    -0.29442687E-01     0.71973276E+00     0.59084844E-01     0.65786697E-01     101     0.24729561E-01
-0.11900001E+02    -0.59691095E+00     0.69436051E-01     0.15000000E+01    -0.29770706E-01     0.71575522E+00     0.59951767E-01     0.64951003E-01     102     0.21095596E-01
-0.11800000E+02    -0.59311885E+00     0.68687148E-01     0.15000000E+01    -0.30070830E-01     0.71197271E+00     0.60834676E-01     0.64183421E-01     102     0.21095596E-01
-0.11700001E+02    -0.58912766E+00     0.67980282E-01     0.15000000E+01    -0.30366242E-01     0.70831472E+00     0.61714977E-01     0.63458711E-01     102     0.21095596E-01
-0.11600000E+02    -0.58544183E+00     0.67242026E-01     0.15000000E+01    -0.30671734E-01     0.70372474E+00     0.63034162E-01     0.62690929E-01     102     0.21095596E-01
-0.11500001E+02    -0.58333981E+00     0.66330224E-01     0.15000000E+01    -0.30996220E-01     0.70054066E+00     0.64314276E-01     0.61772946E-01     102     0.21095596E-01
-0.11400001E+02    -0.58122575E+00     0.65400690E-01     0.15000000E+01    -0.31336617E-01     0.69745260E+00     0.65319516E-01     0.60834389E-01     102     0.21095596E-01
-0.11300001E+02    -0.57929361E+00     0.64431928E-01     0.15000000E+01    -0.31701576E-01     0.69448280E+00     0.66349864E-01     0.59850488E-01     102     0.21095596E-01
-0.11200001E+02    -0.57639921E+00     0.63628301E-01     0.15000000E+01    -0.32006774E-01     0.69156367E+00     0.67444205E-01     0.59027329E-01     102     0.21095596E-01
-0.11100001E+02    -0.57310420E+00     0.62848702E-01     0.15000000E+01    -0.32291964E-01     0.68874830E+00     0.68595007E-01     0.58238316E-01     102     0.21095596E-01
-0.11000001E+02    -0.56969589E+00     0.62092029E-01     0.15000000E+01    -0.32573294E-01     0.68594831E+00     0.69813833E-01     0.57468165E-01     102     0.21095596E-01
-0.10900001E+02    -0.56714278E+00     0.61268751E-01     0.15000000E+01    -0.32870855E-01     0.68330699E+00     0.71160130E-01     0.56628764E-01     102     0.21095596E-01
-0.10800001E+02    -0.56596857E+00     0.60274955E-01     0.15000000E+01    -0.33203207E-01     0.68084842E+00     0.72541669E-01     0.55623244E-01     102     0.21095596E-01
-0.10700001E+02    -0.56501764E+00     0.59240855E-01     0.15000000E+01    -0.33561841E-01     0.67842615E+00     0.73824227E-01     0.54578517E-01     102     0.21095596E-01
-0.10600001E+02    -0.56300724E+00     0.58354985E-01     0.15000000E+01    -0.33850953E-01     0.67600024E+00     0.75295895E-01     0.53685911E-01     103     0.17872365E-01
-0.10500001E+02    -0.56049460E+00     0.57528552E-01     0.15000000E+01    -0.34128282E-01     0.67358547E+00     0.76802008E-01     0.52849703E-01     103     0.17872365E-01
-0.10400002E+02    -0.55785739E+00     0.56708999E-01     0.15000000E+01    -0.34404390E-01     0.67127675E+00     0.78377642E-01     0.52015200E-01     103     0.17872365E-01
-0.10300000E+02    -0.55755121E+00     0.55684857E-01     0.15000000E+01    -0.34718178E-01     0.66833472E+00     0.80242686E-01     0.50970457E-01     103     0.17872365E-01
-0.10200001E+02    -0.55818063E+00     0.54532576E-01     0.15000000E+01    -0.35078529E-01     0.66621393E+00     0.81971228E-01     0.49816765E-01     103     0.17872365E-01
-0.10100000E+02    -0.55740017E+00     0.53565823E-01     0.15000000E+01    -0.35365578E-01     0.66406107E+00     0.83838329E-01     0.48845954E-01     103     0.17872365E-01
-0.10000001E+02    -0.55611771E+00     0.52644864E-01     0.15000000E+01    -0.35631288E-01     0.66197181E+00     0.85901000E-01     0.47917254E-01     103     0.17872365E-01
-0.99000006E+01    -0.55604064E+00     0.51643360E-01     0.15000000E+01    -0.35915408E-01     0.65996552E+00     0.88091306E-01     0.46902530E-01     103     0.17872365E-01
-0.98000011E+01    -0.56036502E+00     0.50201185E-01     0.15000000E+01    -0.36290973E-01     0.65818894E+00     0.91130264E-01     0.45456447E-01     103     0.17872365E-01
-0.97000008E+01    -0.56147110E+00     0.49118411E-01     0.15000000E+01    -0.36569469E-01     0.65630621E+00     0.93702219E-01     0.44366684E-01     103     0.17872365E-01
-0.96000013E+01    -0.56258237E+00     0.48039146E-01     0.15000000E+01    -0.36825802E-01     0.65436488E+00     0.96388653E-01     0.43280669E-01     103     0.17872365E-01
-0.95000010E+01    -0.56781125E+00     0.46608232E-01     0.15000000E+01    -0.37143569E-01     0.65259743E+00     0.98963246E-01     0.41848008E-01     103     0.17872365E-01
-0.94000006E+01    -0.57261914E+00     0.45227636E-01     0.15000000E+01    -0.37426420E-01     0.65085667E+00     0.10176934E+00     0.40460352E-01     103     0.17872365E-01
-0.93000011E+01    -0.57699955E+00     0.43952212E-01     0.15000000E+01    -0.37658650E-01     0.64911622E+00     0.10466637E+00     0.39175965E-01     103     0.17872365E-01
-0.91999998E+01    -0.58638883E+00     0.42233784E-01     0.15000000E+01    -0.37942734E-01     0.64757901E+00     0.10685527E+00     0.37432998E-01     103     0.17872365E-01
-0.91000013E+01    -0.59533739E+00     0.40685546E-01     0.15000000E+01    -0.38114034E-01     0.64600635E+00     0.10937107E+00     0.35868205E-01     103     0.17872365E-01
-0.90000000E+01    -0.60765320E+00     0.38872078E-01     0.15000000E+01    -0.38273823E-01     0.64445323E+00     0.11042512E+00     0.34028139E-01     103     0.17872365E-01
-0.89000015E+01    -0.62062246E+00     0.37121855E-01     0.15000000E+01    -0.38271770E-01     0.64286542E+00     0.11140025E+00     0.32253128E-01     103     0.17872365E-01
-0.88000002E+01    -0.63937920E+00     0.35043553E-01     0.15000000E+01    -0.37978798E-01     0.64074272E+00     0.10970356E+00     0.30119698E-01     103     0.17872365E-01
-0.87000017E+01    -0.66173291E+00     0.33225048E-01     0.15000000E+01    -0.36669191E-01     0.63932168E+00     0.10641994E+00     0.28234247E-01     103     0.17872365E-01
-0.86000004E+01    -0.67680377E+00     0.30064169E-01     0.15000000E+01    -0.40347345E-01     0.63782257E+00     0.10576420E+00     0.24981136E-01     103     0.17872365E-01
-0.85000019E+01    -0.67379707E+00     0.23121875E-01     0.15000000E+01    -0.56794658E-01     0.63606387E+00     0.11223351E+00     0.17840872E-01     103     0.17872365E-01
-0.84000006E+01    -0.60978597E+00     0.10370880E-01     0.15000000E+01    -0.91861129E-01     0.63357079E+00     0.31112272E+00     0.53950259E-02     103     0.17872365E-01
-0.83000011E+01    -0.59668994E+00     0.10267257E-01     0.15000000E+01    -0.92435107E-01     0.63162798E+00     0.31899494E+00     0.53111338E-02     104     0.15027414E-01
-0.82000008E+01    -0.58374393E+00     0.10207732E-01     0.15000000E+01    -0.92922412E-01     0.62973863E+00     0.32448578E+00     0.52541792E-02     104     0.15027414E-01
-0.81000013E+01    -0.57084823E+00     0.10162677E-01     0.15000000E+01    -0.93385078E-01     0.62790424E+00     0.32851934E+00     0.52083065E-02     104     0.15027414E-01
-0.80000010E+01    -0.55800605E+00     0.10129990E-01     0.15000000E+01    -0.93822807E-01     0.62614590E+00     0.33300641E+00     0.51676854E-02     104     0.15027414E-01
-0.79000001E+01    -0.54517704E+00     0.10103629E-01     0.15000000E+01    -0.94258294E-01     0.62443846E+00     0.33617958E+00     0.51353211E-02     104     0.15027414E-01
-0.78000011E+01    -0.53241926E+00     0.10097276E-01     0.15000000E+01    -0.94647050E-01     0.62271953E+00     0.33846837E+00     0.51068761E-02     104     0.15027414E-01
-0.77000003E+01    -0.51961565E+00     0.10081213E-01     0.15000000E+01    -0.95038615E-01     0.62090844E+00     0.34056965E+00     0.50733006E-02     104     0.15027414E-01
-0.76000009E+01    -0.50671721E+00     0.10046488E-01     0.15000000E+01    -0.95482908E-01     0.61858487E+00     0.34217435E+00     0.50392011E-02     105     0.12526029E-01
-0.75000005E+01    -0.49388701E+00     0.10028156E-01     0.15000000E+01    -0.95894985E-01     0.61688656E+00     0.34403270E+00     0.50161998E-02     105     0.12526029E-01
-0.74000010E+01    -0.48110437E+00     0.10020232E-01     0.15000000E+01    -0.96285895E-01     0.61524653E+00     0.34548730E+00     0.49906913E-02     105     0.12526029E-01
-0.73000002E+01    -0.46841183E+00     0.10030454E-01     0.15000000E+01    -0.96641012E-01     0.61366588E+00     0.34758815E+00     0.49707219E-02     105     0.12526029E-01
-0.72000012E+01    -0.45572144E+00     0.10043510E-01     0.15000000E+01    -0.96995249E-01     0.61208540E+00     0.34882891E+00     0.49405317E-02     105     0.12526029E-01
-0.71000004E+01    -0.44278699E+00     0.10005116E-01     0.15000000E+01    -0.97446881E-01     0.61041391E+00     0.35032219E+00     0.49182200E-02     105     0.12526029E-01
-0.70000014E+01    -0.42991874E+00     0.99832155E-02     0.15000000E+01    -0.97862273E-01     0.60875380E+00     0.35125938E+00     0.48942016E-02     106     0.10334659E-01
-0.69000006E+01    -0.41708484E+00     0.99687707E-02     0.15000000E+01    -0.98265477E-01     0.60712451E+00     0.35213956E+00     0.48723612E-02     106     0.10334659E-01
-0.68000016E+01    -0.40427738E+00     0.99602006E-02     0.15000000E+01    -0.98657317E-01     0.60556644E+00     0.35299274E+00     0.48506591E-02     106     0.10334659E-01
-0.67000008E+01    -0.39149144E+00     0.99561326E-02     0.15000000E+01    -0.99042997E-01     0.60406590E+00     0.35382840E+00     0.48282701E-02     106     0.10334659E-01
-0.66000018E+01    -0.37879014E+00     0.99692168E-02     0.15000000E+01    -0.99402480E-01     0.60211480E+00     0.35517445E+00     0.48130560E-02     106     0.10334659E-01
-0.65000010E+01    -0.36603791E+00     0.99731209E-02     0.15000000E+01    -0.99779703E-01     0.60061407E+00     0.35594589E+00     0.47907252E-02     106     0.10334659E-01
-0.64000001E+01    -0.35326222E+00     0.99753262E-02     0.15000000E+01    -0.10014087E+00     0.59905237E+00     0.35703552E+00     0.47703232E-02     107     0.84213689E-02
-0.63000011E+01    -0.34046817E+00     0.99742934E-02     0.15000000E+01    -0.10051378E+00     0.59749520E+00     0.35766819E+00     0.47434624E-02     107     0.84213689E-02
-0.62000003E+01    -0.32755682E+00     0.99414336E-02     0.15000000E+01    -0.10094931E+00     0.59599167E+00     0.35841098E+00     0.47133234E-02     107     0.84213689E-02
-0.61000009E+01    -0.31468263E+00     0.99194162E-02     0.15000000E+01    -0.10136891E+00     0.59452039E+00     0.35903940E+00     0.46881810E-02     107     0.84213689E-02
-0.60000000E+01    -0.30186608E+00     0.99106571E-02     0.15000000E+01    -0.10176878E+00     0.59311444E+00     0.36002192E+00     0.46780054E-02     107     0.84213689E-02
-0.59000010E+01    -0.28905460E+00     0.99036489E-02     0.15000000E+01    -0.10216473E+00     0.59174061E+00     0.36053145E+00     0.46566785E-02     108     0.67574694E-02
-0.58000002E+01    -0.27627188E+00     0.99027017E-02     0.15000000E+01    -0.10255423E+00     0.59036845E+00     0.36103261E+00     0.46376330E-02     108     0.67574694E-02
-0.57000012E+01    -0.26348841E+00     0.99030565E-02     0.15000000E+01    -0.10293087E+00     0.58892417E+00     0.36183625E+00     0.46304576E-02     108     0.67574694E-02
-0.56000004E+01    -0.25068420E+00     0.99003008E-02     0.15000000E+01    -0.10330306E+00     0.58697259E+00     0.36272869E+00     0.46221879E-02     108     0.67574694E-02
-0.55000014E+01    -0.23784909E+00     0.98905275E-02     0.15000000E+01    -0.10369351E+00     0.58552349E+00     0.36320603E+00     0.46010986E-02     108     0.67574694E-02
-0.54000006E+01    -0.22503065E+00     0.98836981E-02     0.15000000E+01    -0.10408112E+00     0.58414048E+00     0.36368954E+00     0.45800735E-02     108     0.67574694E-02
-0.53000016E+01    -0.21222064E+00     0.98792668E-02     0.15000000E+01    -0.10446661E+00     0.58279067E+00     0.36417270E+00     0.45577683E-02     109     0.53184223E-02
-0.52000008E+01    -0.19947317E+00     0.98899733E-02     0.15000000E+01    -0.10482930E+00     0.58148545E+00     0.36497355E+00     0.45455424E-02     109     0.53184223E-02
-0.51000013E+01    -0.18676040E+00     0.99106655E-02     0.15000000E+01    -0.10518014E+00     0.58019608E+00     0.36579022E+00     0.45353826E-02     109     0.53184223E-02
-0.50000010E+01    -0.17401299E+00     0.99213738E-02     0.15000000E+01    -0.10555101E+00     0.57888299E+00     0.36618668E+00     0.45160139E-02     109     0.53184223E-02
-0.49000015E+01    -0.16117807E+00     0.99175666E-02     0.15000000E+01    -0.10592775E+00     0.57750392E+00     0.36654073E+00     0.44988105E-02     109     0.53184223E-02
-0.48000007E+01    -0.14825326E+00     0.98775141E-02     0.15000000E+01    -0.10636146E+00     0.57565498E+00     0.36750844E+00     0.44715717E-02     110     0.40839603E-02
-0.47000003E+01    -0.13538677E+00     0.98568639E-02     0.15000000E+01    -0.10677119E+00     0.57431298E+00     0.36827406E+00     0.44576577E-02     110     0.40839603E-02
-0.46000009E+01    -0.12256565E+00     0.98490287E-02     0.15000000E+01    -0.10716216E+00     0.57298797E+00     0.36897838E+00     0.44506108E-02     110     0.40839603E-02
-0.45000000E+01    -0.10973642E+00     0.98394416E-02     0.15000000E+01    -0.10755610E+00     0.57173049E+00     0.36931846E+00     0.44328580E-02     110     0.40839603E-02
-0.44000010E+01    -0.97012289E-01     0.98542850E-02     0.15000000E+01    -0.10791247E+00     0.57049102E+00     0.37019959E+00     0.44398387E-02     110     0.40839603E-02
-0.43000002E+01    -0.84268175E-01     0.98643014E-02     0.15000000E+01    -0.10827874E+00     0.56927979E+00     0.37079412E+00     0.44351653E-02     111     0.30372913E-02
-0.42000012E+01    -0.71527936E-01     0.98729311E-02     0.15000000E+01    -0.10865026E+00     0.56801987E+00     0.37125441E+00     0.44254614E-02     111     0.30372913E-02
-0.41000004E+01    -0.58665968E-01     0.98599819E-02     0.15000000E+01    -0.10904093E+00     0.56672168E+00     0.37159079E+00     0.44120708E-02     111     0.30372913E-02
-0.40000014E+01    -0.45808356E-01     0.98470589E-02     0.15000000E+01    -0.10942981E+00     0.56539536E+00     0.37194222E+00     0.43958165E-02     111     0.30372913E-02
-0.39000006E+01    -0.32966133E-01     0.98370789E-02     0.15000000E+01    -0.10981686E+00     0.56411171E+00     0.37229508E+00     0.43797758E-02     111     0.30372913E-02
-0.38000014E+01    -0.20149386E-01     0.98309908E-02     0.15000000E+01    -0.11019885E+00     0.56241971E+00     0.37265486E+00     0.43619690E-02     112     0.21643129E-02
-0.37000005E+01    -0.73410301E-02     0.98274583E-02     0.15000000E+01    -0.11057986E+00     0.56120008E+00     0.37301636E+00     0.43462524E-02     112     0.21643129E-02
-0.36000016E+01     0.54460671E-02     0.98275421E-02     0.15000000E+01    -0.11095661E+00     0.56001693E+00     0.37337866E+00     0.43315128E-02     112     0.21643129E-02
-0.35000007E+01     0.18221073E-01     0.98312460E-02     0.15000000E+01    -0.11132968E+00     0.55886328E+00     0.37374973E+00     0.43176594E-02     112     0.21643129E-02
-0.34000015E+01     0.30964507E-01     0.98398654E-02     0.15000000E+01    -0.11169886E+00     0.55767858E+00     0.37412387E+00     0.43052020E-02     112     0.21643129E-02
-0.33000009E+01     0.43749996E-01     0.98415399E-02     0.15000000E+01    -0.11207112E+00     0.55643535E+00     0.37447149E+00     0.42944872E-02     113     0.14532950E-02
-0.32000017E+01     0.56591291E-01     0.98342653E-02     0.15000000E+01    -0.11244812E+00     0.55517888E+00     0.37482992E+00     0.42812079E-02     113     0.14532950E-02
-0.31000009E+01     0.69409013E-01     0.98319221E-02     0.15000000E+01    -0.11281984E+00     0.55393511E+00     0.37515944E+00     0.42693596E-02     113     0.14532950E-02
-0.30000000E+01     0.82201414E-01     0.98344013E-02     0.15000000E+01    -0.11318646E+00     0.55271560E+00     0.37546682E+00     0.42588348E-02     113     0.14532950E-02
-0.29000010E+01     0.94999202E-01     0.98310532E-02     0.15000000E+01    -0.11356216E+00     0.55113608E+00     0.37582773E+00     0.42436211E-02     113     0.14532950E-02
-0.28000002E+01     0.10786507E+00     0.98051531E-02     0.15000000E+01    -0.11397583E+00     0.54997069E+00     0.37639260E+00     0.42207846E-02     114     0.89414942E-03
-0.27000012E+01     0.12069067E+00     0.97915661E-02     0.15000000E+01    -0.11437401E+00     0.54884869E+00     0.37686139E+00     0.42059859E-02     114     0.89414942E-03
-0.26000004E+01     0.13347796E+00     0.97868051E-02     0.15000000E+01    -0.11476107E+00     0.54773557E+00     0.37727657E+00     0.41957982E-02     114     0.89414942E-03
-0.25000012E+01     0.14622663E+00     0.97900946E-02     0.15000000E+01    -0.11513895E+00     0.54657829E+00     0.37765619E+00     0.41892701E-02     114     0.89414942E-03
-0.24000003E+01     0.15906018E+00     0.97803250E-02     0.15000000E+01    -0.11552300E+00     0.54537910E+00     0.37801579E+00     0.41852118E-02     114     0.89414942E-03
-0.23000014E+01     0.17191230E+00     0.97675053E-02     0.15000000E+01    -0.11590825E+00     0.54416132E+00     0.37837309E+00     0.41783135E-02     115     0.47783012E-03
-0.22000005E+01     0.18473825E+00     0.97595565E-02     0.15000000E+01    -0.11628655E+00     0.54297245E+00     0.37871817E+00     0.41731256E-02     115     0.47783012E-03
-0.21000013E+01     0.19753917E+00     0.97547881E-02     0.15000000E+01    -0.11666018E+00     0.54141879E+00     0.37906277E+00     0.41665463E-02     115     0.47783012E-03
-0.20000007E+01     0.21031472E+00     0.97549930E-02     0.15000000E+01    -0.11702897E+00     0.54026532E+00     0.37940747E+00     0.41624219E-02     115     0.47783012E-03
-0.19000015E+01     0.22307236E+00     0.97580831E-02     0.15000000E+01    -0.11739418E+00     0.53916281E+00     0.37975514E+00     0.41590920E-02     116     0.19587070E-03
-0.18000008E+01     0.23578787E+00     0.97681070E-02     0.15000000E+01    -0.11774801E+00     0.53807580E+00     0.38026044E+00     0.41610058E-02     116     0.19587070E-03
-0.17000016E+01     0.24850278E+00     0.97785722E-02     0.15000000E+01    -0.11810602E+00     0.53700197E+00     0.38062203E+00     0.41600950E-02     116     0.19587070E-03
-0.16000009E+01     0.26118550E+00     0.97941821E-02     0.15000000E+01    -0.11845836E+00     0.53590131E+00     0.38099286E+00     0.41612824E-02     116     0.19587070E-03
-0.15000000E+01     0.27396262E+00     0.97940126E-02     0.15000000E+01    -0.11882295E+00     0.53472340E+00     0.38139376E+00     0.41622985E-02     116     0.19587070E-03
-0.14000009E+01     0.28677222E+00     0.97881071E-02     0.15000000E+01    -0.11919104E+00     0.53354132E+00     0.38177696E+00     0.41592489E-02     117     0.39888557E-04
-0.13000002E+01     0.29956672E+00     0.97842226E-02     0.15000000E+01    -0.11955547E+00     0.53201193E+00     0.38217109E+00     0.41552214E-02     117     0.39888557E-04
-0.12000011E+01     0.31232607E+00     0.97864205E-02     0.15000000E+01    -0.11991399E+00     0.53084099E+00     0.38257709E+00     0.41534072E-02     117     0.39888557E-04
-0.11000003E+01     0.32506377E+00     0.97917924E-02     0.15000000E+01    -0.12026943E+00     0.52975112E+00     0.38297057E+00     0.41522412E-02     117     0.39888557E-04
-0.10000012E+01     0.33777452E+00     0.98011093E-02     0.15000000E+01    -0.12061909E+00     0.52867091E+00     0.38337666E+00     0.41521005E-02     118     0.13656995E-05
-0.90000039E+00     0.35046664E+00     0.98137548E-02     0.15000000E+01    -0.12096456E+00     0.52761954E+00     0.38376611E+00     0.41524661E-02     118     0.13656995E-05
-0.80000126E+00     0.36312658E+00     0.98314192E-02     0.15000000E+01    -0.12130419E+00     0.52656937E+00     0.38414109E+00     0.41545155E-02     118     0.13656995E-05
-0.70000046E+00     0.37574422E+00     0.98559372E-02     0.15000000E+01    -0.12163538E+00     0.52548403E+00     0.38449267E+00     0.41595018E-02     118     0.13656995E-05
-0.60000139E+00     0.38841516E+00     0.98730531E-02     0.15000000E+01    -0.12197067E+00     0.52435499E+00     0.38481277E+00     0.41672830E-02     119     0.75805736E-04
-0.50000060E+00     0.40129119E+00     0.98485183E-02     0.15000000E+01    -0.12236358E+00     0.52282470E+00     0.38537291E+00     0.41580023E-02     119     0.75805736E-04
-0.40000150E+00     0.41412374E+00     0.98315170E-02     0.15000000E+01    -0.12275192E+00     0.52167803E+00     0.38591906E+00     0.41545671E-02     119     0.75805736E-04
-0.30000070E+00     0.42691806E+00     0.98230727E-02     0.15000000E+01    -0.12312689E+00     0.52057058E+00     0.38640010E+00     0.41556847E-02     119     0.75805736E-04
-0.20000160E+00     0.43967241E+00     0.98212194E-02     0.15000000E+01    -0.12349291E+00     0.51947773E+00     0.38682765E+00     0.41590910E-02     119     0.75805736E-04
-0.10000080E+00     0.45238960E+00     0.98249419E-02     0.15000000E+01    -0.12385035E+00     0.51841158E+00     0.38722861E+00     0.41650641E-02     120     0.26949524E-03
 0.00000000E+00     0.46508241E+00     0.98328590E-02     0.15000000E+01    -0.12420120E+00     0.51737148E+00     0.38761598E+00     0.41722120E-02     120     0.26949524E-03
 0.99999093E-01     0.47771674E+00     0.98482845E-02     0.15000000E+01    -0.12454148E+00     0.51599175E+00     0.38800195E+00     0.41797142E-02     120     0.26949524E-03
 0.19999990E+00     0.49032459E+00     0.98684868E-02     0.15000000E+01    -0.12487672E+00     0.51493728E+00     0.38838792E+00     0.41914610E-02     120     0.26949524E-03
 0.29999900E+00     0.50298810E+00     0.98802783E-02     0.15000000E+01    -0.12521790E+00     0.51380765E+00     0.38875437E+00     0.42051878E-02     121     0.58935303E-03
 0.39999980E+00     0.51574957E+00     0.98774331E-02     0.15000000E+01    -0.12557164E+00     0.51267356E+00     0.38914353E+00     0.42124982E-02     121     0.58935303E-03
 0.49999887E+00     0.52847761E+00     0.98791346E-02     0.15000000E+01    -0.12591992E+00     0.51153636E+00     0.38954523E+00     0.42211474E-02     121     0.58935303E-03
 0.59999967E+00     0.54118305E+00     0.98837670E-02     0.15000000E+01    -0.12626348E+00     0.51043797E+00     0.38995168E+00     0.42302995E-02     121     0.58935303E-03
 0.69999880E+00     0.55384070E+00     0.98950006E-02     0.15000000E+01    -0.12659550E+00     0.50934923E+00     0.39052439E+00     0.42434027E-02     121     0.58935303E-03
 0.79999959E+00     0.56648028E+00     0.99074980E-02     0.15000000E+01    -0.12692854E+00     0.50792491E+00     0.39094517E+00     0.42523076E-02     122     0.10421828E-02
 0.89999866E+00     0.57910115E+00     0.99230669E-02     0.15000000E+01    -0.12725760E+00     0.50689721E+00     0.39137968E+00     0.42631654E-02     122     0.10421828E-02
 0.99999946E+00     0.59169024E+00     0.99427672E-02     0.15000000E+01    -0.12758163E+00     0.50587308E+00     0.39180803E+00     0.42752312E-02     122     0.10421828E-02
 0.10999986E+01     0.60423559E+00     0.99679260E-02     0.15000000E+01    -0.12789890E+00     0.50483418E+00     0.39225668E+00     0.42893058E-02     122     0.10421828E-02
 0.11999993E+01     0.61673880E+00     0.99989800E-02     0.15000000E+01    -0.12820862E+00     0.50373185E+00     0.39267629E+00     0.43092677E-02     122     0.10421828E-02
 0.12999984E+01     0.62948561E+00     0.99955145E-02     0.15000000E+01    -0.12854992E+00     0.50223488E+00     0.39310899E+00     0.43164198E-02     123     0.16348928E-02
 0.13999993E+01     0.64214784E+00     0.10003999E-01     0.15000000E+01    -0.12887859E+00     0.50109130E+00     0.39351848E+00     0.43275910E-02     123     0.16348928E-02
 0.14999983E+01     0.65477663E+00     0.10017048E-01     0.15000000E+01    -0.12919934E+00     0.49997765E+00     0.39389896E+00     0.43399562E-02     123     0.16348928E-02
 0.15999992E+01     0.66736931E+00     0.10035552E-01     0.15000000E+01    -0.12951136E+00     0.49889517E+00     0.39424765E+00     0.43540541E-02     123     0.16348928E-02
 0.16999999E+01     0.68006796E+00     0.10030773E-01     0.15000000E+01    -0.12987360E+00     0.49782538E+00     0.39491388E+00     0.43612560E-02     123     0.16348928E-02
 0.17999990E+01     0.69269514E+00     0.10036519E-01     0.15000000E+01    -0.13021791E+00     0.49643278E+00     0.39548355E+00     0.43723378E-02     124     0.23748465E-02
 0.18999999E+01     0.70527816E+00     0.10050137E-01     0.15000000E+01    -0.13055053E+00     0.49540648E+00     0.39597043E+00     0.43886290E-02     124     0.23748465E-02
 0.19999989E+01     0.71780121E+00     0.10072053E-01     0.15000000E+01    -0.13086997E+00     0.49436420E+00     0.39642230E+00     0.44091684E-02     124     0.23748465E-02
 0.20999997E+01     0.73028392E+00     0.10099458E-01     0.15000000E+01    -0.13118114E+00     0.49324548E+00     0.39686266E+00     0.44359909E-02     124     0.23748465E-02
 0.21999989E+01     0.74301893E+00     0.10092635E-01     0.15000000E+01    -0.13152596E+00     0.49172950E+00     0.39728513E+00     0.44492017E-02     124     0.23748465E-02
 0.22999997E+01     0.75566888E+00     0.10097669E-01     0.15000000E+01    -0.13185678E+00     0.49057248E+00     0.39771053E+00     0.44679963E-02     125     0.32701876E-02
 0.23999987E+01     0.76828033E+00     0.10106860E-01     0.15000000E+01    -0.13217998E+00     0.48944873E+00     0.39811984E+00     0.44867108E-02     125     0.32701876E-02
 0.24999995E+01     0.78085130E+00     0.10120264E-01     0.15000000E+01    -0.13249572E+00     0.48796389E+00     0.39853764E+00     0.45043770E-02     125     0.32701876E-02
 0.25999987E+01     0.79338092E+00     0.10139023E-01     0.15000000E+01    -0.13280500E+00     0.48688462E+00     0.39896607E+00     0.45252074E-02     125     0.32701876E-02
 0.26999993E+01     0.80587369E+00     0.10161855E-01     0.15000000E+01    -0.13310851E+00     0.48583508E+00     0.39940652E+00     0.45475685E-02     125     0.32701876E-02
 0.27999985E+01     0.81826568E+00     0.10196169E-01     0.15000000E+01    -0.13339244E+00     0.48441574E+00     0.40003490E+00     0.45744013E-02     126     0.43303436E-02
 0.28999994E+01     0.83063966E+00     0.10232560E-01     0.15000000E+01    -0.13367714E+00     0.48333097E+00     0.40049225E+00     0.46023196E-02     126     0.43303436E-02
 0.29999983E+01     0.84319389E+00     0.10246905E-01     0.15000000E+01    -0.13398594E+00     0.48216128E+00     0.40096197E+00     0.46272222E-02     126     0.43303436E-02
 0.30999992E+01     0.85581768E+00     0.10250849E-01     0.15000000E+01    -0.13430440E+00     0.48056507E+00     0.40144342E+00     0.46437071E-02     126     0.43303436E-02
 0.31999984E+01     0.86836553E+00     0.10264274E-01     0.15000000E+01    -0.13461009E+00     0.47938302E+00     0.40191096E+00     0.46643908E-02     126     0.43303436E-02
 0.32999990E+01     0.88086611E+00     0.10282389E-01     0.15000000E+01    -0.13490754E+00     0.47781873E+00     0.40239668E+00     0.46848636E-02     127     0.55664545E-02
 0.33999999E+01     0.89329696E+00     0.10308719E-01     0.15000000E+01    -0.13519248E+00     0.47629035E+00     0.40285450E+00     0.47063287E-02     127     0.55664545E-02
 0.34999990E+01     0.90568173E+00     0.10340250E-01     0.15000000E+01    -0.13546987E+00     0.47519627E+00     0.40327933E+00     0.47317450E-02     127     0.55664545E-02
 0.35999999E+01     0.91795421E+00     0.10384958E-01     0.15000000E+01    -0.13572791E+00     0.47367847E+00     0.40367526E+00     0.47600376E-02     127     0.55664545E-02
 0.36999989E+01     0.93039137E+00     0.10404625E-01     0.15000000E+01    -0.13603000E+00     0.47200587E+00     0.40428981E+00     0.47860770E-02     127     0.55664545E-02
 0.37999997E+01     0.94308680E+00     0.10392319E-01     0.15000000E+01    -0.13637415E+00     0.46974564E+00     0.40494248E+00     0.48005572E-02     128     0.69917417E-02
 0.38999987E+01     0.95562226E+00     0.10400807E-01     0.15000000E+01    -0.13668947E+00     0.46849990E+00     0.40547940E+00     0.48255268E-02     128     0.69917417E-02
 0.39999995E+01     0.96807790E+00     0.10418169E-01     0.15000000E+01    -0.13698858E+00     0.46677631E+00     0.40597919E+00     0.48513277E-02     128     0.69917417E-02
 0.40999985E+01     0.98044580E+00     0.10445186E-01     0.15000000E+01    -0.13727200E+00     0.46506709E+00     0.40644443E+00     0.48797843E-02     128     0.69917417E-02
 0.41999993E+01     0.99270684E+00     0.10484222E-01     0.15000000E+01    -0.13753808E+00     0.46334365E+00     0.40691569E+00     0.49128458E-02     128     0.69917417E-02
 0.42999988E+01     0.10050776E+01     0.10510461E-01     0.15000000E+01    -0.13781807E+00     0.46148169E+00     0.40737796E+00     0.49471059E-02     128     0.69917417E-02
 0.43999991E+01     0.10175987E+01     0.10518372E-01     0.15000000E+01    -0.13811827E+00     0.45942652E+00     0.40784591E+00     0.49727671E-02     129     0.86222664E-02
 0.44999986E+01     0.10299839E+01     0.10540618E-01     0.15000000E+01    -0.13839723E+00     0.45674777E+00     0.40829366E+00     0.49979575E-02     129     0.86222664E-02
 0.45999994E+01     0.10423111E+01     0.10570290E-01     0.15000000E+01    -0.13866685E+00     0.45542398E+00     0.40876672E+00     0.50312113E-02     129     0.86222664E-02
 0.47000003E+01     0.10545039E+01     0.10613839E-01     0.15000000E+01    -0.13891554E+00     0.45347655E+00     0.40925729E+00     0.50667976E-02     129     0.86222664E-02
 0.47999973E+01     0.10666795E+01     0.10658707E-01     0.15000000E+01    -0.13916153E+00     0.45209485E+00     0.40974763E+00     0.51089413E-02     129     0.86222664E-02
 0.48999982E+01     0.10791907E+01     0.10664348E-01     0.15000000E+01    -0.13945553E+00     0.44896364E+00     0.41026294E+00     0.51301266E-02     129     0.86222664E-02
 0.49999990E+01     0.10914658E+01     0.10696355E-01     0.15000000E+01    -0.13971063E+00     0.44660470E+00     0.41096869E+00     0.51648789E-02     130     0.10477415E-01
 0.50999999E+01     0.11036432E+01     0.10738485E-01     0.15000000E+01    -0.13995342E+00     0.44429612E+00     0.41150030E+00     0.51996829E-02     130     0.10477415E-01
 0.52000008E+01     0.11156588E+01     0.10797958E-01     0.15000000E+01    -0.14017175E+00     0.44194800E+00     0.41200322E+00     0.52438909E-02     130     0.10477415E-01
 0.52999978E+01     0.11280518E+01     0.10814908E-01     0.15000000E+01    -0.14044149E+00     0.43913496E+00     0.41250658E+00     0.52712387E-02     130     0.10477415E-01
 0.53999987E+01     0.11401834E+01     0.10859402E-01     0.15000000E+01    -0.14067271E+00     0.43520787E+00     0.41298988E+00     0.53039491E-02     130     0.10477415E-01
 0.54999995E+01     0.11522692E+01     0.10909369E-01     0.15000000E+01    -0.14089386E+00     0.43344355E+00     0.41341597E+00     0.53449827E-02     130     0.10477415E-01
 0.56000004E+01     0.11644342E+01     0.10945703E-01     0.15000000E+01    -0.14114967E+00     0.42905912E+00     0.41410181E+00     0.53841448E-02     131     0.12580140E-01
 0.56999979E+01     0.11766419E+01     0.10977121E-01     0.15000000E+01    -0.14141124E+00     0.42565903E+00     0.41477972E+00     0.54224865E-02     131     0.12580140E-01
 0.57999988E+01     0.11885604E+01     0.11040216E-01     0.15000000E+01    -0.14162602E+00     0.42220902E+00     0.41535455E+00     0.54729260E-02     131     0.12580140E-01
 0.58999996E+01     0.12008011E+01     0.11067324E-01     0.15000000E+01    -0.14188302E+00     0.41983673E+00     0.41588059E+00     0.55165668E-02     131     0.12580140E-01
 0.60000000E+01     0.12128888E+01     0.11110320E-01     0.15000000E+01    -0.14211568E+00     0.41588581E+00     0.41639870E+00     0.55617522E-02     131     0.12580140E-01
 0.60999975E+01     0.12248785E+01     0.11163147E-01     0.15000000E+01    -0.14233229E+00     0.41338637E+00     0.41690245E+00     0.56130309E-02     131     0.12580140E-01
 0.61999984E+01     0.12368146E+01     0.11220916E-01     0.15000000E+01    -0.14253950E+00     0.40905952E+00     0.41740981E+00     0.56688027E-02     132     0.14958286E-01
 0.62999992E+01     0.12488519E+01     0.11266271E-01     0.15000000E+01    -0.14275801E+00     0.40616697E+00     0.41790637E+00     0.57179164E-02     132     0.14958286E-01
 0.64000001E+01     0.12607155E+01     0.11328988E-01     0.15000000E+01    -0.14295143E+00     0.40325427E+00     0.41840887E+00     0.57744342E-02     132     0.14958286E-01
 0.65000010E+01     0.12725168E+01     0.11397831E-01     0.15000000E+01    -0.14313409E+00     0.39820227E+00     0.41893280E+00     0.58345990E-02     132     0.14958286E-01
 0.65999980E+01     0.12843789E+01     0.11458239E-01     0.15000000E+01    -0.14332418E+00     0.39478931E+00     0.41946733E+00     0.58910311E-02     132     0.14958286E-01
 0.66999989E+01     0.12960433E+01     0.11537890E-01     0.15000000E+01    -0.14348601E+00     0.39130470E+00     0.42002788E+00     0.59589259E-02     132     0.14958286E-01
 0.67999997E+01     0.13079320E+01     0.11592356E-01     0.15000000E+01    -0.14367665E+00     0.38738957E+00     0.42057920E+00     0.60154544E-02     133     0.17644048E-01
 0.69000006E+01     0.13192186E+01     0.11708394E-01     0.15000000E+01    -0.14377838E+00     0.38103756E+00     0.42135403E+00     0.61001689E-02     133     0.17644048E-01
 0.69999981E+01     0.13309208E+01     0.11779005E-01     0.15000000E+01    -0.14393944E+00     0.37643924E+00     0.42191240E+00     0.61631813E-02     133     0.17644048E-01
 0.70999990E+01     0.13422632E+01     0.11885316E-01     0.15000000E+01    -0.14404815E+00     0.37169555E+00     0.42244750E+00     0.62459288E-02     133     0.17644048E-01
 0.71999998E+01     0.13537982E+01     0.11969465E-01     0.15000000E+01    -0.14418001E+00     0.36639380E+00     0.42295876E+00     0.63164909E-02     133     0.17644048E-01
 0.73000002E+01     0.13646579E+01     0.12119980E-01     0.15000000E+01    -0.14421484E+00     0.35768011E+00     0.42340672E+00     0.64217914E-02     133     0.17644048E-01
 0.73999977E+01     0.13757803E+01     0.12238231E-01     0.15000000E+01    -0.14430937E+00     0.35132754E+00     0.42419156E+00     0.65216981E-02     133     0.17644048E-01
 0.74999986E+01     0.13868854E+01     0.12355912E-01     0.15000000E+01    -0.14439538E+00     0.34429759E+00     0.42488346E+00     0.66237529E-02     134     0.20675475E-01
 0.75999994E+01     0.13977692E+01     0.12492502E-01     0.15000000E+01    -0.14444415E+00     0.33670506E+00     0.42547765E+00     0.67369966E-02     134     0.20675475E-01
 0.77000003E+01     0.14083685E+01     0.12652975E-01     0.15000000E+01    -0.14444746E+00     0.32839480E+00     0.42603335E+00     0.68653785E-02     134     0.20675475E-01
 0.78999982E+01     0.14279561E+01     0.13108503E-01     0.15000000E+01    -0.14421050E+00     0.30507520E+00     0.42707869E+00     0.72061052E-02     134     0.20675475E-01
 0.79999990E+01     0.14375657E+01     0.13341930E-01     0.15000000E+01    -0.14405730E+00     0.29435039E+00     0.42759413E+00     0.73852548E-02     134     0.20675475E-01
 0.81000004E+01     0.14469395E+01     0.13587607E-01     0.15000000E+01    -0.14386512E+00     0.28329650E+00     0.42811561E+00     0.75756162E-02     134     0.20675475E-01
 0.82000008E+01     0.14560413E+01     0.13847400E-01     0.15000000E+01    -0.14362714E+00     0.27169296E+00     0.42863894E+00     0.77782460E-02     135     0.24095157E-01
 0.82999983E+01     0.14648693E+01     0.14120111E-01     0.15000000E+01    -0.14334314E+00     0.26014644E+00     0.42916474E+00     0.79906229E-02     135     0.24095157E-01
 0.83999987E+01     0.14733344E+01     0.14410616E-01     0.15000000E+01    -0.14299878E+00     0.24838997E+00     0.42971215E+00     0.82173813E-02     135     0.24095157E-01
 0.85000000E+01     0.14814625E+01     0.14714667E-01     0.15000000E+01    -0.14259762E+00     0.23692487E+00     0.43025866E+00     0.84562525E-02     135     0.24095157E-01
 0.86000004E+01     0.14893131E+01     0.15025846E-01     0.15000000E+01    -0.14214694E+00     0.22591971E+00     0.43081525E+00     0.87050963E-02     135     0.24095157E-01
 0.86999979E+01     0.14957743E+01     0.15421357E-01     0.15000000E+01    -0.14147510E+00     0.21077122E+00     0.43135229E+00     0.90116467E-02     135     0.24095157E-01
 0.87999983E+01     0.15031813E+01     0.15732108E-01     0.15000000E+01    -0.14093944E+00     0.20069689E+00     0.43189806E+00     0.92653660E-02     135     0.24095157E-01
 0.88999996E+01     0.15103333E+01     0.16045554E-01     0.15000000E+01    -0.14035612E+00     0.19111139E+00     0.43242753E+00     0.95238574E-02     135     0.24095157E-01
 0.90000000E+01     0.15172031E+01     0.16362516E-01     0.15000000E+01    -0.13971578E+00     0.18209115E+00     0.43312818E+00     0.97867791E-02     135     0.24095157E-01
 0.90999975E+01     0.15237867E+01     0.16681343E-01     0.15000000E+01    -0.13902457E+00     0.17352177E+00     0.43355775E+00     0.10057180E-01     136     0.27950181E-01
 0.91999989E+01     0.15301692E+01     0.16992692E-01     0.15000000E+01    -0.13831720E+00     0.16536242E+00     0.43433642E+00     0.10334895E-01     136     0.27950181E-01
 0.92999992E+01     0.15361214E+01     0.17313855E-01     0.15000000E+01    -0.13752820E+00     0.15773302E+00     0.43498227E+00     0.10623045E-01     136     0.27950181E-01
 0.94000006E+01     0.15415725E+01     0.17646249E-01     0.15000000E+01    -0.13664874E+00     0.15058619E+00     0.43554369E+00     0.10923761E-01     136     0.27950181E-01
 0.94999971E+01     0.15468447E+01     0.17969772E-01     0.15000000E+01    -0.13572979E+00     0.14373910E+00     0.43606615E+00     0.11218168E-01     136     0.27950181E-01
 0.95999985E+01     0.15516413E+01     0.18300315E-01     0.15000000E+01    -0.13472454E+00     0.13745004E+00     0.43657020E+00     0.11526417E-01     136     0.27950181E-01
 0.96999989E+01     0.15553116E+01     0.18665284E-01     0.15000000E+01    -0.13352506E+00     0.13160586E+00     0.43704528E+00     0.11867769E-01     136     0.27950181E-01
 0.98000002E+01     0.15559896E+01     0.19127395E-01     0.15000000E+01    -0.13180976E+00     0.12421911E+00     0.43747318E+00     0.12294801E-01     136     0.27950181E-01
 0.99000006E+01     0.15531697E+01     0.19509517E-01     0.15000000E+01    -0.12928700E+00     0.12073459E+00     0.43785521E+00     0.12680884E-01     136     0.27950181E-01
 0.99999981E+01     0.15505183E+01     0.20018909E-01     0.15000000E+01    -0.12694053E+00     0.11710163E+00     0.43822196E+00     0.13184709E-01     136     0.27950181E-01
 0.10099998E+02     0.15500866E+01     0.20517968E-01     0.15000000E+01    -0.12509769E+00     0.11324117E+00     0.43866026E+00     0.13685936E-01     136     0.27950181E-01
 0.10200000E+02     0.15492370E+01     0.21066519E-01     0.15000000E+01    -0.12328254E+00     0.10953691E+00     0.43905747E+00     0.14230901E-01     136     0.27950181E-01
 0.10300000E+02     0.15482602E+01     0.21652125E-01     0.15000000E+01    -0.12153924E+00     0.10605571E+00     0.43948984E+00     0.14822110E-01     137     0.32289684E-01
 0.10399998E+02     0.15478126E+01     0.22240445E-01     0.15000000E+01    -0.11995716E+00     0.10274974E+00     0.43992805E+00     0.15414376E-01     137     0.32289684E-01
 0.10499999E+02     0.15454048E+01     0.22961877E-01     0.15000000E+01    -0.11819932E+00     0.99684581E-01     0.44032690E+00     0.16140526E-01     137     0.32289684E-01
 0.10599999E+02     0.15447462E+01     0.23619896E-01     0.15000000E+01    -0.11676527E+00     0.96703142E-01     0.44079268E+00     0.16808989E-01     137     0.32289684E-01
 0.10700000E+02     0.15428382E+01     0.24384461E-01     0.15000000E+01    -0.11527306E+00     0.93993112E-01     0.44119197E+00     0.17583318E-01     137     0.32289684E-01
 0.10799997E+02     0.15394561E+01     0.25283018E-01     0.15000000E+01    -0.11372340E+00     0.91459334E-01     0.44160166E+00     0.18495865E-01     137     0.32289684E-01
 0.10899999E+02     0.15377512E+01     0.26121279E-01     0.15000000E+01    -0.11246830E+00     0.89039393E-01     0.44203418E+00     0.19351685E-01     137     0.32289684E-01
 0.10999999E+02     0.15348767E+01     0.27074784E-01     0.15000000E+01    -0.11120357E+00     0.86772069E-01     0.44243115E+00     0.20322721E-01     137     0.32289684E-01
 0.11100000E+02     0.15305707E+01     0.28183486E-01     0.15000000E+01    -0.10993265E+00     0.84805958E-01     0.44280061E+00     0.21448562E-01     137     0.32289684E-01
 0.11200001E+02     0.15269195E+01     0.29300077E-01     0.15000000E+01    -0.10884173E+00     0.82807899E-01     0.44316050E+00     0.22592790E-01     137     0.32289684E-01
 0.11299998E+02     0.15237861E+01     0.30424450E-01     0.15000000E+01    -0.10789412E+00     0.80971129E-01     0.44348916E+00     0.23741979E-01     137     0.32289684E-01
 0.11399999E+02     0.15195946E+01     0.31676192E-01     0.15000000E+01    -0.10697035E+00     0.79283237E-01     0.44381839E+00     0.25018360E-01     137     0.32289684E-01
 0.11500000E+02     0.15144010E+01     0.33055887E-01     0.15000000E+01    -0.10609874E+00     0.77694230E-01     0.44424975E+00     0.26427601E-01     137     0.32289684E-01
 0.11600000E+02     0.15090683E+01     0.34491669E-01     0.15000000E+01    -0.10532162E+00     0.76127782E-01     0.44470406E+00     0.27903030E-01     137     0.32289684E-01
 0.11699998E+02     0.15053961E+01     0.35809051E-01     0.15000000E+01    -0.10468859E+00     0.74649535E-01     0.44545218E+00     0.29260036E-01     137     0.32289684E-01
 0.11799999E+02     0.15010692E+01     0.37207000E-01     0.15000000E+01    -0.10407008E+00     0.73261589E-01     0.44558012E+00     0.30691870E-01     137     0.32289684E-01
 0.11900000E+02     0.14957063E+01     0.38705014E-01     0.15000000E+01    -0.10344888E+00     0.71938887E-01     0.44619393E+00     0.32227430E-01     137     0.32289684E-01
 0.12000000E+02     0.14895388E+01     0.40293202E-01     0.15000000E+01    -0.10283037E+00     0.70721887E-01     0.44652110E+00     0.33849441E-01     137     0.32289684E-01
 0.12099998E+02     0.14828533E+01     0.41923810E-01     0.15000000E+01    -0.10221645E+00     0.69659479E-01     0.44682011E+00     0.35513725E-01     137     0.32289684E-01
 0.12199999E+02     0.14761930E+01     0.43562986E-01     0.15000000E+01    -0.10162871E+00     0.67751385E-01     0.44711083E+00     0.37191212E-01     137     0.32289684E-01
 0.12299999E+02     0.14708129E+01     0.45066670E-01     0.15000000E+01    -0.10109768E+00     0.66716477E-01     0.44744164E+00     0.38731672E-01     137     0.32289684E-01
 0.12400001E+02     0.14648241E+01     0.46620373E-01     0.15000000E+01    -0.10055164E+00     0.65713905E-01     0.44773996E+00     0.40320963E-01     137     0.32289684E-01
 0.12499997E+02     0.14583813E+01     0.48193309E-01     0.15000000E+01    -0.99989079E-01     0.64820014E-01     0.44802499E+00     0.41928906E-01     137     0.32289684E-01
 0.12599998E+02     0.14511034E+01     0.49832758E-01     0.15000000E+01    -0.99400565E-01     0.63898951E-01     0.44830424E+00     0.43601930E-01     137     0.32289684E-01
 0.12699999E+02     0.14434464E+01     0.51476881E-01     0.15000000E+01    -0.98798715E-01     0.63103378E-01     0.44857273E+00     0.45280069E-01     137     0.32289684E-01
 0.12800000E+02     0.14355539E+01     0.53139430E-01     0.15000000E+01    -0.98211259E-01     0.62308963E-01     0.44883126E+00     0.46983682E-01     137     0.32289684E-01
 0.12900001E+02     0.14291351E+01     0.54649577E-01     0.15000000E+01    -0.97677656E-01     0.61523780E-01     0.44912785E+00     0.48533428E-01     138     0.37160967E-01
 0.12999998E+02     0.14232864E+01     0.56101605E-01     0.15000000E+01    -0.97163096E-01     0.60779735E-01     0.44941956E+00     0.50020099E-01     138     0.37160967E-01
 0.13099999E+02     0.14165211E+01     0.57645667E-01     0.15000000E+01    -0.96660398E-01     0.60008086E-01     0.44970819E+00     0.51599771E-01     138     0.37160967E-01
 0.13200000E+02     0.14100186E+01     0.59180133E-01     0.15000000E+01    -0.96194543E-01     0.59311636E-01     0.44998297E+00     0.53168721E-01     138     0.37160967E-01
 0.13300000E+02     0.14041111E+01     0.60655180E-01     0.15000000E+01    -0.95761247E-01     0.58512099E-01     0.45029956E+00     0.54673355E-01     138     0.37160967E-01
 0.13399998E+02     0.13973798E+01     0.62250484E-01     0.15000000E+01    -0.95380202E-01     0.57806414E-01     0.45057803E+00     0.56300156E-01     138     0.37160967E-01
 0.13499999E+02     0.13914447E+01     0.63777924E-01     0.15000000E+01    -0.95045179E-01     0.57057966E-01     0.45090470E+00     0.57854608E-01     138     0.37160967E-01
 0.13599999E+02     0.13854555E+01     0.65341137E-01     0.15000000E+01    -0.94757393E-01     0.56213439E-01     0.45118913E+00     0.59442591E-01     138     0.37160967E-01
 0.13700001E+02     0.13810152E+01     0.66797137E-01     0.15000000E+01    -0.94563857E-01     0.55414952E-01     0.45153993E+00     0.60931791E-01     138     0.37160967E-01
 0.13799997E+02     0.13779296E+01     0.68121247E-01     0.15000000E+01    -0.94408117E-01     0.54559138E-01     0.45190647E+00     0.62282648E-01     138     0.37160967E-01
 0.13899999E+02     0.13748431E+01     0.69498405E-01     0.15000000E+01    -0.94308682E-01     0.53802080E-01     0.45231855E+00     0.63685991E-01     138     0.37160967E-01
 0.13999999E+02     0.13718717E+01     0.70858993E-01     0.15000000E+01    -0.94239987E-01     0.52987248E-01     0.45268458E+00     0.65070301E-01     138     0.37160967E-01
 0.14100000E+02     0.13692931E+01     0.72201155E-01     0.15000000E+01    -0.94195694E-01     0.52257460E-01     0.45308176E+00     0.66433430E-01     138     0.37160967E-01
 0.14199998E+02     0.13662105E+01     0.73624521E-01     0.15000000E+01    -0.94219379E-01     0.51515065E-01     0.45343742E+00     0.67878038E-01     138     0.37160967E-01
 0.14299998E+02     0.13637164E+01     0.74970648E-01     0.15000000E+01    -0.94231024E-01     0.50696880E-01     0.45379782E+00     0.69238171E-01     138     0.37160967E-01
 0.14400000E+02     0.13603693E+01     0.76463059E-01     0.15000000E+01    -0.94330564E-01     0.49877170E-01     0.45408863E+00     0.70748180E-01     138     0.37160967E-01
 0.14500000E+02     0.13594817E+01     0.77684082E-01     0.15000000E+01    -0.94405882E-01     0.49034864E-01     0.45450699E+00     0.71990944E-01     138     0.37160967E-01
 0.14600000E+02     0.13588129E+01     0.78936927E-01     0.15000000E+01    -0.94567537E-01     0.48383147E-01     0.45505223E+00     0.73273577E-01     138     0.37160967E-01
 0.14699998E+02     0.13580475E+01     0.80202363E-01     0.15000000E+01    -0.94765581E-01     0.47650620E-01     0.45561463E+00     0.74567162E-01     138     0.37160967E-01
 0.14799999E+02     0.13580161E+01     0.81353761E-01     0.15000000E+01    -0.94934180E-01     0.46900716E-01     0.45608440E+00     0.75741097E-01     138     0.37160967E-01
 0.15000001E+02     0.13551009E+01     0.84055200E-01     0.15000000E+01    -0.95434047E-01     0.45211818E-01     0.45695579E+00     0.78482300E-01     138     0.37160967E-01
 0.15099998E+02     0.13552060E+01     0.85227326E-01     0.15000000E+01    -0.95663920E-01     0.44852298E-01     0.45745462E+00     0.79677314E-01     138     0.37160967E-01
 0.15199999E+02     0.13536903E+01     0.86614706E-01     0.15000000E+01    -0.96001953E-01     0.44096932E-01     0.45812744E+00     0.81085771E-01     138     0.37160967E-01
 0.15299999E+02     0.13538775E+01     0.87798186E-01     0.15000000E+01    -0.96284136E-01     0.43189492E-01     0.45826298E+00     0.82290806E-01     138     0.37160967E-01
 0.15400001E+02     0.13546636E+01     0.88911116E-01     0.15000000E+01    -0.96565008E-01     0.42526044E-01     0.45904377E+00     0.83430432E-01     139     0.42605218E-01
 0.15499998E+02     0.13547059E+01     0.90150803E-01     0.15000000E+01    -0.96914284E-01     0.41993175E-01     0.45949882E+00     0.84694184E-01     139     0.42605218E-01
 0.15599998E+02     0.13551985E+01     0.91294594E-01     0.15000000E+01    -0.97240008E-01     0.41337010E-01     0.45994011E+00     0.85856982E-01     139     0.42605218E-01
 0.15699999E+02     0.13562664E+01     0.92382729E-01     0.15000000E+01    -0.97554162E-01     0.41026898E-01     0.46040958E+00     0.86965911E-01     139     0.42605218E-01
 0.15800000E+02     0.13554368E+01     0.93727916E-01     0.15000000E+01    -0.98008223E-01     0.40194586E-01     0.46082205E+00     0.88326126E-01     139     0.42605218E-01
 0.15899998E+02     0.13554875E+01     0.94946235E-01     0.15000000E+01    -0.98409630E-01     0.39672986E-01     0.46131128E+00     0.89560196E-01     139     0.42605218E-01
 0.15999998E+02     0.13559036E+01     0.96119650E-01     0.15000000E+01    -0.98811239E-01     0.39021906E-01     0.46183491E+00     0.90744950E-01     139     0.42605218E-01
 0.16099998E+02     0.13553191E+01     0.97432949E-01     0.15000000E+01    -0.99316359E-01     0.38487103E-01     0.46222430E+00     0.92076272E-01     139     0.42605218E-01
 0.16200001E+02     0.13565717E+01     0.98555066E-01     0.15000000E+01    -0.99725120E-01     0.37957732E-01     0.46280289E+00     0.93221821E-01     139     0.42605218E-01
 0.16300001E+02     0.13582981E+01     0.99570729E-01     0.15000000E+01    -0.10010669E+00     0.37533022E-01     0.46332800E+00     0.94256975E-01     139     0.42605218E-01
 0.16399998E+02     0.13593628E+01     0.10072824E+00     0.15000000E+01    -0.10059670E+00     0.36999512E-01     0.46387580E+00     0.95434599E-01     139     0.42605218E-01
 0.16499998E+02     0.13600987E+01     0.10189239E+00     0.15000000E+01    -0.10109105E+00     0.36466818E-01     0.46434987E+00     0.96615903E-01     139     0.42605218E-01
 0.16600000E+02     0.13614932E+01     0.10296089E+00     0.15000000E+01    -0.10153446E+00     0.36033466E-01     0.46480650E+00     0.97699866E-01     139     0.42605218E-01
 0.16700001E+02     0.13628645E+01     0.10404983E+00     0.15000000E+01    -0.10201395E+00     0.35678275E-01     0.46523359E+00     0.98802611E-01     139     0.42605218E-01
