  
       RFOIL         Version 3.00
  
 Calculated polar for: OSO_2025_WT2_T33                
  
 1  Reynolds number fixed
  
 xtrf =      0.05000000 (suction)     0.05000000 (pressure)
 Rot. Parameters:  f0 =      1.00000000 c/r =      0.00000000
 Mach =      0.00000000     Re =     16.00000000 e 6     Ncrit =      3.00000000
  
             alpha                CL                CD            Re(CL)                CM             S_xtr             P_xtr               CDp            I_stag            X_stag
  ------- -------- --------- --------- -------- ------- ------- -------- 
-0.23000002E+02    -0.87491399E+00     0.15701734E+00     0.16000000E+02     0.42578764E-03     0.44918221E+00     0.50000001E-01     0.15344052E+00      85     0.54956943E-01
-0.22000000E+02    -0.82462478E+00     0.14995468E+00     0.16000000E+02    -0.73442687E-02     0.50000001E-01     0.50000001E-01     0.14572872E+00      86     0.49884733E-01
-0.21500002E+02    -0.79785520E+00     0.14713413E+00     0.16000000E+02    -0.10645401E-01     0.50000001E-01     0.50000001E-01     0.14286889E+00      87     0.45182135E-01
-0.15000001E+02    -0.42491132E+00     0.11020622E+00     0.16000000E+02    -0.50767224E-01     0.50000001E-01     0.50000001E-01     0.10549717E+00      95     0.18808823E-01
-0.14500000E+02    -0.39822036E+00     0.10692710E+00     0.16000000E+02    -0.52584436E-01     0.50000001E-01     0.50000001E-01     0.10218115E+00      96     0.16611833E-01
-0.14000001E+02    -0.37620342E+00     0.10277575E+00     0.16000000E+02    -0.54563262E-01     0.50000001E-01     0.50000001E-01     0.97983353E-01      96     0.16611833E-01
-0.13500001E+02    -0.34869057E+00     0.99566720E-01     0.16000000E+02    -0.56304224E-01     0.50000001E-01     0.50000001E-01     0.94739713E-01      97     0.14598641E-01
-0.13000001E+02    -0.32588506E+00     0.95547609E-01     0.16000000E+02    -0.58189113E-01     0.50000001E-01     0.50000001E-01     0.90676531E-01      98     0.12755311E-01
-0.12500001E+02    -0.29774088E+00     0.92447504E-01     0.16000000E+02    -0.59835874E-01     0.50000001E-01     0.50000001E-01     0.87543823E-01      99     0.11069483E-01
-0.12000000E+02    -0.27423659E+00     0.88608116E-01     0.16000000E+02    -0.61616350E-01     0.50000001E-01     0.50000001E-01     0.83662756E-01      99     0.11069483E-01
-0.11500001E+02    -0.24570870E+00     0.85569747E-01     0.16000000E+02    -0.63171305E-01     0.50000001E-01     0.50000001E-01     0.80593444E-01     100     0.95301569E-02
-0.11000001E+02    -0.22147824E+00     0.81877097E-01     0.16000000E+02    -0.64842284E-01     0.50000001E-01     0.50000001E-01     0.76861553E-01     101     0.81278561E-02
-0.10500001E+02    -0.19318014E+00     0.78812867E-01     0.16000000E+02    -0.66331543E-01     0.50000001E-01     0.50000001E-01     0.73766798E-01     102     0.68541314E-02
-0.10000001E+02    -0.16778681E+00     0.75389512E-01     0.16000000E+02    -0.67862377E-01     0.50000001E-01     0.50000001E-01     0.70308052E-01     102     0.68541314E-02
-0.95000010E+01    -0.14362770E+00     0.71775146E-01     0.16000000E+02    -0.69394246E-01     0.50000001E-01     0.50000001E-01     0.66656329E-01     103     0.57018539E-02
-0.90000000E+01    -0.11334731E+00     0.69123395E-01     0.16000000E+02    -0.70679173E-01     0.50000001E-01     0.50000001E-01     0.63980088E-01     104     0.46647848E-02
-0.85000019E+01    -0.89134216E-01     0.65637834E-01     0.16000000E+02    -0.72096266E-01     0.50000001E-01     0.50000001E-01     0.60458932E-01     105     0.37378250E-02
-0.80000010E+01    -0.58604039E-01     0.63093737E-01     0.16000000E+02    -0.73276103E-01     0.50000001E-01     0.50000001E-01     0.57892393E-01     106     0.29167181E-02
-0.75000005E+01    -0.34195799E-01     0.59752379E-01     0.16000000E+02    -0.74571624E-01     0.50000001E-01     0.50000001E-01     0.54518010E-01     106     0.29167181E-02
-0.70000014E+01    -0.56290738E-02     0.56999929E-01     0.16000000E+02    -0.75690851E-01     0.50000001E-01     0.50000001E-01     0.51741205E-01     107     0.21980663E-02
-0.65000010E+01     0.20622868E-01     0.54048680E-01     0.16000000E+02    -0.76796450E-01     0.50000001E-01     0.50000001E-01     0.48762754E-01     108     0.15796433E-02
-0.60000000E+01     0.44220075E-01     0.50858799E-01     0.16000000E+02    -0.77865720E-01     0.50000001E-01     0.50000001E-01     0.45542520E-01     109     0.10605047E-02
-0.55000014E+01     0.67427821E-01     0.47727812E-01     0.16000000E+02    -0.78849368E-01     0.50000001E-01     0.50000001E-01     0.42381965E-01     110     0.64034248E-03
-0.50000010E+01     0.96548252E-01     0.45416977E-01     0.16000000E+02    -0.79591312E-01     0.50000001E-01     0.50000001E-01     0.40053453E-01     110     0.64034248E-03
-0.45000000E+01     0.11805169E+00     0.42380769E-01     0.16000000E+02    -0.80352627E-01     0.50000001E-01     0.50000001E-01     0.36988672E-01     111     0.32030090E-03
-0.40000014E+01     0.13750513E+00     0.39334226E-01     0.16000000E+02    -0.80945663E-01     0.50000001E-01     0.50000001E-01     0.33913329E-01     112     0.10796922E-03
-0.35000007E+01     0.15456709E+00     0.36311619E-01     0.16000000E+02    -0.81341043E-01     0.50000001E-01     0.50000001E-01     0.30861503E-01     112     0.10796922E-03
-0.30000000E+01     0.16724853E+00     0.33237480E-01     0.16000000E+02    -0.81416316E-01     0.50000001E-01     0.50000001E-01     0.27757242E-01     113     0.97485645E-05
-0.25000012E+01     0.15658939E+00     0.29103508E-01     0.16000000E+02    -0.80596432E-01     0.50000001E-01     0.50000001E-01     0.23576286E-01     113     0.97485645E-05
-0.20000007E+01     0.35166387E-01     0.15730310E-01     0.16000000E+02    -0.88471070E-01     0.50000001E-01     0.50000001E-01     0.99308882E-02     112     0.10796922E-03
-0.15000000E+01     0.14762837E+00     0.12245744E-01     0.16000000E+02    -0.10995165E+00     0.50000001E-01     0.50000001E-01     0.61864876E-02     114     0.15062575E-04
-0.10000012E+01     0.21652432E+00     0.11992401E-01     0.16000000E+02    -0.11324149E+00     0.50000001E-01     0.50000001E-01     0.59093162E-02     115     0.11537309E-03
-0.50000060E+00     0.28405938E+00     0.11827299E-01     0.16000000E+02    -0.11600958E+00     0.50000001E-01     0.50000001E-01     0.57258322E-02     116     0.30344969E-03
 0.00000000E+00     0.35070756E+00     0.11717739E-01     0.16000000E+02    -0.11844756E+00     0.50000001E-01     0.50000001E-01     0.56011234E-02     117     0.58610301E-03
 0.49999887E+00     0.41664395E+00     0.11649983E-01     0.16000000E+02    -0.12063637E+00     0.50000001E-01     0.50000001E-01     0.55205408E-02     118     0.97300706E-03
 0.99999946E+00     0.48194715E+00     0.11616117E-01     0.16000000E+02    -0.12261607E+00     0.50000001E-01     0.50000001E-01     0.54757362E-02     119     0.14674140E-02
 0.14999983E+01     0.54664236E+00     0.11611409E-01     0.16000000E+02    -0.12440947E+00     0.50000001E-01     0.50000001E-01     0.54617869E-02     120     0.20708691E-02
 0.19999989E+01     0.61073756E+00     0.11633108E-01     0.16000000E+02    -0.12602860E+00     0.50000001E-01     0.50000001E-01     0.54757460E-02     121     0.27848454E-02
 0.24999995E+01     0.67421293E+00     0.11679022E-01     0.16000000E+02    -0.12747993E+00     0.50000001E-01     0.50000001E-01     0.55153384E-02     122     0.36099148E-02
 0.29999983E+01     0.73704338E+00     0.11747858E-01     0.16000000E+02    -0.12876409E+00     0.50000001E-01     0.50000001E-01     0.55791964E-02     123     0.45458898E-02
 0.34999990E+01     0.79918176E+00     0.11838487E-01     0.16000000E+02    -0.12987994E+00     0.50000001E-01     0.50000001E-01     0.56662560E-02     124     0.55926382E-02
 0.39999995E+01     0.86057931E+00     0.11951076E-01     0.16000000E+02    -0.13082111E+00     0.50000001E-01     0.50000001E-01     0.57765609E-02     125     0.67499871E-02
 0.44999986E+01     0.92116410E+00     0.12084367E-01     0.16000000E+02    -0.13157980E+00     0.50000001E-01     0.50000001E-01     0.59088808E-02     126     0.80180895E-02
 0.49999990E+01     0.98084450E+00     0.12239269E-01     0.16000000E+02    -0.13214269E+00     0.50000001E-01     0.50000001E-01     0.60641454E-02     126     0.80180895E-02
 0.54999995E+01     0.10395035E+01     0.12415560E-01     0.16000000E+02    -0.13249214E+00     0.50000001E-01     0.50000001E-01     0.62423116E-02     127     0.93974452E-02
 0.60000000E+01     0.10969918E+01     0.12614127E-01     0.16000000E+02    -0.13260406E+00     0.50000001E-01     0.50000001E-01     0.64443829E-02     128     0.10889112E-01
 0.65000010E+01     0.11531012E+01     0.12835950E-01     0.16000000E+02    -0.13244352E+00     0.50000001E-01     0.50000001E-01     0.66713202E-02     129     0.12494802E-01
 0.69999981E+01     0.12073383E+01     0.13081179E-01     0.16000000E+02    -0.13192205E+00     0.50000001E-01     0.50000001E-01     0.69236686E-02     130     0.14216917E-01
 0.74999986E+01     0.12584763E+01     0.13348033E-01     0.16000000E+02    -0.13080974E+00     0.50000001E-01     0.50000001E-01     0.72003491E-02     131     0.16058823E-01
 0.85000000E+01     0.13338162E+01     0.14011345E-01     0.16000000E+02    -0.12347168E+00     0.50000001E-01     0.50000001E-01     0.79033822E-02     133     0.20119486E-01
 0.90000000E+01     0.13789639E+01     0.14502932E-01     0.16000000E+02    -0.12142375E+00     0.50000001E-01     0.50000001E-01     0.84125660E-02     133     0.20119486E-01
 0.94999971E+01     0.14218686E+01     0.15049725E-01     0.16000000E+02    -0.11907247E+00     0.50000001E-01     0.50000001E-01     0.89805210E-02     134     0.22349956E-01
 0.99999981E+01     0.14623016E+01     0.15673276E-01     0.16000000E+02    -0.11641553E+00     0.50000001E-01     0.50000001E-01     0.96289758E-02     135     0.24723656E-01
 0.10499999E+02     0.14996985E+01     0.16407453E-01     0.16000000E+02    -0.11341821E+00     0.50000001E-01     0.50000001E-01     0.10392461E-01     136     0.27249757E-01
 0.10999999E+02     0.15334561E+01     0.17297763E-01     0.16000000E+02    -0.11006962E+00     0.50000001E-01     0.50000001E-01     0.11317682E-01     136     0.27249757E-01
 0.11500000E+02     0.15630935E+01     0.18407332E-01     0.16000000E+02    -0.10642587E+00     0.50000001E-01     0.50000001E-01     0.12469281E-01     137     0.29939037E-01
 0.12000000E+02     0.15803571E+01     0.20154472E-01     0.16000000E+02    -0.10171109E+00     0.47301222E-01     0.50000001E-01     0.14255826E-01     138     0.32803934E-01
 0.12499997E+02     0.15867029E+01     0.22707807E-01     0.16000000E+02    -0.96803375E-01     0.45906406E-01     0.50000001E-01     0.16880479E-01     138     0.32803934E-01
 0.12999998E+02     0.15719930E+01     0.27212085E-01     0.16000000E+02    -0.92218183E-01     0.44831391E-01     0.50000001E-01     0.21507040E-01     138     0.32803934E-01
 0.13499999E+02     0.14721090E+01     0.41230761E-01     0.16000000E+02    -0.90718031E-01     0.44964563E-01     0.50000001E-01     0.35859715E-01     138     0.32803934E-01
 0.13999999E+02     0.11869782E+01     0.74015550E-01     0.16000000E+02    -0.94462752E-01     0.47643818E-01     0.50000001E-01     0.69271676E-01     136     0.27249757E-01
 0.20000000E+02     0.12289943E+01     0.14982831E+00     0.16000000E+02    -0.13861448E+00     0.31058295E-01     0.38100863E+00     0.14628364E+00     142     0.46341963E-01
 0.20500000E+02     0.12436981E+01     0.15459484E+00     0.16000000E+02    -0.14249285E+00     0.30917216E-01     0.38398898E+00     0.15109625E+00     142     0.46341963E-01
 0.21000000E+02     0.12567295E+01     0.15953378E+00     0.16000000E+02    -0.14677629E+00     0.29054951E-01     0.38622874E+00     0.15607178E+00     142     0.46341963E-01
