  
       RFOIL         Version 3.00
  
 Calculated polar for: FFA-W3-241                      
  
 1  Reynolds number fixed
  
 xtrf =      0.05000000 (suction)     0.05000000 (pressure)
 Rot. Parameters:  f0 =      1.00000000 c/r =      0.00000000
 Mach =      0.00000000     Re =     13.00000000 e 6     Ncrit =      3.00000000
  
             alpha                CL                CD            Re(CL)                CM             S_xtr             P_xtr               CDp            I_stag            X_stag
  ------- -------- --------- --------- -------- ------- ------- -------- 
-0.22500000E+02    -0.11333067E+01     0.14578333E+00     0.13000000E+02     0.39863124E-01     0.74029136E+00     0.11543189E-01     0.14287938E+00      91     0.66662058E-01
-0.21500002E+02    -0.11122735E+01     0.13411509E+00     0.13000000E+02     0.29759057E-01     0.70914418E+00     0.11997858E-01     0.13103256E+00      92     0.60598541E-01
-0.20500000E+02    -0.10907427E+01     0.12254978E+00     0.13000000E+02     0.20581089E-01     0.66807854E+00     0.12694495E-01     0.11926937E+00      92     0.60598541E-01
-0.19500000E+02    -0.10700499E+01     0.11107663E+00     0.13000000E+02     0.12257496E-01     0.63067663E+00     0.13450511E-01     0.10761156E+00      93     0.54798860E-01
-0.18500002E+02    -0.10407101E+01     0.99798381E-01     0.13000000E+02     0.33263052E-02     0.50000001E-01     0.14588635E-01     0.95291547E-01      94     0.49270716E-01
-0.17500000E+02    -0.10177169E+01     0.89123949E-01     0.13000000E+02    -0.29332549E-02     0.50000001E-01     0.15579013E-01     0.84498294E-01      94     0.49270716E-01
-0.17000002E+02    -0.98927593E+00     0.85726105E-01     0.13000000E+02    -0.68102581E-02     0.50000001E-01     0.16087675E-01     0.81078768E-01      95     0.44024732E-01
-0.16500000E+02    -0.97976553E+00     0.80284648E-01     0.13000000E+02    -0.91260448E-02     0.50000001E-01     0.16514292E-01     0.75572066E-01      95     0.44024732E-01
-0.16000002E+02    -0.97057813E+00     0.74855998E-01     0.13000000E+02    -0.11402354E-01     0.50000001E-01     0.17510964E-01     0.70080578E-01      96     0.39074790E-01
-0.15500001E+02    -0.96193665E+00     0.69413424E-01     0.13000000E+02    -0.13680710E-01     0.50000001E-01     0.18157011E-01     0.64572901E-01      96     0.39074790E-01
-0.15000001E+02    -0.94857687E+00     0.64822301E-01     0.13000000E+02    -0.15512583E-01     0.50000001E-01     0.18700536E-01     0.59928164E-01      96     0.39074790E-01
-0.14500000E+02    -0.93485963E+00     0.60356811E-01     0.13000000E+02    -0.17186925E-01     0.50000001E-01     0.19797876E-01     0.55412896E-01      97     0.34436636E-01
-0.14000001E+02    -0.91899270E+00     0.56244075E-01     0.13000000E+02    -0.18695960E-01     0.50000001E-01     0.20624394E-01     0.51249601E-01      97     0.34436636E-01
-0.13500001E+02    -0.90293217E+00     0.52257951E-01     0.13000000E+02    -0.20027554E-01     0.50000001E-01     0.21321950E-01     0.47216233E-01      97     0.34436636E-01
-0.13000001E+02    -0.88653541E+00     0.48434276E-01     0.13000000E+02    -0.21240018E-01     0.50000001E-01     0.22154508E-01     0.43347020E-01      98     0.30126231E-01
-0.12500001E+02    -0.87009329E+00     0.44709660E-01     0.13000000E+02    -0.22373119E-01     0.50000001E-01     0.23755934E-01     0.39580178E-01      98     0.30126231E-01
-0.12000000E+02    -0.85123014E+00     0.41340131E-01     0.13000000E+02    -0.23318054E-01     0.50000001E-01     0.23971206E-01     0.36161274E-01      99     0.26156712E-01
-0.11500001E+02    -0.83532768E+00     0.37822880E-01     0.13000000E+02    -0.24205126E-01     0.50000001E-01     0.24812708E-01     0.32598391E-01      99     0.26156712E-01
-0.11000001E+02    -0.81887245E+00     0.34584507E-01     0.13000000E+02    -0.24866590E-01     0.50000001E-01     0.26960710E-01     0.29326580E-01      99     0.26156712E-01
-0.10000001E+02    -0.78412086E+00     0.28766621E-01     0.13000000E+02    -0.25738796E-01     0.50000001E-01     0.30315649E-01     0.23437086E-01     100     0.22535883E-01
-0.95000010E+01    -0.77150977E+00     0.25824489E-01     0.13000000E+02    -0.25919152E-01     0.50000001E-01     0.31658974E-01     0.20448662E-01     101     0.19263344E-01
-0.90000000E+01    -0.76300138E+00     0.22939650E-01     0.13000000E+02    -0.25738483E-01     0.50000001E-01     0.34953862E-01     0.17533958E-01     101     0.19263344E-01
-0.85000019E+01    -0.75238937E+00     0.20166490E-01     0.13000000E+02    -0.25611641E-01     0.50000001E-01     0.36029067E-01     0.14714386E-01     101     0.19263344E-01
-0.80000010E+01    -0.73476207E+00     0.17276147E-01     0.13000000E+02    -0.27709629E-01     0.50000001E-01     0.40515807E-01     0.11782192E-01     102     0.16330708E-01
-0.75000005E+01    -0.67627031E+00     0.15364548E-01     0.13000000E+02    -0.33968933E-01     0.50000001E-01     0.43445311E-01     0.98278802E-02     103     0.13722315E-01
-0.70000014E+01    -0.60791993E+00     0.13893472E-01     0.13000000E+02    -0.43450285E-01     0.50000001E-01     0.50000001E-01     0.82670953E-02     103     0.13722315E-01
-0.65000010E+01    -0.53472096E+00     0.12942037E-01     0.13000000E+02    -0.49700920E-01     0.50000001E-01     0.50000001E-01     0.72672614E-02     104     0.11417158E-01
-0.60000000E+01    -0.46006799E+00     0.12133711E-01     0.13000000E+02    -0.55795103E-01     0.50000001E-01     0.50000001E-01     0.64107412E-02     105     0.93917735E-02
-0.55000014E+01    -0.38510698E+00     0.11452869E-01     0.13000000E+02    -0.61557300E-01     0.50000001E-01     0.50000001E-01     0.56814635E-02     106     0.76221991E-02
-0.50000010E+01    -0.31052852E+00     0.10879870E-01     0.13000000E+02    -0.66911139E-01     0.50000001E-01     0.50000001E-01     0.50585899E-02     107     0.60852915E-02
-0.45000000E+01    -0.23649485E+00     0.10389339E-01     0.13000000E+02    -0.71904533E-01     0.50000001E-01     0.50000001E-01     0.45154295E-02     108     0.47596339E-02
-0.40000014E+01    -0.16782004E+00     0.10159337E-01     0.13000000E+02    -0.75079918E-01     0.50000001E-01     0.50000001E-01     0.42565637E-02     109     0.36265827E-02
-0.35000007E+01    -0.10064032E+00     0.10005555E-01     0.13000000E+02    -0.77740774E-01     0.50000001E-01     0.50000001E-01     0.40809377E-02     110     0.26703032E-02
-0.30000000E+01    -0.34037735E-01     0.98871766E-02     0.13000000E+02    -0.80191620E-01     0.50000001E-01     0.50000001E-01     0.39434503E-02     111     0.18776726E-02
-0.25000012E+01     0.32122418E-01     0.97969221E-02     0.13000000E+02    -0.82485788E-01     0.50000001E-01     0.50000001E-01     0.38362318E-02     112     0.12373447E-02
-0.20000007E+01     0.97918965E-01     0.97304210E-02     0.13000000E+02    -0.84653191E-01     0.50000001E-01     0.50000001E-01     0.37545208E-02     114     0.37645519E-03
-0.15000000E+01     0.16339444E+00     0.96849361E-02     0.13000000E+02    -0.86713858E-01     0.50000001E-01     0.50000001E-01     0.36955127E-02     115     0.13853137E-03
-0.10000012E+01     0.22857589E+00     0.96584130E-02     0.13000000E+02    -0.88681027E-01     0.50000001E-01     0.50000001E-01     0.36570574E-02     116     0.19042574E-04
-0.50000060E+00     0.29347840E+00     0.96496213E-02     0.13000000E+02    -0.90563431E-01     0.50000001E-01     0.50000001E-01     0.36377250E-02     117     0.82397310E-05
 0.00000000E+00     0.35811204E+00     0.96574584E-02     0.13000000E+02    -0.92367500E-01     0.50000001E-01     0.50000001E-01     0.36364179E-02     118     0.10386113E-03
 0.49999887E+00     0.42247662E+00     0.96813357E-02     0.13000000E+02    -0.94097652E-01     0.50000001E-01     0.50000001E-01     0.36524767E-02     119     0.31297884E-03
 0.99999946E+00     0.48657358E+00     0.97205294E-02     0.13000000E+02    -0.95756635E-01     0.50000001E-01     0.50000001E-01     0.36852187E-02     120     0.64134196E-03
 0.14999983E+01     0.55038685E+00     0.97748162E-02     0.13000000E+02    -0.97347446E-01     0.50000001E-01     0.50000001E-01     0.37344913E-02     122     0.16812177E-02
 0.19999989E+01     0.61391938E+00     0.98438952E-02     0.13000000E+02    -0.98869637E-01     0.50000001E-01     0.50000001E-01     0.37997458E-02     123     0.24066083E-02
 0.24999995E+01     0.67715847E+00     0.99275727E-02     0.13000000E+02    -0.10032458E+00     0.50000001E-01     0.50000001E-01     0.38808817E-02     124     0.32793705E-02
 0.29999983E+01     0.74008608E+00     0.10025755E-01     0.13000000E+02    -0.10171212E+00     0.50000001E-01     0.50000001E-01     0.39778301E-02     125     0.43087997E-02
 0.34999990E+01     0.80269384E+00     0.10138471E-01     0.13000000E+02    -0.10303079E+00     0.50000001E-01     0.50000001E-01     0.40906058E-02     126     0.55058501E-02
 0.39999995E+01     0.86495304E+00     0.10265803E-01     0.13000000E+02    -0.10428043E+00     0.50000001E-01     0.50000001E-01     0.42193048E-02     127     0.68834652E-02
 0.44999986E+01     0.92685044E+00     0.10407869E-01     0.13000000E+02    -0.10545759E+00     0.50000001E-01     0.50000001E-01     0.43636858E-02     127     0.68834652E-02
 0.49999990E+01     0.98835802E+00     0.10564981E-01     0.13000000E+02    -0.10656058E+00     0.50000001E-01     0.50000001E-01     0.45247548E-02     128     0.84575014E-02
 0.54999995E+01     0.10494533E+01     0.10737464E-01     0.13000000E+02    -0.10758606E+00     0.50000001E-01     0.50000001E-01     0.47024977E-02     129     0.10246626E-01
 0.60000000E+01     0.11100976E+01     0.10925474E-01     0.13000000E+02    -0.10852979E+00     0.50000001E-01     0.50000001E-01     0.48972019E-02     130     0.12273365E-01
 0.65000010E+01     0.11702601E+01     0.11129627E-01     0.13000000E+02    -0.10938752E+00     0.50000001E-01     0.50000001E-01     0.51094564E-02     131     0.14564490E-01
 0.69999981E+01     0.12298934E+01     0.11350662E-01     0.13000000E+02    -0.11015342E+00     0.50000001E-01     0.50000001E-01     0.53399843E-02     132     0.17151149E-01
 0.74999986E+01     0.12889490E+01     0.11589223E-01     0.13000000E+02    -0.11082058E+00     0.50000001E-01     0.50000001E-01     0.55889878E-02     132     0.17151149E-01
 0.79999990E+01     0.13473675E+01     0.11846198E-01     0.13000000E+02    -0.11138036E+00     0.50000001E-01     0.50000001E-01     0.58583850E-02     133     0.20069337E-01
 0.85000000E+01     0.14050752E+01     0.12122639E-01     0.13000000E+02    -0.11182246E+00     0.50000001E-01     0.50000001E-01     0.61488999E-02     134     0.23358736E-01
 0.90000000E+01     0.14601746E+01     0.12567201E-01     0.13000000E+02    -0.11188112E+00     0.44736702E-01     0.50000001E-01     0.65769162E-02     135     0.27061155E-01
 0.94999971E+01     0.15122718E+01     0.13169206E-01     0.13000000E+02    -0.11149488E+00     0.36131468E-01     0.50000001E-01     0.71409391E-02     135     0.27061155E-01
 0.99999981E+01     0.15638721E+01     0.13711605E-01     0.13000000E+02    -0.11101174E+00     0.31852610E-01     0.50000001E-01     0.76724864E-02     136     0.31217428E-01
 0.10499999E+02     0.16118050E+01     0.14390201E-01     0.13000000E+02    -0.10997716E+00     0.26196374E-01     0.50000001E-01     0.83318567E-02     136     0.31217428E-01
 0.10999999E+02     0.16581208E+01     0.15034817E-01     0.13000000E+02    -0.10867928E+00     0.23692649E-01     0.50000001E-01     0.89786854E-02     137     0.35861395E-01
 0.11500000E+02     0.16963155E+01     0.15835861E-01     0.13000000E+02    -0.10607977E+00     0.20295007E-01     0.50000001E-01     0.97816139E-02     137     0.35861395E-01
 0.12000000E+02     0.17128518E+01     0.16830038E-01     0.13000000E+02    -0.99834040E-01     0.18881163E-01     0.50000001E-01     0.10813288E-01     138     0.41014008E-01
 0.12499997E+02     0.17333070E+01     0.18367156E-01     0.13000000E+02    -0.95676340E-01     0.17788537E-01     0.50000001E-01     0.12401261E-01     138     0.41014008E-01
 0.12999998E+02     0.17619191E+01     0.20126978E-01     0.13000000E+02    -0.94951369E-01     0.15718834E-01     0.48418212E+00     0.14734320E-01     139     0.46676554E-01
 0.13499999E+02     0.17668655E+01     0.23391597E-01     0.13000000E+02    -0.91732919E-01     0.15050555E-01     0.48643008E+00     0.18086171E-01     139     0.46676554E-01
 0.13999999E+02     0.17593446E+01     0.28180333E-01     0.13000000E+02    -0.89311667E-01     0.14459668E-01     0.48852980E+00     0.22989491E-01     139     0.46676554E-01
 0.14500000E+02     0.17380600E+01     0.34616221E-01     0.13000000E+02    -0.87648697E-01     0.14057561E-01     0.49228334E+00     0.29575866E-01     139     0.46676554E-01
 0.15000001E+02     0.16905891E+01     0.43511938E-01     0.13000000E+02    -0.86252250E-01     0.13766928E-01     0.49362615E+00     0.38668096E-01     139     0.46676554E-01
 0.15499998E+02     0.16212015E+01     0.54616030E-01     0.13000000E+02    -0.85647635E-01     0.13706776E-01     0.49454829E+00     0.50006926E-01     139     0.46676554E-01
 0.15999998E+02     0.15605719E+01     0.66455550E-01     0.13000000E+02    -0.87463342E-01     0.13769387E-01     0.49551627E+00     0.62066726E-01     139     0.46676554E-01
 0.16499998E+02     0.15233220E+01     0.76886773E-01     0.13000000E+02    -0.90511888E-01     0.13529223E-01     0.49670723E+00     0.72663404E-01     139     0.46676554E-01
 0.17000000E+02     0.14951862E+01     0.86926967E-01     0.13000000E+02    -0.94585389E-01     0.13195215E-01     0.49986646E+00     0.82853682E-01     140     0.52826826E-01
 0.17500000E+02     0.14788828E+01     0.95747910E-01     0.13000000E+02    -0.98761298E-01     0.12834609E-01     0.49956068E+00     0.91787793E-01     140     0.52826826E-01
 0.18000000E+02     0.14636461E+01     0.10466832E+00     0.13000000E+02    -0.10361734E+00     0.11952924E-01     0.50312454E+00     0.10081960E+00     140     0.52826826E-01
 0.18499998E+02     0.14567900E+01     0.11275432E+00     0.13000000E+02    -0.10855170E+00     0.12038923E-01     0.50475675E+00     0.10900921E+00     140     0.52826826E-01
 0.18999998E+02     0.14501882E+01     0.12084111E+00     0.13000000E+02    -0.11390370E+00     0.11391355E-01     0.50645876E+00     0.11719036E+00     140     0.52826826E-01
 0.19499998E+02     0.14493819E+01     0.12800874E+00     0.13000000E+02    -0.11900961E+00     0.10699576E-01     0.50977182E+00     0.12443698E+00     140     0.52826826E-01
 0.20000000E+02     0.14485952E+01     0.13552964E+00     0.13000000E+02    -0.12476634E+00     0.10731426E-01     0.51163495E+00     0.13204885E+00     141     0.59419803E-01
 0.20500000E+02     0.14508637E+01     0.14249031E+00     0.13000000E+02    -0.13042696E+00     0.10516302E-01     0.51375008E+00     0.13908905E+00     141     0.59419803E-01
 0.21000000E+02     0.14525231E+01     0.14945200E+00     0.13000000E+02    -0.13641134E+00     0.98816399E-02     0.51548690E+00     0.14611945E+00     141     0.59419803E-01
 0.21499998E+02     0.14510105E+01     0.15744941E+00     0.13000000E+02    -0.14367141E+00     0.93597807E-02     0.51867008E+00     0.15420683E+00     141     0.59419803E-01
 0.21999998E+02     0.14546279E+01     0.16429220E+00     0.13000000E+02    -0.15009412E+00     0.90151457E-02     0.51890099E+00     0.16111918E+00     142     0.66394635E-01
 0.22500000E+02     0.14586307E+01     0.17117672E+00     0.13000000E+02    -0.15688594E+00     0.86775515E-02     0.52150047E+00     0.16807580E+00     142     0.66394635E-01
 0.23500000E+02     0.14615350E+01     0.18665422E+00     0.13000000E+02    -0.17302036E+00     0.82666036E-02     0.52872431E+00     0.18372801E+00     143     0.73683813E-01
 0.24000000E+02     0.14629415E+01     0.19412355E+00     0.13000000E+02    -0.18141316E+00     0.73171910E-02     0.52936298E+00     0.19126460E+00     143     0.73683813E-01
