  
       RFOIL         Version 3.00
  
 Calculated polar for: OSO_2025_WT2_T36_v2             
  
 1  Reynolds number fixed
  
 xtrf =      0.05000000 (suction)     0.05000000 (pressure)
 Rot. Parameters:  f0 =      1.00000000 c/r =      0.00000000
 Mach =      0.00000000     Re =     13.00000000 e 6     Ncrit =      3.00000000
  
             alpha                CL                CD            Re(CL)                CM             S_xtr             P_xtr               CDp            I_stag            X_stag
  ------- -------- --------- --------- -------- ------- ------- -------- 
-0.12000000E+02    -0.26755586E+00     0.93713582E-01     0.13000000E+02    -0.40065955E-01     0.50000001E-01     0.50000001E-01     0.88578001E-01      96     0.93848221E-02
-0.11500001E+02    -0.23684953E+00     0.90831339E-01     0.13000000E+02    -0.42101063E-01     0.50000001E-01     0.50000001E-01     0.85668243E-01      97     0.81395451E-02
-0.10500001E+02    -0.16768965E+00     0.88266715E-01     0.13000000E+02    -0.47298070E-01     0.50000001E-01     0.50000001E-01     0.83078466E-01      98     0.69827633E-02
-0.10000001E+02    -0.14392515E+00     0.85058212E-01     0.13000000E+02    -0.49182184E-01     0.50000001E-01     0.50000001E-01     0.79827875E-01      99     0.59136827E-02
-0.95000010E+01    -0.11406858E+00     0.82675487E-01     0.13000000E+02    -0.50820157E-01     0.50000001E-01     0.50000001E-01     0.77416606E-01     100     0.49317535E-02
-0.90000000E+01    -0.89437209E-01     0.79611719E-01     0.13000000E+02    -0.52595910E-01     0.50000001E-01     0.50000001E-01     0.74313551E-01     101     0.40368550E-02
-0.85000019E+01    -0.62290072E-01     0.76965459E-01     0.13000000E+02    -0.54246116E-01     0.50000001E-01     0.50000001E-01     0.71633942E-01     102     0.32292409E-02
-0.80000010E+01    -0.33684317E-01     0.74499078E-01     0.13000000E+02    -0.55814300E-01     0.50000001E-01     0.50000001E-01     0.69137782E-01     102     0.32292409E-02
-0.75000005E+01    -0.83977962E-02     0.71799904E-01     0.13000000E+02    -0.57445966E-01     0.50000001E-01     0.50000001E-01     0.66402636E-01     103     0.25093697E-02
-0.70000014E+01     0.22492224E-01     0.69806479E-01     0.13000000E+02    -0.58854539E-01     0.50000001E-01     0.50000001E-01     0.64385220E-01     104     0.18779053E-02
-0.65000010E+01     0.48875038E-01     0.67475505E-01     0.13000000E+02    -0.60357463E-01     0.50000001E-01     0.50000001E-01     0.62022001E-01     105     0.13357622E-02
-0.60000000E+01     0.74722022E-01     0.65265879E-01     0.13000000E+02    -0.61818644E-01     0.50000001E-01     0.50000001E-01     0.59780113E-01     105     0.13357622E-02
-0.55000014E+01     0.10641020E+00     0.63600793E-01     0.13000000E+02    -0.63061781E-01     0.50000001E-01     0.50000001E-01     0.58095142E-01     106     0.88392844E-03
-0.50000010E+01     0.13280171E+00     0.61457139E-01     0.13000000E+02    -0.64376570E-01     0.50000001E-01     0.50000001E-01     0.55922519E-01     107     0.52343018E-03
-0.45000000E+01     0.15858026E+00     0.59081942E-01     0.13000000E+02    -0.65613814E-01     0.50000001E-01     0.50000001E-01     0.53518753E-01     108     0.25559045E-03
-0.40000014E+01     0.18937097E+00     0.56925312E-01     0.13000000E+02    -0.66667542E-01     0.50000001E-01     0.50000001E-01     0.51343650E-01     108     0.25559045E-03
-0.35000007E+01     0.21582322E+00     0.54163594E-01     0.13000000E+02    -0.67704827E-01     0.50000001E-01     0.50000001E-01     0.48557423E-01     109     0.82218816E-04
-0.30000000E+01     0.24045618E+00     0.50993945E-01     0.13000000E+02    -0.68630993E-01     0.50000001E-01     0.50000001E-01     0.45361925E-01     110     0.45936558E-05
-0.25000012E+01     0.26404789E+00     0.47554821E-01     0.13000000E+02    -0.69418289E-01     0.50000001E-01     0.50000001E-01     0.41897364E-01     110     0.45936558E-05
-0.20000007E+01     0.28626785E+00     0.43871686E-01     0.13000000E+02    -0.70003018E-01     0.50000001E-01     0.50000001E-01     0.38189817E-01     111     0.22930024E-04
-0.15000000E+01     0.30648515E+00     0.39997507E-01     0.13000000E+02    -0.70352167E-01     0.50000001E-01     0.50000001E-01     0.34291483E-01     112     0.13751644E-03
-0.10000012E+01     0.32304484E+00     0.35926711E-01     0.13000000E+02    -0.70292704E-01     0.50000001E-01     0.50000001E-01     0.30197289E-01     112     0.13751644E-03
-0.50000060E+00     0.33336541E+00     0.31650886E-01     0.13000000E+02    -0.69584578E-01     0.50000001E-01     0.50000001E-01     0.25898075E-01     113     0.34877725E-03
 0.00000000E+00     0.32422030E+00     0.26705258E-01     0.13000000E+02    -0.67016795E-01     0.50000001E-01     0.50000001E-01     0.20927638E-01     113     0.34877725E-03
 0.49999887E+00     0.28299034E+00     0.20138199E-01     0.13000000E+02    -0.66125482E-01     0.50000001E-01     0.50000001E-01     0.14279753E-01     113     0.34877725E-03
 0.99999946E+00     0.36059341E+00     0.17642099E-01     0.13000000E+02    -0.78195319E-01     0.50000001E-01     0.50000001E-01     0.11705263E-01     115     0.10680658E-02
 0.14999983E+01     0.45019034E+00     0.16137859E-01     0.13000000E+02    -0.89416854E-01     0.50000001E-01     0.50000001E-01     0.10140363E-01     115     0.10680658E-02
 0.19999989E+01     0.54835898E+00     0.14819936E-01     0.13000000E+02    -0.10167978E+00     0.50000001E-01     0.50000001E-01     0.87497886E-02     117     0.21921741E-02
 0.24999995E+01     0.64436036E+00     0.13867763E-01     0.13000000E+02    -0.11246961E+00     0.50000001E-01     0.50000001E-01     0.77218153E-02     118     0.29090899E-02
 0.29999983E+01     0.72965765E+00     0.13352687E-01     0.13000000E+02    -0.11999698E+00     0.50000001E-01     0.50000001E-01     0.71403976E-02     119     0.37310193E-02
 0.34999990E+01     0.79832000E+00     0.13363409E-01     0.13000000E+02    -0.12295137E+00     0.50000001E-01     0.50000001E-01     0.71370411E-02     120     0.46595004E-02
 0.39999995E+01     0.86431503E+00     0.13446565E-01     0.13000000E+02    -0.12524389E+00     0.50000001E-01     0.50000001E-01     0.72111953E-02     121     0.56962054E-02
 0.44999986E+01     0.92827690E+00     0.13579251E-01     0.13000000E+02    -0.12704852E+00     0.50000001E-01     0.50000001E-01     0.73391921E-02     122     0.68430351E-02
 0.49999990E+01     0.99005115E+00     0.13762507E-01     0.13000000E+02    -0.12840132E+00     0.50000001E-01     0.50000001E-01     0.75195320E-02     123     0.81021339E-02
 0.54999995E+01     0.10495622E+01     0.13981888E-01     0.13000000E+02    -0.12928931E+00     0.50000001E-01     0.50000001E-01     0.77407472E-02     124     0.94758309E-02
 0.60000000E+01     0.11062986E+01     0.14253088E-01     0.13000000E+02    -0.12966077E+00     0.50000001E-01     0.50000001E-01     0.80149993E-02     125     0.10966896E-01
 0.65000010E+01     0.11588256E+01     0.14564716E-01     0.13000000E+02    -0.12925482E+00     0.50000001E-01     0.50000001E-01     0.83351964E-02     126     0.12578236E-01
 0.69999981E+01     0.11825023E+01     0.14939365E-01     0.13000000E+02    -0.12364557E+00     0.50000001E-01     0.50000001E-01     0.87394426E-02     127     0.14313264E-01
 0.74999986E+01     0.12259418E+01     0.15574722E-01     0.13000000E+02    -0.12192088E+00     0.50000001E-01     0.50000001E-01     0.93933269E-02     127     0.14313264E-01
 0.79999990E+01     0.12656592E+01     0.16363390E-01     0.13000000E+02    -0.11984948E+00     0.50000001E-01     0.50000001E-01     0.10208085E-01     128     0.16175576E-01
 0.85000000E+01     0.12995079E+01     0.17394446E-01     0.13000000E+02    -0.11727823E+00     0.50000001E-01     0.50000001E-01     0.11275915E-01     129     0.18169271E-01
 0.90000000E+01     0.13254459E+01     0.18872114E-01     0.13000000E+02    -0.11426645E+00     0.50000001E-01     0.50000001E-01     0.12805304E-01     130     0.20298893E-01
 0.94999971E+01     0.13408026E+01     0.23643412E-01     0.13000000E+02    -0.11116113E+00     0.50000001E-01     0.50000001E-01     0.17652221E-01     130     0.20298893E-01
 0.99999981E+01     0.13296323E+01     0.34108751E-01     0.13000000E+02    -0.10807703E+00     0.50000001E-01     0.50000001E-01     0.28250238E-01     131     0.22569172E-01
 0.10499999E+02     0.11811198E+01     0.60372800E-01     0.13000000E+02    -0.10819636E+00     0.50000001E-01     0.50000001E-01     0.54950219E-01     130     0.20298893E-01
 0.10999999E+02     0.96163619E+00     0.70156761E-01     0.13000000E+02    -0.10943485E+00     0.50000001E-01     0.50000001E-01     0.65180585E-01     129     0.18169271E-01
 0.11500000E+02     0.95150101E+00     0.77168003E-01     0.13000000E+02    -0.11140755E+00     0.50000001E-01     0.50000001E-01     0.72288610E-01     129     0.18169271E-01
 0.12000000E+02     0.94290102E+00     0.84749512E-01     0.13000000E+02    -0.11417263E+00     0.50000001E-01     0.50000001E-01     0.79971790E-01     129     0.18169271E-01
 0.12499997E+02     0.95052785E+00     0.90534598E-01     0.13000000E+02    -0.11656702E+00     0.50000001E-01     0.50000001E-01     0.85828140E-01     130     0.20298893E-01
 0.12999998E+02     0.96320772E+00     0.95734783E-01     0.13000000E+02    -0.11891016E+00     0.50000001E-01     0.50000001E-01     0.91089211E-01     130     0.20298893E-01
 0.13499999E+02     0.98294002E+00     0.99992745E-01     0.13000000E+02    -0.12093062E+00     0.50000001E-01     0.50000001E-01     0.95394194E-01     131     0.22569172E-01
 0.13999999E+02     0.99796391E+00     0.10508052E+00     0.13000000E+02    -0.12353223E+00     0.50000001E-01     0.50000001E-01     0.10054169E+00     132     0.24985466E-01
 0.14500000E+02     0.10146697E+01     0.10997576E+00     0.13000000E+02    -0.12617363E+00     0.50000001E-01     0.50000001E-01     0.10549506E+00     132     0.24985466E-01
 0.15000001E+02     0.10387555E+01     0.11369172E+00     0.13000000E+02    -0.12832555E+00     0.50000001E-01     0.50000001E-01     0.10925090E+00     133     0.27553435E-01
 0.15499998E+02     0.10573918E+01     0.11826989E+00     0.13000000E+02    -0.13099416E+00     0.50000001E-01     0.50000001E-01     0.11388122E+00     133     0.27553435E-01
 0.15999998E+02     0.10765114E+01     0.12286169E+00     0.13000000E+02    -0.13388400E+00     0.50000001E-01     0.50000001E-01     0.11852644E+00     134     0.30279335E-01
 0.16499998E+02     0.11023551E+01     0.12619230E+00     0.13000000E+02    -0.13607074E+00     0.50000001E-01     0.50000001E-01     0.12189291E+00     134     0.30279335E-01
 0.17000000E+02     0.11219628E+01     0.13061178E+00     0.13000000E+02    -0.13902427E+00     0.50000001E-01     0.50000001E-01     0.12636571E+00     135     0.33169542E-01
 0.17500000E+02     0.11437712E+01     0.13469760E+00     0.13000000E+02    -0.14190847E+00     0.50000001E-01     0.50000001E-01     0.13050261E+00     136     0.36230825E-01
 0.18000000E+02     0.11683170E+01     0.13814323E+00     0.13000000E+02    -0.14445604E+00     0.50000001E-01     0.50000001E-01     0.13398357E+00     136     0.36230825E-01
 0.18499998E+02     0.11893079E+01     0.14225450E+00     0.13000000E+02    -0.14756376E+00     0.50000001E-01     0.50000001E-01     0.13814670E+00     137     0.39470624E-01
 0.18999998E+02     0.12137200E+01     0.14546189E+00     0.13000000E+02    -0.15015388E+00     0.49069099E-01     0.50000001E-01     0.14138177E+00     138     0.42896152E-01
 0.19499998E+02     0.12325170E+01     0.14970408E+00     0.13000000E+02    -0.15354775E+00     0.47964606E-01     0.50000001E-01     0.14566723E+00     138     0.42896152E-01
 0.20000000E+02     0.12713162E+01     0.15429838E+00     0.13000000E+02    -0.15946275E+00     0.47266431E-01     0.40001205E+00     0.15078081E+00     139     0.46514940E-01
