  
       RFOIL         Version 3.00
  
 Calculated polar for: OSO_2025_WT2_T24                
  
 1  Reynolds number fixed
  
 xtrf =      0.05000000 (suction)     0.05000000 (pressure)
 Rot. Parameters:  f0 =      1.00000000 c/r =      0.00000000
 Mach =      0.00000000     Re =     13.00000000 e 6     Ncrit =      3.00000000
  
             alpha                CL                CD            Re(CL)                CM             S_xtr             P_xtr               CDp            I_stag            X_stag
  ------- -------- --------- --------- -------- ------- ------- -------- 
-0.24000000E+02    -0.11056985E+01     0.14000796E+00     0.13000000E+02    -0.14031226E-01     0.99769419E+00     0.28306507E-01     0.13804118E+00      87     0.70922226E-01
-0.22000000E+02    -0.10340288E+01     0.12018924E+00     0.13000000E+02    -0.34161717E-01     0.99545491E+00     0.30861791E-01     0.11808741E+00      88     0.64354502E-01
-0.20500000E+02    -0.98251188E+00     0.10825272E+00     0.13000000E+02    -0.41920312E-01     0.54789752E+00     0.32234643E-01     0.10471918E+00      90     0.52246086E-01
-0.20000002E+02    -0.92855394E+00     0.10899915E+00     0.13000000E+02    -0.46624377E-01     0.51971686E+00     0.32711577E-01     0.10544457E+00      90     0.52246086E-01
-0.19000002E+02    -0.92058009E+00     0.96883111E-01     0.13000000E+02    -0.50301149E-01     0.50000001E-01     0.33976130E-01     0.92491403E-01      91     0.46763554E-01
-0.18500002E+02    -0.87661153E+00     0.96178517E-01     0.13000000E+02    -0.53649355E-01     0.50000001E-01     0.34803301E-01     0.91795348E-01      91     0.46763554E-01
-0.18000000E+02    -0.86023068E+00     0.91799520E-01     0.13000000E+02    -0.55875156E-01     0.50000001E-01     0.35280813E-01     0.87364763E-01      92     0.41686684E-01
-0.17500000E+02    -0.83798695E+00     0.88451192E-01     0.13000000E+02    -0.57540193E-01     0.50000001E-01     0.35872839E-01     0.83980620E-01      92     0.41686684E-01
-0.17000002E+02    -0.81976777E+00     0.84370203E-01     0.13000000E+02    -0.59563264E-01     0.50000001E-01     0.36377937E-01     0.79850495E-01      93     0.37020490E-01
-0.16500000E+02    -0.79617983E+00     0.81185952E-01     0.13000000E+02    -0.61114009E-01     0.50000001E-01     0.36999561E-01     0.76629125E-01      93     0.37020490E-01
-0.16000002E+02    -0.77639705E+00     0.77380292E-01     0.13000000E+02    -0.62932141E-01     0.50000001E-01     0.38077030E-01     0.72781011E-01      94     0.32759186E-01
-0.15500001E+02    -0.75485760E+00     0.73892012E-01     0.13000000E+02    -0.64587437E-01     0.50000001E-01     0.38819157E-01     0.69254875E-01      94     0.32759186E-01
-0.15000001E+02    -0.73092318E+00     0.70753455E-01     0.13000000E+02    -0.66028550E-01     0.50000001E-01     0.39459344E-01     0.66082768E-01      95     0.28887654E-01
-0.14500000E+02    -0.70989877E+00     0.67188241E-01     0.13000000E+02    -0.67678019E-01     0.50000001E-01     0.40193096E-01     0.62477876E-01      95     0.28887654E-01
-0.14000001E+02    -0.68274963E+00     0.64508691E-01     0.13000000E+02    -0.68860285E-01     0.50000001E-01     0.40922698E-01     0.59768349E-01      96     0.25384178E-01
-0.13500001E+02    -0.66116005E+00     0.61076324E-01     0.13000000E+02    -0.70368759E-01     0.50000001E-01     0.42238444E-01     0.56300689E-01      96     0.25384178E-01
-0.13000001E+02    -0.63407236E+00     0.58422286E-01     0.13000000E+02    -0.71488559E-01     0.50000001E-01     0.42963590E-01     0.53620063E-01      97     0.22222305E-01
-0.12500001E+02    -0.61123252E+00     0.55205762E-01     0.13000000E+02    -0.72838061E-01     0.50000001E-01     0.43768223E-01     0.50369978E-01      97     0.22222305E-01
-0.12000000E+02    -0.58825988E+00     0.52024905E-01     0.13000000E+02    -0.74153632E-01     0.50000001E-01     0.44576157E-01     0.47153506E-01      98     0.19374071E-01
-0.11500001E+02    -0.55995059E+00     0.49596120E-01     0.13000000E+02    -0.75059511E-01     0.50000001E-01     0.45519430E-01     0.44698894E-01      98     0.19374071E-01
-0.11000001E+02    -0.53772861E+00     0.46481643E-01     0.13000000E+02    -0.76269872E-01     0.50000001E-01     0.46929736E-01     0.41554548E-01      99     0.16811348E-01
-0.10500001E+02    -0.51518548E+00     0.43483585E-01     0.13000000E+02    -0.77397451E-01     0.50000001E-01     0.48001517E-01     0.38527403E-01      99     0.16811348E-01
-0.10000001E+02    -0.48782277E+00     0.41118067E-01     0.13000000E+02    -0.78164518E-01     0.50000001E-01     0.48984066E-01     0.36137927E-01     100     0.14507390E-01
-0.95000010E+01    -0.46522576E+00     0.38259268E-01     0.13000000E+02    -0.79181470E-01     0.50000001E-01     0.50000001E-01     0.33245686E-01     101     0.12437641E-01
-0.90000000E+01    -0.44252482E+00     0.35488166E-01     0.13000000E+02    -0.80124356E-01     0.50000001E-01     0.50000001E-01     0.30436419E-01     101     0.12437641E-01
-0.85000019E+01    -0.42090774E+00     0.32769036E-01     0.13000000E+02    -0.80985673E-01     0.50000001E-01     0.50000001E-01     0.27679311E-01     102     0.10580092E-01
-0.80000010E+01    -0.40109771E+00     0.30056966E-01     0.13000000E+02    -0.81781335E-01     0.50000001E-01     0.50000001E-01     0.24929285E-01     103     0.89153098E-02
-0.75000005E+01    -0.38560390E+00     0.27282588E-01     0.13000000E+02    -0.82373694E-01     0.50000001E-01     0.50000001E-01     0.22117076E-01     103     0.89153098E-02
-0.65000010E+01    -0.36496094E+00     0.19379435E-01     0.13000000E+02    -0.91945536E-01     0.50000001E-01     0.50000001E-01     0.14060516E-01     104     0.74266298E-02
-0.60000000E+01    -0.28877613E+00     0.16216466E-01     0.13000000E+02    -0.10509839E+00     0.50000001E-01     0.50000001E-01     0.10788862E-01     105     0.60997931E-02
-0.55000014E+01    -0.20108597E+00     0.13703976E-01     0.13000000E+02    -0.11797611E+00     0.50000001E-01     0.50000001E-01     0.81655029E-02     106     0.49227113E-02
-0.50000010E+01    -0.10428160E+00     0.11759601E-01     0.13000000E+02    -0.13333584E+00     0.50000001E-01     0.50000001E-01     0.60282624E-02     108     0.29804131E-02
-0.45000000E+01    -0.22908038E-01     0.10507954E-01     0.13000000E+02    -0.14103934E+00     0.50000001E-01     0.50000001E-01     0.46575386E-02     109     0.22007464E-02
-0.40000014E+01     0.44210404E-01     0.10256871E-01     0.13000000E+02    -0.14357580E+00     0.50000001E-01     0.50000001E-01     0.43689185E-02     110     0.15419117E-02
-0.35000007E+01     0.11008371E+00     0.10086326E-01     0.13000000E+02    -0.14565498E+00     0.50000001E-01     0.50000001E-01     0.41675917E-02     111     0.10009136E-02
-0.30000000E+01     0.17521143E+00     0.99639632E-02     0.13000000E+02    -0.14746369E+00     0.50000001E-01     0.50000001E-01     0.40180841E-02     113     0.26492128E-03
-0.25000012E+01     0.23980299E+00     0.98762019E-02     0.13000000E+02    -0.14907844E+00     0.50000001E-01     0.50000001E-01     0.39061983E-02     114     0.74709220E-04
-0.20000007E+01     0.30394760E+00     0.98165330E-02     0.13000000E+02    -0.15053804E+00     0.50000001E-01     0.50000001E-01     0.38246522E-02     115     0.21237647E-05
-0.15000000E+01     0.36770904E+00     0.97806044E-02     0.13000000E+02    -0.15186605E+00     0.50000001E-01     0.50000001E-01     0.37689190E-02     116     0.28969960E-04
-0.10000012E+01     0.43110999E+00     0.97656054E-02     0.13000000E+02    -0.15307926E+00     0.50000001E-01     0.50000001E-01     0.37360294E-02     117     0.14431638E-03
-0.50000060E+00     0.49417585E+00     0.97697126E-02     0.13000000E+02    -0.15418591E+00     0.50000001E-01     0.50000001E-01     0.37239795E-02     118     0.34258093E-03
 0.00000000E+00     0.55691034E+00     0.97915018E-02     0.13000000E+02    -0.15519477E+00     0.50000001E-01     0.50000001E-01     0.37312964E-02     119     0.63133589E-03
 0.49999887E+00     0.61931628E+00     0.98299515E-02     0.13000000E+02    -0.15610926E+00     0.50000001E-01     0.50000001E-01     0.37568840E-02     120     0.10182067E-02
 0.99999946E+00     0.68139023E+00     0.98842932E-02     0.13000000E+02    -0.15693301E+00     0.50000001E-01     0.50000001E-01     0.37999297E-02     121     0.15063530E-02
 0.14999983E+01     0.74313009E+00     0.99538481E-02     0.13000000E+02    -0.15766817E+00     0.50000001E-01     0.50000001E-01     0.38597933E-02     122     0.20985133E-02
 0.19999989E+01     0.80452412E+00     0.10038270E-01     0.13000000E+02    -0.15831503E+00     0.50000001E-01     0.50000001E-01     0.39360179E-02     123     0.27974360E-02
 0.24999995E+01     0.86555874E+00     0.10137187E-01     0.13000000E+02    -0.15887418E+00     0.50000001E-01     0.50000001E-01     0.40283208E-02     124     0.36052344E-02
 0.29999983E+01     0.92621905E+00     0.10250432E-01     0.13000000E+02    -0.15934533E+00     0.50000001E-01     0.50000001E-01     0.41364008E-02     125     0.45235301E-02
 0.34999990E+01     0.98649156E+00     0.10377805E-01     0.13000000E+02    -0.15972693E+00     0.50000001E-01     0.50000001E-01     0.42601679E-02     126     0.55540195E-02
 0.39999995E+01     0.10463513E+01     0.10519273E-01     0.13000000E+02    -0.16001785E+00     0.50000001E-01     0.50000001E-01     0.43995241E-02     127     0.66984380E-02
 0.44999986E+01     0.11057798E+01     0.10674919E-01     0.13000000E+02    -0.16021396E+00     0.50000001E-01     0.50000001E-01     0.45545492E-02     128     0.79589644E-02
 0.49999990E+01     0.11647531E+01     0.10844422E-01     0.13000000E+02    -0.16031435E+00     0.50000001E-01     0.50000001E-01     0.47250935E-02     129     0.93380893E-02
 0.54999995E+01     0.12232336E+01     0.11028465E-01     0.13000000E+02    -0.16031441E+00     0.50000001E-01     0.50000001E-01     0.49116472E-02     130     0.10838998E-01
 0.60000000E+01     0.12811934E+01     0.11226970E-01     0.13000000E+02    -0.16020882E+00     0.50000001E-01     0.50000001E-01     0.51142285E-02     131     0.12465740E-01
 0.65000010E+01     0.13385926E+01     0.11440172E-01     0.13000000E+02    -0.15999322E+00     0.50000001E-01     0.50000001E-01     0.53331363E-02     132     0.14223367E-01
 0.69999981E+01     0.13951962E+01     0.11681903E-01     0.13000000E+02    -0.15962750E+00     0.49426202E-01     0.50000001E-01     0.55788029E-02     133     0.16118005E-01
 0.74999986E+01     0.14492742E+01     0.12067430E-01     0.13000000E+02    -0.15880476E+00     0.43102123E-01     0.50000001E-01     0.59357989E-02     134     0.18157382E-01
 0.79999990E+01     0.15033432E+01     0.12410852E-01     0.13000000E+02    -0.15797609E+00     0.39784960E-01     0.50000001E-01     0.62694303E-02     134     0.18157382E-01
 0.85000000E+01     0.15556415E+01     0.12825149E-01     0.13000000E+02    -0.15682985E+00     0.35367072E-01     0.50000001E-01     0.66664885E-02     135     0.20350950E-01
 0.90000000E+01     0.16067148E+01     0.13263803E-01     0.13000000E+02    -0.15546635E+00     0.31642910E-01     0.50000001E-01     0.70920014E-02     136     0.22710007E-01
 0.94999971E+01     0.16568950E+01     0.13698620E-01     0.13000000E+02    -0.15394606E+00     0.29741490E-01     0.50000001E-01     0.75247469E-02     137     0.25248373E-01
 0.99999981E+01     0.17050021E+01     0.14186433E-01     0.13000000E+02    -0.15206070E+00     0.26989648E-01     0.50000001E-01     0.80086906E-02     138     0.27982686E-01
 0.10499999E+02     0.17509133E+01     0.14683801E-01     0.13000000E+02    -0.14977764E+00     0.25444491E-01     0.50000001E-01     0.85104564E-02     139     0.30932982E-01
 0.10999999E+02     0.17934499E+01     0.15199633E-01     0.13000000E+02    -0.14687577E+00     0.24221035E-01     0.50000001E-01     0.90370588E-02     139     0.30932982E-01
 0.11500000E+02     0.18264729E+01     0.15819177E-01     0.13000000E+02    -0.14220242E+00     0.22364931E-01     0.50000001E-01     0.96684601E-02     140     0.34123309E-01
 0.12000000E+02     0.18545567E+01     0.16524142E-01     0.13000000E+02    -0.13668165E+00     0.21463111E-01     0.50000001E-01     0.10400371E-01     141     0.37582316E-01
 0.12499997E+02     0.18864955E+01     0.17363138E-01     0.13000000E+02    -0.13218531E+00     0.20635743E-01     0.50000001E-01     0.11264452E-01     141     0.37582316E-01
 0.12999998E+02     0.19136158E+01     0.18399965E-01     0.13000000E+02    -0.12711176E+00     0.19186947E-01     0.50000001E-01     0.12328107E-01     142     0.41344337E-01
 0.13499999E+02     0.19384258E+01     0.19562636E-01     0.13000000E+02    -0.12196027E+00     0.18515693E-01     0.50000001E-01     0.13530133E-01     142     0.41344337E-01
 0.13999999E+02     0.19579910E+01     0.21031398E-01     0.13000000E+02    -0.11643939E+00     0.17931186E-01     0.50000001E-01     0.15047258E-01     143     0.45449886E-01
 0.14500000E+02     0.19699320E+01     0.23003405E-01     0.13000000E+02    -0.11053953E+00     0.17375283E-01     0.50000001E-01     0.17081002E-01     143     0.45449886E-01
 0.15000001E+02     0.19852479E+01     0.25392102E-01     0.13000000E+02    -0.10688113E+00     0.16821247E-01     0.40915006E+00     0.19884950E-01     144     0.49946301E-01
 0.15499998E+02     0.19689295E+01     0.30130602E-01     0.13000000E+02    -0.10150828E+00     0.16550576E-01     0.41056085E+00     0.24759877E-01     144     0.49946301E-01
 0.15999998E+02     0.18998572E+01     0.41570224E-01     0.13000000E+02    -0.99600583E-01     0.16486421E-01     0.41099092E+00     0.36489785E-01     144     0.49946301E-01
 0.17500000E+02     0.14973295E+01     0.10629241E+00     0.13000000E+02    -0.12141917E+00     0.17460521E-01     0.50000001E-01     0.10200725E+00     142     0.41344337E-01
 0.18000000E+02     0.14804516E+01     0.11562407E+00     0.13000000E+02    -0.12715508E+00     0.17222434E-01     0.50000001E-01     0.11145832E+00     142     0.41344337E-01
 0.18499998E+02     0.14753010E+01     0.12314238E+00     0.13000000E+02    -0.13200575E+00     0.16240643E-01     0.50000001E-01     0.11906141E+00     143     0.45449886E-01
 0.18999998E+02     0.14710157E+01     0.13097072E+00     0.13000000E+02    -0.13752845E+00     0.16460195E-01     0.50000001E-01     0.12699197E+00     143     0.45449886E-01
 0.19499998E+02     0.14706624E+01     0.13795137E+00     0.13000000E+02    -0.14273150E+00     0.15502729E-01     0.50000001E-01     0.13404466E+00     143     0.45449886E-01
 0.20000000E+02     0.14823681E+01     0.14486341E+00     0.13000000E+02    -0.14910144E+00     0.15322677E-01     0.41591367E+00     0.14140539E+00     144     0.49946301E-01
