199   NumCoords   ! The number of coordinates in the airfoil shape file (including an extra coordinate for airfoil reference).  Set to zero if coordinates not included.
! ......... x-y coordinates are next if NumCoords > 0 .............
! x-y coordinate of airfoil reference
!  x/c        y/c
0.25       0
! coordinates of airfoil shape
! interpolation to 200 points
!  x/c        y/c
1.0	-0.004906470588235294
0.9841340000000001	-0.0028303140823529413
0.9682721	-0.0012024524117647058
0.9524181	2.8063794117647283e-05
0.9365761000000001	0.0009048711470588237
0.92075	0.0014642662058823534
0.904944	0.0017353940588235297
0.8891618000000001	0.001740622735294118
0.8734075	0.0014960722647058824
0.8576852	0.0010122698382352944
0.8419986	0.0002949010882352946
0.8263518	-0.0006543706470588233
0.8107488	-0.0018370425294117643
0.7951933	-0.0032568993529411756
0.7796895	-0.004919142529411764
0.7642411	-0.006829550411764706
0.748852	-0.008993685411764705
0.7335262	-0.011416171364705881
0.7182674	-0.014100020823529413
0.7030796	-0.017046088705882353
0.6879666	-0.020252608470588233
0.672932	-0.0237148
0.6579799	-0.027424606470588232
0.6431138	-0.031370540588235296
0.6283375	-0.03553763823529412
0.6136549	-0.03990745352941177
0.5990695000000001	-0.044458235294117646
0.5845850000000001	-0.04916511705882353
0.5702051	-0.05400037823529412
0.5559334	-0.058933890588235296
0.5417735	-0.06393341529411764
0.5277289	-0.06896514411764705
0.5138033	-0.07399416705882353
0.5	-0.07898496176470589
0.48632260000000005	-0.08390192588235294
0.4727745	-0.08870988941176469
0.4593592	-0.09337464470588236
0.4460799	-0.09786338235294118
0.4329401	-0.10214519882352942
0.4199431	-0.10619141294117647
0.4070921	-0.10997596941176471
0.3943903000000001	-0.11347601882352941
0.381841	-0.11667157647058823
0.3694473	-0.11954618823529412
0.3572124	-0.12208716470588235
0.3451393	-0.12428501176470587
0.333231	-0.1261342
0.3214906	-0.12763271176470586
0.309921	-0.12878176470588235
0.2985251	-0.12958616470588236
0.2873058	-0.1300536705882353
0.276266	-0.13019477647058825
0.2654083	-0.13002280588235293
0.2547356	-0.12955299411764706
0.24425040000000003	-0.12880272941176468
0.2339556	-0.12779072941176473
0.2238535	-0.12653692352941176
0.21394690000000002	-0.12506202352941176
0.2042382	-0.12338714117647061
0.1947297	-0.12153339411764705
0.18542400000000003	-0.11952177647058825
0.1763234	-0.11737228823529411
0.1674301	-0.11510449411764706
0.1587465	-0.11273648823529411
0.1502746	-0.11028509764705882
0.1420166	-0.10776534352941176
0.1339746	-0.10519084352941177
0.1261506	-0.10257311176470589
0.1185466	-0.09992190235294118
0.1111646	-0.09724502235294118
0.1040062	-0.09454832235294117
0.09707346	-0.09183579411764706
0.090368	-0.08910967882352941
0.08389154000000001	-0.08637054882352942
0.07764571	-0.08361747235294117
0.07163207000000002	-0.08084820411764705
0.06585214	-0.07805934352941177
0.06030738	-0.07524657058823529
0.05499918	-0.07240485411764706
0.04992888	-0.06952870411764706
0.04509776	-0.0666123594117647
0.04050703	-0.06365003941176471
0.03615784	-0.060636155882352945
0.0320513	-0.05756552764705883
0.02818843	-0.054433530588235295
0.02457021	-0.05123632117647059
0.02119755	-0.047970936470588234
0.0180713	-0.044635430000000004
0.01519225	-0.04122898
0.01256111	-0.03775193
0.01017856	-0.034205830588235286
0.008045187	-0.030593463529411766
0.0061615360000000004	-0.02691878647058824
0.004528077	-0.023186916470588237
0.003145224	-0.01940402588235294
0.002013324	-0.015577239411764705
0.001132661	-0.011714530588235295
0.0005034576	-0.007824565411764706
0.0001258723	-0.0039165354705882355
0.0	0.0
0.0001258723	0.003101788294117647
0.0005034576	0.0062049938823529405
0.001132661	0.009309831823529412
0.002013324	0.01241659117647059
0.003145224	0.015525648823529413
0.004528077	0.018637505882352943
0.0061615360000000004	0.021752814705882355
0.008045187	0.024872374117647058
0.01017856	0.027997121176470588
0.01256111	0.031128157647058827
0.01519225	0.034266683529411764
0.0180713	0.03741400882352942
0.02119755	0.040571507058823536
0.02457021	0.043740520000000005
0.02818843	0.04692235411764706
0.0320513	0.05011816647058824
0.03615784	0.05332893588235294
0.04050703	0.05655532
0.04509776	0.05979759882352941
0.04992888	0.06305560294117647
0.05499918	0.06632856176470589
0.06030738	0.06961509235294117
0.06585214	0.07291306470588237
0.07163207000000002	0.07621953352941177
0.07764571	0.07953067470588235
0.08389154000000001	0.08284174411764705
0.090368	0.08614701764705883
0.09707346	0.08943977647058823
0.1040062	0.09271230588235295
0.1111646	0.09595589705882353
0.1185466	0.09916088058823529
0.1261506	0.10231673764705883
0.1339746	0.10541198235294118
0.1420166	0.10843460588235294
0.1502746	0.1113717705882353
0.1587465	0.11421045294117647
0.1674301	0.11693715882352941
0.1763234	0.1195381411764706
0.18542400000000003	0.12199983529411765
0.1947297	0.12430905294117647
0.2042382	0.1264526588235294
0.21394690000000002	0.12841865882352943
0.2238535	0.13019535294117648
0.2339556	0.13177258235294118
0.24425040000000003	0.13314111176470586
0.2547356	0.13429309411764706
0.2654083	0.13522242352941177
0.276266	0.1359243705882353
0.2873058	0.13639621176470587
0.2985251	0.13663697647058823
0.309921	0.13664756470588238
0.3214906	0.1364305411764706
0.333231	0.13599070588235296
0.3451393	0.13533430000000002
0.3572124	0.1344692117647059
0.3694473	0.13340512352941178
0.381841	0.1321528117647059
0.3943903000000001	0.13072415882352942
0.4070921	0.12913202941176471
0.4199431	0.12739000588235294
0.4329401	0.12551182352941176
0.4460799	0.12351161176470588
0.4593592	0.121403
0.4727745	0.11919958235294117
0.48632260000000005	0.11691384117647059
0.5	0.11455770588235294
0.5138033	0.11214174117647059
0.5277289	0.10967542470588235
0.5417735	0.10716659058823529
0.5559334	0.1046219917647059
0.5702051	0.10204644705882353
0.5845850000000001	0.09944373882352942
0.5990695000000001	0.09681599470588236
0.6136549	0.09416431529411765
0.6283375	0.09148870235294118
0.6431138	0.08878835117647058
0.6579799	0.08606194235294118
0.672932	0.08330783470588235
0.6879666	0.0805243811764706
0.7030796	0.07771009941176471
0.7182674	0.07486389352941177
0.7335262	0.07198507529411764
0.748852	0.06907336235294118
0.7642411	0.06612869529411765
0.7796895	0.06315078647058824
0.7951933	0.06013852294117648
0.8107488	0.057089026470588236
0.8263518	0.053996389411764704
0.8419986	0.05085001117647059
0.8576852	0.0476324994117647
0.8734075	0.04431709882352942
0.8891618000000001	0.04086455647058824
0.904944	0.03721938470588236
0.92075	0.03330552588235294
0.9365761000000001	0.029021294705882356
0.9524181	0.02423363
0.9682721	0.018771576470588237
0.9841340000000001	0.012418994705882353
1.0	0.004906470588235294
