  
       RFOIL         Version 3.00
  
 Calculated polar for: OSO_2025_WT2_T30                
  
 1  Reynolds number fixed
  
 xtrf =      0.05000000 (suction)     0.05000000 (pressure)
 Rot. Parameters:  f0 =      1.00000000 c/r =      0.00000000
 Mach =      0.00000000     Re =      5.00000000 e 6     Ncrit =      3.00000000
  
             alpha                CL                CD            Re(CL)                CM             S_xtr             P_xtr               CDp            I_stag            X_stag
  ------- -------- --------- --------- -------- ------- ------- -------- 
-0.23900000E+02    -0.90166157E+00     0.16922197E+00     0.50000000E+01     0.10935541E-01     0.99318683E+00     0.44509202E-01     0.16687897E+00      87     0.64913616E-01
-0.23800001E+02    -0.89828408E+00     0.16853759E+00     0.50000000E+01     0.10198921E-01     0.99242055E+00     0.44947810E-01     0.16619408E+00      87     0.64913616E-01
-0.23700001E+02    -0.89326090E+00     0.16774604E+00     0.50000000E+01     0.91562299E-02     0.98933303E+00     0.45192033E-01     0.16539671E+00      88     0.58372140E-01
-0.23600000E+02    -0.88955629E+00     0.16612713E+00     0.50000000E+01     0.92663895E-02     0.59269226E+00     0.45008376E-01     0.16237935E+00      88     0.58372140E-01
-0.23100000E+02    -0.87228882E+00     0.16170201E+00     0.50000000E+01     0.45394134E-02     0.57201439E+00     0.46839356E-01     0.15787010E+00      88     0.58372140E-01
-0.23000002E+02    -0.86830783E+00     0.16107146E+00     0.50000000E+01     0.39040488E-02     0.56665313E+00     0.47182821E-01     0.15721819E+00      88     0.58372140E-01
-0.22900002E+02    -0.86535823E+00     0.16034529E+00     0.50000000E+01     0.29692848E-02     0.56700391E+00     0.48300385E-01     0.15650167E+00      88     0.58372140E-01
-0.22800001E+02    -0.86106634E+00     0.15960111E+00     0.50000000E+01     0.21882174E-02     0.56408763E+00     0.48460569E-01     0.15574236E+00      88     0.58372140E-01
-0.22700001E+02    -0.85640550E+00     0.15895516E+00     0.50000000E+01     0.13916114E-02     0.57059735E+00     0.48545100E-01     0.15511383E+00      88     0.58372140E-01
-0.22600002E+02    -0.85282737E+00     0.15812290E+00     0.50000000E+01     0.57115150E-03     0.54567438E+00     0.49112815E-01     0.15420672E+00      88     0.58372140E-01
-0.22500000E+02    -0.84794044E+00     0.15747494E+00     0.50000000E+01    -0.26968378E-03     0.56258446E+00     0.48665542E-01     0.15359423E+00      89     0.52287284E-01
-0.22300001E+02    -0.84336752E+00     0.15531987E+00     0.50000000E+01    -0.22101668E-02     0.54767460E+00     0.50000001E-01     0.15138742E+00      89     0.52287284E-01
-0.22200001E+02    -0.83846670E+00     0.15468942E+00     0.50000000E+01    -0.29622559E-02     0.54437828E+00     0.50000001E-01     0.15074447E+00      89     0.52287284E-01
-0.22100000E+02    -0.83358181E+00     0.15404856E+00     0.50000000E+01    -0.37129482E-02     0.53440905E+00     0.50000001E-01     0.15006530E+00      89     0.52287284E-01
-0.22000000E+02    -0.82856989E+00     0.15347221E+00     0.50000000E+01    -0.44164006E-02     0.54083431E+00     0.49951144E-01     0.14950342E+00      89     0.52287284E-01
-0.21900002E+02    -0.82400501E+00     0.15278645E+00     0.50000000E+01    -0.51028971E-02     0.53487289E+00     0.50000001E-01     0.14879313E+00      89     0.52287284E-01
-0.21800001E+02    -0.81896365E+00     0.15217945E+00     0.50000000E+01    -0.57941834E-02     0.52715933E+00     0.50000001E-01     0.14815986E+00      89     0.52287284E-01
-0.21700001E+02    -0.81423402E+00     0.15153068E+00     0.50000000E+01    -0.65302546E-02     0.53221297E+00     0.50000001E-01     0.14751755E+00      89     0.52287284E-01
-0.21600000E+02    -0.80983299E+00     0.15074196E+00     0.50000000E+01    -0.72577144E-02     0.51647818E+00     0.50000001E-01     0.14667645E+00      89     0.52287284E-01
-0.21500002E+02    -0.80609572E+00     0.14983380E+00     0.50000000E+01    -0.80556404E-02     0.52723312E+00     0.50000001E-01     0.14579090E+00      89     0.52287284E-01
-0.21400000E+02    -0.80312997E+00     0.14878105E+00     0.50000000E+01    -0.90485001E-02     0.51911032E+00     0.50000001E-01     0.14469986E+00      89     0.52287284E-01
-0.21300001E+02    -0.79631144E+00     0.14771840E+00     0.50000000E+01    -0.10039253E-01     0.50000001E-01     0.50000001E-01     0.14282319E+00      90     0.46679072E-01
-0.21200001E+02    -0.79133248E+00     0.14713709E+00     0.50000000E+01    -0.10744680E-01     0.50000001E-01     0.50000001E-01     0.14223139E+00      90     0.46679072E-01
-0.21100002E+02    -0.78647727E+00     0.14647785E+00     0.50000000E+01    -0.11393403E-01     0.50000001E-01     0.50000001E-01     0.14156137E+00      90     0.46679072E-01
-0.21000000E+02    -0.78161991E+00     0.14588474E+00     0.50000000E+01    -0.12018570E-01     0.50000001E-01     0.50000001E-01     0.14095849E+00      90     0.46679072E-01
-0.20900000E+02    -0.77648300E+00     0.14524756E+00     0.50000000E+01    -0.12703025E-01     0.50000001E-01     0.50000001E-01     0.14030969E+00      90     0.46679072E-01
-0.20800001E+02    -0.77165627E+00     0.14461870E+00     0.50000000E+01    -0.13359632E-01     0.50000001E-01     0.50000001E-01     0.13967092E+00      90     0.46679072E-01
-0.20700003E+02    -0.76656455E+00     0.14398895E+00     0.50000000E+01    -0.14053186E-01     0.50000001E-01     0.50000001E-01     0.13903044E+00      90     0.46679072E-01
-0.20600000E+02    -0.76197326E+00     0.14326790E+00     0.50000000E+01    -0.14754828E-01     0.50000001E-01     0.50000001E-01     0.13829708E+00      90     0.46679072E-01
-0.20500000E+02    -0.75765651E+00     0.14242792E+00     0.50000000E+01    -0.15516994E-01     0.50000001E-01     0.50000001E-01     0.13744448E+00      90     0.46679072E-01
-0.20400002E+02    -0.75436968E+00     0.14149010E+00     0.50000000E+01    -0.16328450E-01     0.50000001E-01     0.50000001E-01     0.13649118E+00      90     0.46679072E-01
-0.20300001E+02    -0.75001192E+00     0.14070883E+00     0.50000000E+01    -0.17051408E-01     0.50000001E-01     0.50000001E-01     0.13569820E+00      90     0.46679072E-01
-0.20200001E+02    -0.74500340E+00     0.14009902E+00     0.50000000E+01    -0.17696708E-01     0.50000001E-01     0.50000001E-01     0.13507703E+00      91     0.41550286E-01
-0.20100000E+02    -0.73991722E+00     0.13949740E+00     0.50000000E+01    -0.18306164E-01     0.50000001E-01     0.50000001E-01     0.13446587E+00      91     0.41550286E-01
-0.20000002E+02    -0.73465306E+00     0.13885969E+00     0.50000000E+01    -0.18978454E-01     0.50000001E-01     0.50000001E-01     0.13381748E+00      91     0.41550286E-01
-0.19900000E+02    -0.72966087E+00     0.13825907E+00     0.50000000E+01    -0.19571027E-01     0.50000001E-01     0.50000001E-01     0.13320667E+00      91     0.41550286E-01
-0.19800001E+02    -0.72452456E+00     0.13769312E+00     0.50000000E+01    -0.20178808E-01     0.50000001E-01     0.50000001E-01     0.13263077E+00      91     0.41550286E-01
-0.19700001E+02    -0.71944255E+00     0.13699394E+00     0.50000000E+01    -0.20812787E-01     0.50000001E-01     0.50000001E-01     0.13192110E+00      91     0.41550286E-01
-0.19600000E+02    -0.71443492E+00     0.13632199E+00     0.50000000E+01    -0.21480136E-01     0.50000001E-01     0.50000001E-01     0.13123837E+00      91     0.41550286E-01
-0.19500000E+02    -0.70995718E+00     0.13559665E+00     0.50000000E+01    -0.22102466E-01     0.50000001E-01     0.50000001E-01     0.13050154E+00      91     0.41550286E-01
-0.19400002E+02    -0.70634079E+00     0.13472284E+00     0.50000000E+01    -0.22844564E-01     0.50000001E-01     0.50000001E-01     0.12961367E+00      91     0.41550286E-01
-0.19300001E+02    -0.70227641E+00     0.13379753E+00     0.50000000E+01    -0.23594882E-01     0.50000001E-01     0.50000001E-01     0.12867388E+00      92     0.36888096E-01
-0.19200001E+02    -0.69719958E+00     0.13317516E+00     0.50000000E+01    -0.24188813E-01     0.50000001E-01     0.50000001E-01     0.12804218E+00      92     0.36888096E-01
-0.19100000E+02    -0.69196421E+00     0.13255586E+00     0.50000000E+01    -0.24803318E-01     0.50000001E-01     0.50000001E-01     0.12741295E+00      92     0.36888096E-01
-0.19000002E+02    -0.68680090E+00     0.13195525E+00     0.50000000E+01    -0.25362756E-01     0.50000001E-01     0.50000001E-01     0.12680249E+00      92     0.36888096E-01
-0.18900002E+02    -0.68162590E+00     0.13138822E+00     0.50000000E+01    -0.25935577E-01     0.50000001E-01     0.50000001E-01     0.12622596E+00      92     0.36888096E-01
-0.18800001E+02    -0.67644024E+00     0.13078178E+00     0.50000000E+01    -0.26501531E-01     0.50000001E-01     0.50000001E-01     0.12560965E+00      92     0.36888096E-01
-0.18700001E+02    -0.67118019E+00     0.13012040E+00     0.50000000E+01    -0.27082793E-01     0.50000001E-01     0.50000001E-01     0.12493905E+00      92     0.36888096E-01
-0.18600000E+02    -0.66599554E+00     0.12945767E+00     0.50000000E+01    -0.27703501E-01     0.50000001E-01     0.50000001E-01     0.12426572E+00      92     0.36888096E-01
-0.18500002E+02    -0.66137147E+00     0.12879132E+00     0.50000000E+01    -0.28258722E-01     0.50000001E-01     0.50000001E-01     0.12358864E+00      92     0.36888096E-01
-0.18400000E+02    -0.65707219E+00     0.12788790E+00     0.50000000E+01    -0.28976737E-01     0.50000001E-01     0.50000001E-01     0.12267161E+00      92     0.36888096E-01
-0.18300001E+02    -0.65353370E+00     0.12692668E+00     0.50000000E+01    -0.29688431E-01     0.50000001E-01     0.50000001E-01     0.12169605E+00      93     0.32668442E-01
-0.18200001E+02    -0.64820796E+00     0.12632406E+00     0.50000000E+01    -0.30273858E-01     0.50000001E-01     0.50000001E-01     0.12108363E+00      93     0.32668442E-01
-0.18100002E+02    -0.64310175E+00     0.12569685E+00     0.50000000E+01    -0.30804589E-01     0.50000001E-01     0.50000001E-01     0.12044695E+00      93     0.32668442E-01
-0.18000000E+02    -0.63785070E+00     0.12511341E+00     0.50000000E+01    -0.31299476E-01     0.50000001E-01     0.50000001E-01     0.11985439E+00      93     0.32668442E-01
-0.17900000E+02    -0.63248968E+00     0.12450898E+00     0.50000000E+01    -0.31849276E-01     0.50000001E-01     0.50000001E-01     0.11924089E+00      93     0.32668442E-01
-0.17800001E+02    -0.62708730E+00     0.12389691E+00     0.50000000E+01    -0.32397382E-01     0.50000001E-01     0.50000001E-01     0.11861905E+00      93     0.32668442E-01
-0.17700001E+02    -0.62179971E+00     0.12329537E+00     0.50000000E+01    -0.32918148E-01     0.50000001E-01     0.50000001E-01     0.11800867E+00      93     0.32668442E-01
-0.17600000E+02    -0.61650300E+00     0.12265677E+00     0.50000000E+01    -0.33475701E-01     0.50000001E-01     0.50000001E-01     0.11736048E+00      93     0.32668442E-01
-0.17500000E+02    -0.61173141E+00     0.12200462E+00     0.50000000E+01    -0.34009799E-01     0.50000001E-01     0.50000001E-01     0.11669829E+00      93     0.32668442E-01
-0.17400002E+02    -0.60700482E+00     0.12121185E+00     0.50000000E+01    -0.34588672E-01     0.50000001E-01     0.50000001E-01     0.11589407E+00      93     0.32668442E-01
-0.17300001E+02    -0.60332370E+00     0.12023623E+00     0.50000000E+01    -0.35296112E-01     0.50000001E-01     0.50000001E-01     0.11490380E+00      94     0.28860003E-01
-0.17200001E+02    -0.59856802E+00     0.11953273E+00     0.50000000E+01    -0.35842732E-01     0.50000001E-01     0.50000001E-01     0.11418975E+00      94     0.28860003E-01
-0.17100000E+02    -0.59311944E+00     0.11891718E+00     0.50000000E+01    -0.36365591E-01     0.50000001E-01     0.50000001E-01     0.11356472E+00      94     0.28860003E-01
-0.17000002E+02    -0.58784825E+00     0.11831371E+00     0.50000000E+01    -0.36849480E-01     0.50000001E-01     0.50000001E-01     0.11295253E+00      94     0.28860003E-01
-0.16900000E+02    -0.58241189E+00     0.11770897E+00     0.50000000E+01    -0.37355278E-01     0.50000001E-01     0.50000001E-01     0.11233912E+00      94     0.28860003E-01
-0.16800001E+02    -0.57694036E+00     0.11709935E+00     0.50000000E+01    -0.37868738E-01     0.50000001E-01     0.50000001E-01     0.11172040E+00      94     0.28860003E-01
-0.16700001E+02    -0.57166290E+00     0.11649366E+00     0.50000000E+01    -0.38344763E-01     0.50000001E-01     0.50000001E-01     0.11110598E+00      94     0.28860003E-01
-0.16600000E+02    -0.56617367E+00     0.11586951E+00     0.50000000E+01    -0.38852178E-01     0.50000001E-01     0.50000001E-01     0.11047241E+00      94     0.28860003E-01
-0.16500000E+02    -0.56100065E+00     0.11523241E+00     0.50000000E+01    -0.39337903E-01     0.50000001E-01     0.50000001E-01     0.10982568E+00      95     0.25427796E-01
-0.16400002E+02    -0.55600500E+00     0.11453494E+00     0.50000000E+01    -0.39878547E-01     0.50000001E-01     0.50000001E-01     0.10911816E+00      95     0.25427796E-01
-0.16300001E+02    -0.55191028E+00     0.11364843E+00     0.50000000E+01    -0.40481169E-01     0.50000001E-01     0.50000001E-01     0.10821897E+00      95     0.25427796E-01
-0.16200001E+02    -0.54779571E+00     0.11280349E+00     0.50000000E+01    -0.41045710E-01     0.50000001E-01     0.50000001E-01     0.10736182E+00      95     0.25427796E-01
-0.16100000E+02    -0.54240549E+00     0.11218219E+00     0.50000000E+01    -0.41530594E-01     0.50000001E-01     0.50000001E-01     0.10673197E+00      95     0.25427796E-01
-0.16000002E+02    -0.53694683E+00     0.11159290E+00     0.50000000E+01    -0.41965965E-01     0.50000001E-01     0.50000001E-01     0.10613399E+00      95     0.25427796E-01
-0.15900001E+02    -0.53152376E+00     0.11098702E+00     0.50000000E+01    -0.42420510E-01     0.50000001E-01     0.50000001E-01     0.10551992E+00      95     0.25427796E-01
-0.15800000E+02    -0.52588600E+00     0.11038126E+00     0.50000000E+01    -0.42918257E-01     0.50000001E-01     0.50000001E-01     0.10490546E+00      95     0.25427796E-01
-0.15700001E+02    -0.52048934E+00     0.10979157E+00     0.50000000E+01    -0.43334026E-01     0.50000001E-01     0.50000001E-01     0.10430753E+00      95     0.25427796E-01
-0.15600002E+02    -0.51508635E+00     0.10918108E+00     0.50000000E+01    -0.43788385E-01     0.50000001E-01     0.50000001E-01     0.10368787E+00      96     0.22336682E-01
-0.15500001E+02    -0.50964445E+00     0.10854505E+00     0.50000000E+01    -0.44273835E-01     0.50000001E-01     0.50000001E-01     0.10304281E+00      96     0.22336682E-01
-0.15400001E+02    -0.50459224E+00     0.10788059E+00     0.50000000E+01    -0.44723354E-01     0.50000001E-01     0.50000001E-01     0.10236936E+00      96     0.22336682E-01
-0.15300001E+02    -0.49990386E+00     0.10711399E+00     0.50000000E+01    -0.45239862E-01     0.50000001E-01     0.50000001E-01     0.10159197E+00      96     0.22336682E-01
-0.15200001E+02    -0.49617478E+00     0.10617112E+00     0.50000000E+01    -0.45814998E-01     0.50000001E-01     0.50000001E-01     0.10063595E+00      96     0.22336682E-01
-0.15100001E+02    -0.49080414E+00     0.10552277E+00     0.50000000E+01    -0.46274584E-01     0.50000001E-01     0.50000001E-01     0.99978551E-01      96     0.22336682E-01
-0.15000001E+02    -0.48528561E+00     0.10488734E+00     0.50000000E+01    -0.46716955E-01     0.50000001E-01     0.50000001E-01     0.99335089E-01      96     0.22336682E-01
-0.14900000E+02    -0.47980198E+00     0.10432593E+00     0.50000000E+01    -0.47124591E-01     0.50000001E-01     0.50000001E-01     0.98765478E-01      96     0.22336682E-01
-0.14800000E+02    -0.47417289E+00     0.10374226E+00     0.50000000E+01    -0.47547940E-01     0.50000001E-01     0.50000001E-01     0.98173387E-01      97     0.19552818E-01
-0.14700002E+02    -0.46863893E+00     0.10314383E+00     0.50000000E+01    -0.47956187E-01     0.50000001E-01     0.50000001E-01     0.97566828E-01      97     0.19552818E-01
-0.14600000E+02    -0.46314397E+00     0.10254243E+00     0.50000000E+01    -0.48370093E-01     0.50000001E-01     0.50000001E-01     0.96957460E-01      97     0.19552818E-01
-0.14500000E+02    -0.45751494E+00     0.10195114E+00     0.50000000E+01    -0.48788965E-01     0.50000001E-01     0.50000001E-01     0.96358202E-01      97     0.19552818E-01
-0.14400001E+02    -0.45228893E+00     0.10128890E+00     0.50000000E+01    -0.49226541E-01     0.50000001E-01     0.50000001E-01     0.95687032E-01      97     0.19552818E-01
-0.14300001E+02    -0.44759446E+00     0.10053809E+00     0.50000000E+01    -0.49685169E-01     0.50000001E-01     0.50000001E-01     0.94926126E-01      97     0.19552818E-01
-0.14200001E+02    -0.44341871E+00     0.99662244E-01     0.50000000E+01    -0.50220393E-01     0.50000001E-01     0.50000001E-01     0.94038159E-01      97     0.19552818E-01
-0.14100001E+02    -0.43850315E+00     0.98953851E-01     0.50000000E+01    -0.50649460E-01     0.50000001E-01     0.50000001E-01     0.93320228E-01      97     0.19552818E-01
-0.14000001E+02    -0.43297982E+00     0.98331057E-01     0.50000000E+01    -0.51041517E-01     0.50000001E-01     0.50000001E-01     0.92689663E-01      97     0.19552818E-01
-0.13900002E+02    -0.42738086E+00     0.97750217E-01     0.50000000E+01    -0.51428124E-01     0.50000001E-01     0.50000001E-01     0.92100807E-01      98     0.17045036E-01
-0.13800001E+02    -0.42170870E+00     0.97161807E-01     0.50000000E+01    -0.51821813E-01     0.50000001E-01     0.50000001E-01     0.91504894E-01      98     0.17045036E-01
-0.13700001E+02    -0.41612443E+00     0.96590459E-01     0.50000000E+01    -0.52172530E-01     0.50000001E-01     0.50000001E-01     0.90926133E-01      98     0.17045036E-01
-0.13600001E+02    -0.41047522E+00     0.95994592E-01     0.50000000E+01    -0.52568272E-01     0.50000001E-01     0.50000001E-01     0.90322398E-01      98     0.17045036E-01
-0.13500001E+02    -0.40491772E+00     0.95370479E-01     0.50000000E+01    -0.52960042E-01     0.50000001E-01     0.50000001E-01     0.89690559E-01      98     0.17045036E-01
-0.13400001E+02    -0.39951792E+00     0.94748616E-01     0.50000000E+01    -0.53344235E-01     0.50000001E-01     0.50000001E-01     0.89060701E-01      98     0.17045036E-01
-0.13300000E+02    -0.39445230E+00     0.94065115E-01     0.50000000E+01    -0.53755358E-01     0.50000001E-01     0.50000001E-01     0.88368237E-01      98     0.17045036E-01
-0.13200001E+02    -0.39033756E+00     0.93220562E-01     0.50000000E+01    -0.54226264E-01     0.50000001E-01     0.50000001E-01     0.87511502E-01      99     0.14785348E-01
-0.13100000E+02    -0.38563648E+00     0.92434675E-01     0.50000000E+01    -0.54656584E-01     0.50000001E-01     0.50000001E-01     0.86715810E-01      99     0.14785348E-01
-0.13000001E+02    -0.38004196E+00     0.91870181E-01     0.50000000E+01    -0.55003941E-01     0.50000001E-01     0.50000001E-01     0.86143911E-01      99     0.14785348E-01
-0.12900001E+02    -0.37435231E+00     0.91285281E-01     0.50000000E+01    -0.55373460E-01     0.50000001E-01     0.50000001E-01     0.85551530E-01      99     0.14785348E-01
-0.12800001E+02    -0.36860564E+00     0.90713419E-01     0.50000000E+01    -0.55724580E-01     0.50000001E-01     0.50000001E-01     0.84972665E-01      99     0.14785348E-01
-0.12700001E+02    -0.36297953E+00     0.90136081E-01     0.50000000E+01    -0.56062125E-01     0.50000001E-01     0.50000001E-01     0.84388167E-01      99     0.14785348E-01
-0.12600001E+02    -0.35724884E+00     0.89552902E-01     0.50000000E+01    -0.56422804E-01     0.50000001E-01     0.50000001E-01     0.83797790E-01      99     0.14785348E-01
-0.12500001E+02    -0.35163593E+00     0.88963084E-01     0.50000000E+01    -0.56767315E-01     0.50000001E-01     0.50000001E-01     0.83200417E-01     100     0.12748995E-01
-0.12400002E+02    -0.34612569E+00     0.88339485E-01     0.50000000E+01    -0.57135519E-01     0.50000001E-01     0.50000001E-01     0.82569063E-01     100     0.12748995E-01
-0.12300001E+02    -0.34097919E+00     0.87674975E-01     0.50000000E+01    -0.57490796E-01     0.50000001E-01     0.50000001E-01     0.81896253E-01     100     0.12748995E-01
-0.12200001E+02    -0.33696899E+00     0.86805619E-01     0.50000000E+01    -0.57926044E-01     0.50000001E-01     0.50000001E-01     0.81015550E-01     100     0.12748995E-01
-0.12100001E+02    -0.33213592E+00     0.86064897E-01     0.50000000E+01    -0.58333565E-01     0.50000001E-01     0.50000001E-01     0.80265209E-01     100     0.12748995E-01
-0.12000000E+02    -0.32649082E+00     0.85495681E-01     0.50000000E+01    -0.58646128E-01     0.50000001E-01     0.50000001E-01     0.79689115E-01     100     0.12748995E-01
-0.11900001E+02    -0.32078040E+00     0.84927596E-01     0.50000000E+01    -0.58963615E-01     0.50000001E-01     0.50000001E-01     0.79114184E-01     100     0.12748995E-01
-0.11800000E+02    -0.31502470E+00     0.84380850E-01     0.50000000E+01    -0.59279367E-01     0.50000001E-01     0.50000001E-01     0.78560457E-01     101     0.10914493E-01
-0.11700001E+02    -0.30921632E+00     0.83806746E-01     0.50000000E+01    -0.59610393E-01     0.50000001E-01     0.50000001E-01     0.77979572E-01     101     0.10914493E-01
-0.11600000E+02    -0.30353650E+00     0.83219454E-01     0.50000000E+01    -0.59917234E-01     0.50000001E-01     0.50000001E-01     0.77385396E-01     101     0.10914493E-01
-0.11500001E+02    -0.29791024E+00     0.82633279E-01     0.50000000E+01    -0.60235739E-01     0.50000001E-01     0.50000001E-01     0.76792344E-01     101     0.10914493E-01
-0.11400001E+02    -0.29241112E+00     0.82018889E-01     0.50000000E+01    -0.60562316E-01     0.50000001E-01     0.50000001E-01     0.76170504E-01     101     0.10914493E-01
-0.11300001E+02    -0.28734013E+00     0.81342764E-01     0.50000000E+01    -0.60904466E-01     0.50000001E-01     0.50000001E-01     0.75486153E-01     101     0.10914493E-01
-0.11200001E+02    -0.28341547E+00     0.80472991E-01     0.50000000E+01    -0.61303560E-01     0.50000001E-01     0.50000001E-01     0.74605167E-01     101     0.10914493E-01
-0.11100001E+02    -0.27826568E+00     0.79801716E-01     0.50000000E+01    -0.61644871E-01     0.50000001E-01     0.50000001E-01     0.73925383E-01     102     0.92633720E-02
-0.11000001E+02    -0.27251577E+00     0.79236031E-01     0.50000000E+01    -0.61945066E-01     0.50000001E-01     0.50000001E-01     0.73353119E-01     102     0.92633720E-02
-0.10900001E+02    -0.26673988E+00     0.78681506E-01     0.50000000E+01    -0.62233068E-01     0.50000001E-01     0.50000001E-01     0.72792277E-01     102     0.92633720E-02
-0.10800001E+02    -0.26095781E+00     0.78124680E-01     0.50000000E+01    -0.62520146E-01     0.50000001E-01     0.50000001E-01     0.72229005E-01     102     0.92633720E-02
-0.10700001E+02    -0.25514728E+00     0.77570029E-01     0.50000000E+01    -0.62811293E-01     0.50000001E-01     0.50000001E-01     0.71668074E-01     102     0.92633720E-02
-0.10600001E+02    -0.24941880E+00     0.77003658E-01     0.50000000E+01    -0.63096419E-01     0.50000001E-01     0.50000001E-01     0.71095221E-01     102     0.92633720E-02
-0.10500001E+02    -0.24378209E+00     0.76438166E-01     0.50000000E+01    -0.63391514E-01     0.50000001E-01     0.50000001E-01     0.70522986E-01     102     0.92633720E-02
-0.10400002E+02    -0.23843035E+00     0.75795606E-01     0.50000000E+01    -0.63685134E-01     0.50000001E-01     0.50000001E-01     0.69872901E-01     103     0.77798865E-02
-0.10300000E+02    -0.23379534E+00     0.75055093E-01     0.50000000E+01    -0.64020939E-01     0.50000001E-01     0.50000001E-01     0.69123246E-01     103     0.77798865E-02
-0.10200001E+02    -0.22969459E+00     0.74228704E-01     0.50000000E+01    -0.64384945E-01     0.50000001E-01     0.50000001E-01     0.68286352E-01     103     0.77798865E-02
-0.10100000E+02    -0.22399975E+00     0.73663324E-01     0.50000000E+01    -0.64657614E-01     0.50000001E-01     0.50000001E-01     0.67714557E-01     103     0.77798865E-02
-0.10000001E+02    -0.21822578E+00     0.73114455E-01     0.50000000E+01    -0.64919569E-01     0.50000001E-01     0.50000001E-01     0.67159548E-01     103     0.77798865E-02
-0.99000006E+01    -0.21237747E+00     0.72587729E-01     0.50000000E+01    -0.65184757E-01     0.50000001E-01     0.50000001E-01     0.66626877E-01     103     0.77798865E-02
-0.98000011E+01    -0.20656100E+00     0.72044916E-01     0.50000000E+01    -0.65442979E-01     0.50000001E-01     0.50000001E-01     0.66077895E-01     104     0.64506866E-02
-0.97000008E+01    -0.20080118E+00     0.71498394E-01     0.50000000E+01    -0.65700568E-01     0.50000001E-01     0.50000001E-01     0.65525301E-01     104     0.64506866E-02
-0.96000013E+01    -0.19509144E+00     0.70914283E-01     0.50000000E+01    -0.65964684E-01     0.50000001E-01     0.50000001E-01     0.64934850E-01     104     0.64506866E-02
-0.95000010E+01    -0.18967029E+00     0.70313893E-01     0.50000000E+01    -0.66233173E-01     0.50000001E-01     0.50000001E-01     0.64327635E-01     104     0.64506866E-02
-0.94000006E+01    -0.18477745E+00     0.69641091E-01     0.50000000E+01    -0.66527337E-01     0.50000001E-01     0.50000001E-01     0.63646629E-01     104     0.64506866E-02
-0.93000011E+01    -0.18100026E+00     0.68776518E-01     0.50000000E+01    -0.66862777E-01     0.50000001E-01     0.50000001E-01     0.62771209E-01     104     0.64506866E-02
-0.91999998E+01    -0.17538096E+00     0.68216249E-01     0.50000000E+01    -0.67117579E-01     0.50000001E-01     0.50000001E-01     0.62204648E-01     104     0.64506866E-02
-0.91000013E+01    -0.16956688E+00     0.67677960E-01     0.50000000E+01    -0.67360014E-01     0.50000001E-01     0.50000001E-01     0.61660338E-01     105     0.52645961E-02
-0.90000000E+01    -0.16375765E+00     0.67153864E-01     0.50000000E+01    -0.67592353E-01     0.50000001E-01     0.50000001E-01     0.61130598E-01     105     0.52645961E-02
-0.89000015E+01    -0.15791805E+00     0.66618383E-01     0.50000000E+01    -0.67826875E-01     0.50000001E-01     0.50000001E-01     0.60589395E-01     105     0.52645961E-02
-0.88000002E+01    -0.15216304E+00     0.66088296E-01     0.50000000E+01    -0.68055891E-01     0.50000001E-01     0.50000001E-01     0.60053475E-01     105     0.52645961E-02
-0.87000017E+01    -0.14649512E+00     0.65527774E-01     0.50000000E+01    -0.68291619E-01     0.50000001E-01     0.50000001E-01     0.59486970E-01     105     0.52645961E-02
-0.86000004E+01    -0.14105953E+00     0.64921409E-01     0.50000000E+01    -0.68531327E-01     0.50000001E-01     0.50000001E-01     0.58874026E-01     105     0.52645961E-02
-0.85000019E+01    -0.13632233E+00     0.64243726E-01     0.50000000E+01    -0.68801045E-01     0.50000001E-01     0.50000001E-01     0.58187984E-01     106     0.42122267E-02
-0.84000006E+01    -0.13249679E+00     0.63430272E-01     0.50000000E+01    -0.69105968E-01     0.50000001E-01     0.50000001E-01     0.57364129E-01     106     0.42122267E-02
-0.83000011E+01    -0.12682869E+00     0.62894516E-01     0.50000000E+01    -0.69323480E-01     0.50000001E-01     0.50000001E-01     0.56822591E-01     106     0.42122267E-02
-0.82000008E+01    -0.12101142E+00     0.62365562E-01     0.50000000E+01    -0.69538206E-01     0.50000001E-01     0.50000001E-01     0.56288145E-01     106     0.42122267E-02
-0.81000013E+01    -0.11518420E+00     0.61843809E-01     0.50000000E+01    -0.69748923E-01     0.50000001E-01     0.50000001E-01     0.55761036E-01     106     0.42122267E-02
-0.80000010E+01    -0.10938904E+00     0.61319914E-01     0.50000000E+01    -0.69956839E-01     0.50000001E-01     0.50000001E-01     0.55231787E-01     106     0.42122267E-02
-0.79000001E+01    -0.10364723E+00     0.60791347E-01     0.50000000E+01    -0.70164040E-01     0.50000001E-01     0.50000001E-01     0.54697540E-01     107     0.32861971E-02
-0.78000011E+01    -0.98070733E-01     0.60249772E-01     0.50000000E+01    -0.70375234E-01     0.50000001E-01     0.50000001E-01     0.54150138E-01     107     0.32861971E-02
-0.77000003E+01    -0.92914015E-01     0.59729114E-01     0.50000000E+01    -0.70600912E-01     0.50000001E-01     0.50000001E-01     0.53622577E-01     107     0.32861971E-02
-0.76000009E+01    -0.89151613E-01     0.59204254E-01     0.50000000E+01    -0.70872389E-01     0.50000001E-01     0.50000001E-01     0.53087644E-01     107     0.32861971E-02
-0.75000005E+01    -0.84211841E-01     0.58777224E-01     0.50000000E+01    -0.71096420E-01     0.50000001E-01     0.50000001E-01     0.52653372E-01     107     0.32861971E-02
-0.74000010E+01    -0.78441836E-01     0.58413148E-01     0.50000000E+01    -0.71289167E-01     0.50000001E-01     0.50000001E-01     0.52284092E-01     107     0.32861971E-02
-0.73000002E+01    -0.72627977E-01     0.58055721E-01     0.50000000E+01    -0.71477070E-01     0.50000001E-01     0.50000001E-01     0.51921606E-01     107     0.32861971E-02
-0.72000012E+01    -0.66848874E-01     0.57684846E-01     0.50000000E+01    -0.71659602E-01     0.50000001E-01     0.50000001E-01     0.51545557E-01     108     0.24803814E-02
-0.71000004E+01    -0.61113402E-01     0.57302542E-01     0.50000000E+01    -0.71841307E-01     0.50000001E-01     0.50000001E-01     0.51158093E-01     108     0.24803814E-02
-0.70000014E+01    -0.55539727E-01     0.56915820E-01     0.50000000E+01    -0.72026037E-01     0.50000001E-01     0.50000001E-01     0.50765943E-01     108     0.24803814E-02
-0.69000006E+01    -0.50344527E-01     0.56474119E-01     0.50000000E+01    -0.72223179E-01     0.50000001E-01     0.50000001E-01     0.50317902E-01     108     0.24803814E-02
-0.68000016E+01    -0.46492372E-01     0.55888332E-01     0.50000000E+01    -0.72462514E-01     0.50000001E-01     0.50000001E-01     0.49722675E-01     108     0.24803814E-02
-0.67000008E+01    -0.41922111E-01     0.55377793E-01     0.50000000E+01    -0.72668582E-01     0.50000001E-01     0.50000001E-01     0.49204536E-01     108     0.24803814E-02
-0.66000018E+01    -0.36196049E-01     0.54980837E-01     0.50000000E+01    -0.72833478E-01     0.50000001E-01     0.50000001E-01     0.48802711E-01     108     0.24803814E-02
-0.65000010E+01    -0.30440982E-01     0.54570377E-01     0.50000000E+01    -0.72993860E-01     0.50000001E-01     0.50000001E-01     0.48387364E-01     109     0.17901587E-02
-0.64000001E+01    -0.24699789E-01     0.54183070E-01     0.50000000E+01    -0.73154077E-01     0.50000001E-01     0.50000001E-01     0.47995370E-01     109     0.17901587E-02
-0.63000011E+01    -0.19036936E-01     0.53766657E-01     0.50000000E+01    -0.73312469E-01     0.50000001E-01     0.50000001E-01     0.47574062E-01     109     0.17901587E-02
-0.62000003E+01    -0.13601818E-01     0.53326197E-01     0.50000000E+01    -0.73473476E-01     0.50000001E-01     0.50000001E-01     0.47128294E-01     109     0.17901587E-02
-0.61000009E+01    -0.87275440E-02     0.52833688E-01     0.50000000E+01    -0.73648423E-01     0.50000001E-01     0.50000001E-01     0.46629246E-01     109     0.17901587E-02
-0.60000000E+01    -0.55611390E-02     0.52154966E-01     0.50000000E+01    -0.73872320E-01     0.50000001E-01     0.50000001E-01     0.45940194E-01     109     0.17901587E-02
-0.59000010E+01    -0.21757472E-03     0.51701866E-01     0.50000000E+01    -0.74021198E-01     0.50000001E-01     0.50000001E-01     0.45481719E-01     110     0.12126006E-02
-0.58000002E+01     0.54466873E-02     0.51296074E-01     0.50000000E+01    -0.74157417E-01     0.50000001E-01     0.50000001E-01     0.45071457E-01     110     0.12126006E-02
-0.57000012E+01     0.11092615E-01     0.50878275E-01     0.50000000E+01    -0.74289493E-01     0.50000001E-01     0.50000001E-01     0.44649277E-01     110     0.12126006E-02
-0.56000004E+01     0.16714571E-01     0.50459757E-01     0.50000000E+01    -0.74422434E-01     0.50000001E-01     0.50000001E-01     0.44226274E-01     110     0.12126006E-02
-0.55000014E+01     0.22133110E-01     0.50014947E-01     0.50000000E+01    -0.74553825E-01     0.50000001E-01     0.50000001E-01     0.43776665E-01     110     0.12126006E-02
-0.54000006E+01     0.27077407E-01     0.49520943E-01     0.50000000E+01    -0.74695401E-01     0.50000001E-01     0.50000001E-01     0.43276813E-01     110     0.12126006E-02
-0.53000016E+01     0.30178104E-01     0.48841603E-01     0.50000000E+01    -0.74880607E-01     0.50000001E-01     0.50000001E-01     0.42587638E-01     111     0.74606086E-03
-0.52000008E+01     0.34928180E-01     0.48349772E-01     0.50000000E+01    -0.75012684E-01     0.50000001E-01     0.50000001E-01     0.42089857E-01     111     0.74606086E-03
-0.51000013E+01     0.40443063E-01     0.47924254E-01     0.50000000E+01    -0.75120389E-01     0.50000001E-01     0.50000001E-01     0.41660115E-01     111     0.74606086E-03
-0.50000010E+01     0.45973014E-01     0.47494907E-01     0.50000000E+01    -0.75225912E-01     0.50000001E-01     0.50000001E-01     0.41226637E-01     111     0.74606086E-03
-0.49000015E+01     0.51406436E-01     0.47064468E-01     0.50000000E+01    -0.75325795E-01     0.50000001E-01     0.50000001E-01     0.40791951E-01     111     0.74606086E-03
-0.48000007E+01     0.56586545E-01     0.46623237E-01     0.50000000E+01    -0.75427771E-01     0.50000001E-01     0.50000001E-01     0.40346101E-01     111     0.74606086E-03
-0.47000003E+01     0.61096996E-01     0.46094231E-01     0.50000000E+01    -0.75541481E-01     0.50000001E-01     0.50000001E-01     0.39811030E-01     111     0.74606086E-03
-0.46000009E+01     0.63516505E-01     0.45373119E-01     0.50000000E+01    -0.75689629E-01     0.50000001E-01     0.50000001E-01     0.39079670E-01     112     0.38927357E-03
-0.45000000E+01     0.68698823E-01     0.44931214E-01     0.50000000E+01    -0.75771347E-01     0.50000001E-01     0.50000001E-01     0.38633447E-01     112     0.38927357E-03
-0.44000010E+01     0.74023686E-01     0.44504479E-01     0.50000000E+01    -0.75843982E-01     0.50000001E-01     0.50000001E-01     0.38202815E-01     112     0.38927357E-03
-0.43000002E+01     0.79247400E-01     0.44085834E-01     0.50000000E+01    -0.75908296E-01     0.50000001E-01     0.50000001E-01     0.37780274E-01     112     0.38927357E-03
-0.42000012E+01     0.84303193E-01     0.43637902E-01     0.50000000E+01    -0.75972870E-01     0.50000001E-01     0.50000001E-01     0.37328143E-01     112     0.38927357E-03
-0.41000004E+01     0.88768333E-01     0.43131713E-01     0.50000000E+01    -0.76044701E-01     0.50000001E-01     0.50000001E-01     0.36816634E-01     112     0.38927357E-03
-0.40000014E+01     0.90749398E-01     0.42398665E-01     0.50000000E+01    -0.76146685E-01     0.50000001E-01     0.50000001E-01     0.36073532E-01     112     0.38927357E-03
-0.39000006E+01     0.95225342E-01     0.41915786E-01     0.50000000E+01    -0.76192632E-01     0.50000001E-01     0.50000001E-01     0.35585754E-01     113     0.14580940E-03
-0.38000014E+01     0.10020361E+00     0.41493896E-01     0.50000000E+01    -0.76221980E-01     0.50000001E-01     0.50000001E-01     0.35160191E-01     113     0.14580940E-03
-0.37000005E+01     0.10510223E+00     0.41053280E-01     0.50000000E+01    -0.76247357E-01     0.50000001E-01     0.50000001E-01     0.34715816E-01     113     0.14580940E-03
-0.36000016E+01     0.10965540E+00     0.40586513E-01     0.50000000E+01    -0.76267853E-01     0.50000001E-01     0.50000001E-01     0.34244850E-01     113     0.14580940E-03
-0.35000007E+01     0.11315384E+00     0.40040296E-01     0.50000000E+01    -0.76289155E-01     0.50000001E-01     0.50000001E-01     0.33692598E-01     113     0.14580940E-03
-0.34000015E+01     0.11442100E+00     0.39301924E-01     0.50000000E+01    -0.76317303E-01     0.50000001E-01     0.50000001E-01     0.32944325E-01     113     0.14580940E-03
-0.33000009E+01     0.11893235E+00     0.38857561E-01     0.50000000E+01    -0.76299623E-01     0.50000001E-01     0.50000001E-01     0.32496359E-01     113     0.14580940E-03
-0.32000017E+01     0.12337402E+00     0.38414832E-01     0.50000000E+01    -0.76273113E-01     0.50000001E-01     0.50000001E-01     0.32050073E-01     114     0.22011809E-04
-0.31000009E+01     0.12743640E+00     0.37952233E-01     0.50000000E+01    -0.76232173E-01     0.50000001E-01     0.50000001E-01     0.31583510E-01     114     0.22011809E-04
-0.30000000E+01     0.13037620E+00     0.37399035E-01     0.50000000E+01    -0.76183915E-01     0.50000001E-01     0.50000001E-01     0.31024676E-01     114     0.22011809E-04
-0.29000010E+01     0.13031553E+00     0.36620356E-01     0.50000000E+01    -0.76115198E-01     0.50000001E-01     0.50000001E-01     0.30235671E-01     114     0.22011809E-04
-0.28000002E+01     0.13402216E+00     0.36159240E-01     0.50000000E+01    -0.76021329E-01     0.50000001E-01     0.50000001E-01     0.29771078E-01     114     0.22011809E-04
-0.27000012E+01     0.13750833E+00     0.35689704E-01     0.50000000E+01    -0.75911872E-01     0.50000001E-01     0.50000001E-01     0.29297922E-01     114     0.22011809E-04
-0.26000004E+01     0.14013584E+00     0.35172269E-01     0.50000000E+01    -0.75771108E-01     0.50000001E-01     0.50000001E-01     0.28775927E-01     114     0.22011809E-04
-0.25000012E+01     0.13778162E+00     0.34300905E-01     0.50000000E+01    -0.75561084E-01     0.50000001E-01     0.50000001E-01     0.27893119E-01     114     0.22011809E-04
-0.24000003E+01     0.13996744E+00     0.33790499E-01     0.50000000E+01    -0.75350255E-01     0.50000001E-01     0.50000001E-01     0.27378801E-01     115     0.52234973E-05
-0.23000014E+01     0.14189367E+00     0.33281013E-01     0.50000000E+01    -0.75103484E-01     0.50000001E-01     0.50000001E-01     0.26865594E-01     115     0.52234973E-05
-0.22000005E+01     0.14182703E+00     0.32656603E-01     0.50000000E+01    -0.74780487E-01     0.50000001E-01     0.50000001E-01     0.26235485E-01     115     0.52234973E-05
-0.21000013E+01     0.13615985E+00     0.31714335E-01     0.50000000E+01    -0.74247673E-01     0.50000001E-01     0.50000001E-01     0.25282068E-01     115     0.52234973E-05
-0.20000007E+01     0.13531446E+00     0.31120559E-01     0.50000000E+01    -0.73747650E-01     0.50000001E-01     0.50000001E-01     0.24684267E-01     115     0.52234973E-05
-0.17000016E+01     0.77152304E-01     0.27324712E-01     0.50000000E+01    -0.68535484E-01     0.50000001E-01     0.50000001E-01     0.20843245E-01     115     0.52234973E-05
-0.16000009E+01     0.75968646E-01     0.25877561E-01     0.50000000E+01    -0.70435181E-01     0.50000001E-01     0.50000001E-01     0.19364271E-01     115     0.52234973E-05
-0.15000000E+01     0.83585121E-01     0.25100200E-01     0.50000000E+01    -0.71989886E-01     0.50000001E-01     0.50000001E-01     0.18570172E-01     115     0.52234973E-05
-0.14000009E+01     0.92865504E-01     0.23906747E-01     0.50000000E+01    -0.74820928E-01     0.50000001E-01     0.50000001E-01     0.17345255E-01     115     0.52234973E-05
-0.13000002E+01     0.10472623E+00     0.23244794E-01     0.50000000E+01    -0.76723129E-01     0.50000001E-01     0.50000001E-01     0.16666519E-01     115     0.52234973E-05
-0.12000011E+01     0.11873148E+00     0.22220463E-01     0.50000000E+01    -0.79847269E-01     0.50000001E-01     0.50000001E-01     0.15611328E-01     115     0.52234973E-05
-0.11000003E+01     0.13281812E+00     0.21650989E-01     0.50000000E+01    -0.81870459E-01     0.50000001E-01     0.50000001E-01     0.15025298E-01     116     0.82350911E-04
-0.10000012E+01     0.14852424E+00     0.20921109E-01     0.50000000E+01    -0.84548362E-01     0.50000001E-01     0.50000001E-01     0.14271375E-01     116     0.82350911E-04
-0.90000039E+00     0.16493337E+00     0.20247810E-01     0.50000000E+01    -0.87206282E-01     0.50000001E-01     0.50000001E-01     0.13574470E-01     116     0.82350911E-04
-0.80000126E+00     0.18123405E+00     0.19698646E-01     0.50000000E+01    -0.89545213E-01     0.50000001E-01     0.50000001E-01     0.13005424E-01     116     0.82350911E-04
-0.70000046E+00     0.19933790E+00     0.19013779E-01     0.50000000E+01    -0.92524283E-01     0.50000001E-01     0.50000001E-01     0.12292803E-01     117     0.24611084E-03
-0.60000139E+00     0.21609640E+00     0.18550195E-01     0.50000000E+01    -0.94735026E-01     0.50000001E-01     0.50000001E-01     0.11810098E-01     117     0.24611084E-03
-0.50000060E+00     0.23483385E+00     0.17936103E-01     0.50000000E+01    -0.97652383E-01     0.50000001E-01     0.50000001E-01     0.11167582E-01     117     0.24611084E-03
-0.40000150E+00     0.25189924E+00     0.17522117E-01     0.50000000E+01    -0.99795610E-01     0.50000001E-01     0.50000001E-01     0.10733863E-01     117     0.24611084E-03
-0.30000070E+00     0.27040100E+00     0.17008498E-01     0.50000000E+01    -0.10242453E+00     0.50000001E-01     0.50000001E-01     0.10193183E-01     118     0.50025358E-03
-0.20000160E+00     0.28773069E+00     0.16616965E-01     0.50000000E+01    -0.10454916E+00     0.50000001E-01     0.50000001E-01     0.97798500E-02     118     0.50025358E-03
-0.10000080E+00     0.30538556E+00     0.16213940E-01     0.50000000E+01    -0.10675108E+00     0.50000001E-01     0.50000001E-01     0.93523115E-02     118     0.50025358E-03
 0.00000000E+00     0.32285947E+00     0.15835956E-01     0.50000000E+01    -0.10885419E+00     0.50000001E-01     0.50000001E-01     0.89492695E-02     118     0.50025358E-03
 0.99999093E-01     0.33967721E+00     0.15515826E-01     0.50000000E+01    -0.11069378E+00     0.50000001E-01     0.50000001E-01     0.86061088E-02     119     0.85647090E-03
 0.19999990E+00     0.35620621E+00     0.15219592E-01     0.50000000E+01    -0.11241600E+00     0.50000001E-01     0.50000001E-01     0.82863476E-02     119     0.85647090E-03
 0.29999900E+00     0.37246189E+00     0.14945445E-01     0.50000000E+01    -0.11402830E+00     0.50000001E-01     0.50000001E-01     0.79880171E-02     119     0.85647090E-03
 0.39999980E+00     0.38841674E+00     0.14693064E-01     0.50000000E+01    -0.11552753E+00     0.50000001E-01     0.50000001E-01     0.77111153E-02     119     0.85647090E-03
 0.49999887E+00     0.40381491E+00     0.14482778E-01     0.50000000E+01    -0.11682508E+00     0.50000001E-01     0.50000001E-01     0.74785776E-02     119     0.85647090E-03
 0.59999967E+00     0.41790831E+00     0.14373003E-01     0.50000000E+01    -0.11766601E+00     0.50000001E-01     0.50000001E-01     0.73561524E-02     120     0.13216801E-02
 0.69999880E+00     0.43129578E+00     0.14316296E-01     0.50000000E+01    -0.11826088E+00     0.50000001E-01     0.50000001E-01     0.72924369E-02     120     0.13216801E-02
 0.79999959E+00     0.44450331E+00     0.14272531E-01     0.50000000E+01    -0.11879406E+00     0.50000001E-01     0.50000001E-01     0.72429292E-02     120     0.13216801E-02
 0.89999866E+00     0.45761514E+00     0.14235307E-01     0.50000000E+01    -0.11929420E+00     0.50000001E-01     0.50000001E-01     0.72005098E-02     120     0.13216801E-02
 0.99999946E+00     0.47064430E+00     0.14203582E-01     0.50000000E+01    -0.11976711E+00     0.50000001E-01     0.50000001E-01     0.71642017E-02     121     0.19007844E-02
 0.10999986E+01     0.48360381E+00     0.14176790E-01     0.50000000E+01    -0.12021541E+00     0.50000001E-01     0.50000001E-01     0.71330196E-02     121     0.19007844E-02
 0.11999993E+01     0.49650246E+00     0.14153976E-01     0.50000000E+01    -0.12064243E+00     0.50000001E-01     0.50000001E-01     0.71061598E-02     121     0.19007844E-02
 0.12999984E+01     0.50934088E+00     0.14135036E-01     0.50000000E+01    -0.12105029E+00     0.50000001E-01     0.50000001E-01     0.70834565E-02     121     0.19007844E-02
 0.13999993E+01     0.52212411E+00     0.14119439E-01     0.50000000E+01    -0.12144146E+00     0.50000001E-01     0.50000001E-01     0.70644137E-02     121     0.19007844E-02
 0.14999983E+01     0.53485769E+00     0.14107014E-01     0.50000000E+01    -0.12181658E+00     0.50000001E-01     0.50000001E-01     0.70489300E-02     122     0.25991555E-02
 0.15999992E+01     0.54754782E+00     0.14098060E-01     0.50000000E+01    -0.12217684E+00     0.50000001E-01     0.50000001E-01     0.70369127E-02     122     0.25991555E-02
 0.16999999E+01     0.56019592E+00     0.14090441E-01     0.50000000E+01    -0.12252340E+00     0.50000001E-01     0.50000001E-01     0.70265261E-02     122     0.25991555E-02
 0.17999990E+01     0.57279700E+00     0.14086660E-01     0.50000000E+01    -0.12285728E+00     0.50000001E-01     0.50000001E-01     0.70200739E-02     122     0.25991555E-02
 0.18999999E+01     0.58536303E+00     0.14084495E-01     0.50000000E+01    -0.12317867E+00     0.50000001E-01     0.50000001E-01     0.70154369E-02     122     0.25991555E-02
 0.19999989E+01     0.59788924E+00     0.14084595E-01     0.50000000E+01    -0.12348881E+00     0.50000001E-01     0.50000001E-01     0.70132622E-02     122     0.25991555E-02
 0.20999997E+01     0.61037898E+00     0.14086247E-01     0.50000000E+01    -0.12378750E+00     0.50000001E-01     0.50000001E-01     0.70130797E-02     123     0.34217748E-02
 0.21999989E+01     0.62283146E+00     0.14090494E-01     0.50000000E+01    -0.12407584E+00     0.50000001E-01     0.50000001E-01     0.70153857E-02     123     0.34217748E-02
 0.22999997E+01     0.63524717E+00     0.14097369E-01     0.50000000E+01    -0.12435345E+00     0.50000001E-01     0.50000001E-01     0.70204111E-02     123     0.34217748E-02
 0.23999987E+01     0.64762938E+00     0.14105521E-01     0.50000000E+01    -0.12462111E+00     0.50000001E-01     0.50000001E-01     0.70268898E-02     123     0.34217748E-02
 0.24999995E+01     0.65997583E+00     0.14115447E-01     0.50000000E+01    -0.12487956E+00     0.50000001E-01     0.50000001E-01     0.70352899E-02     123     0.34217748E-02
 0.25999987E+01     0.67229128E+00     0.14126513E-01     0.50000000E+01    -0.12512812E+00     0.50000001E-01     0.50000001E-01     0.70452793E-02     124     0.43732501E-02
 0.26999993E+01     0.68457097E+00     0.14140001E-01     0.50000000E+01    -0.12536731E+00     0.50000001E-01     0.50000001E-01     0.70574880E-02     124     0.43732501E-02
 0.27999985E+01     0.69681799E+00     0.14155604E-01     0.50000000E+01    -0.12559791E+00     0.50000001E-01     0.50000001E-01     0.70719481E-02     124     0.43732501E-02
 0.28999994E+01     0.70902771E+00     0.14171758E-01     0.50000000E+01    -0.12581991E+00     0.50000001E-01     0.50000001E-01     0.70870905E-02     124     0.43732501E-02
 0.29999983E+01     0.72120821E+00     0.14189977E-01     0.50000000E+01    -0.12603211E+00     0.50000001E-01     0.50000001E-01     0.71044369E-02     124     0.43732501E-02
 0.30999992E+01     0.73335284E+00     0.14210048E-01     0.50000000E+01    -0.12623616E+00     0.50000001E-01     0.50000001E-01     0.71240058E-02     125     0.54580495E-02
 0.31999984E+01     0.74546659E+00     0.14231385E-01     0.50000000E+01    -0.12643155E+00     0.50000001E-01     0.50000001E-01     0.71446751E-02     125     0.54580495E-02
 0.32999990E+01     0.75754523E+00     0.14255137E-01     0.50000000E+01    -0.12661855E+00     0.50000001E-01     0.50000001E-01     0.71678683E-02     125     0.54580495E-02
 0.33999999E+01     0.76959193E+00     0.14278993E-01     0.50000000E+01    -0.12679709E+00     0.50000001E-01     0.50000001E-01     0.71913344E-02     125     0.54580495E-02
 0.34999990E+01     0.78160369E+00     0.14304752E-01     0.50000000E+01    -0.12696740E+00     0.50000001E-01     0.50000001E-01     0.72167930E-02     125     0.54580495E-02
 0.35999999E+01     0.79357994E+00     0.14332249E-01     0.50000000E+01    -0.12712881E+00     0.50000001E-01     0.50000001E-01     0.72440696E-02     125     0.54580495E-02
 0.36999989E+01     0.80552125E+00     0.14361210E-01     0.50000000E+01    -0.12728228E+00     0.50000001E-01     0.50000001E-01     0.72732307E-02     126     0.66809705E-02
 0.37999997E+01     0.81742936E+00     0.14391551E-01     0.50000000E+01    -0.12742697E+00     0.50000001E-01     0.50000001E-01     0.73035564E-02     126     0.66809705E-02
 0.38999987E+01     0.82930213E+00     0.14423173E-01     0.50000000E+01    -0.12756330E+00     0.50000001E-01     0.50000001E-01     0.73353252E-02     126     0.66809705E-02
 0.39999995E+01     0.84113902E+00     0.14456755E-01     0.50000000E+01    -0.12769210E+00     0.50000001E-01     0.50000001E-01     0.73691355E-02     126     0.66809705E-02
 0.40999985E+01     0.85293972E+00     0.14491000E-01     0.50000000E+01    -0.12781139E+00     0.50000001E-01     0.50000001E-01     0.74037220E-02     126     0.66809705E-02
 0.41999993E+01     0.86470026E+00     0.14526940E-01     0.50000000E+01    -0.12792282E+00     0.50000001E-01     0.50000001E-01     0.74403770E-02     127     0.80471234E-02
 0.42999988E+01     0.87642503E+00     0.14564357E-01     0.50000000E+01    -0.12802535E+00     0.50000001E-01     0.50000001E-01     0.74783419E-02     127     0.80471234E-02
 0.43999991E+01     0.88811493E+00     0.14603142E-01     0.50000000E+01    -0.12811992E+00     0.50000001E-01     0.50000001E-01     0.75177848E-02     127     0.80471234E-02
 0.44999986E+01     0.89976269E+00     0.14643367E-01     0.50000000E+01    -0.12820563E+00     0.50000001E-01     0.50000001E-01     0.75587588E-02     127     0.80471234E-02
 0.45999994E+01     0.91137272E+00     0.14684943E-01     0.50000000E+01    -0.12828204E+00     0.50000001E-01     0.50000001E-01     0.76011759E-02     127     0.80471234E-02
 0.47000003E+01     0.92294133E+00     0.14727898E-01     0.50000000E+01    -0.12835006E+00     0.50000001E-01     0.50000001E-01     0.76451129E-02     127     0.80471234E-02
 0.47999973E+01     0.93446720E+00     0.14772516E-01     0.50000000E+01    -0.12840864E+00     0.50000001E-01     0.50000001E-01     0.76911221E-02     128     0.95619382E-02
 0.48999982E+01     0.94595277E+00     0.14818337E-01     0.50000000E+01    -0.12845838E+00     0.50000001E-01     0.50000001E-01     0.77380999E-02     128     0.95619382E-02
 0.49999990E+01     0.95739484E+00     0.14865634E-01     0.50000000E+01    -0.12849888E+00     0.50000001E-01     0.50000001E-01     0.77866577E-02     128     0.95619382E-02
 0.50999999E+01     0.96879190E+00     0.14914241E-01     0.50000000E+01    -0.12853059E+00     0.50000001E-01     0.50000001E-01     0.78366417E-02     128     0.95619382E-02
 0.52000008E+01     0.98014522E+00     0.14964432E-01     0.50000000E+01    -0.12855215E+00     0.50000001E-01     0.50000001E-01     0.78883097E-02     128     0.95619382E-02
 0.52999978E+01     0.99145156E+00     0.15016112E-01     0.50000000E+01    -0.12856443E+00     0.50000001E-01     0.50000001E-01     0.79415841E-02     128     0.95619382E-02
 0.53999987E+01     0.10027096E+01     0.15069105E-01     0.50000000E+01    -0.12856600E+00     0.50000001E-01     0.50000001E-01     0.79966569E-02     129     0.11231796E-01
 0.54999995E+01     0.10139167E+01     0.15123748E-01     0.50000000E+01    -0.12855867E+00     0.50000001E-01     0.50000001E-01     0.80530699E-02     129     0.11231796E-01
 0.56000004E+01     0.10250735E+01     0.15179885E-01     0.50000000E+01    -0.12854032E+00     0.50000001E-01     0.50000001E-01     0.81111174E-02     129     0.11231796E-01
 0.56999979E+01     0.10361841E+01     0.15237353E-01     0.50000000E+01    -0.12851119E+00     0.50000001E-01     0.50000001E-01     0.81705991E-02     129     0.11231796E-01
 0.57999988E+01     0.10472327E+01     0.15296717E-01     0.50000000E+01    -0.12847085E+00     0.50000001E-01     0.50000001E-01     0.82320757E-02     129     0.11231796E-01
 0.58999996E+01     0.10582314E+01     0.15357380E-01     0.50000000E+01    -0.12842053E+00     0.50000001E-01     0.50000001E-01     0.82954038E-02     130     0.13063635E-01
 0.60000000E+01     0.10691640E+01     0.15419613E-01     0.50000000E+01    -0.12835816E+00     0.50000001E-01     0.50000001E-01     0.83599659E-02     130     0.13063635E-01
 0.60999975E+01     0.10800477E+01     0.15483543E-01     0.50000000E+01    -0.12828447E+00     0.50000001E-01     0.50000001E-01     0.84263515E-02     130     0.13063635E-01
 0.61999984E+01     0.10908618E+01     0.15549255E-01     0.50000000E+01    -0.12819809E+00     0.50000001E-01     0.50000001E-01     0.84945988E-02     130     0.13063635E-01
 0.62999992E+01     0.11016146E+01     0.15616652E-01     0.50000000E+01    -0.12809841E+00     0.50000001E-01     0.50000001E-01     0.85646696E-02     130     0.13063635E-01
 0.64000001E+01     0.11123036E+01     0.15685679E-01     0.50000000E+01    -0.12798688E+00     0.50000001E-01     0.50000001E-01     0.86365286E-02     130     0.13063635E-01
 0.65000010E+01     0.11229185E+01     0.15756648E-01     0.50000000E+01    -0.12786110E+00     0.50000001E-01     0.50000001E-01     0.87104030E-02     130     0.13063635E-01
 0.65999980E+01     0.11334572E+01     0.15829373E-01     0.50000000E+01    -0.12772211E+00     0.50000001E-01     0.50000001E-01     0.87865843E-02     131     0.15065445E-01
 0.66999989E+01     0.11439282E+01     0.15903963E-01     0.50000000E+01    -0.12756823E+00     0.50000001E-01     0.50000001E-01     0.88643357E-02     131     0.15065445E-01
 0.67999997E+01     0.11543014E+01     0.15980413E-01     0.50000000E+01    -0.12739669E+00     0.50000001E-01     0.50000001E-01     0.89441054E-02     131     0.15065445E-01
 0.69000006E+01     0.11645496E+01     0.16059091E-01     0.50000000E+01    -0.12720005E+00     0.50000001E-01     0.50000001E-01     0.90262061E-02     131     0.15065445E-01
 0.69999981E+01     0.11746747E+01     0.16139720E-01     0.50000000E+01    -0.12698062E+00     0.50000001E-01     0.50000001E-01     0.91104433E-02     131     0.15065445E-01
 0.70999990E+01     0.11846838E+01     0.16222553E-01     0.50000000E+01    -0.12673900E+00     0.50000001E-01     0.50000001E-01     0.91969986E-02     131     0.15065445E-01
 0.71999998E+01     0.11945703E+01     0.16307773E-01     0.50000000E+01    -0.12647390E+00     0.50000001E-01     0.50000001E-01     0.92866011E-02     132     0.17246265E-01
 0.73000002E+01     0.12043154E+01     0.16395459E-01     0.50000000E+01    -0.12618099E+00     0.50000001E-01     0.50000001E-01     0.93784072E-02     132     0.17246265E-01
 0.73999977E+01     0.12139083E+01     0.16485754E-01     0.50000000E+01    -0.12586096E+00     0.50000001E-01     0.50000001E-01     0.94729252E-02     132     0.17246265E-01
 0.74999986E+01     0.12233603E+01     0.16579082E-01     0.50000000E+01    -0.12551439E+00     0.50000001E-01     0.50000001E-01     0.95706247E-02     132     0.17246265E-01
 0.75999994E+01     0.12326661E+01     0.16675511E-01     0.50000000E+01    -0.12513992E+00     0.50000001E-01     0.50000001E-01     0.96716424E-02     132     0.17246265E-01
 0.77000003E+01     0.12417318E+01     0.16775269E-01     0.50000000E+01    -0.12471947E+00     0.50000001E-01     0.50000001E-01     0.97762141E-02     132     0.17246265E-01
 0.77999973E+01     0.12491212E+01     0.16885061E-01     0.50000000E+01    -0.12396507E+00     0.50000001E-01     0.50000001E-01     0.98920381E-02     132     0.17246265E-01
 0.78999982E+01     0.12539150E+01     0.17011194E-01     0.50000000E+01    -0.12269562E+00     0.50000001E-01     0.50000001E-01     0.10026563E-01     133     0.19616185E-01
 0.79999990E+01     0.12587928E+01     0.17143829E-01     0.50000000E+01    -0.12144934E+00     0.50000001E-01     0.50000001E-01     0.10167132E-01     133     0.19616185E-01
 0.81000004E+01     0.12644401E+01     0.17283088E-01     0.50000000E+01    -0.12036793E+00     0.50000001E-01     0.50000001E-01     0.10313890E-01     133     0.19616185E-01
 0.82000008E+01     0.12713199E+01     0.17422015E-01     0.50000000E+01    -0.11953714E+00     0.50000001E-01     0.50000001E-01     0.10459678E-01     133     0.19616185E-01
 0.82999983E+01     0.12794654E+01     0.17559340E-01     0.50000000E+01    -0.11896230E+00     0.50000001E-01     0.50000001E-01     0.10602977E-01     133     0.19616185E-01
 0.83999987E+01     0.12880090E+01     0.17696191E-01     0.50000000E+01    -0.11847124E+00     0.50000001E-01     0.50000001E-01     0.10745667E-01     133     0.19616185E-01
 0.85000000E+01     0.12965560E+01     0.17838143E-01     0.50000000E+01    -0.11798465E+00     0.50000001E-01     0.50000001E-01     0.10893522E-01     133     0.19616185E-01
 0.86000004E+01     0.13050486E+01     0.17984560E-01     0.50000000E+01    -0.11749503E+00     0.50000001E-01     0.50000001E-01     0.11046548E-01     134     0.22186713E-01
 0.86999979E+01     0.13135229E+01     0.18133715E-01     0.50000000E+01    -0.11700473E+00     0.50000001E-01     0.50000001E-01     0.11201987E-01     134     0.22186713E-01
 0.87999983E+01     0.13219784E+01     0.18287014E-01     0.50000000E+01    -0.11651666E+00     0.50000001E-01     0.50000001E-01     0.11361599E-01     134     0.22186713E-01
 0.88999996E+01     0.13304018E+01     0.18443532E-01     0.50000000E+01    -0.11602662E+00     0.50000001E-01     0.50000001E-01     0.11524601E-01     134     0.22186713E-01
 0.90000000E+01     0.13386053E+01     0.18607454E-01     0.50000000E+01    -0.11550144E+00     0.50000001E-01     0.50000001E-01     0.11695309E-01     134     0.22186713E-01
 0.90999975E+01     0.13466731E+01     0.18778127E-01     0.50000000E+01    -0.11495893E+00     0.50000001E-01     0.50000001E-01     0.11872953E-01     134     0.22186713E-01
 0.91999989E+01     0.13547078E+01     0.18952485E-01     0.50000000E+01    -0.11441542E+00     0.50000001E-01     0.50000001E-01     0.12054494E-01     134     0.22186713E-01
 0.92999992E+01     0.13627081E+01     0.19130800E-01     0.50000000E+01    -0.11387176E+00     0.50000001E-01     0.50000001E-01     0.12240607E-01     135     0.24970656E-01
 0.94000006E+01     0.13704669E+01     0.19318489E-01     0.50000000E+01    -0.11329124E+00     0.50000001E-01     0.50000001E-01     0.12435985E-01     135     0.24970656E-01
 0.94999971E+01     0.13780659E+01     0.19514250E-01     0.50000000E+01    -0.11268883E+00     0.50000001E-01     0.50000001E-01     0.12639637E-01     135     0.24970656E-01
 0.95999985E+01     0.13855407E+01     0.19719478E-01     0.50000000E+01    -0.11207464E+00     0.49905431E-01     0.50000001E-01     0.12852253E-01     135     0.24970656E-01
 0.96999989E+01     0.13899754E+01     0.20058049E-01     0.50000000E+01    -0.11099790E+00     0.47744643E-01     0.50000001E-01     0.13184193E-01     135     0.24970656E-01
 0.98000002E+01     0.13984814E+01     0.20221049E-01     0.50000000E+01    -0.11055416E+00     0.48632696E-01     0.50000001E-01     0.13362623E-01     135     0.24970656E-01
 0.99000006E+01     0.14024695E+01     0.20585116E-01     0.50000000E+01    -0.10943487E+00     0.46450440E-01     0.50000001E-01     0.13721783E-01     135     0.24970656E-01
 0.99999981E+01     0.14086907E+01     0.20859530E-01     0.50000000E+01    -0.10866191E+00     0.45887128E-01     0.50000001E-01     0.14002547E-01     135     0.24970656E-01
 0.10099998E+02     0.14146848E+01     0.21144638E-01     0.50000000E+01    -0.10786660E+00     0.45364644E-01     0.50000001E-01     0.14295043E-01     136     0.27982261E-01
 0.10200000E+02     0.14207972E+01     0.21432996E-01     0.50000000E+01    -0.10710288E+00     0.44950113E-01     0.50000001E-01     0.14590895E-01     136     0.27982261E-01
 0.10300000E+02     0.14262491E+01     0.21753890E-01     0.50000000E+01    -0.10625242E+00     0.44447940E-01     0.50000001E-01     0.14919139E-01     136     0.27982261E-01
 0.10399998E+02     0.14314514E+01     0.22093412E-01     0.50000000E+01    -0.10538340E+00     0.43876309E-01     0.50000001E-01     0.15265741E-01     136     0.27982261E-01
 0.10499999E+02     0.14364815E+01     0.22448357E-01     0.50000000E+01    -0.10450519E+00     0.43461040E-01     0.50000001E-01     0.15628813E-01     136     0.27982261E-01
 0.10599999E+02     0.14409398E+01     0.22841807E-01     0.50000000E+01    -0.10356847E+00     0.42940337E-01     0.50000001E-01     0.16029993E-01     136     0.27982261E-01
 0.10700000E+02     0.14453700E+01     0.23240669E-01     0.50000000E+01    -0.10264888E+00     0.42562168E-01     0.50000001E-01     0.16437810E-01     136     0.27982261E-01
 0.10799997E+02     0.14493276E+01     0.23679322E-01     0.50000000E+01    -0.10169015E+00     0.42078286E-01     0.50000001E-01     0.16885437E-01     136     0.27982261E-01
 0.10899999E+02     0.14529632E+01     0.24141023E-01     0.50000000E+01    -0.10071629E+00     0.41584119E-01     0.50000001E-01     0.17357500E-01     136     0.27982261E-01
 0.10999999E+02     0.14550970E+01     0.24700670E-01     0.50000000E+01    -0.99593438E-01     0.40142931E-01     0.50000001E-01     0.17926954E-01     137     0.31237058E-01
 0.11100000E+02     0.14582999E+01     0.25215304E-01     0.50000000E+01    -0.98637849E-01     0.39797481E-01     0.50000001E-01     0.18454926E-01     137     0.31237058E-01
 0.11200001E+02     0.14630316E+01     0.25661508E-01     0.50000000E+01    -0.97893029E-01     0.40459406E-01     0.50000001E-01     0.18919699E-01     137     0.31237058E-01
 0.11299998E+02     0.14631193E+01     0.26391586E-01     0.50000000E+01    -0.96669100E-01     0.39112985E-01     0.50000001E-01     0.19660780E-01     137     0.31237058E-01
 0.11399999E+02     0.14646878E+01     0.27060790E-01     0.50000000E+01    -0.95672198E-01     0.38796261E-01     0.50000001E-01     0.20346878E-01     137     0.31237058E-01
 0.11500000E+02     0.14654148E+01     0.27812229E-01     0.50000000E+01    -0.94655573E-01     0.38480319E-01     0.50000001E-01     0.21116883E-01     137     0.31237058E-01
 0.11600000E+02     0.14653409E+01     0.28646709E-01     0.50000000E+01    -0.93647741E-01     0.38202852E-01     0.50000001E-01     0.21972280E-01     137     0.31237058E-01
 0.11699998E+02     0.14643073E+01     0.29577823E-01     0.50000000E+01    -0.92654586E-01     0.37968878E-01     0.50000001E-01     0.22927515E-01     137     0.31237058E-01
 0.11799999E+02     0.14616385E+01     0.30673541E-01     0.50000000E+01    -0.91656856E-01     0.37625361E-01     0.50000001E-01     0.24050342E-01     137     0.31237058E-01
 0.11900000E+02     0.14588536E+01     0.31819105E-01     0.50000000E+01    -0.90799123E-01     0.37535384E-01     0.50000001E-01     0.25227210E-01     137     0.31237058E-01
 0.12000000E+02     0.14529185E+01     0.33267938E-01     0.50000000E+01    -0.89942269E-01     0.37190679E-01     0.50000001E-01     0.26713761E-01     137     0.31237058E-01
 0.12099998E+02     0.14458340E+01     0.34867387E-01     0.50000000E+01    -0.89264043E-01     0.37091583E-01     0.50000001E-01     0.28357660E-01     137     0.31237058E-01
 0.12199999E+02     0.14357423E+01     0.36800493E-01     0.50000000E+01    -0.88764206E-01     0.36974210E-01     0.50000001E-01     0.30344276E-01     137     0.31237058E-01
 0.12299999E+02     0.14223644E+01     0.39082892E-01     0.50000000E+01    -0.88531837E-01     0.36891900E-01     0.50000001E-01     0.32691229E-01     137     0.31237058E-01
 0.12400001E+02     0.14034159E+01     0.41960198E-01     0.50000000E+01    -0.88680603E-01     0.37017494E-01     0.50000001E-01     0.35651751E-01     137     0.31237058E-01
 0.12499997E+02     0.13774133E+01     0.45535274E-01     0.50000000E+01    -0.89248031E-01     0.37158549E-01     0.50000001E-01     0.39329056E-01     137     0.31237058E-01
 0.12599998E+02     0.13449458E+01     0.49610183E-01     0.50000000E+01    -0.90086713E-01     0.37495341E-01     0.50000001E-01     0.43521240E-01     137     0.31237058E-01
 0.12699999E+02     0.13116859E+01     0.53429686E-01     0.50000000E+01    -0.90811044E-01     0.37927944E-01     0.50000001E-01     0.47451757E-01     137     0.31237058E-01
 0.12800000E+02     0.12723477E+01     0.57213787E-01     0.50000000E+01    -0.91402926E-01     0.38290795E-01     0.50000001E-01     0.51351152E-01     137     0.31237058E-01
 0.12900001E+02     0.12287039E+01     0.60429987E-01     0.50000000E+01    -0.91807202E-01     0.38822450E-01     0.50000001E-01     0.54683272E-01     136     0.27982261E-01
 0.12999998E+02     0.11834941E+01     0.65453298E-01     0.50000000E+01    -0.92171088E-01     0.39359894E-01     0.50000001E-01     0.59818447E-01     136     0.27982261E-01
 0.13099999E+02     0.11623056E+01     0.68479188E-01     0.50000000E+01    -0.92470206E-01     0.40538657E-01     0.50000001E-01     0.62912606E-01     136     0.27982261E-01
 0.13200000E+02     0.11412987E+01     0.71564287E-01     0.50000000E+01    -0.92926674E-01     0.40536046E-01     0.50000001E-01     0.66054888E-01     136     0.27982261E-01
 0.13300000E+02     0.11302984E+01     0.73685065E-01     0.50000000E+01    -0.93291312E-01     0.40541433E-01     0.50000001E-01     0.68213366E-01     136     0.27982261E-01
 0.13399998E+02     0.11151192E+01     0.76443367E-01     0.50000000E+01    -0.94004057E-01     0.40405516E-01     0.50000001E-01     0.71019344E-01     136     0.27982261E-01
 0.13499999E+02     0.11107440E+01     0.77991806E-01     0.50000000E+01    -0.94363645E-01     0.40295329E-01     0.50000001E-01     0.72592169E-01     136     0.27982261E-01
 0.13599999E+02     0.10971750E+01     0.80747575E-01     0.50000000E+01    -0.95264047E-01     0.39359491E-01     0.50000001E-01     0.75386465E-01     136     0.27982261E-01
 0.13700001E+02     0.10973796E+01     0.81880599E-01     0.50000000E+01    -0.95579937E-01     0.40012166E-01     0.50000001E-01     0.76542892E-01     136     0.27982261E-01
 0.13799997E+02     0.10866103E+01     0.84409937E-01     0.50000000E+01    -0.96508943E-01     0.38896408E-01     0.50000001E-01     0.79103075E-01     136     0.27982261E-01
 0.13899999E+02     0.10852686E+01     0.85784100E-01     0.50000000E+01    -0.96986800E-01     0.38793333E-01     0.50000001E-01     0.80496654E-01     136     0.27982261E-01
 0.13999999E+02     0.10844073E+01     0.87067418E-01     0.50000000E+01    -0.97421132E-01     0.38519051E-01     0.50000001E-01     0.81795819E-01     136     0.27982261E-01
 0.14100000E+02     0.10786734E+01     0.89151517E-01     0.50000000E+01    -0.98295785E-01     0.38410105E-01     0.50000001E-01     0.83911918E-01     136     0.27982261E-01
 0.14199998E+02     0.10774606E+01     0.90528868E-01     0.50000000E+01    -0.98819077E-01     0.37894856E-01     0.50000001E-01     0.85303426E-01     136     0.27982261E-01
 0.14299998E+02     0.10774270E+01     0.91742255E-01     0.50000000E+01    -0.99270798E-01     0.37556425E-01     0.50000001E-01     0.86529590E-01     136     0.27982261E-01
 0.14400000E+02     0.10736800E+01     0.93649134E-01     0.50000000E+01    -0.10017327E+00     0.37474550E-01     0.50000001E-01     0.88464595E-01     136     0.27982261E-01
 0.14500000E+02     0.10742855E+01     0.94858095E-01     0.50000000E+01    -0.10066239E+00     0.37455354E-01     0.50000001E-01     0.89690849E-01     136     0.27982261E-01
 0.14600000E+02     0.10749702E+01     0.96027754E-01     0.50000000E+01    -0.10115759E+00     0.36957059E-01     0.50000001E-01     0.90872154E-01     137     0.31237058E-01
 0.14699998E+02     0.10753059E+01     0.97266309E-01     0.50000000E+01    -0.10169370E+00     0.36443915E-01     0.50000001E-01     0.92125989E-01     137     0.31237058E-01
 0.14799999E+02     0.10730931E+01     0.98982014E-01     0.50000000E+01    -0.10253964E+00     0.36362894E-01     0.50000001E-01     0.93867131E-01     137     0.31237058E-01
 0.14900000E+02     0.10739192E+01     0.10019285E+00     0.50000000E+01    -0.10309701E+00     0.35781447E-01     0.50000001E-01     0.95089920E-01     137     0.31237058E-01
 0.15000001E+02     0.10762135E+01     0.10117531E+00     0.50000000E+01    -0.10353260E+00     0.35716861E-01     0.50000001E-01     0.96084960E-01     137     0.31237058E-01
 0.15099998E+02     0.10785326E+01     0.10217565E+00     0.50000000E+01    -0.10399260E+00     0.35566561E-01     0.50000001E-01     0.97098246E-01     137     0.31237058E-01
 0.15199999E+02     0.10745016E+01     0.10412751E+00     0.50000000E+01    -0.10501410E+00     0.34451205E-01     0.50000001E-01     0.99067405E-01     137     0.31237058E-01
 0.15299999E+02     0.10779566E+01     0.10506457E+00     0.50000000E+01    -0.10550430E+00     0.34965441E-01     0.50000001E-01     0.10002317E+00     137     0.31237058E-01
 0.15400001E+02     0.10803497E+01     0.10605121E+00     0.50000000E+01    -0.10597558E+00     0.34768473E-01     0.50000001E-01     0.10102132E+00     137     0.31237058E-01
 0.15499998E+02     0.10818399E+01     0.10713363E+00     0.50000000E+01    -0.10651354E+00     0.34112979E-01     0.50000001E-01     0.10211033E+00     137     0.31237058E-01
 0.15599998E+02     0.10821812E+01     0.10846888E+00     0.50000000E+01    -0.10724574E+00     0.33757243E-01     0.50000001E-01     0.10345962E+00     137     0.31237058E-01
 0.15699999E+02     0.10813979E+01     0.10999274E+00     0.50000000E+01    -0.10806679E+00     0.33247113E-01     0.50000001E-01     0.10499875E+00     137     0.31237058E-01
 0.15800000E+02     0.10835166E+01     0.11101851E+00     0.50000000E+01    -0.10862054E+00     0.33022188E-01     0.50000001E-01     0.10603463E+00     137     0.31237058E-01
 0.15899998E+02     0.10884010E+01     0.11174036E+00     0.50000000E+01    -0.10901794E+00     0.33742763E-01     0.50000001E-01     0.10677636E+00     138     0.34752071E-01
 0.15999998E+02     0.10892569E+01     0.11289001E+00     0.50000000E+01    -0.10963477E+00     0.32521132E-01     0.50000001E-01     0.10792845E+00     138     0.34752071E-01
 0.16099998E+02     0.10920430E+01     0.11386884E+00     0.50000000E+01    -0.11014602E+00     0.32906935E-01     0.50000001E-01     0.10892230E+00     138     0.34752071E-01
 0.16200001E+02     0.10911469E+01     0.11549317E+00     0.50000000E+01    -0.11110912E+00     0.31950615E-01     0.50000001E-01     0.11056367E+00     138     0.34752071E-01
 0.16300001E+02     0.10937364E+01     0.11648182E+00     0.50000000E+01    -0.11170297E+00     0.31652231E-01     0.50000001E-01     0.11156291E+00     138     0.34752071E-01
 0.16399998E+02     0.10973096E+01     0.11731809E+00     0.50000000E+01    -0.11221216E+00     0.31617168E-01     0.50000001E-01     0.11241062E+00     138     0.34752071E-01
 0.16499998E+02     0.11005709E+01     0.11821195E+00     0.50000000E+01    -0.11271239E+00     0.31423055E-01     0.50000001E-01     0.11331414E+00     138     0.34752071E-01
 0.16600000E+02     0.11040428E+01     0.11905143E+00     0.50000000E+01    -0.11317840E+00     0.31433225E-01     0.50000001E-01     0.11416430E+00     138     0.34752071E-01
 0.16700001E+02     0.11034764E+01     0.12055319E+00     0.50000000E+01    -0.11413622E+00     0.30662674E-01     0.50000001E-01     0.11567982E+00     138     0.34752071E-01
