  
       RFOIL         Version 3.00
  
 Calculated polar for: OSO_2025_WT2_T30                
  
 1  Reynolds number fixed
  
 xtrf =      0.05000000 (suction)     0.05000000 (pressure)
 Rot. Parameters:  f0 =      1.00000000 c/r =      0.00000000
 Mach =      0.00000000     Re =      3.00000000 e 6     Ncrit =      3.00000000
  
             alpha                CL                CD            Re(CL)                CM             S_xtr             P_xtr               CDp            I_stag            X_stag
  ------- -------- --------- --------- -------- ------- ------- -------- 
-0.23300001E+02    -0.86777192E+00     0.16842599E+00     0.30000000E+01     0.11737728E-01     0.99574816E+00     0.50000001E-01     0.16579223E+00      88     0.58372140E-01
-0.23200001E+02    -0.86273503E+00     0.16769312E+00     0.30000000E+01     0.10728085E-01     0.99567431E+00     0.50000001E-01     0.16505408E+00      88     0.58372140E-01
-0.23100000E+02    -0.85938805E+00     0.16716783E+00     0.30000000E+01     0.10308553E-01     0.99580836E+00     0.50000001E-01     0.16452309E+00      88     0.58372140E-01
-0.23000002E+02    -0.84905601E+00     0.16592962E+00     0.30000000E+01     0.76055401E-02     0.99482089E+00     0.50000001E-01     0.16327275E+00      88     0.58372140E-01
-0.22900002E+02    -0.84668320E+00     0.16546631E+00     0.30000000E+01     0.75234640E-02     0.99516594E+00     0.50000001E-01     0.16280544E+00      88     0.58372140E-01
-0.22800001E+02    -0.84410834E+00     0.16482328E+00     0.30000000E+01     0.71997372E-02     0.99542356E+00     0.50000001E-01     0.16215700E+00      88     0.58372140E-01
-0.22700001E+02    -0.83626670E+00     0.16381612E+00     0.30000000E+01     0.52583450E-02     0.99479735E+00     0.50000001E-01     0.16113901E+00      89     0.52287284E-01
-0.22600002E+02    -0.83239955E+00     0.16287869E+00     0.30000000E+01     0.42946534E-02     0.99434519E+00     0.50000001E-01     0.16019084E+00      89     0.52287284E-01
-0.22500000E+02    -0.82986403E+00     0.16193610E+00     0.30000000E+01     0.36228164E-02     0.99331349E+00     0.50000001E-01     0.15923963E+00      89     0.52287284E-01
-0.22400002E+02    -0.82603538E+00     0.16121593E+00     0.30000000E+01     0.29559683E-02     0.99225056E+00     0.50000001E-01     0.15851228E+00      89     0.52287284E-01
-0.22300001E+02    -0.82187200E+00     0.16054204E+00     0.30000000E+01     0.23105612E-02     0.99185544E+00     0.50000001E-01     0.15783218E+00      89     0.52287284E-01
-0.22200001E+02    -0.81805652E+00     0.15989824E+00     0.30000000E+01     0.18590312E-02     0.98613286E+00     0.50000001E-01     0.15718476E+00      89     0.52287284E-01
-0.21900002E+02    -0.79549330E+00     0.15627554E+00     0.30000000E+01    -0.26046881E-02     0.59400940E+00     0.50000001E-01     0.15209493E+00      89     0.52287284E-01
-0.21800001E+02    -0.79075670E+00     0.15555814E+00     0.30000000E+01    -0.33506760E-02     0.59164989E+00     0.50000001E-01     0.15136261E+00      89     0.52287284E-01
-0.21700001E+02    -0.78454924E+00     0.15422571E+00     0.30000000E+01    -0.44598002E-02     0.50000001E-01     0.50000001E-01     0.14897962E+00      90     0.46679072E-01
-0.21600000E+02    -0.78051668E+00     0.15343258E+00     0.30000000E+01    -0.52528218E-02     0.50000001E-01     0.50000001E-01     0.14817272E+00      90     0.46679072E-01
-0.21500002E+02    -0.77733368E+00     0.15242243E+00     0.30000000E+01    -0.61561759E-02     0.50000001E-01     0.50000001E-01     0.14714552E+00      90     0.46679072E-01
-0.21400000E+02    -0.77270889E+00     0.15169573E+00     0.30000000E+01    -0.69505102E-02     0.50000001E-01     0.50000001E-01     0.14640647E+00      90     0.46679072E-01
-0.21300001E+02    -0.76774669E+00     0.15105852E+00     0.30000000E+01    -0.76854466E-02     0.50000001E-01     0.50000001E-01     0.14575674E+00      90     0.46679072E-01
-0.21200001E+02    -0.76294798E+00     0.15039892E+00     0.30000000E+01    -0.84190723E-02     0.50000001E-01     0.50000001E-01     0.14508551E+00      90     0.46679072E-01
-0.21100002E+02    -0.75823265E+00     0.14976889E+00     0.30000000E+01    -0.91026314E-02     0.50000001E-01     0.50000001E-01     0.14444368E+00      90     0.46679072E-01
-0.21000000E+02    -0.75347716E+00     0.14915626E+00     0.30000000E+01    -0.97554810E-02     0.50000001E-01     0.50000001E-01     0.14381963E+00      90     0.46679072E-01
-0.20900000E+02    -0.74862063E+00     0.14846306E+00     0.30000000E+01    -0.10490681E-01     0.50000001E-01     0.50000001E-01     0.14311273E+00      90     0.46679072E-01
-0.20800001E+02    -0.74396425E+00     0.14780213E+00     0.30000000E+01    -0.11179389E-01     0.50000001E-01     0.50000001E-01     0.14244068E+00      90     0.46679072E-01
-0.20700003E+02    -0.73942578E+00     0.14703596E+00     0.30000000E+01    -0.11958106E-01     0.50000001E-01     0.50000001E-01     0.14166094E+00      90     0.46679072E-01
-0.20600000E+02    -0.73552907E+00     0.14619116E+00     0.30000000E+01    -0.12768917E-01     0.50000001E-01     0.50000001E-01     0.14080039E+00      90     0.46679072E-01
-0.20500000E+02    -0.73171026E+00     0.14524633E+00     0.30000000E+01    -0.13621570E-01     0.50000001E-01     0.50000001E-01     0.13983892E+00      91     0.41550286E-01
-0.20400002E+02    -0.72688508E+00     0.14461607E+00     0.30000000E+01    -0.14254527E-01     0.50000001E-01     0.50000001E-01     0.13919707E+00      91     0.41550286E-01
-0.20300001E+02    -0.72204810E+00     0.14400586E+00     0.30000000E+01    -0.14939422E-01     0.50000001E-01     0.50000001E-01     0.13857542E+00      91     0.41550286E-01
-0.20200001E+02    -0.71713865E+00     0.14334689E+00     0.30000000E+01    -0.15605988E-01     0.50000001E-01     0.50000001E-01     0.13790466E+00      91     0.41550286E-01
-0.20100000E+02    -0.71219784E+00     0.14271857E+00     0.30000000E+01    -0.16243497E-01     0.50000001E-01     0.50000001E-01     0.13726567E+00      91     0.41550286E-01
-0.20000002E+02    -0.70706689E+00     0.14207488E+00     0.30000000E+01    -0.16950207E-01     0.50000001E-01     0.50000001E-01     0.13660930E+00      91     0.41550286E-01
-0.19900000E+02    -0.70236385E+00     0.14139378E+00     0.30000000E+01    -0.17585328E-01     0.50000001E-01     0.50000001E-01     0.13591671E+00      91     0.41550286E-01
-0.19800001E+02    -0.69746149E+00     0.14074537E+00     0.30000000E+01    -0.18234735E-01     0.50000001E-01     0.50000001E-01     0.13525684E+00      91     0.41550286E-01
-0.19700001E+02    -0.69292057E+00     0.13997763E+00     0.30000000E+01    -0.18954564E-01     0.50000001E-01     0.50000001E-01     0.13447517E+00      91     0.41550286E-01
-0.19600000E+02    -0.68857867E+00     0.13917072E+00     0.30000000E+01    -0.19707527E-01     0.50000001E-01     0.50000001E-01     0.13365485E+00      91     0.41550286E-01
-0.19500000E+02    -0.68497336E+00     0.13824721E+00     0.30000000E+01    -0.20453619E-01     0.50000001E-01     0.50000001E-01     0.13271493E+00      92     0.36888096E-01
-0.19400002E+02    -0.67999458E+00     0.13764024E+00     0.30000000E+01    -0.21059154E-01     0.50000001E-01     0.50000001E-01     0.13209708E+00      92     0.36888096E-01
-0.19300001E+02    -0.67486721E+00     0.13700165E+00     0.30000000E+01    -0.21696851E-01     0.50000001E-01     0.50000001E-01     0.13144705E+00      92     0.36888096E-01
-0.19200001E+02    -0.66978586E+00     0.13639377E+00     0.30000000E+01    -0.22307925E-01     0.50000001E-01     0.50000001E-01     0.13082826E+00      92     0.36888096E-01
-0.19100000E+02    -0.66468537E+00     0.13578996E+00     0.30000000E+01    -0.22944881E-01     0.50000001E-01     0.50000001E-01     0.13021366E+00      92     0.36888096E-01
-0.19000002E+02    -0.65971667E+00     0.13509920E+00     0.30000000E+01    -0.23539485E-01     0.50000001E-01     0.50000001E-01     0.12951170E+00      92     0.36888096E-01
-0.18900002E+02    -0.65471560E+00     0.13445821E+00     0.30000000E+01    -0.24147751E-01     0.50000001E-01     0.50000001E-01     0.12885983E+00      92     0.36888096E-01
-0.18800001E+02    -0.64982265E+00     0.13379915E+00     0.30000000E+01    -0.24758445E-01     0.50000001E-01     0.50000001E-01     0.12818909E+00      92     0.36888096E-01
-0.18700001E+02    -0.64504415E+00     0.13305752E+00     0.30000000E+01    -0.25406506E-01     0.50000001E-01     0.50000001E-01     0.12743540E+00      92     0.36888096E-01
-0.18600000E+02    -0.64062363E+00     0.13222948E+00     0.30000000E+01    -0.26120048E-01     0.50000001E-01     0.50000001E-01     0.12659372E+00      92     0.36888096E-01
-0.18500002E+02    -0.63670719E+00     0.13139559E+00     0.30000000E+01    -0.26768846E-01     0.50000001E-01     0.50000001E-01     0.12574498E+00      93     0.32668442E-01
-0.18400000E+02    -0.63154101E+00     0.13079315E+00     0.30000000E+01    -0.27407182E-01     0.50000001E-01     0.50000001E-01     0.12513064E+00      93     0.32668442E-01
-0.18300001E+02    -0.62651068E+00     0.13014716E+00     0.30000000E+01    -0.27974879E-01     0.50000001E-01     0.50000001E-01     0.12447400E+00      93     0.32668442E-01
-0.18200001E+02    -0.62122685E+00     0.12948042E+00     0.30000000E+01    -0.28579308E-01     0.50000001E-01     0.50000001E-01     0.12379668E+00      93     0.32668442E-01
-0.18100002E+02    -0.61619663E+00     0.12884319E+00     0.30000000E+01    -0.29127246E-01     0.50000001E-01     0.50000001E-01     0.12314887E+00      93     0.32668442E-01
-0.18000000E+02    -0.61107564E+00     0.12823918E+00     0.30000000E+01    -0.29650245E-01     0.50000001E-01     0.50000001E-01     0.12253442E+00      93     0.32668442E-01
-0.17900000E+02    -0.60591722E+00     0.12760311E+00     0.30000000E+01    -0.30227738E-01     0.50000001E-01     0.50000001E-01     0.12188803E+00      93     0.32668442E-01
-0.17800001E+02    -0.60081601E+00     0.12697349E+00     0.30000000E+01    -0.30821951E-01     0.50000001E-01     0.50000001E-01     0.12124670E+00      93     0.32668442E-01
-0.17700001E+02    -0.59591299E+00     0.12623306E+00     0.30000000E+01    -0.31397495E-01     0.50000001E-01     0.50000001E-01     0.12049538E+00      93     0.32668442E-01
-0.17600000E+02    -0.59156400E+00     0.12538862E+00     0.30000000E+01    -0.32067303E-01     0.50000001E-01     0.50000001E-01     0.11963686E+00      94     0.28860003E-01
-0.17500000E+02    -0.58745050E+00     0.12457924E+00     0.30000000E+01    -0.32684531E-01     0.50000001E-01     0.50000001E-01     0.11881433E+00      94     0.28860003E-01
-0.17400002E+02    -0.58245307E+00     0.12390544E+00     0.30000000E+01    -0.33238403E-01     0.50000001E-01     0.50000001E-01     0.11812881E+00      94     0.28860003E-01
-0.17300001E+02    -0.57703537E+00     0.12329155E+00     0.30000000E+01    -0.33791091E-01     0.50000001E-01     0.50000001E-01     0.11750457E+00      94     0.28860003E-01
-0.17200001E+02    -0.57186323E+00     0.12267024E+00     0.30000000E+01    -0.34308046E-01     0.50000001E-01     0.50000001E-01     0.11687383E+00      94     0.28860003E-01
-0.17100000E+02    -0.56647122E+00     0.12205002E+00     0.30000000E+01    -0.34854382E-01     0.50000001E-01     0.50000001E-01     0.11624255E+00      94     0.28860003E-01
-0.17000002E+02    -0.56133860E+00     0.12142530E+00     0.30000000E+01    -0.35356283E-01     0.50000001E-01     0.50000001E-01     0.11560839E+00      94     0.28860003E-01
-0.16900000E+02    -0.55606574E+00     0.12078790E+00     0.30000000E+01    -0.35888668E-01     0.50000001E-01     0.50000001E-01     0.11496084E+00      94     0.28860003E-01
-0.16800001E+02    -0.55085999E+00     0.12012741E+00     0.30000000E+01    -0.36441714E-01     0.50000001E-01     0.50000001E-01     0.11428951E+00      94     0.28860003E-01
-0.16700001E+02    -0.54592520E+00     0.11946667E+00     0.30000000E+01    -0.36954999E-01     0.50000001E-01     0.50000001E-01     0.11361851E+00      94     0.28860003E-01
-0.16600000E+02    -0.54106855E+00     0.11871076E+00     0.30000000E+01    -0.37538290E-01     0.50000001E-01     0.50000001E-01     0.11284950E+00      95     0.25427796E-01
-0.16500000E+02    -0.53691846E+00     0.11791296E+00     0.30000000E+01    -0.38128976E-01     0.50000001E-01     0.50000001E-01     0.11203856E+00      95     0.25427796E-01
-0.16400002E+02    -0.53193724E+00     0.11716727E+00     0.30000000E+01    -0.38683336E-01     0.50000001E-01     0.50000001E-01     0.11128163E+00      95     0.25427796E-01
-0.16300001E+02    -0.52664000E+00     0.11653426E+00     0.30000000E+01    -0.39183922E-01     0.50000001E-01     0.50000001E-01     0.11063876E+00      95     0.25427796E-01
-0.16200001E+02    -0.52130115E+00     0.11592446E+00     0.30000000E+01    -0.39655201E-01     0.50000001E-01     0.50000001E-01     0.11001933E+00      95     0.25427796E-01
-0.16100000E+02    -0.51596904E+00     0.11530016E+00     0.30000000E+01    -0.40154193E-01     0.50000001E-01     0.50000001E-01     0.10938586E+00      95     0.25427796E-01
-0.16000002E+02    -0.51059508E+00     0.11470070E+00     0.30000000E+01    -0.40608682E-01     0.50000001E-01     0.50000001E-01     0.10877645E+00      95     0.25427796E-01
-0.15900001E+02    -0.50530362E+00     0.11408024E+00     0.30000000E+01    -0.41081961E-01     0.50000001E-01     0.50000001E-01     0.10814665E+00      95     0.25427796E-01
-0.15800000E+02    -0.49987984E+00     0.11342657E+00     0.30000000E+01    -0.41610744E-01     0.50000001E-01     0.50000001E-01     0.10748226E+00      96     0.22336682E-01
-0.15700001E+02    -0.49484134E+00     0.11278388E+00     0.30000000E+01    -0.42063009E-01     0.50000001E-01     0.50000001E-01     0.10682958E+00      96     0.22336682E-01
-0.15600002E+02    -0.48981833E+00     0.11210081E+00     0.30000000E+01    -0.42562142E-01     0.50000001E-01     0.50000001E-01     0.10613589E+00      96     0.22336682E-01
-0.15500001E+02    -0.48537043E+00     0.11126986E+00     0.30000000E+01    -0.43143045E-01     0.50000001E-01     0.50000001E-01     0.10529234E+00      96     0.22336682E-01
-0.15400001E+02    -0.48083746E+00     0.11049596E+00     0.30000000E+01    -0.43648481E-01     0.50000001E-01     0.50000001E-01     0.10450690E+00      96     0.22336682E-01
-0.15300001E+02    -0.47544092E+00     0.10986919E+00     0.30000000E+01    -0.44117909E-01     0.50000001E-01     0.50000001E-01     0.10387055E+00      96     0.22336682E-01
-0.15200001E+02    -0.47000644E+00     0.10925275E+00     0.30000000E+01    -0.44560254E-01     0.50000001E-01     0.50000001E-01     0.10324468E+00      96     0.22336682E-01
-0.15100001E+02    -0.46451467E+00     0.10864815E+00     0.30000000E+01    -0.45018513E-01     0.50000001E-01     0.50000001E-01     0.10263097E+00      96     0.22336682E-01
-0.15000001E+02    -0.45906356E+00     0.10803237E+00     0.30000000E+01    -0.45476444E-01     0.50000001E-01     0.50000001E-01     0.10200578E+00      97     0.19552818E-01
-0.14900000E+02    -0.45367855E+00     0.10742473E+00     0.30000000E+01    -0.45900125E-01     0.50000001E-01     0.50000001E-01     0.10138863E+00      97     0.19552818E-01
-0.14800000E+02    -0.44823167E+00     0.10680705E+00     0.30000000E+01    -0.46348490E-01     0.50000001E-01     0.50000001E-01     0.10076167E+00      97     0.19552818E-01
-0.14700002E+02    -0.44299108E+00     0.10615029E+00     0.30000000E+01    -0.46783969E-01     0.50000001E-01     0.50000001E-01     0.10009533E+00      97     0.19552818E-01
-0.14600000E+02    -0.43790078E+00     0.10549031E+00     0.30000000E+01    -0.47240555E-01     0.50000001E-01     0.50000001E-01     0.99425614E-01      97     0.19552818E-01
-0.14500000E+02    -0.43313619E+00     0.10472880E+00     0.30000000E+01    -0.47741231E-01     0.50000001E-01     0.50000001E-01     0.98652504E-01      97     0.19552818E-01
-0.14400001E+02    -0.42867053E+00     0.10392559E+00     0.30000000E+01    -0.48244085E-01     0.50000001E-01     0.50000001E-01     0.97837687E-01      97     0.19552818E-01
-0.14300001E+02    -0.42344454E+00     0.10328015E+00     0.30000000E+01    -0.48671242E-01     0.50000001E-01     0.50000001E-01     0.97182885E-01      97     0.19552818E-01
-0.14200001E+02    -0.41778305E+00     0.10263961E+00     0.30000000E+01    -0.49108345E-01     0.50000001E-01     0.50000001E-01     0.96533559E-01      97     0.19552818E-01
-0.14100001E+02    -0.41226321E+00     0.10204774E+00     0.30000000E+01    -0.49500585E-01     0.50000001E-01     0.50000001E-01     0.95932417E-01      98     0.17045036E-01
-0.14000001E+02    -0.40676680E+00     0.10144294E+00     0.30000000E+01    -0.49906019E-01     0.50000001E-01     0.50000001E-01     0.95319092E-01      98     0.17045036E-01
-0.13900002E+02    -0.40132239E+00     0.10083920E+00     0.30000000E+01    -0.50303154E-01     0.50000001E-01     0.50000001E-01     0.94706930E-01      98     0.17045036E-01
-0.13800001E+02    -0.39580205E+00     0.10024779E+00     0.30000000E+01    -0.50711449E-01     0.50000001E-01     0.50000001E-01     0.94106868E-01      98     0.17045036E-01
-0.13700001E+02    -0.39045453E+00     0.99625647E-01     0.30000000E+01    -0.51086478E-01     0.50000001E-01     0.50000001E-01     0.93476057E-01      98     0.17045036E-01
-0.13600001E+02    -0.38519374E+00     0.98983169E-01     0.30000000E+01    -0.51520709E-01     0.50000001E-01     0.50000001E-01     0.92823863E-01      98     0.17045036E-01
-0.13500001E+02    -0.38028196E+00     0.98259963E-01     0.30000000E+01    -0.51963937E-01     0.50000001E-01     0.50000001E-01     0.92090681E-01      98     0.17045036E-01
-0.13400001E+02    -0.37589419E+00     0.97453550E-01     0.30000000E+01    -0.52428693E-01     0.50000001E-01     0.50000001E-01     0.91272235E-01      99     0.14785348E-01
-0.13300000E+02    -0.37063006E+00     0.96781261E-01     0.30000000E+01    -0.52834306E-01     0.50000001E-01     0.50000001E-01     0.90591028E-01      99     0.14785348E-01
-0.13200001E+02    -0.36506528E+00     0.96185528E-01     0.30000000E+01    -0.53213719E-01     0.50000001E-01     0.50000001E-01     0.89986563E-01      99     0.14785348E-01
-0.13100000E+02    -0.35947120E+00     0.95596120E-01     0.30000000E+01    -0.53590290E-01     0.50000001E-01     0.50000001E-01     0.89389302E-01      99     0.14785348E-01
-0.13000001E+02    -0.35390896E+00     0.95007256E-01     0.30000000E+01    -0.53945836E-01     0.50000001E-01     0.50000001E-01     0.88792242E-01      99     0.14785348E-01
-0.12900001E+02    -0.34828496E+00     0.94412990E-01     0.30000000E+01    -0.54328654E-01     0.50000001E-01     0.50000001E-01     0.88189527E-01      99     0.14785348E-01
-0.12800001E+02    -0.34269756E+00     0.93816034E-01     0.30000000E+01    -0.54694533E-01     0.50000001E-01     0.50000001E-01     0.87584853E-01      99     0.14785348E-01
-0.12700001E+02    -0.33729601E+00     0.93201116E-01     0.30000000E+01    -0.55052105E-01     0.50000001E-01     0.50000001E-01     0.86961165E-01     100     0.12748995E-01
-0.12600001E+02    -0.33189708E+00     0.92561483E-01     0.30000000E+01    -0.55443425E-01     0.50000001E-01     0.50000001E-01     0.86312696E-01     100     0.12748995E-01
-0.12500001E+02    -0.32698902E+00     0.91840312E-01     0.30000000E+01    -0.55842660E-01     0.50000001E-01     0.50000001E-01     0.85581779E-01     100     0.12748995E-01
-0.12400002E+02    -0.32230100E+00     0.91067880E-01     0.30000000E+01    -0.56272723E-01     0.50000001E-01     0.50000001E-01     0.84798656E-01     100     0.12748995E-01
-0.12300001E+02    -0.31723243E+00     0.90398110E-01     0.30000000E+01    -0.56635566E-01     0.50000001E-01     0.50000001E-01     0.84119760E-01     100     0.12748995E-01
-0.12200001E+02    -0.31164971E+00     0.89814842E-01     0.30000000E+01    -0.56975391E-01     0.50000001E-01     0.50000001E-01     0.83528794E-01     100     0.12748995E-01
-0.12100001E+02    -0.30592909E+00     0.89225546E-01     0.30000000E+01    -0.57340372E-01     0.50000001E-01     0.50000001E-01     0.82931571E-01     100     0.12748995E-01
-0.12000000E+02    -0.30032891E+00     0.88650264E-01     0.30000000E+01    -0.57659853E-01     0.50000001E-01     0.50000001E-01     0.82348578E-01     101     0.10914493E-01
-0.11900001E+02    -0.29469848E+00     0.88072941E-01     0.30000000E+01    -0.57984199E-01     0.50000001E-01     0.50000001E-01     0.81763729E-01     101     0.10914493E-01
-0.11800000E+02    -0.28908792E+00     0.87488018E-01     0.30000000E+01    -0.58312491E-01     0.50000001E-01     0.50000001E-01     0.81171110E-01     101     0.10914493E-01
-0.11700001E+02    -0.28351745E+00     0.86878523E-01     0.30000000E+01    -0.58664951E-01     0.50000001E-01     0.50000001E-01     0.80553882E-01     101     0.10914493E-01
-0.11600000E+02    -0.27817535E+00     0.86242087E-01     0.30000000E+01    -0.58998648E-01     0.50000001E-01     0.50000001E-01     0.79909086E-01     101     0.10914493E-01
-0.11500001E+02    -0.27316433E+00     0.85549958E-01     0.30000000E+01    -0.59362147E-01     0.50000001E-01     0.50000001E-01     0.79207726E-01     101     0.10914493E-01
-0.11400001E+02    -0.26865456E+00     0.84762231E-01     0.30000000E+01    -0.59755966E-01     0.50000001E-01     0.50000001E-01     0.78409262E-01     101     0.10914493E-01
-0.11300001E+02    -0.26335987E+00     0.84129766E-01     0.30000000E+01    -0.60087498E-01     0.50000001E-01     0.50000001E-01     0.77768415E-01     102     0.92633720E-02
-0.11200001E+02    -0.25771159E+00     0.83554722E-01     0.30000000E+01    -0.60391780E-01     0.50000001E-01     0.50000001E-01     0.77186070E-01     102     0.92633720E-02
-0.11100001E+02    -0.25196797E+00     0.82980849E-01     0.30000000E+01    -0.60706455E-01     0.50000001E-01     0.50000001E-01     0.76605044E-01     102     0.92633720E-02
-0.11000001E+02    -0.24625826E+00     0.82410820E-01     0.30000000E+01    -0.61012123E-01     0.50000001E-01     0.50000001E-01     0.76027945E-01     102     0.92633720E-02
-0.10900001E+02    -0.24057724E+00     0.81839956E-01     0.30000000E+01    -0.61310973E-01     0.50000001E-01     0.50000001E-01     0.75450145E-01     102     0.92633720E-02
-0.10800001E+02    -0.23494378E+00     0.81262104E-01     0.30000000E+01    -0.61610248E-01     0.50000001E-01     0.50000001E-01     0.74865013E-01     102     0.92633720E-02
-0.10700001E+02    -0.22938855E+00     0.80676354E-01     0.30000000E+01    -0.61920390E-01     0.50000001E-01     0.50000001E-01     0.74272089E-01     102     0.92633720E-02
-0.10600001E+02    -0.22405165E+00     0.80034971E-01     0.30000000E+01    -0.62229473E-01     0.50000001E-01     0.50000001E-01     0.73622257E-01     103     0.77798865E-02
-0.10500001E+02    -0.21906327E+00     0.79342328E-01     0.30000000E+01    -0.62564887E-01     0.50000001E-01     0.50000001E-01     0.72920606E-01     103     0.77798865E-02
-0.10400002E+02    -0.21455191E+00     0.78575999E-01     0.30000000E+01    -0.62912248E-01     0.50000001E-01     0.50000001E-01     0.72144248E-01     103     0.77798865E-02
-0.10300000E+02    -0.20902389E+00     0.77981912E-01     0.30000000E+01    -0.63202798E-01     0.50000001E-01     0.50000001E-01     0.71542881E-01     103     0.77798865E-02
-0.10200001E+02    -0.20326918E+00     0.77422522E-01     0.30000000E+01    -0.63488409E-01     0.50000001E-01     0.50000001E-01     0.70976771E-01     103     0.77798865E-02
-0.10100000E+02    -0.19752622E+00     0.76886557E-01     0.30000000E+01    -0.63760884E-01     0.50000001E-01     0.50000001E-01     0.70434168E-01     103     0.77798865E-02
-0.10000001E+02    -0.19181435E+00     0.76325119E-01     0.30000000E+01    -0.64031325E-01     0.50000001E-01     0.50000001E-01     0.69865793E-01     104     0.64506866E-02
-0.99000006E+01    -0.18609188E+00     0.75760268E-01     0.30000000E+01    -0.64303063E-01     0.50000001E-01     0.50000001E-01     0.69294378E-01     104     0.64506866E-02
-0.98000011E+01    -0.18044889E+00     0.75193308E-01     0.30000000E+01    -0.64575166E-01     0.50000001E-01     0.50000001E-01     0.68720736E-01     104     0.64506866E-02
-0.97000008E+01    -0.17500529E+00     0.74569672E-01     0.30000000E+01    -0.64849854E-01     0.50000001E-01     0.50000001E-01     0.68089873E-01     104     0.64506866E-02
-0.96000013E+01    -0.16979128E+00     0.73938079E-01     0.30000000E+01    -0.65145165E-01     0.50000001E-01     0.50000001E-01     0.67450278E-01     104     0.64506866E-02
-0.95000010E+01    -0.16517268E+00     0.73212445E-01     0.30000000E+01    -0.65459162E-01     0.50000001E-01     0.50000001E-01     0.66715166E-01     104     0.64506866E-02
-0.94000006E+01    -0.16011629E+00     0.72545812E-01     0.30000000E+01    -0.65748714E-01     0.50000001E-01     0.50000001E-01     0.66040397E-01     104     0.64506866E-02
-0.93000011E+01    -0.15440020E+00     0.71989164E-01     0.30000000E+01    -0.65998130E-01     0.50000001E-01     0.50000001E-01     0.65477125E-01     105     0.52645961E-02
-0.91999998E+01    -0.14864121E+00     0.71426786E-01     0.30000000E+01    -0.66247836E-01     0.50000001E-01     0.50000001E-01     0.64908527E-01     105     0.52645961E-02
-0.91000013E+01    -0.14286797E+00     0.70884198E-01     0.30000000E+01    -0.66496588E-01     0.50000001E-01     0.50000001E-01     0.64359769E-01     105     0.52645961E-02
-0.90000000E+01    -0.13716726E+00     0.70334695E-01     0.30000000E+01    -0.66734143E-01     0.50000001E-01     0.50000001E-01     0.63804202E-01     105     0.52645961E-02
-0.89000015E+01    -0.13148077E+00     0.69801174E-01     0.30000000E+01    -0.66978820E-01     0.50000001E-01     0.50000001E-01     0.63264348E-01     105     0.52645961E-02
-0.88000002E+01    -0.12593947E+00     0.69214128E-01     0.30000000E+01    -0.67225344E-01     0.50000001E-01     0.50000001E-01     0.62670618E-01     105     0.52645961E-02
-0.87000017E+01    -0.12069819E+00     0.68604425E-01     0.30000000E+01    -0.67476667E-01     0.50000001E-01     0.50000001E-01     0.62053252E-01     106     0.42122267E-02
-0.86000004E+01    -0.11600626E+00     0.67901120E-01     0.30000000E+01    -0.67754805E-01     0.50000001E-01     0.50000001E-01     0.61341122E-01     106     0.42122267E-02
-0.85000019E+01    -0.11116861E+00     0.67207545E-01     0.30000000E+01    -0.68026893E-01     0.50000001E-01     0.50000001E-01     0.60639068E-01     106     0.42122267E-02
-0.84000006E+01    -0.10546589E+00     0.66670403E-01     0.30000000E+01    -0.68253145E-01     0.50000001E-01     0.50000001E-01     0.60096059E-01     106     0.42122267E-02
-0.83000011E+01    -0.99727787E-01     0.66147827E-01     0.30000000E+01    -0.68469688E-01     0.50000001E-01     0.50000001E-01     0.59567541E-01     106     0.42122267E-02
-0.82000008E+01    -0.93964629E-01     0.65616868E-01     0.30000000E+01    -0.68686701E-01     0.50000001E-01     0.50000001E-01     0.59030823E-01     106     0.42122267E-02
-0.81000013E+01    -0.88223718E-01     0.65078340E-01     0.30000000E+01    -0.68903819E-01     0.50000001E-01     0.50000001E-01     0.58486503E-01     106     0.42122267E-02
-0.80000010E+01    -0.82575336E-01     0.64523607E-01     0.30000000E+01    -0.69119960E-01     0.50000001E-01     0.50000001E-01     0.57925623E-01     107     0.32861971E-02
-0.79000001E+01    -0.77084608E-01     0.63951626E-01     0.30000000E+01    -0.69336213E-01     0.50000001E-01     0.50000001E-01     0.57347298E-01     107     0.32861971E-02
-0.78000011E+01    -0.71879379E-01     0.63348450E-01     0.30000000E+01    -0.69565251E-01     0.50000001E-01     0.50000001E-01     0.56737080E-01     107     0.32861971E-02
-0.77000003E+01    -0.67355648E-01     0.62628619E-01     0.30000000E+01    -0.69820672E-01     0.50000001E-01     0.50000001E-01     0.56008272E-01     107     0.32861971E-02
-0.76000009E+01    -0.62382463E-01     0.62014420E-01     0.30000000E+01    -0.70046768E-01     0.50000001E-01     0.50000001E-01     0.55386540E-01     107     0.32861971E-02
-0.75000005E+01    -0.56658000E-01     0.61487619E-01     0.30000000E+01    -0.70244305E-01     0.50000001E-01     0.50000001E-01     0.54854214E-01     107     0.32861971E-02
-0.74000010E+01    -0.50922334E-01     0.60964692E-01     0.30000000E+01    -0.70437983E-01     0.50000001E-01     0.50000001E-01     0.54325681E-01     108     0.24803814E-02
-0.73000002E+01    -0.45171045E-01     0.60449269E-01     0.30000000E+01    -0.70628136E-01     0.50000001E-01     0.50000001E-01     0.53804878E-01     108     0.24803814E-02
-0.72000012E+01    -0.39496593E-01     0.59924152E-01     0.30000000E+01    -0.70814960E-01     0.50000001E-01     0.50000001E-01     0.53274296E-01     108     0.24803814E-02
-0.71000004E+01    -0.33908278E-01     0.59384942E-01     0.30000000E+01    -0.71004309E-01     0.50000001E-01     0.50000001E-01     0.52729376E-01     108     0.24803814E-02
-0.70000014E+01    -0.28566889E-01     0.58832996E-01     0.30000000E+01    -0.71198173E-01     0.50000001E-01     0.50000001E-01     0.52171215E-01     108     0.24803814E-02
-0.69000006E+01    -0.23757597E-01     0.58189411E-01     0.30000000E+01    -0.71409531E-01     0.50000001E-01     0.50000001E-01     0.51519968E-01     108     0.24803814E-02
-0.68000016E+01    -0.19376034E-01     0.57499375E-01     0.30000000E+01    -0.71636133E-01     0.50000001E-01     0.50000001E-01     0.50821207E-01     108     0.24803814E-02
-0.67000008E+01    -0.13826882E-01     0.56974202E-01     0.30000000E+01    -0.71810268E-01     0.50000001E-01     0.50000001E-01     0.50290383E-01     109     0.17901587E-02
-0.66000018E+01    -0.81182700E-02     0.56470010E-01     0.30000000E+01    -0.71975924E-01     0.50000001E-01     0.50000001E-01     0.49781084E-01     109     0.17901587E-02
-0.65000010E+01    -0.24338709E-02     0.55970393E-01     0.30000000E+01    -0.72137155E-01     0.50000001E-01     0.50000001E-01     0.49276516E-01     109     0.17901587E-02
-0.64000001E+01     0.32287384E-02     0.55467144E-01     0.30000000E+01    -0.72298206E-01     0.50000001E-01     0.50000001E-01     0.48768222E-01     109     0.17901587E-02
-0.63000011E+01     0.87933699E-02     0.54960918E-01     0.30000000E+01    -0.72461553E-01     0.50000001E-01     0.50000001E-01     0.48256811E-01     109     0.17901587E-02
-0.62000003E+01     0.14110449E-01     0.54413434E-01     0.30000000E+01    -0.72626874E-01     0.50000001E-01     0.50000001E-01     0.47703516E-01     109     0.17901587E-02
-0.61000009E+01     0.18911252E-01     0.53805102E-01     0.30000000E+01    -0.72807074E-01     0.50000001E-01     0.50000001E-01     0.47087941E-01     110     0.12126006E-02
-0.60000000E+01     0.23100110E-01     0.53125236E-01     0.30000000E+01    -0.73003046E-01     0.50000001E-01     0.50000001E-01     0.46399537E-01     110     0.12126006E-02
-0.59000010E+01     0.28548293E-01     0.52612089E-01     0.30000000E+01    -0.73150277E-01     0.50000001E-01     0.50000001E-01     0.45881182E-01     110     0.12126006E-02
-0.58000002E+01     0.34194235E-01     0.52126028E-01     0.30000000E+01    -0.73287703E-01     0.50000001E-01     0.50000001E-01     0.45390442E-01     110     0.12126006E-02
-0.57000012E+01     0.39802246E-01     0.51649258E-01     0.30000000E+01    -0.73420815E-01     0.50000001E-01     0.50000001E-01     0.44909198E-01     110     0.12126006E-02
-0.56000004E+01     0.45382623E-01     0.51163319E-01     0.30000000E+01    -0.73553942E-01     0.50000001E-01     0.50000001E-01     0.44418581E-01     110     0.12126006E-02
-0.55000014E+01     0.50810073E-01     0.50659005E-01     0.30000000E+01    -0.73686197E-01     0.50000001E-01     0.50000001E-01     0.43909293E-01     111     0.74606086E-03
-0.54000006E+01     0.55922501E-01     0.50124377E-01     0.30000000E+01    -0.73824473E-01     0.50000001E-01     0.50000001E-01     0.43368906E-01     111     0.74606086E-03
-0.53000016E+01     0.60253959E-01     0.49484644E-01     0.30000000E+01    -0.73985256E-01     0.50000001E-01     0.50000001E-01     0.42721570E-01     111     0.74606086E-03
-0.52000008E+01     0.64637728E-01     0.48870210E-01     0.30000000E+01    -0.74132793E-01     0.50000001E-01     0.50000001E-01     0.42099874E-01     111     0.74606086E-03
-0.51000013E+01     0.70129998E-01     0.48407059E-01     0.30000000E+01    -0.74240386E-01     0.50000001E-01     0.50000001E-01     0.41632380E-01     111     0.74606086E-03
-0.50000010E+01     0.75659119E-01     0.47940657E-01     0.30000000E+01    -0.74346282E-01     0.50000001E-01     0.50000001E-01     0.41161735E-01     111     0.74606086E-03
-0.49000015E+01     0.81130974E-01     0.47472537E-01     0.30000000E+01    -0.74447230E-01     0.50000001E-01     0.50000001E-01     0.40689327E-01     112     0.38927357E-03
-0.48000007E+01     0.86492248E-01     0.46987899E-01     0.30000000E+01    -0.74549176E-01     0.50000001E-01     0.50000001E-01     0.40200282E-01     112     0.38927357E-03
-0.47000003E+01     0.91535062E-01     0.46485648E-01     0.30000000E+01    -0.74650213E-01     0.50000001E-01     0.50000001E-01     0.39692957E-01     112     0.38927357E-03
-0.46000009E+01     0.95858999E-01     0.45888938E-01     0.30000000E+01    -0.74768782E-01     0.50000001E-01     0.50000001E-01     0.39089508E-01     112     0.38927357E-03
-0.45000000E+01     0.99722385E-01     0.45255095E-01     0.30000000E+01    -0.74889444E-01     0.50000001E-01     0.50000001E-01     0.38447879E-01     112     0.38927357E-03
-0.44000010E+01     0.10501034E+00     0.44799704E-01     0.30000000E+01    -0.74964181E-01     0.50000001E-01     0.50000001E-01     0.37988447E-01     112     0.38927357E-03
-0.43000002E+01     0.11035004E+00     0.44343021E-01     0.30000000E+01    -0.75034656E-01     0.50000001E-01     0.50000001E-01     0.37527874E-01     112     0.38927357E-03
-0.42000012E+01     0.11562663E+00     0.43887068E-01     0.30000000E+01    -0.75102143E-01     0.50000001E-01     0.50000001E-01     0.37068047E-01     113     0.14580940E-03
-0.41000004E+01     0.12073237E+00     0.43417059E-01     0.30000000E+01    -0.75165711E-01     0.50000001E-01     0.50000001E-01     0.36593836E-01     113     0.14580940E-03
-0.40000014E+01     0.12542456E+00     0.42912483E-01     0.30000000E+01    -0.75229429E-01     0.50000001E-01     0.50000001E-01     0.36084309E-01     113     0.14580940E-03
-0.39000006E+01     0.12901185E+00     0.42293109E-01     0.30000000E+01    -0.75311050E-01     0.50000001E-01     0.50000001E-01     0.35457522E-01     113     0.14580940E-03
-0.38000014E+01     0.13307025E+00     0.41741606E-01     0.30000000E+01    -0.75369738E-01     0.50000001E-01     0.50000001E-01     0.34899909E-01     113     0.14580940E-03
-0.37000005E+01     0.13816822E+00     0.41294478E-01     0.30000000E+01    -0.75403333E-01     0.50000001E-01     0.50000001E-01     0.34449138E-01     113     0.14580940E-03
-0.36000016E+01     0.14318117E+00     0.40851109E-01     0.30000000E+01    -0.75428940E-01     0.50000001E-01     0.50000001E-01     0.34002304E-01     113     0.14580940E-03
-0.35000007E+01     0.14804851E+00     0.40406134E-01     0.30000000E+01    -0.75447008E-01     0.50000001E-01     0.50000001E-01     0.33553608E-01     114     0.22011809E-04
-0.34000015E+01     0.15254742E+00     0.39918780E-01     0.30000000E+01    -0.75466461E-01     0.50000001E-01     0.50000001E-01     0.33061754E-01     114     0.22011809E-04
-0.33000009E+01     0.15596330E+00     0.39338611E-01     0.30000000E+01    -0.75488515E-01     0.50000001E-01     0.50000001E-01     0.32475069E-01     114     0.22011809E-04
-0.32000017E+01     0.15911670E+00     0.38746469E-01     0.30000000E+01    -0.75501233E-01     0.50000001E-01     0.50000001E-01     0.31876013E-01     114     0.22011809E-04
-0.31000009E+01     0.16377282E+00     0.38315117E-01     0.30000000E+01    -0.75479493E-01     0.50000001E-01     0.50000001E-01     0.31441286E-01     114     0.22011809E-04
-0.30000000E+01     0.16835441E+00     0.37879653E-01     0.30000000E+01    -0.75450011E-01     0.50000001E-01     0.50000001E-01     0.31002583E-01     114     0.22011809E-04
-0.29000010E+01     0.17272283E+00     0.37428230E-01     0.30000000E+01    -0.75414725E-01     0.50000001E-01     0.50000001E-01     0.30547498E-01     114     0.22011809E-04
-0.28000002E+01     0.17642012E+00     0.36929779E-01     0.30000000E+01    -0.75369447E-01     0.50000001E-01     0.50000001E-01     0.30044613E-01     115     0.52234973E-05
-0.27000012E+01     0.17825866E+00     0.36276288E-01     0.30000000E+01    -0.75321451E-01     0.50000001E-01     0.50000001E-01     0.29383047E-01     115     0.52234973E-05
-0.26000004E+01     0.18179232E+00     0.35793964E-01     0.30000000E+01    -0.75241268E-01     0.50000001E-01     0.50000001E-01     0.28896315E-01     115     0.52234973E-05
-0.25000012E+01     0.18578114E+00     0.35361551E-01     0.30000000E+01    -0.75143680E-01     0.50000001E-01     0.50000001E-01     0.28460853E-01     115     0.52234973E-05
-0.24000003E+01     0.18947162E+00     0.34918606E-01     0.30000000E+01    -0.75029477E-01     0.50000001E-01     0.50000001E-01     0.28014647E-01     115     0.52234973E-05
-0.23000014E+01     0.19241112E+00     0.34422960E-01     0.30000000E+01    -0.74898511E-01     0.50000001E-01     0.50000001E-01     0.27514633E-01     115     0.52234973E-05
-0.22000005E+01     0.19289806E+00     0.33751335E-01     0.30000000E+01    -0.74733570E-01     0.50000001E-01     0.50000001E-01     0.26834726E-01     115     0.52234973E-05
-0.21000013E+01     0.19544505E+00     0.33266027E-01     0.30000000E+01    -0.74546471E-01     0.50000001E-01     0.50000001E-01     0.26345568E-01     116     0.82350911E-04
-0.20000007E+01     0.19824667E+00     0.32821409E-01     0.30000000E+01    -0.74332826E-01     0.50000001E-01     0.50000001E-01     0.25897972E-01     116     0.82350911E-04
-0.19000015E+01     0.20040651E+00     0.32343801E-01     0.30000000E+01    -0.74086428E-01     0.50000001E-01     0.50000001E-01     0.25416687E-01     116     0.82350911E-04
-0.18000008E+01     0.19987759E+00     0.31700920E-01     0.30000000E+01    -0.73765375E-01     0.50000001E-01     0.50000001E-01     0.24766846E-01     116     0.82350911E-04
-0.17000016E+01     0.19935217E+00     0.31100947E-01     0.30000000E+01    -0.73383592E-01     0.50000001E-01     0.50000001E-01     0.24160799E-01     116     0.82350911E-04
-0.16000009E+01     0.20021820E+00     0.30620465E-01     0.30000000E+01    -0.72981261E-01     0.50000001E-01     0.50000001E-01     0.23677409E-01     116     0.82350911E-04
-0.15000000E+01     0.19933440E+00     0.30065706E-01     0.30000000E+01    -0.72470993E-01     0.50000001E-01     0.50000001E-01     0.23118407E-01     116     0.82350911E-04
-0.14000009E+01     0.19255207E+00     0.29229863E-01     0.30000000E+01    -0.71652010E-01     0.50000001E-01     0.50000001E-01     0.22273038E-01     116     0.82350911E-04
-0.13000002E+01     0.18931046E+00     0.28660288E-01     0.30000000E+01    -0.70806593E-01     0.50000001E-01     0.50000001E-01     0.21700565E-01     116     0.82350911E-04
-0.11000003E+01     0.14482942E+00     0.26743433E-01     0.30000000E+01    -0.65569460E-01     0.50000001E-01     0.50000001E-01     0.19764345E-01     116     0.82350911E-04
-0.10000012E+01     0.13999087E+00     0.25669647E-01     0.30000000E+01    -0.66267245E-01     0.50000001E-01     0.50000001E-01     0.18666472E-01     116     0.82350911E-04
-0.90000039E+00     0.14397538E+00     0.24948725E-01     0.30000000E+01    -0.67364313E-01     0.50000001E-01     0.50000001E-01     0.17928984E-01     116     0.82350911E-04
-0.80000126E+00     0.14993714E+00     0.24013633E-01     0.30000000E+01    -0.69342248E-01     0.50000001E-01     0.50000001E-01     0.16967701E-01     116     0.82350911E-04
-0.70000046E+00     0.15956017E+00     0.23418088E-01     0.30000000E+01    -0.70951849E-01     0.50000001E-01     0.50000001E-01     0.16355807E-01     116     0.82350911E-04
-0.60000139E+00     0.17084207E+00     0.22588432E-01     0.30000000E+01    -0.73460206E-01     0.50000001E-01     0.50000001E-01     0.15498968E-01     117     0.24611084E-03
-0.50000060E+00     0.18338063E+00     0.22070216E-01     0.30000000E+01    -0.75309172E-01     0.50000001E-01     0.50000001E-01     0.14964283E-01     117     0.24611084E-03
-0.40000150E+00     0.19707906E+00     0.21500126E-01     0.30000000E+01    -0.77486791E-01     0.50000001E-01     0.50000001E-01     0.14374224E-01     117     0.24611084E-03
-0.30000070E+00     0.21218292E+00     0.20865036E-01     0.30000000E+01    -0.80077782E-01     0.50000001E-01     0.50000001E-01     0.13714407E-01     117     0.24611084E-03
-0.20000160E+00     0.22707388E+00     0.20418465E-01     0.30000000E+01    -0.82114965E-01     0.50000001E-01     0.50000001E-01     0.13250564E-01     117     0.24611084E-03
-0.10000080E+00     0.24367987E+00     0.19839820E-01     0.30000000E+01    -0.84798999E-01     0.50000001E-01     0.50000001E-01     0.12646779E-01     118     0.50025358E-03
 0.00000000E+00     0.25982022E+00     0.19404745E-01     0.30000000E+01    -0.87016597E-01     0.50000001E-01     0.50000001E-01     0.12192316E-01     118     0.50025358E-03
 0.99999093E-01     0.27639109E+00     0.18979693E-01     0.30000000E+01    -0.89277528E-01     0.50000001E-01     0.50000001E-01     0.11747092E-01     118     0.50025358E-03
 0.19999990E+00     0.29418162E+00     0.18489853E-01     0.30000000E+01    -0.91924153E-01     0.50000001E-01     0.50000001E-01     0.11231747E-01     118     0.50025358E-03
 0.29999900E+00     0.31086218E+00     0.18135678E-01     0.30000000E+01    -0.94004594E-01     0.50000001E-01     0.50000001E-01     0.10858994E-01     119     0.85647090E-03
 0.39999980E+00     0.32893282E+00     0.17696014E-01     0.30000000E+01    -0.96552841E-01     0.50000001E-01     0.50000001E-01     0.10393744E-01     119     0.85647090E-03
 0.49999887E+00     0.34590727E+00     0.17366257E-01     0.30000000E+01    -0.98608933E-01     0.50000001E-01     0.50000001E-01     0.10044034E-01     119     0.85647090E-03
 0.59999967E+00     0.36369330E+00     0.16992694E-01     0.30000000E+01    -0.10091552E+00     0.50000001E-01     0.50000001E-01     0.96459705E-02     119     0.85647090E-03
 0.69999880E+00     0.38067850E+00     0.16687887E-01     0.30000000E+01    -0.10288642E+00     0.50000001E-01     0.50000001E-01     0.93204174E-02     120     0.13216801E-02
 0.79999959E+00     0.39808127E+00     0.16364146E-01     0.30000000E+01    -0.10497257E+00     0.50000001E-01     0.50000001E-01     0.89723300E-02     120     0.13216801E-02
 0.89999866E+00     0.41470551E+00     0.16096862E-01     0.30000000E+01    -0.10675887E+00     0.50000001E-01     0.50000001E-01     0.86838780E-02     120     0.13216801E-02
 0.99999946E+00     0.43130502E+00     0.15833944E-01     0.30000000E+01    -0.10851868E+00     0.50000001E-01     0.50000001E-01     0.83982106E-02     120     0.13216801E-02
 0.10999986E+01     0.44759667E+00     0.15591639E-01     0.30000000E+01    -0.11015674E+00     0.50000001E-01     0.50000001E-01     0.81331134E-02     120     0.13216801E-02
 0.11999993E+01     0.46345595E+00     0.15376655E-01     0.30000000E+01    -0.11163564E+00     0.50000001E-01     0.50000001E-01     0.78962650E-02     121     0.19007844E-02
 0.12999984E+01     0.47899500E+00     0.15180632E-01     0.30000000E+01    -0.11299880E+00     0.50000001E-01     0.50000001E-01     0.76782610E-02     121     0.19007844E-02
 0.13999993E+01     0.49415952E+00     0.15006572E-01     0.30000000E+01    -0.11423168E+00     0.50000001E-01     0.50000001E-01     0.74832398E-02     121     0.19007844E-02
 0.14999983E+01     0.50870651E+00     0.14872437E-01     0.30000000E+01    -0.11525188E+00     0.50000001E-01     0.50000001E-01     0.73314467E-02     121     0.19007844E-02
 0.15999992E+01     0.52235514E+00     0.14797360E-01     0.30000000E+01    -0.11596665E+00     0.50000001E-01     0.50000001E-01     0.72457930E-02     122     0.25991555E-02
 0.16999999E+01     0.53548032E+00     0.14755913E-01     0.30000000E+01    -0.11650576E+00     0.50000001E-01     0.50000001E-01     0.71978043E-02     122     0.25991555E-02
 0.17999990E+01     0.54841834E+00     0.14725395E-01     0.30000000E+01    -0.11698458E+00     0.50000001E-01     0.50000001E-01     0.71620326E-02     122     0.25991555E-02
 0.18999999E+01     0.56125838E+00     0.14700552E-01     0.30000000E+01    -0.11742976E+00     0.50000001E-01     0.50000001E-01     0.71325041E-02     122     0.25991555E-02
 0.19999989E+01     0.57400256E+00     0.14680756E-01     0.30000000E+01    -0.11784548E+00     0.50000001E-01     0.50000001E-01     0.71085277E-02     122     0.25991555E-02
 0.20999997E+01     0.58666909E+00     0.14665093E-01     0.30000000E+01    -0.11823604E+00     0.50000001E-01     0.50000001E-01     0.70891464E-02     122     0.25991555E-02
 0.21999989E+01     0.59926033E+00     0.14653211E-01     0.30000000E+01    -0.11860379E+00     0.50000001E-01     0.50000001E-01     0.70742141E-02     123     0.34217748E-02
 0.22999997E+01     0.61178464E+00     0.14644746E-01     0.30000000E+01    -0.11895077E+00     0.50000001E-01     0.50000001E-01     0.70627071E-02     123     0.34217748E-02
 0.23999987E+01     0.62424427E+00     0.14639393E-01     0.30000000E+01    -0.11927854E+00     0.50000001E-01     0.50000001E-01     0.70546335E-02     123     0.34217748E-02
 0.24999995E+01     0.63664520E+00     0.14636807E-01     0.30000000E+01    -0.11958947E+00     0.50000001E-01     0.50000001E-01     0.70495815E-02     123     0.34217748E-02
 0.25999987E+01     0.64899373E+00     0.14636813E-01     0.30000000E+01    -0.11988373E+00     0.50000001E-01     0.50000001E-01     0.70474707E-02     123     0.34217748E-02
 0.26999993E+01     0.66128492E+00     0.14639364E-01     0.30000000E+01    -0.12016228E+00     0.50000001E-01     0.50000001E-01     0.70483834E-02     124     0.43732501E-02
 0.27999985E+01     0.67352521E+00     0.14644139E-01     0.30000000E+01    -0.12042665E+00     0.50000001E-01     0.50000001E-01     0.70514549E-02     124     0.43732501E-02
 0.28999994E+01     0.68571049E+00     0.14651141E-01     0.30000000E+01    -0.12067718E+00     0.50000001E-01     0.50000001E-01     0.70569180E-02     124     0.43732501E-02
 0.29999983E+01     0.69785100E+00     0.14660169E-01     0.30000000E+01    -0.12091378E+00     0.50000001E-01     0.50000001E-01     0.70646671E-02     124     0.43732501E-02
 0.30999992E+01     0.70994121E+00     0.14671165E-01     0.30000000E+01    -0.12113767E+00     0.50000001E-01     0.50000001E-01     0.70745940E-02     124     0.43732501E-02
 0.31999984E+01     0.72198468E+00     0.14684174E-01     0.30000000E+01    -0.12134850E+00     0.50000001E-01     0.50000001E-01     0.70870053E-02     125     0.54580495E-02
 0.32999990E+01     0.73398072E+00     0.14698920E-01     0.30000000E+01    -0.12154760E+00     0.50000001E-01     0.50000001E-01     0.71010571E-02     125     0.54580495E-02
 0.33999999E+01     0.74593157E+00     0.14715465E-01     0.30000000E+01    -0.12173460E+00     0.50000001E-01     0.50000001E-01     0.71171131E-02     125     0.54580495E-02
 0.34999990E+01     0.75783277E+00     0.14733731E-01     0.30000000E+01    -0.12190988E+00     0.50000001E-01     0.50000001E-01     0.71349875E-02     125     0.54580495E-02
 0.35999999E+01     0.76968735E+00     0.14753707E-01     0.30000000E+01    -0.12207315E+00     0.50000001E-01     0.50000001E-01     0.71547553E-02     125     0.54580495E-02
 0.36999989E+01     0.78149396E+00     0.14775330E-01     0.30000000E+01    -0.12222514E+00     0.50000001E-01     0.50000001E-01     0.71763271E-02     125     0.54580495E-02
 0.37999997E+01     0.79325527E+00     0.14798560E-01     0.30000000E+01    -0.12236550E+00     0.50000001E-01     0.50000001E-01     0.72000446E-02     126     0.66809705E-02
 0.38999987E+01     0.80496877E+00     0.14823431E-01     0.30000000E+01    -0.12249462E+00     0.50000001E-01     0.50000001E-01     0.72252620E-02     126     0.66809705E-02
 0.39999995E+01     0.81663376E+00     0.14849772E-01     0.30000000E+01    -0.12261302E+00     0.50000001E-01     0.50000001E-01     0.72520087E-02     126     0.66809705E-02
 0.40999985E+01     0.82825154E+00     0.14877658E-01     0.30000000E+01    -0.12271938E+00     0.50000001E-01     0.50000001E-01     0.72804955E-02     126     0.66809705E-02
 0.41999993E+01     0.83981407E+00     0.14907156E-01     0.30000000E+01    -0.12281462E+00     0.50000001E-01     0.50000001E-01     0.73106596E-02     126     0.66809705E-02
 0.42999988E+01     0.85132897E+00     0.14938109E-01     0.30000000E+01    -0.12289838E+00     0.50000001E-01     0.50000001E-01     0.73429323E-02     127     0.80471234E-02
 0.43999991E+01     0.86279744E+00     0.14970424E-01     0.30000000E+01    -0.12297135E+00     0.50000001E-01     0.50000001E-01     0.73763002E-02     127     0.80471234E-02
 0.44999986E+01     0.87421018E+00     0.15004328E-01     0.30000000E+01    -0.12303273E+00     0.50000001E-01     0.50000001E-01     0.74113486E-02     127     0.80471234E-02
 0.45999994E+01     0.88557214E+00     0.15039685E-01     0.30000000E+01    -0.12308204E+00     0.50000001E-01     0.50000001E-01     0.74480185E-02     127     0.80471234E-02
 0.47000003E+01     0.89687818E+00     0.15076398E-01     0.30000000E+01    -0.12312018E+00     0.50000001E-01     0.50000001E-01     0.74862116E-02     127     0.80471234E-02
 0.47999973E+01     0.90812695E+00     0.15114691E-01     0.30000000E+01    -0.12314574E+00     0.50000001E-01     0.50000001E-01     0.75261230E-02     127     0.80471234E-02
 0.48999982E+01     0.91931993E+00     0.15154452E-01     0.30000000E+01    -0.12315947E+00     0.50000001E-01     0.50000001E-01     0.75680995E-02     128     0.95619382E-02
 0.49999990E+01     0.93045700E+00     0.15195458E-01     0.30000000E+01    -0.12316123E+00     0.50000001E-01     0.50000001E-01     0.76109967E-02     128     0.95619382E-02
 0.50999999E+01     0.94152987E+00     0.15237966E-01     0.30000000E+01    -0.12315081E+00     0.50000001E-01     0.50000001E-01     0.76555437E-02     128     0.95619382E-02
 0.52000008E+01     0.95254701E+00     0.15281875E-01     0.30000000E+01    -0.12312744E+00     0.50000001E-01     0.50000001E-01     0.77016647E-02     128     0.95619382E-02
 0.52999978E+01     0.96349585E+00     0.15327332E-01     0.30000000E+01    -0.12309115E+00     0.50000001E-01     0.50000001E-01     0.77494984E-02     128     0.95619382E-02
 0.53999987E+01     0.97437787E+00     0.15374167E-01     0.30000000E+01    -0.12304039E+00     0.50000001E-01     0.50000001E-01     0.77988226E-02     128     0.95619382E-02
 0.54999995E+01     0.98518962E+00     0.15422575E-01     0.30000000E+01    -0.12297711E+00     0.50000001E-01     0.50000001E-01     0.78503471E-02     129     0.11231796E-01
 0.56000004E+01     0.99593180E+00     0.15472339E-01     0.30000000E+01    -0.12289944E+00     0.50000001E-01     0.50000001E-01     0.79029091E-02     129     0.11231796E-01
 0.56999979E+01     0.10066035E+01     0.15523593E-01     0.30000000E+01    -0.12280636E+00     0.50000001E-01     0.50000001E-01     0.79570906E-02     129     0.11231796E-01
 0.57999988E+01     0.10171926E+01     0.15576459E-01     0.30000000E+01    -0.12269812E+00     0.50000001E-01     0.50000001E-01     0.80130752E-02     129     0.11231796E-01
 0.58999996E+01     0.10277044E+01     0.15630690E-01     0.30000000E+01    -0.12257511E+00     0.50000001E-01     0.50000001E-01     0.80705639E-02     129     0.11231796E-01
 0.60000000E+01     0.10381237E+01     0.15686551E-01     0.30000000E+01    -0.12243523E+00     0.50000001E-01     0.50000001E-01     0.81298426E-02     129     0.11231796E-01
 0.60999975E+01     0.10484661E+01     0.15743854E-01     0.30000000E+01    -0.12227879E+00     0.50000001E-01     0.50000001E-01     0.81912205E-02     130     0.13063635E-01
 0.61999984E+01     0.10586885E+01     0.15802793E-01     0.30000000E+01    -0.12210052E+00     0.50000001E-01     0.50000001E-01     0.82538780E-02     130     0.13063635E-01
 0.62999992E+01     0.10687740E+01     0.15863026E-01     0.30000000E+01    -0.12189432E+00     0.50000001E-01     0.50000001E-01     0.83180349E-02     130     0.13063635E-01
 0.64000001E+01     0.10787284E+01     0.15924457E-01     0.30000000E+01    -0.12166346E+00     0.50000001E-01     0.50000001E-01     0.83836094E-02     130     0.13063635E-01
 0.65000010E+01     0.10885395E+01     0.15987495E-01     0.30000000E+01    -0.12140571E+00     0.50000001E-01     0.50000001E-01     0.84509673E-02     130     0.13063635E-01
 0.65999980E+01     0.10981965E+01     0.16052073E-01     0.30000000E+01    -0.12111963E+00     0.50000001E-01     0.50000001E-01     0.85200481E-02     130     0.13063635E-01
 0.66999989E+01     0.11076887E+01     0.16118212E-01     0.30000000E+01    -0.12080115E+00     0.50000001E-01     0.50000001E-01     0.85914806E-02     131     0.15065445E-01
 0.67999997E+01     0.11169846E+01     0.16185710E-01     0.30000000E+01    -0.12044644E+00     0.50000001E-01     0.50000001E-01     0.86639989E-02     131     0.15065445E-01
 0.69000006E+01     0.11251744E+01     0.16251381E-01     0.30000000E+01    -0.11987072E+00     0.50000001E-01     0.50000001E-01     0.87354984E-02     131     0.15065445E-01
 0.69999981E+01     0.11316301E+01     0.16312677E-01     0.30000000E+01    -0.11895270E+00     0.50000001E-01     0.50000001E-01     0.88040028E-02     131     0.15065445E-01
 0.70999990E+01     0.11371716E+01     0.16374508E-01     0.30000000E+01    -0.11785755E+00     0.50000001E-01     0.50000001E-01     0.88737272E-02     131     0.15065445E-01
 0.71999998E+01     0.11429960E+01     0.16442871E-01     0.30000000E+01    -0.11682623E+00     0.50000001E-01     0.50000001E-01     0.89499000E-02     131     0.15065445E-01
 0.73000002E+01     0.11492629E+01     0.16519476E-01     0.30000000E+01    -0.11589036E+00     0.50000001E-01     0.50000001E-01     0.90343077E-02     131     0.15065445E-01
 0.73999977E+01     0.11562446E+01     0.16603434E-01     0.30000000E+01    -0.11510446E+00     0.50000001E-01     0.50000001E-01     0.91262264E-02     132     0.17246265E-01
 0.74999986E+01     0.11643393E+01     0.16699780E-01     0.30000000E+01    -0.11454209E+00     0.50000001E-01     0.50000001E-01     0.92290901E-02     132     0.17246265E-01
 0.75999994E+01     0.11727872E+01     0.16803546E-01     0.30000000E+01    -0.11405320E+00     0.50000001E-01     0.50000001E-01     0.93393289E-02     132     0.17246265E-01
 0.77000003E+01     0.11813296E+01     0.16912272E-01     0.30000000E+01    -0.11358907E+00     0.50000001E-01     0.50000001E-01     0.94545539E-02     132     0.17246265E-01
 0.77999973E+01     0.11899077E+01     0.17024515E-01     0.30000000E+01    -0.11313680E+00     0.50000001E-01     0.50000001E-01     0.95734894E-02     132     0.17246265E-01
 0.78999982E+01     0.11984922E+01     0.17139327E-01     0.30000000E+01    -0.11269128E+00     0.50000001E-01     0.50000001E-01     0.96950736E-02     132     0.17246265E-01
 0.79999990E+01     0.12070347E+01     0.17256897E-01     0.30000000E+01    -0.11224182E+00     0.50000001E-01     0.50000001E-01     0.98195476E-02     132     0.17246265E-01
 0.81000004E+01     0.12154031E+01     0.17379040E-01     0.30000000E+01    -0.11176709E+00     0.50000001E-01     0.50000001E-01     0.99495156E-02     133     0.19616185E-01
 0.82000008E+01     0.12236629E+01     0.17504770E-01     0.30000000E+01    -0.11127698E+00     0.50000001E-01     0.50000001E-01     0.10082725E-01     133     0.19616185E-01
 0.82999983E+01     0.12318604E+01     0.17633241E-01     0.30000000E+01    -0.11078154E+00     0.50000001E-01     0.50000001E-01     0.10218864E-01     133     0.19616185E-01
 0.83999987E+01     0.12399960E+01     0.17764444E-01     0.30000000E+01    -0.11028203E+00     0.50000001E-01     0.50000001E-01     0.10357895E-01     133     0.19616185E-01
 0.85000000E+01     0.12479061E+01     0.17901516E-01     0.30000000E+01    -0.10974734E+00     0.50000001E-01     0.50000001E-01     0.10503164E-01     133     0.19616185E-01
 0.86000004E+01     0.12556795E+01     0.18043080E-01     0.30000000E+01    -0.10919731E+00     0.50000001E-01     0.50000001E-01     0.10653120E-01     133     0.19616185E-01
 0.86999979E+01     0.12634104E+01     0.18187700E-01     0.30000000E+01    -0.10864522E+00     0.50000001E-01     0.50000001E-01     0.10806404E-01     133     0.19616185E-01
 0.87999983E+01     0.12710172E+01     0.18337164E-01     0.30000000E+01    -0.10807925E+00     0.50000001E-01     0.50000001E-01     0.10964775E-01     133     0.19616185E-01
 0.88999996E+01     0.12783656E+01     0.18494453E-01     0.30000000E+01    -0.10747746E+00     0.50000001E-01     0.50000001E-01     0.11132037E-01     134     0.22186713E-01
 0.90000000E+01     0.12856270E+01     0.18655803E-01     0.30000000E+01    -0.10686872E+00     0.50000001E-01     0.50000001E-01     0.11302983E-01     134     0.22186713E-01
 0.90999975E+01     0.12928460E+01     0.18821722E-01     0.30000000E+01    -0.10626446E+00     0.50000001E-01     0.50000001E-01     0.11478546E-01     134     0.22186713E-01
 0.91999989E+01     0.12997633E+01     0.18996898E-01     0.30000000E+01    -0.10561945E+00     0.50000001E-01     0.50000001E-01     0.11664061E-01     134     0.22186713E-01
 0.92999992E+01     0.13065192E+01     0.19179616E-01     0.30000000E+01    -0.10495949E+00     0.50000001E-01     0.50000001E-01     0.11857288E-01     134     0.22186713E-01
 0.94000006E+01     0.13132871E+01     0.19366454E-01     0.30000000E+01    -0.10431242E+00     0.50000001E-01     0.50000001E-01     0.12054918E-01     134     0.22186713E-01
 0.94999971E+01     0.13196750E+01     0.19566176E-01     0.30000000E+01    -0.10361706E+00     0.50000001E-01     0.50000001E-01     0.12265924E-01     134     0.22186713E-01
 0.95999985E+01     0.13259407E+01     0.19773519E-01     0.30000000E+01    -0.10291708E+00     0.50000001E-01     0.50000001E-01     0.12485614E-01     135     0.24970656E-01
 0.96999989E+01     0.13320997E+01     0.19989518E-01     0.30000000E+01    -0.10221638E+00     0.50000001E-01     0.50000001E-01     0.12713641E-01     135     0.24970656E-01
 0.98000002E+01     0.13378764E+01     0.20220479E-01     0.30000000E+01    -0.10147321E+00     0.50000001E-01     0.50000001E-01     0.12957234E-01     135     0.24970656E-01
 0.99000006E+01     0.13436112E+01     0.20458955E-01     0.30000000E+01    -0.10074374E+00     0.50000001E-01     0.50000001E-01     0.13208573E-01     135     0.24970656E-01
 0.99999981E+01     0.13489306E+01     0.20716764E-01     0.30000000E+01    -0.99971078E-01     0.50000001E-01     0.50000001E-01     0.13480116E-01     135     0.24970656E-01
 0.10099998E+02     0.13541844E+01     0.20984434E-01     0.30000000E+01    -0.99212073E-01     0.50000001E-01     0.50000001E-01     0.13761795E-01     135     0.24970656E-01
 0.10200000E+02     0.13589268E+01     0.21277633E-01     0.30000000E+01    -0.98407120E-01     0.50000001E-01     0.50000001E-01     0.14069981E-01     135     0.24970656E-01
 0.10300000E+02     0.13636140E+01     0.21581693E-01     0.30000000E+01    -0.97621448E-01     0.50000001E-01     0.50000001E-01     0.14389344E-01     135     0.24970656E-01
 0.10399998E+02     0.13677754E+01     0.21911962E-01     0.30000000E+01    -0.96798450E-01     0.50000001E-01     0.50000001E-01     0.14736168E-01     135     0.24970656E-01
 0.10499999E+02     0.13716304E+01     0.22269432E-01     0.30000000E+01    -0.95970474E-01     0.50000001E-01     0.50000001E-01     0.15111627E-01     136     0.27982261E-01
 0.10599999E+02     0.13751231E+01     0.22654338E-01     0.30000000E+01    -0.95140249E-01     0.50000001E-01     0.50000001E-01     0.15514782E-01     136     0.27982261E-01
 0.10700000E+02     0.13780940E+01     0.23078918E-01     0.30000000E+01    -0.94294377E-01     0.50000001E-01     0.50000001E-01     0.15958985E-01     136     0.27982261E-01
 0.10799997E+02     0.13804743E+01     0.23546342E-01     0.30000000E+01    -0.93436562E-01     0.50000001E-01     0.50000001E-01     0.16447727E-01     136     0.27982261E-01
 0.10899999E+02     0.13822874E+01     0.24066176E-01     0.30000000E+01    -0.92583910E-01     0.50000001E-01     0.50000001E-01     0.16990397E-01     136     0.27982261E-01
 0.10999999E+02     0.13833976E+01     0.24652481E-01     0.30000000E+01    -0.91740608E-01     0.50000001E-01     0.50000001E-01     0.17601589E-01     136     0.27982261E-01
 0.11100000E+02     0.13830656E+01     0.25351822E-01     0.30000000E+01    -0.90862907E-01     0.49765088E-01     0.50000001E-01     0.18327575E-01     136     0.27982261E-01
 0.11200001E+02     0.13808292E+01     0.26214167E-01     0.30000000E+01    -0.89963980E-01     0.49270686E-01     0.50000001E-01     0.19219756E-01     136     0.27982261E-01
 0.11299998E+02     0.13775146E+01     0.27208852E-01     0.30000000E+01    -0.89151189E-01     0.49031161E-01     0.50000001E-01     0.20249704E-01     136     0.27982261E-01
 0.11399999E+02     0.13717282E+01     0.28465079E-01     0.30000000E+01    -0.88400729E-01     0.48591513E-01     0.50000001E-01     0.21546850E-01     136     0.27982261E-01
 0.11500000E+02     0.13645831E+01     0.29938307E-01     0.30000000E+01    -0.87835774E-01     0.48407637E-01     0.50000001E-01     0.23068588E-01     136     0.27982261E-01
 0.11600000E+02     0.13542646E+01     0.31814396E-01     0.30000000E+01    -0.87476090E-01     0.48251491E-01     0.50000001E-01     0.25003973E-01     136     0.27982261E-01
 0.11699998E+02     0.13410814E+01     0.34126434E-01     0.30000000E+01    -0.87412067E-01     0.48206791E-01     0.50000001E-01     0.27386304E-01     136     0.27982261E-01
 0.11799999E+02     0.13226199E+01     0.37176728E-01     0.30000000E+01    -0.87727673E-01     0.48250463E-01     0.50000001E-01     0.30524787E-01     136     0.27982261E-01
 0.11900000E+02     0.12994784E+01     0.40902622E-01     0.30000000E+01    -0.88380925E-01     0.48418205E-01     0.50000001E-01     0.34352310E-01     136     0.27982261E-01
 0.12000000E+02     0.12734751E+01     0.45010962E-01     0.30000000E+01    -0.89158103E-01     0.48706535E-01     0.50000001E-01     0.38565941E-01     136     0.27982261E-01
 0.12099998E+02     0.12451650E+01     0.49339883E-01     0.30000000E+01    -0.89907713E-01     0.49109850E-01     0.50000001E-01     0.43000132E-01     136     0.27982261E-01
 0.12199999E+02     0.12132643E+01     0.53932965E-01     0.30000000E+01    -0.90569772E-01     0.49493100E-01     0.50000001E-01     0.47698811E-01     136     0.27982261E-01
 0.12299999E+02     0.11780837E+01     0.58658782E-01     0.30000000E+01    -0.91094635E-01     0.50000001E-01     0.50000001E-01     0.52530877E-01     136     0.27982261E-01
 0.12400001E+02     0.11470598E+01     0.62672108E-01     0.30000000E+01    -0.91341130E-01     0.50000001E-01     0.50000001E-01     0.56627128E-01     135     0.24970656E-01
 0.12599998E+02     0.10930195E+01     0.69780797E-01     0.30000000E+01    -0.91968581E-01     0.50000001E-01     0.50000001E-01     0.63880458E-01     135     0.24970656E-01
 0.12699999E+02     0.10763698E+01     0.72465725E-01     0.30000000E+01    -0.92407249E-01     0.50000001E-01     0.50000001E-01     0.66617757E-01     135     0.24970656E-01
 0.12800000E+02     0.10620807E+01     0.75005919E-01     0.30000000E+01    -0.92962131E-01     0.50000001E-01     0.50000001E-01     0.69206618E-01     135     0.24970656E-01
 0.12900001E+02     0.10568221E+01     0.76620370E-01     0.30000000E+01    -0.93312874E-01     0.50000001E-01     0.50000001E-01     0.70850216E-01     135     0.24970656E-01
 0.12999998E+02     0.10470592E+01     0.78875408E-01     0.30000000E+01    -0.93971603E-01     0.50000001E-01     0.50000001E-01     0.73146626E-01     135     0.24970656E-01
 0.13099999E+02     0.10439608E+01     0.80342807E-01     0.30000000E+01    -0.94376765E-01     0.50000001E-01     0.50000001E-01     0.74639305E-01     135     0.24970656E-01
 0.13200000E+02     0.10393310E+01     0.82112931E-01     0.30000000E+01    -0.94965264E-01     0.50000001E-01     0.50000001E-01     0.76440111E-01     135     0.24970656E-01
 0.13300000E+02     0.10348580E+01     0.83811320E-01     0.30000000E+01    -0.95560022E-01     0.49692705E-01     0.50000001E-01     0.78165472E-01     135     0.24970656E-01
 0.13399998E+02     0.10332317E+01     0.85196711E-01     0.30000000E+01    -0.96006945E-01     0.49210910E-01     0.50000001E-01     0.79568967E-01     135     0.24970656E-01
 0.13499999E+02     0.10285790E+01     0.87041385E-01     0.30000000E+01    -0.96742623E-01     0.48878849E-01     0.50000001E-01     0.81442475E-01     135     0.24970656E-01
 0.13599999E+02     0.10268571E+01     0.88520847E-01     0.30000000E+01    -0.97312510E-01     0.48523296E-01     0.50000001E-01     0.82942113E-01     135     0.24970656E-01
 0.13700001E+02     0.10261472E+01     0.89800753E-01     0.30000000E+01    -0.97786836E-01     0.48022561E-01     0.50000001E-01     0.84237076E-01     136     0.27982261E-01
 0.13799997E+02     0.10240890E+01     0.91399223E-01     0.30000000E+01    -0.98463714E-01     0.47852967E-01     0.50000001E-01     0.85859746E-01     136     0.27982261E-01
 0.13899999E+02     0.10251279E+01     0.92647195E-01     0.30000000E+01    -0.99019557E-01     0.48378162E-01     0.50000001E-01     0.87133616E-01     136     0.27982261E-01
 0.13999999E+02     0.10223033E+01     0.94194785E-01     0.30000000E+01    -0.99647999E-01     0.46898264E-01     0.50000001E-01     0.88686608E-01     136     0.27982261E-01
 0.14100000E+02     0.10229284E+01     0.95364913E-01     0.30000000E+01    -0.10014109E+00     0.46327196E-01     0.50000001E-01     0.89873500E-01     136     0.27982261E-01
 0.14199998E+02     0.10211432E+01     0.97004227E-01     0.30000000E+01    -0.10093384E+00     0.46119984E-01     0.50000001E-01     0.91537587E-01     136     0.27982261E-01
 0.14299998E+02     0.10219257E+01     0.98218456E-01     0.30000000E+01    -0.10147458E+00     0.45749787E-01     0.50000001E-01     0.92767701E-01     136     0.27982261E-01
 0.14400000E+02     0.10239533E+01     0.99282771E-01     0.30000000E+01    -0.10198633E+00     0.45491572E-01     0.50000001E-01     0.93846098E-01     136     0.27982261E-01
 0.14500000E+02     0.10253662E+01     0.10036008E+00     0.30000000E+01    -0.10245797E+00     0.44923384E-01     0.50000001E-01     0.94934762E-01     136     0.27982261E-01
 0.14600000E+02     0.10248538E+01     0.10185602E+00     0.30000000E+01    -0.10323090E+00     0.44645485E-01     0.50000001E-01     0.96452355E-01     136     0.27982261E-01
 0.14699998E+02     0.10255506E+01     0.10311028E+00     0.30000000E+01    -0.10385589E+00     0.44158362E-01     0.50000001E-01     0.97721882E-01     136     0.27982261E-01
 0.14799999E+02     0.10273547E+01     0.10417880E+00     0.30000000E+01    -0.10436907E+00     0.43776806E-01     0.50000001E-01     0.98802060E-01     136     0.27982261E-01
 0.14900000E+02     0.10271585E+01     0.10546819E+00     0.30000000E+01    -0.10501657E+00     0.42339928E-01     0.50000001E-01     0.10009243E+00     136     0.27982261E-01
 0.15000001E+02     0.10269688E+01     0.10687483E+00     0.30000000E+01    -0.10576558E+00     0.41864209E-01     0.50000001E-01     0.10151488E+00     137     0.31237058E-01
 0.15099998E+02     0.10283414E+01     0.10808945E+00     0.30000000E+01    -0.10642277E+00     0.41834712E-01     0.50000001E-01     0.10274643E+00     137     0.31237058E-01
 0.15199999E+02     0.10320601E+01     0.10896591E+00     0.30000000E+01    -0.10687605E+00     0.42148095E-01     0.50000001E-01     0.10364193E+00     137     0.31237058E-01
 0.15299999E+02     0.10346034E+01     0.10997450E+00     0.30000000E+01    -0.10743663E+00     0.41900765E-01     0.50000001E-01     0.10466105E+00     137     0.31237058E-01
 0.15400001E+02     0.10359800E+01     0.11105617E+00     0.30000000E+01    -0.10800823E+00     0.40464357E-01     0.50000001E-01     0.10574903E+00     137     0.31237058E-01
 0.15499998E+02     0.10368629E+01     0.11234412E+00     0.30000000E+01    -0.10875670E+00     0.39941326E-01     0.50000001E-01     0.10705277E+00     137     0.31237058E-01
 0.15599998E+02     0.10387520E+01     0.11353010E+00     0.30000000E+01    -0.10945912E+00     0.39836925E-01     0.50000001E-01     0.10825591E+00     137     0.31237058E-01
 0.15699999E+02     0.10415804E+01     0.11449178E+00     0.30000000E+01    -0.10998689E+00     0.39729297E-01     0.50000001E-01     0.10923112E+00     137     0.31237058E-01
 0.15800000E+02     0.10441957E+01     0.11546412E+00     0.30000000E+01    -0.11054078E+00     0.39158758E-01     0.50000001E-01     0.11021185E+00     137     0.31237058E-01
 0.15899998E+02     0.10469247E+01     0.11642145E+00     0.30000000E+01    -0.11110742E+00     0.38689546E-01     0.50000001E-01     0.11117711E+00     137     0.31237058E-01
 0.15999998E+02     0.10496813E+01     0.11736575E+00     0.30000000E+01    -0.11167751E+00     0.38453054E-01     0.50000001E-01     0.11213228E+00     137     0.31237058E-01
 0.16099998E+02     0.10501187E+01     0.11877353E+00     0.30000000E+01    -0.11248231E+00     0.38016103E-01     0.50000001E-01     0.11355525E+00     137     0.31237058E-01
 0.16200001E+02     0.10508195E+01     0.12001199E+00     0.30000000E+01    -0.11326407E+00     0.36946878E-01     0.50000001E-01     0.11479620E+00     137     0.31237058E-01
 0.16300001E+02     0.10542578E+01     0.12088118E+00     0.30000000E+01    -0.11383726E+00     0.36918540E-01     0.50000001E-01     0.11567879E+00     138     0.34752071E-01
 0.16399998E+02     0.10577998E+01     0.12174007E+00     0.30000000E+01    -0.11438931E+00     0.36628995E-01     0.50000001E-01     0.11655080E+00     138     0.34752071E-01
 0.16499998E+02     0.10617380E+01     0.12255507E+00     0.30000000E+01    -0.11488667E+00     0.36897548E-01     0.50000001E-01     0.11737601E+00     138     0.34752071E-01
 0.16600000E+02     0.10639544E+01     0.12362042E+00     0.30000000E+01    -0.11555324E+00     0.36329389E-01     0.50000001E-01     0.11845681E+00     138     0.34752071E-01
 0.16700001E+02     0.10650531E+01     0.12487225E+00     0.30000000E+01    -0.11639658E+00     0.35447758E-01     0.50000001E-01     0.11972088E+00     138     0.34752071E-01
 0.16799997E+02     0.10679803E+01     0.12580642E+00     0.30000000E+01    -0.11700551E+00     0.35102662E-01     0.50000001E-01     0.12066490E+00     138     0.34752071E-01
 0.16900000E+02     0.10722289E+01     0.12665142E+00     0.30000000E+01    -0.11761368E+00     0.35403505E-01     0.50000001E-01     0.12152477E+00     138     0.34752071E-01
 0.17000000E+02     0.10754524E+01     0.12756674E+00     0.30000000E+01    -0.11815199E+00     0.34967650E-01     0.50000001E-01     0.12244859E+00     138     0.34752071E-01
