  
       RFOIL         Version 3.00
  
 Calculated polar for: OSO_2025_WT2_T27                
  
 1  Reynolds number fixed
  
 xtrf =      0.05000000 (suction)     0.05000000 (pressure)
 Rot. Parameters:  f0 =      1.00000000 c/r =      0.00000000
 Mach =      0.00000000     Re =      2.00000000 e 6     Ncrit =      3.00000000
  
             alpha                CL                CD            Re(CL)                CM             S_xtr             P_xtr               CDp            I_stag            X_stag
  ------- -------- --------- --------- -------- ------- ------- -------- 
-0.23900000E+02    -0.93221235E+00     0.16710541E+00     0.20000000E+01     0.14957773E-01     0.99879491E+00     0.34452297E-01     0.16428044E+00      89     0.67752108E-01
-0.23800001E+02    -0.92782050E+00     0.16627121E+00     0.20000000E+01     0.13961959E-01     0.99873608E+00     0.34174331E-01     0.16343044E+00      89     0.67752108E-01
-0.23700001E+02    -0.91890913E+00     0.16477674E+00     0.20000000E+01     0.11131944E-01     0.99834704E+00     0.34522176E-01     0.16192414E+00      89     0.67752108E-01
-0.23600000E+02    -0.91962749E+00     0.16432230E+00     0.20000000E+01     0.11404302E-01     0.99856621E+00     0.34648210E-01     0.16146633E+00      89     0.67752108E-01
-0.23500000E+02    -0.91466832E+00     0.16314097E+00     0.20000000E+01     0.98377382E-02     0.99840772E+00     0.34983277E-01     0.16027771E+00      89     0.67752108E-01
-0.23300001E+02    -0.90837204E+00     0.16098081E+00     0.20000000E+01     0.74733063E-02     0.99828142E+00     0.35384644E-01     0.15809175E+00      90     0.60823578E-01
-0.23200001E+02    -0.90333748E+00     0.15982670E+00     0.20000000E+01     0.59584235E-02     0.99812096E+00     0.35479009E-01     0.15692532E+00      90     0.60823578E-01
-0.23100000E+02    -0.89913750E+00     0.15907307E+00     0.20000000E+01     0.50918739E-02     0.99807501E+00     0.35474189E-01     0.15616049E+00      90     0.60823578E-01
-0.23000002E+02    -0.89512008E+00     0.15822527E+00     0.20000000E+01     0.41592135E-02     0.99801844E+00     0.35727501E-01     0.15530664E+00      90     0.60823578E-01
-0.22900002E+02    -0.88917685E+00     0.15712866E+00     0.20000000E+01     0.24605999E-02     0.99778473E+00     0.35836656E-01     0.15419926E+00      90     0.60823578E-01
-0.22800001E+02    -0.88496315E+00     0.15625772E+00     0.20000000E+01     0.14976821E-02     0.99771357E+00     0.35902202E-01     0.15331763E+00      90     0.60823578E-01
-0.22700001E+02    -0.88166052E+00     0.15534233E+00     0.20000000E+01     0.60295552E-03     0.99768609E+00     0.36401022E-01     0.15239616E+00      90     0.60823578E-01
-0.22600002E+02    -0.87771910E+00     0.15437476E+00     0.20000000E+01    -0.57103776E-03     0.99759084E+00     0.36679357E-01     0.15141359E+00      90     0.60823578E-01
-0.22500000E+02    -0.87449867E+00     0.15326156E+00     0.20000000E+01    -0.16466567E-02     0.99751937E+00     0.36771502E-01     0.15028846E+00      90     0.60823578E-01
-0.22400002E+02    -0.86866206E+00     0.15224898E+00     0.20000000E+01    -0.31962700E-02     0.99728489E+00     0.36931664E-01     0.14926817E+00      90     0.60823578E-01
-0.22300001E+02    -0.86435270E+00     0.15136857E+00     0.20000000E+01    -0.41988525E-02     0.99719286E+00     0.37183356E-01     0.14838374E+00      90     0.60823578E-01
-0.22200001E+02    -0.85826898E+00     0.15027010E+00     0.20000000E+01    -0.58974489E-02     0.99691391E+00     0.37265826E-01     0.14727531E+00      91     0.54339148E-01
-0.22000000E+02    -0.84839368E+00     0.14826269E+00     0.20000000E+01    -0.84824143E-02     0.99655890E+00     0.37856109E-01     0.14525703E+00      91     0.54339148E-01
-0.21900002E+02    -0.84736282E+00     0.14735065E+00     0.20000000E+01    -0.90029091E-02     0.99666077E+00     0.38408794E-01     0.14434271E+00      91     0.54339148E-01
-0.21800001E+02    -0.84293306E+00     0.14638774E+00     0.20000000E+01    -0.10027697E-01     0.99656343E+00     0.38218908E-01     0.14336449E+00      91     0.54339148E-01
-0.21700001E+02    -0.83846062E+00     0.14553040E+00     0.20000000E+01    -0.11069695E-01     0.99644780E+00     0.38574085E-01     0.14250445E+00      91     0.54339148E-01
-0.21600000E+02    -0.83220112E+00     0.14453594E+00     0.20000000E+01    -0.12548638E-01     0.99618453E+00     0.38879741E-01     0.14150433E+00      91     0.54339148E-01
-0.21500002E+02    -0.82758725E+00     0.14370880E+00     0.20000000E+01    -0.13492292E-01     0.99609011E+00     0.39118852E-01     0.14067167E+00      91     0.54339148E-01
-0.21400000E+02    -0.82001966E+00     0.14272258E+00     0.20000000E+01    -0.15292466E-01     0.99571580E+00     0.39306186E-01     0.13967587E+00      91     0.54339148E-01
-0.21300001E+02    -0.81649804E+00     0.14187633E+00     0.20000000E+01    -0.15909564E-01     0.99573290E+00     0.39579775E-01     0.13882382E+00      91     0.54339148E-01
-0.21200001E+02    -0.81041324E+00     0.14086936E+00     0.20000000E+01    -0.17350106E-01     0.99548519E+00     0.39732914E-01     0.13780631E+00      91     0.54339148E-01
-0.20600000E+02    -0.75877082E+00     0.13307585E+00     0.20000000E+01    -0.29032491E-01     0.50000001E-01     0.41102901E-01     0.12743244E+00      92     0.48335075E-01
-0.20500000E+02    -0.75454205E+00     0.13235576E+00     0.20000000E+01    -0.29755192E-01     0.50000001E-01     0.41353244E-01     0.12670283E+00      92     0.48335075E-01
-0.20400002E+02    -0.75069219E+00     0.13158245E+00     0.20000000E+01    -0.30447170E-01     0.50000001E-01     0.41600741E-01     0.12591927E+00      92     0.48335075E-01
-0.20300001E+02    -0.74709636E+00     0.13072535E+00     0.20000000E+01    -0.31213261E-01     0.50000001E-01     0.41732382E-01     0.12504961E+00      92     0.48335075E-01
-0.20200001E+02    -0.74369735E+00     0.12983273E+00     0.20000000E+01    -0.31978600E-01     0.50000001E-01     0.41951623E-01     0.12414621E+00      92     0.48335075E-01
-0.20100000E+02    -0.73953009E+00     0.12910506E+00     0.20000000E+01    -0.32665282E-01     0.50000001E-01     0.42031895E-01     0.12340463E+00      92     0.48335075E-01
-0.20000002E+02    -0.73529625E+00     0.12840529E+00     0.20000000E+01    -0.33306863E-01     0.50000001E-01     0.42316828E-01     0.12269709E+00      92     0.48335075E-01
-0.19900000E+02    -0.73090655E+00     0.12773655E+00     0.20000000E+01    -0.33907849E-01     0.50000001E-01     0.42624176E-01     0.12201743E+00      92     0.48335075E-01
-0.19800001E+02    -0.72640461E+00     0.12705183E+00     0.20000000E+01    -0.34552556E-01     0.50000001E-01     0.42884495E-01     0.12132141E+00      93     0.42829528E-01
-0.19700001E+02    -0.72245258E+00     0.12632772E+00     0.20000000E+01    -0.35200715E-01     0.50000001E-01     0.43584891E-01     0.12059302E+00      93     0.42829528E-01
-0.19600000E+02    -0.71804923E+00     0.12563540E+00     0.20000000E+01    -0.35806395E-01     0.50000001E-01     0.43747894E-01     0.11988848E+00      93     0.42829528E-01
-0.19500000E+02    -0.71387881E+00     0.12488361E+00     0.20000000E+01    -0.36435839E-01     0.50000001E-01     0.43872759E-01     0.11912393E+00      93     0.42829528E-01
-0.19400002E+02    -0.70997101E+00     0.12406693E+00     0.20000000E+01    -0.37110832E-01     0.50000001E-01     0.44093695E-01     0.11829339E+00      93     0.42829528E-01
-0.19300001E+02    -0.70607299E+00     0.12324709E+00     0.20000000E+01    -0.37811987E-01     0.50000001E-01     0.44459142E-01     0.11745945E+00      93     0.42829528E-01
-0.19200001E+02    -0.70154005E+00     0.12254842E+00     0.20000000E+01    -0.38413320E-01     0.50000001E-01     0.44750996E-01     0.11675002E+00      93     0.42829528E-01
-0.19100000E+02    -0.69690222E+00     0.12189613E+00     0.20000000E+01    -0.38979780E-01     0.50000001E-01     0.44773083E-01     0.11608576E+00      93     0.42829528E-01
-0.19000002E+02    -0.69207710E+00     0.12124384E+00     0.20000000E+01    -0.39571751E-01     0.50000001E-01     0.45111690E-01     0.11542084E+00      93     0.42829528E-01
-0.18900002E+02    -0.68764311E+00     0.12057786E+00     0.20000000E+01    -0.40100876E-01     0.50000001E-01     0.45449037E-01     0.11474058E+00      93     0.42829528E-01
-0.18800001E+02    -0.68322372E+00     0.11987744E+00     0.20000000E+01    -0.40709719E-01     0.50000001E-01     0.45718573E-01     0.11403205E+00      93     0.42829528E-01
-0.18700001E+02    -0.67919546E+00     0.11916599E+00     0.20000000E+01    -0.41285254E-01     0.50000001E-01     0.46152249E-01     0.11331452E+00      94     0.37822437E-01
-0.18600000E+02    -0.67500538E+00     0.11842398E+00     0.20000000E+01    -0.41891221E-01     0.50000001E-01     0.46362225E-01     0.11256111E+00      94     0.37822437E-01
-0.18500002E+02    -0.67099458E+00     0.11764749E+00     0.20000000E+01    -0.42481735E-01     0.50000001E-01     0.46474304E-01     0.11177212E+00      94     0.37822437E-01
-0.18400000E+02    -0.66735291E+00     0.11680720E+00     0.20000000E+01    -0.43129884E-01     0.50000001E-01     0.46914980E-01     0.11092352E+00      94     0.37822437E-01
-0.18300001E+02    -0.66272789E+00     0.11612734E+00     0.20000000E+01    -0.43675993E-01     0.50000001E-01     0.46985287E-01     0.11023185E+00      94     0.37822437E-01
-0.18100002E+02    -0.65392870E+00     0.11479735E+00     0.20000000E+01    -0.44720378E-01     0.50000001E-01     0.48074022E-01     0.10889000E+00      94     0.37822437E-01
-0.18000000E+02    -0.64885741E+00     0.11415921E+00     0.20000000E+01    -0.45263588E-01     0.50000001E-01     0.47963738E-01     0.10823782E+00      94     0.37822437E-01
-0.17900000E+02    -0.64410925E+00     0.11350418E+00     0.20000000E+01    -0.45761734E-01     0.50000001E-01     0.48081189E-01     0.10757098E+00      94     0.37822437E-01
-0.17800001E+02    -0.63972932E+00     0.11280911E+00     0.20000000E+01    -0.46298727E-01     0.50000001E-01     0.48745282E-01     0.10686906E+00      94     0.37822437E-01
-0.17700001E+02    -0.63536388E+00     0.11210834E+00     0.20000000E+01    -0.46809405E-01     0.50000001E-01     0.49154554E-01     0.10615887E+00      94     0.37822437E-01
-0.17600000E+02    -0.63070923E+00     0.11135565E+00     0.20000000E+01    -0.47387086E-01     0.50000001E-01     0.48945148E-01     0.10538768E+00      95     0.33297669E-01
-0.17500000E+02    -0.62689507E+00     0.11057050E+00     0.20000000E+01    -0.47937896E-01     0.50000001E-01     0.49733326E-01     0.10459373E+00      95     0.33297669E-01
-0.17400002E+02    -0.62220687E+00     0.10987367E+00     0.20000000E+01    -0.48462551E-01     0.50000001E-01     0.50000001E-01     0.10388468E+00      95     0.33297669E-01
-0.17300001E+02    -0.61734784E+00     0.10923764E+00     0.20000000E+01    -0.48940167E-01     0.50000001E-01     0.50000001E-01     0.10323709E+00      95     0.33297669E-01
-0.17200001E+02    -0.61226714E+00     0.10860918E+00     0.20000000E+01    -0.49419567E-01     0.50000001E-01     0.50000001E-01     0.10259616E+00      95     0.33297669E-01
-0.17100000E+02    -0.60728014E+00     0.10798898E+00     0.20000000E+01    -0.49873088E-01     0.50000001E-01     0.50000001E-01     0.10196311E+00      95     0.33297669E-01
-0.17000002E+02    -0.60230738E+00     0.10734984E+00     0.20000000E+01    -0.50325610E-01     0.50000001E-01     0.50000001E-01     0.10131121E+00      95     0.33297669E-01
-0.16900000E+02    -0.59746367E+00     0.10670442E+00     0.20000000E+01    -0.50790701E-01     0.50000001E-01     0.50000001E-01     0.10065421E+00      95     0.33297669E-01
-0.16800001E+02    -0.59242272E+00     0.10606450E+00     0.20000000E+01    -0.51271357E-01     0.50000001E-01     0.50000001E-01     0.10000035E+00      95     0.33297669E-01
-0.16700001E+02    -0.58767599E+00     0.10537031E+00     0.20000000E+01    -0.51761083E-01     0.50000001E-01     0.50000001E-01     0.99293634E-01      95     0.33297669E-01
-0.16600000E+02    -0.58314103E+00     0.10465045E+00     0.20000000E+01    -0.52246910E-01     0.50000001E-01     0.50000001E-01     0.98557822E-01      96     0.29227415E-01
-0.16500000E+02    -0.57877123E+00     0.10387595E+00     0.20000000E+01    -0.52767795E-01     0.50000001E-01     0.50000001E-01     0.97770311E-01      96     0.29227415E-01
-0.16400002E+02    -0.57380599E+00     0.10321432E+00     0.20000000E+01    -0.53241286E-01     0.50000001E-01     0.50000001E-01     0.97095445E-01      96     0.29227415E-01
-0.16300001E+02    -0.56872672E+00     0.10259847E+00     0.20000000E+01    -0.53662326E-01     0.50000001E-01     0.50000001E-01     0.96467361E-01      96     0.29227415E-01
-0.16200001E+02    -0.56355035E+00     0.10196643E+00     0.20000000E+01    -0.54090425E-01     0.50000001E-01     0.50000001E-01     0.95823437E-01      96     0.29227415E-01
-0.16100000E+02    -0.55854732E+00     0.10132630E+00     0.20000000E+01    -0.54516647E-01     0.50000001E-01     0.50000001E-01     0.95172390E-01      96     0.29227415E-01
-0.16000002E+02    -0.55325329E+00     0.10075254E+00     0.20000000E+01    -0.54930840E-01     0.50000001E-01     0.50000001E-01     0.94585612E-01      96     0.29227415E-01
-0.15900001E+02    -0.54817158E+00     0.10009536E+00     0.20000000E+01    -0.55353049E-01     0.50000001E-01     0.50000001E-01     0.93916886E-01      96     0.29227415E-01
-0.15800000E+02    -0.54313552E+00     0.99500671E-01     0.20000000E+01    -0.55778962E-01     0.50000001E-01     0.50000001E-01     0.93309715E-01      96     0.29227415E-01
-0.15700001E+02    -0.53836501E+00     0.98817222E-01     0.20000000E+01    -0.56207564E-01     0.50000001E-01     0.50000001E-01     0.92614487E-01      96     0.29227415E-01
-0.15600002E+02    -0.53357196E+00     0.98115437E-01     0.20000000E+01    -0.56677409E-01     0.50000001E-01     0.50000001E-01     0.91899082E-01      96     0.29227415E-01
-0.15500001E+02    -0.52918488E+00     0.97346440E-01     0.20000000E+01    -0.57153724E-01     0.50000001E-01     0.50000001E-01     0.91115795E-01      97     0.25576653E-01
-0.15400001E+02    -0.52419943E+00     0.96692279E-01     0.20000000E+01    -0.57568796E-01     0.50000001E-01     0.50000001E-01     0.90449713E-01      97     0.25576653E-01
-0.15300001E+02    -0.51893532E+00     0.96091196E-01     0.20000000E+01    -0.57948809E-01     0.50000001E-01     0.50000001E-01     0.89836374E-01      97     0.25576653E-01
-0.15200001E+02    -0.51364601E+00     0.95497623E-01     0.20000000E+01    -0.58330465E-01     0.50000001E-01     0.50000001E-01     0.89231431E-01      97     0.25576653E-01
-0.15100001E+02    -0.50847441E+00     0.94891891E-01     0.20000000E+01    -0.58706690E-01     0.50000001E-01     0.50000001E-01     0.88614918E-01      97     0.25576653E-01
-0.15000001E+02    -0.50319195E+00     0.94294965E-01     0.20000000E+01    -0.59087131E-01     0.50000001E-01     0.50000001E-01     0.88006586E-01      97     0.25576653E-01
-0.14900000E+02    -0.49798018E+00     0.93678243E-01     0.20000000E+01    -0.59478935E-01     0.50000001E-01     0.50000001E-01     0.87378845E-01      97     0.25576653E-01
-0.14800000E+02    -0.49285930E+00     0.93053021E-01     0.20000000E+01    -0.59857707E-01     0.50000001E-01     0.50000001E-01     0.86742014E-01      97     0.25576653E-01
-0.14700002E+02    -0.48783565E+00     0.92413850E-01     0.20000000E+01    -0.60241051E-01     0.50000001E-01     0.50000001E-01     0.86090952E-01      97     0.25576653E-01
-0.14600000E+02    -0.48301855E+00     0.91725215E-01     0.20000000E+01    -0.60649872E-01     0.50000001E-01     0.50000001E-01     0.85389003E-01      98     0.22307370E-01
-0.14500000E+02    -0.47845986E+00     0.90985581E-01     0.20000000E+01    -0.61085939E-01     0.50000001E-01     0.50000001E-01     0.84636964E-01      98     0.22307370E-01
-0.14400001E+02    -0.47347811E+00     0.90328872E-01     0.20000000E+01    -0.61467167E-01     0.50000001E-01     0.50000001E-01     0.83967879E-01      98     0.22307370E-01
-0.14300001E+02    -0.46819741E+00     0.89733057E-01     0.20000000E+01    -0.61822228E-01     0.50000001E-01     0.50000001E-01     0.83361268E-01      98     0.22307370E-01
-0.14200001E+02    -0.46280560E+00     0.89145981E-01     0.20000000E+01    -0.62177908E-01     0.50000001E-01     0.50000001E-01     0.82763426E-01      98     0.22307370E-01
-0.14100001E+02    -0.45752850E+00     0.88559456E-01     0.20000000E+01    -0.62507153E-01     0.50000001E-01     0.50000001E-01     0.82166508E-01      98     0.22307370E-01
-0.14000001E+02    -0.45217833E+00     0.87972797E-01     0.20000000E+01    -0.62851273E-01     0.50000001E-01     0.50000001E-01     0.81569336E-01      98     0.22307370E-01
-0.13900002E+02    -0.44685110E+00     0.87373659E-01     0.20000000E+01    -0.63197650E-01     0.50000001E-01     0.50000001E-01     0.80959447E-01      98     0.22307370E-01
-0.13800001E+02    -0.44167307E+00     0.86759865E-01     0.20000000E+01    -0.63540608E-01     0.50000001E-01     0.50000001E-01     0.80334485E-01      99     0.19381767E-01
-0.13700001E+02    -0.43650582E+00     0.86131476E-01     0.20000000E+01    -0.63893415E-01     0.50000001E-01     0.50000001E-01     0.79694666E-01      99     0.19381767E-01
-0.13600001E+02    -0.43163443E+00     0.85461892E-01     0.20000000E+01    -0.64260393E-01     0.50000001E-01     0.50000001E-01     0.79014078E-01      99     0.19381767E-01
-0.13500001E+02    -0.42694247E+00     0.84750488E-01     0.20000000E+01    -0.64643361E-01     0.50000001E-01     0.50000001E-01     0.78290232E-01      99     0.19381767E-01
-0.13400001E+02    -0.42194733E+00     0.84096104E-01     0.20000000E+01    -0.64995460E-01     0.50000001E-01     0.50000001E-01     0.77623509E-01      99     0.19381767E-01
-0.13300000E+02    -0.41667709E+00     0.83503433E-01     0.20000000E+01    -0.65317847E-01     0.50000001E-01     0.50000001E-01     0.77021673E-01      99     0.19381767E-01
-0.13200001E+02    -0.41121691E+00     0.82930058E-01     0.20000000E+01    -0.65624543E-01     0.50000001E-01     0.50000001E-01     0.76437764E-01      99     0.19381767E-01
-0.13100000E+02    -0.40574527E+00     0.82356162E-01     0.20000000E+01    -0.65940365E-01     0.50000001E-01     0.50000001E-01     0.75853527E-01      99     0.19381767E-01
-0.13000001E+02    -0.40037993E+00     0.81776425E-01     0.20000000E+01    -0.66244826E-01     0.50000001E-01     0.50000001E-01     0.75264417E-01      99     0.19381767E-01
-0.12900001E+02    -0.39497945E+00     0.81193753E-01     0.20000000E+01    -0.66553995E-01     0.50000001E-01     0.50000001E-01     0.74670672E-01     100     0.16763927E-01
-0.12800001E+02    -0.38968003E+00     0.80613256E-01     0.20000000E+01    -0.66859454E-01     0.50000001E-01     0.50000001E-01     0.74080326E-01     100     0.16763927E-01
-0.12700001E+02    -0.38452777E+00     0.80002345E-01     0.20000000E+01    -0.67173295E-01     0.50000001E-01     0.50000001E-01     0.73459007E-01     100     0.16763927E-01
-0.12600001E+02    -0.37952521E+00     0.79332292E-01     0.20000000E+01    -0.67499906E-01     0.50000001E-01     0.50000001E-01     0.72777756E-01     100     0.16763927E-01
-0.12500001E+02    -0.37478900E+00     0.78630112E-01     0.20000000E+01    -0.67855783E-01     0.50000001E-01     0.50000001E-01     0.72063617E-01     100     0.16763927E-01
-0.12400002E+02    -0.36981961E+00     0.77980906E-01     0.20000000E+01    -0.68174593E-01     0.50000001E-01     0.50000001E-01     0.71403369E-01     100     0.16763927E-01
-0.12300001E+02    -0.36436778E+00     0.77415936E-01     0.20000000E+01    -0.68454444E-01     0.50000001E-01     0.50000001E-01     0.70828773E-01     100     0.16763927E-01
-0.12200001E+02    -0.35889784E+00     0.76851383E-01     0.20000000E+01    -0.68735175E-01     0.50000001E-01     0.50000001E-01     0.70254818E-01     100     0.16763927E-01
-0.12100001E+02    -0.35345230E+00     0.76285273E-01     0.20000000E+01    -0.69012702E-01     0.50000001E-01     0.50000001E-01     0.69678985E-01     101     0.14421528E-01
-0.12000000E+02    -0.34802058E+00     0.75721934E-01     0.20000000E+01    -0.69283910E-01     0.50000001E-01     0.50000001E-01     0.69106609E-01     101     0.14421528E-01
-0.11900001E+02    -0.34256786E+00     0.75151294E-01     0.20000000E+01    -0.69558695E-01     0.50000001E-01     0.50000001E-01     0.68526171E-01     101     0.14421528E-01
-0.11800000E+02    -0.33723134E+00     0.74565820E-01     0.20000000E+01    -0.69836564E-01     0.50000001E-01     0.50000001E-01     0.67931041E-01     101     0.14421528E-01
-0.11700001E+02    -0.33201736E+00     0.73962115E-01     0.20000000E+01    -0.70118822E-01     0.50000001E-01     0.50000001E-01     0.67317240E-01     101     0.14421528E-01
-0.11600000E+02    -0.32706907E+00     0.73328912E-01     0.20000000E+01    -0.70419192E-01     0.50000001E-01     0.50000001E-01     0.66673368E-01     101     0.14421528E-01
-0.11500001E+02    -0.32234302E+00     0.72643772E-01     0.20000000E+01    -0.70734471E-01     0.50000001E-01     0.50000001E-01     0.65976977E-01     101     0.14421528E-01
-0.11400001E+02    -0.31721622E+00     0.72032273E-01     0.20000000E+01    -0.71011029E-01     0.50000001E-01     0.50000001E-01     0.65355673E-01     101     0.14421528E-01
-0.11300001E+02    -0.31171915E+00     0.71478426E-01     0.20000000E+01    -0.71261026E-01     0.50000001E-01     0.50000001E-01     0.64792305E-01     102     0.12325595E-01
-0.11200001E+02    -0.30616045E+00     0.70925392E-01     0.20000000E+01    -0.71512595E-01     0.50000001E-01     0.50000001E-01     0.64229988E-01     102     0.12325595E-01
-0.11100001E+02    -0.30070010E+00     0.70364460E-01     0.20000000E+01    -0.71755767E-01     0.50000001E-01     0.50000001E-01     0.63660607E-01     102     0.12325595E-01
-0.11000001E+02    -0.29520854E+00     0.69822975E-01     0.20000000E+01    -0.72000340E-01     0.50000001E-01     0.50000001E-01     0.63110225E-01     102     0.12325595E-01
-0.10900001E+02    -0.28979421E+00     0.69258042E-01     0.20000000E+01    -0.72245896E-01     0.50000001E-01     0.50000001E-01     0.62536433E-01     102     0.12325595E-01
-0.10800001E+02    -0.28443077E+00     0.68684861E-01     0.20000000E+01    -0.72495639E-01     0.50000001E-01     0.50000001E-01     0.61953716E-01     102     0.12325595E-01
-0.10700001E+02    -0.27932173E+00     0.68077460E-01     0.20000000E+01    -0.72755329E-01     0.50000001E-01     0.50000001E-01     0.61336543E-01     102     0.12325595E-01
-0.10600001E+02    -0.27455887E+00     0.67422837E-01     0.20000000E+01    -0.73028311E-01     0.50000001E-01     0.50000001E-01     0.60670577E-01     103     0.10451236E-01
-0.10500001E+02    -0.26973838E+00     0.66767074E-01     0.20000000E+01    -0.73305719E-01     0.50000001E-01     0.50000001E-01     0.60004741E-01     103     0.10451236E-01
-0.10400002E+02    -0.26430017E+00     0.66223979E-01     0.20000000E+01    -0.73535122E-01     0.50000001E-01     0.50000001E-01     0.59452944E-01     103     0.10451236E-01
-0.10300000E+02    -0.25872985E+00     0.65683737E-01     0.20000000E+01    -0.73757239E-01     0.50000001E-01     0.50000001E-01     0.58904026E-01     103     0.10451236E-01
-0.10200001E+02    -0.25323904E+00     0.65146104E-01     0.20000000E+01    -0.73977336E-01     0.50000001E-01     0.50000001E-01     0.58358375E-01     103     0.10451236E-01
-0.10100000E+02    -0.24773140E+00     0.64622954E-01     0.20000000E+01    -0.74188747E-01     0.50000001E-01     0.50000001E-01     0.57826661E-01     103     0.10451236E-01
-0.10000001E+02    -0.24228491E+00     0.64072497E-01     0.20000000E+01    -0.74404888E-01     0.50000001E-01     0.50000001E-01     0.57267740E-01     103     0.10451236E-01
-0.99000006E+01    -0.23692217E+00     0.63504733E-01     0.20000000E+01    -0.74627586E-01     0.50000001E-01     0.50000001E-01     0.56691375E-01     103     0.10451236E-01
-0.98000011E+01    -0.23172620E+00     0.62919304E-01     0.20000000E+01    -0.74856333E-01     0.50000001E-01     0.50000001E-01     0.56096148E-01     104     0.87768603E-02
-0.97000008E+01    -0.22688408E+00     0.62292762E-01     0.20000000E+01    -0.75104281E-01     0.50000001E-01     0.50000001E-01     0.55459853E-01     104     0.87768603E-02
-0.96000013E+01    -0.22217150E+00     0.61714627E-01     0.20000000E+01    -0.75351596E-01     0.50000001E-01     0.50000001E-01     0.54871190E-01     104     0.87768603E-02
-0.95000010E+01    -0.21680263E+00     0.61332192E-01     0.20000000E+01    -0.75556643E-01     0.50000001E-01     0.50000001E-01     0.54480467E-01     104     0.87768603E-02
-0.94000006E+01    -0.21126667E+00     0.60948119E-01     0.20000000E+01    -0.75753130E-01     0.50000001E-01     0.50000001E-01     0.54088622E-01     104     0.87768603E-02
-0.93000011E+01    -0.20572375E+00     0.60559548E-01     0.20000000E+01    -0.75946286E-01     0.50000001E-01     0.50000001E-01     0.53692222E-01     104     0.87768603E-02
-0.91999998E+01    -0.20022298E+00     0.60166948E-01     0.20000000E+01    -0.76136909E-01     0.50000001E-01     0.50000001E-01     0.53291790E-01     104     0.87768603E-02
-0.91000013E+01    -0.19481336E+00     0.59756633E-01     0.20000000E+01    -0.76327100E-01     0.50000001E-01     0.50000001E-01     0.52873407E-01     105     0.72842813E-02
-0.90000000E+01    -0.18943405E+00     0.59332348E-01     0.20000000E+01    -0.76523483E-01     0.50000001E-01     0.50000001E-01     0.52440710E-01     105     0.72842813E-02
-0.89000015E+01    -0.18436369E+00     0.58886372E-01     0.20000000E+01    -0.76727346E-01     0.50000001E-01     0.50000001E-01     0.51986311E-01     105     0.72842813E-02
-0.88000002E+01    -0.17962052E+00     0.58379173E-01     0.20000000E+01    -0.76949172E-01     0.50000001E-01     0.50000001E-01     0.51469341E-01     105     0.72842813E-02
-0.87000017E+01    -0.17486022E+00     0.57889547E-01     0.20000000E+01    -0.77163517E-01     0.50000001E-01     0.50000001E-01     0.50970145E-01     105     0.72842813E-02
-0.86000004E+01    -0.16940601E+00     0.57466347E-01     0.20000000E+01    -0.77338278E-01     0.50000001E-01     0.50000001E-01     0.50539218E-01     105     0.72842813E-02
-0.85000019E+01    -0.16389635E+00     0.57044148E-01     0.20000000E+01    -0.77506505E-01     0.50000001E-01     0.50000001E-01     0.50109837E-01     105     0.72842813E-02
-0.84000006E+01    -0.15838145E+00     0.56617036E-01     0.20000000E+01    -0.77672005E-01     0.50000001E-01     0.50000001E-01     0.49674988E-01     106     0.59582922E-02
-0.83000011E+01    -0.15294614E+00     0.56206331E-01     0.20000000E+01    -0.77835515E-01     0.50000001E-01     0.50000001E-01     0.49257234E-01     106     0.59582922E-02
-0.82000008E+01    -0.14754401E+00     0.55771027E-01     0.20000000E+01    -0.78003079E-01     0.50000001E-01     0.50000001E-01     0.48814207E-01     106     0.59582922E-02
-0.81000013E+01    -0.14236034E+00     0.55301983E-01     0.20000000E+01    -0.78174546E-01     0.50000001E-01     0.50000001E-01     0.48337147E-01     106     0.59582922E-02
-0.80000010E+01    -0.13755940E+00     0.54799311E-01     0.20000000E+01    -0.78360334E-01     0.50000001E-01     0.50000001E-01     0.47825839E-01     106     0.59582922E-02
-0.79000001E+01    -0.13306159E+00     0.54258194E-01     0.20000000E+01    -0.78557342E-01     0.50000001E-01     0.50000001E-01     0.47275197E-01     106     0.59582922E-02
-0.78000011E+01    -0.12784417E+00     0.53804308E-01     0.20000000E+01    -0.78714766E-01     0.50000001E-01     0.50000001E-01     0.46813689E-01     106     0.59582922E-02
-0.77000003E+01    -0.12241411E+00     0.53373430E-01     0.20000000E+01    -0.78855827E-01     0.50000001E-01     0.50000001E-01     0.46375684E-01     107     0.47860891E-02
-0.76000009E+01    -0.11696847E+00     0.52941736E-01     0.20000000E+01    -0.78994982E-01     0.50000001E-01     0.50000001E-01     0.45937248E-01     107     0.47860891E-02
-0.75000005E+01    -0.11155277E+00     0.52506749E-01     0.20000000E+01    -0.79132862E-01     0.50000001E-01     0.50000001E-01     0.45495410E-01     107     0.47860891E-02
-0.74000010E+01    -0.10630155E+00     0.52053384E-01     0.20000000E+01    -0.79270221E-01     0.50000001E-01     0.50000001E-01     0.45035269E-01     107     0.47860891E-02
-0.73000002E+01    -0.10121435E+00     0.51584572E-01     0.20000000E+01    -0.79414219E-01     0.50000001E-01     0.50000001E-01     0.44558689E-01     107     0.47860891E-02
-0.72000012E+01    -0.96595451E-01     0.51064111E-01     0.20000000E+01    -0.79572707E-01     0.50000001E-01     0.50000001E-01     0.44029955E-01     107     0.47860891E-02
-0.71000004E+01    -0.92230879E-01     0.50510388E-01     0.20000000E+01    -0.79738677E-01     0.50000001E-01     0.50000001E-01     0.43467160E-01     107     0.47860891E-02
-0.70000014E+01    -0.87075271E-01     0.50059501E-01     0.20000000E+01    -0.79859667E-01     0.50000001E-01     0.50000001E-01     0.43009315E-01     108     0.37573036E-02
-0.69000006E+01    -0.81674367E-01     0.49627721E-01     0.20000000E+01    -0.79970419E-01     0.50000001E-01     0.50000001E-01     0.42570915E-01     108     0.37573036E-02
-0.68000016E+01    -0.76400205E-01     0.49189024E-01     0.20000000E+01    -0.80079049E-01     0.50000001E-01     0.50000001E-01     0.42126171E-01     108     0.37573036E-02
-0.67000008E+01    -0.71230575E-01     0.48736241E-01     0.20000000E+01    -0.80186963E-01     0.50000001E-01     0.50000001E-01     0.41667342E-01     108     0.37573036E-02
-0.66000018E+01    -0.66186078E-01     0.48279464E-01     0.20000000E+01    -0.80295406E-01     0.50000001E-01     0.50000001E-01     0.41203652E-01     108     0.37573036E-02
-0.65000010E+01    -0.61520938E-01     0.47767103E-01     0.20000000E+01    -0.80415562E-01     0.50000001E-01     0.50000001E-01     0.40683687E-01     108     0.37573036E-02
-0.64000001E+01    -0.57454415E-01     0.47214221E-01     0.20000000E+01    -0.80548644E-01     0.50000001E-01     0.50000001E-01     0.40122017E-01     108     0.37573036E-02
-0.63000011E+01    -0.52732337E-01     0.46717681E-01     0.20000000E+01    -0.80651477E-01     0.50000001E-01     0.50000001E-01     0.39617937E-01     109     0.28634572E-02
-0.62000003E+01    -0.47584936E-01     0.46285488E-01     0.20000000E+01    -0.80729052E-01     0.50000001E-01     0.50000001E-01     0.39179854E-01     109     0.28634572E-02
-0.61000009E+01    -0.42474929E-01     0.45845706E-01     0.20000000E+01    -0.80804840E-01     0.50000001E-01     0.50000001E-01     0.38734332E-01     109     0.28634572E-02
-0.60000000E+01    -0.37492972E-01     0.45391649E-01     0.20000000E+01    -0.80877714E-01     0.50000001E-01     0.50000001E-01     0.38274433E-01     109     0.28634572E-02
-0.59000010E+01    -0.32757577E-01     0.44930287E-01     0.20000000E+01    -0.80948874E-01     0.50000001E-01     0.50000001E-01     0.37806690E-01     109     0.28634572E-02
-0.58000002E+01    -0.28490320E-01     0.44412546E-01     0.20000000E+01    -0.81032172E-01     0.50000001E-01     0.50000001E-01     0.37281372E-01     109     0.28634572E-02
-0.57000012E+01    -0.24847504E-01     0.43833245E-01     0.20000000E+01    -0.81126392E-01     0.50000001E-01     0.50000001E-01     0.36693312E-01     109     0.28634572E-02
-0.56000004E+01    -0.20253628E-01     0.43374434E-01     0.20000000E+01    -0.81174672E-01     0.50000001E-01     0.50000001E-01     0.36228366E-01     110     0.20977957E-02
-0.55000014E+01    -0.15438835E-01     0.42933140E-01     0.20000000E+01    -0.81211112E-01     0.50000001E-01     0.50000001E-01     0.35781786E-01     110     0.20977957E-02
-0.54000006E+01    -0.10689942E-01     0.42486671E-01     0.20000000E+01    -0.81242606E-01     0.50000001E-01     0.50000001E-01     0.35329692E-01     110     0.20977957E-02
-0.53000016E+01    -0.61716163E-02     0.42017989E-01     0.20000000E+01    -0.81271775E-01     0.50000001E-01     0.50000001E-01     0.34855098E-01     110     0.20977957E-02
-0.52000008E+01    -0.21753949E-02     0.41511189E-01     0.20000000E+01    -0.81302375E-01     0.50000001E-01     0.50000001E-01     0.34341440E-01     110     0.20977957E-02
-0.51000013E+01     0.86141867E-03     0.40922783E-01     0.20000000E+01    -0.81344388E-01     0.50000001E-01     0.50000001E-01     0.33744626E-01     110     0.20977957E-02
-0.50000010E+01     0.48087295E-02     0.40430702E-01     0.20000000E+01    -0.81348874E-01     0.50000001E-01     0.50000001E-01     0.33246398E-01     110     0.20977957E-02
-0.49000015E+01     0.91810180E-02     0.39984804E-01     0.20000000E+01    -0.81331544E-01     0.50000001E-01     0.50000001E-01     0.32795031E-01     111     0.14551239E-02
-0.48000007E+01     0.13326271E-01     0.39523881E-01     0.20000000E+01    -0.81307404E-01     0.50000001E-01     0.50000001E-01     0.32329056E-01     111     0.14551239E-02
-0.47000003E+01     0.17102066E-01     0.39042845E-01     0.20000000E+01    -0.81274942E-01     0.50000001E-01     0.50000001E-01     0.31842265E-01     111     0.14551239E-02
-0.46000009E+01     0.19959792E-01     0.38491379E-01     0.20000000E+01    -0.81241556E-01     0.50000001E-01     0.50000001E-01     0.31283338E-01     111     0.14551239E-02
-0.45000000E+01     0.22174159E-01     0.37896104E-01     0.20000000E+01    -0.81192859E-01     0.50000001E-01     0.50000001E-01     0.30679978E-01     111     0.14551239E-02
-0.44000010E+01     0.25710756E-01     0.37426692E-01     0.20000000E+01    -0.81107482E-01     0.50000001E-01     0.50000001E-01     0.30206004E-01     111     0.14551239E-02
-0.43000002E+01     0.29069450E-01     0.36957569E-01     0.20000000E+01    -0.81002891E-01     0.50000001E-01     0.50000001E-01     0.29731993E-01     111     0.14551239E-02
-0.42000012E+01     0.31957459E-01     0.36450632E-01     0.20000000E+01    -0.80887444E-01     0.50000001E-01     0.50000001E-01     0.29219238E-01     111     0.14551239E-02
-0.41000004E+01     0.33187747E-01     0.35840996E-01     0.20000000E+01    -0.80743723E-01     0.50000001E-01     0.50000001E-01     0.28601779E-01     112     0.93188853E-03
-0.40000014E+01     0.34166660E-01     0.35239570E-01     0.20000000E+01    -0.80559298E-01     0.50000001E-01     0.50000001E-01     0.27993260E-01     112     0.93188853E-03
-0.39000006E+01     0.36344372E-01     0.34743581E-01     0.20000000E+01    -0.80343932E-01     0.50000001E-01     0.50000001E-01     0.27492460E-01     112     0.93188853E-03
-0.38000014E+01     0.37677966E-01     0.34204531E-01     0.20000000E+01    -0.80087259E-01     0.50000001E-01     0.50000001E-01     0.26948364E-01     112     0.93188853E-03
-0.37000005E+01     0.36719982E-01     0.33532832E-01     0.20000000E+01    -0.79753511E-01     0.50000001E-01     0.50000001E-01     0.26268937E-01     112     0.93188853E-03
-0.36000016E+01     0.34881279E-01     0.32847095E-01     0.20000000E+01    -0.79325117E-01     0.50000001E-01     0.50000001E-01     0.25576016E-01     112     0.93188853E-03
-0.35000007E+01     0.34034893E-01     0.32264113E-01     0.20000000E+01    -0.78827783E-01     0.50000001E-01     0.50000001E-01     0.24988130E-01     112     0.93188853E-03
-0.34000015E+01     0.29126026E-01     0.31501707E-01     0.20000000E+01    -0.78054368E-01     0.50000001E-01     0.50000001E-01     0.24219166E-01     112     0.93188853E-03
-0.33000009E+01     0.12805431E-01     0.30569799E-01     0.20000000E+01    -0.75898960E-01     0.50000001E-01     0.50000001E-01     0.23281069E-01     112     0.93188853E-03
-0.32000017E+01    -0.24009976E-02     0.29595111E-01     0.20000000E+01    -0.74384592E-01     0.50000001E-01     0.50000001E-01     0.22293858E-01     112     0.93188853E-03
-0.31000009E+01    -0.35759974E-02     0.28676242E-01     0.20000000E+01    -0.74952029E-01     0.50000001E-01     0.50000001E-01     0.21356927E-01     112     0.93188853E-03
-0.30000000E+01    -0.52656123E-03     0.27826130E-01     0.20000000E+01    -0.75997710E-01     0.50000001E-01     0.50000001E-01     0.20488866E-01     112     0.93188853E-03
-0.29000010E+01     0.48329113E-02     0.26873138E-01     0.20000000E+01    -0.77660568E-01     0.50000001E-01     0.50000001E-01     0.19511739E-01     112     0.93188853E-03
-0.28000002E+01     0.13427478E-01     0.26159897E-01     0.20000000E+01    -0.79212956E-01     0.50000001E-01     0.50000001E-01     0.18779680E-01     113     0.52511692E-03
-0.27000012E+01     0.23439109E-01     0.25256887E-01     0.20000000E+01    -0.81456073E-01     0.50000001E-01     0.50000001E-01     0.17849881E-01     113     0.52511692E-03
-0.26000004E+01     0.35075568E-01     0.24604023E-01     0.20000000E+01    -0.83330803E-01     0.50000001E-01     0.50000001E-01     0.17176965E-01     113     0.52511692E-03
-0.25000012E+01     0.47855642E-01     0.23917474E-01     0.20000000E+01    -0.85468695E-01     0.50000001E-01     0.50000001E-01     0.16467726E-01     113     0.52511692E-03
-0.24000003E+01     0.61960585E-01     0.23169588E-01     0.20000000E+01    -0.87974563E-01     0.50000001E-01     0.50000001E-01     0.15693052E-01     113     0.52511692E-03
-0.23000014E+01     0.76350771E-01     0.22597196E-01     0.20000000E+01    -0.90098649E-01     0.50000001E-01     0.50000001E-01     0.15099461E-01     114     0.23333222E-03
-0.22000005E+01     0.92083588E-01     0.21920437E-01     0.20000000E+01    -0.92705138E-01     0.50000001E-01     0.50000001E-01     0.14395101E-01     114     0.23333222E-03
-0.21000013E+01     0.10791640E+00     0.21357484E-01     0.20000000E+01    -0.95052943E-01     0.50000001E-01     0.50000001E-01     0.13808411E-01     114     0.23333222E-03
-0.20000007E+01     0.12425876E+00     0.20812221E-01     0.20000000E+01    -0.97444177E-01     0.50000001E-01     0.50000001E-01     0.13238427E-01     114     0.23333222E-03
-0.19000015E+01     0.14157704E+00     0.20223565E-01     0.20000000E+01    -0.10011459E+00     0.50000001E-01     0.50000001E-01     0.12621006E-01     115     0.60354974E-04
-0.18000008E+01     0.15834118E+00     0.19753207E-01     0.20000000E+01    -0.10239702E+00     0.50000001E-01     0.50000001E-01     0.12126947E-01     115     0.60354974E-04
-0.17000016E+01     0.17624873E+00     0.19213621E-01     0.20000000E+01    -0.10504933E+00     0.50000001E-01     0.50000001E-01     0.11557529E-01     115     0.60354974E-04
-0.16000009E+01     0.19338439E+00     0.18784236E-01     0.20000000E+01    -0.10729519E+00     0.50000001E-01     0.50000001E-01     0.11103423E-01     115     0.60354974E-04
-0.15000000E+01     0.21131721E+00     0.18313175E-01     0.20000000E+01    -0.10978127E+00     0.50000001E-01     0.50000001E-01     0.10602743E-01     116     0.43318187E-06
-0.14000009E+01     0.22855787E+00     0.17921157E-01     0.20000000E+01    -0.11194568E+00     0.50000001E-01     0.50000001E-01     0.10184727E-01     116     0.43318187E-06
-0.13000002E+01     0.24623550E+00     0.17510135E-01     0.20000000E+01    -0.11422643E+00     0.50000001E-01     0.50000001E-01     0.97444784E-02     116     0.43318187E-06
-0.12000011E+01     0.26324192E+00     0.17163055E-01     0.20000000E+01    -0.11622456E+00     0.50000001E-01     0.50000001E-01     0.93707629E-02     117     0.38301725E-04
-0.11000003E+01     0.28009954E+00     0.16833315E-01     0.20000000E+01    -0.11814477E+00     0.50000001E-01     0.50000001E-01     0.90133548E-02     117     0.38301725E-04
-0.10000012E+01     0.29672205E+00     0.16524956E-01     0.20000000E+01    -0.11996085E+00     0.50000001E-01     0.50000001E-01     0.86773029E-02     117     0.38301725E-04
-0.90000039E+00     0.31283060E+00     0.16255127E-01     0.20000000E+01    -0.12158100E+00     0.50000001E-01     0.50000001E-01     0.83808322E-02     117     0.38301725E-04
-0.80000126E+00     0.32860121E+00     0.16010799E-01     0.20000000E+01    -0.12307159E+00     0.50000001E-01     0.50000001E-01     0.81103686E-02     118     0.16620255E-03
-0.70000046E+00     0.34397623E+00     0.15793411E-01     0.20000000E+01    -0.12441827E+00     0.50000001E-01     0.50000001E-01     0.78677358E-02     118     0.16620255E-03
-0.60000139E+00     0.35883635E+00     0.15614529E-01     0.20000000E+01    -0.12557785E+00     0.50000001E-01     0.50000001E-01     0.76660216E-02     118     0.16620255E-03
-0.50000060E+00     0.37296227E+00     0.15491254E-01     0.20000000E+01    -0.12647699E+00     0.50000001E-01     0.50000001E-01     0.75255567E-02     118     0.16620255E-03
-0.40000150E+00     0.38643622E+00     0.15417274E-01     0.20000000E+01    -0.12714638E+00     0.50000001E-01     0.50000001E-01     0.74401209E-02     118     0.16620255E-03
-0.30000070E+00     0.39961725E+00     0.15365063E-01     0.20000000E+01    -0.12771213E+00     0.50000001E-01     0.50000001E-01     0.73795412E-02     119     0.38239817E-03
-0.20000160E+00     0.41266447E+00     0.15322198E-01     0.20000000E+01    -0.12823386E+00     0.50000001E-01     0.50000001E-01     0.73288037E-02     119     0.38239817E-03
-0.10000080E+00     0.42562625E+00     0.15285289E-01     0.20000000E+01    -0.12872505E+00     0.50000001E-01     0.50000001E-01     0.72847717E-02     119     0.38239817E-03
 0.00000000E+00     0.43850765E+00     0.15254019E-01     0.20000000E+01    -0.12918732E+00     0.50000001E-01     0.50000001E-01     0.72469050E-02     119     0.38239817E-03
 0.99999093E-01     0.45130613E+00     0.15227851E-01     0.20000000E+01    -0.12962446E+00     0.50000001E-01     0.50000001E-01     0.72147781E-02     120     0.69524674E-03
 0.19999990E+00     0.46405065E+00     0.15205474E-01     0.20000000E+01    -0.13004148E+00     0.50000001E-01     0.50000001E-01     0.71867555E-02     120     0.69524674E-03
 0.29999900E+00     0.47672769E+00     0.15187296E-01     0.20000000E+01    -0.13043837E+00     0.50000001E-01     0.50000001E-01     0.71632452E-02     120     0.69524674E-03
 0.39999980E+00     0.48935163E+00     0.15172700E-01     0.20000000E+01    -0.13081624E+00     0.50000001E-01     0.50000001E-01     0.71436120E-02     120     0.69524674E-03
 0.49999887E+00     0.50192195E+00     0.15161129E-01     0.20000000E+01    -0.13117945E+00     0.50000001E-01     0.50000001E-01     0.71273772E-02     120     0.69524674E-03
 0.59999967E+00     0.51444829E+00     0.15152561E-01     0.20000000E+01    -0.13152650E+00     0.50000001E-01     0.50000001E-01     0.71147038E-02     121     0.11120313E-02
 0.69999880E+00     0.52692991E+00     0.15146698E-01     0.20000000E+01    -0.13185991E+00     0.50000001E-01     0.50000001E-01     0.71048075E-02     121     0.11120313E-02
 0.79999959E+00     0.53936338E+00     0.15143644E-01     0.20000000E+01    -0.13217986E+00     0.50000001E-01     0.50000001E-01     0.70979111E-02     121     0.11120313E-02
 0.89999866E+00     0.55175912E+00     0.15143000E-01     0.20000000E+01    -0.13248649E+00     0.50000001E-01     0.50000001E-01     0.70936782E-02     121     0.11120313E-02
 0.99999946E+00     0.56411487E+00     0.15144574E-01     0.20000000E+01    -0.13278206E+00     0.50000001E-01     0.50000001E-01     0.70920037E-02     121     0.11120313E-02
 0.10999986E+01     0.57642388E+00     0.15148745E-01     0.20000000E+01    -0.13306552E+00     0.50000001E-01     0.50000001E-01     0.70932731E-02     122     0.16372061E-02
 0.11999993E+01     0.58870250E+00     0.15154798E-01     0.20000000E+01    -0.13333774E+00     0.50000001E-01     0.50000001E-01     0.70964750E-02     122     0.16372061E-02
 0.12999984E+01     0.60094178E+00     0.15162886E-01     0.20000000E+01    -0.13360029E+00     0.50000001E-01     0.50000001E-01     0.71019325E-02     122     0.16372061E-02
 0.13999993E+01     0.61314106E+00     0.15173317E-01     0.20000000E+01    -0.13385110E+00     0.50000001E-01     0.50000001E-01     0.71098106E-02     122     0.16372061E-02
 0.14999983E+01     0.62530559E+00     0.15185430E-01     0.20000000E+01    -0.13409297E+00     0.50000001E-01     0.50000001E-01     0.71196835E-02     122     0.16372061E-02
 0.15999992E+01     0.63743860E+00     0.15199550E-01     0.20000000E+01    -0.13432445E+00     0.50000001E-01     0.50000001E-01     0.71321307E-02     123     0.22752350E-02
 0.16999999E+01     0.64953160E+00     0.15215419E-01     0.20000000E+01    -0.13454644E+00     0.50000001E-01     0.50000001E-01     0.71460530E-02     123     0.22752350E-02
 0.17999990E+01     0.66159219E+00     0.15233001E-01     0.20000000E+01    -0.13475916E+00     0.50000001E-01     0.50000001E-01     0.71620084E-02     123     0.22752350E-02
 0.18999999E+01     0.67361355E+00     0.15252606E-01     0.20000000E+01    -0.13496308E+00     0.50000001E-01     0.50000001E-01     0.71800742E-02     123     0.22752350E-02
 0.19999989E+01     0.68560398E+00     0.15273688E-01     0.20000000E+01    -0.13515817E+00     0.50000001E-01     0.50000001E-01     0.71998965E-02     123     0.22752350E-02
 0.20999997E+01     0.69756013E+00     0.15296508E-01     0.20000000E+01    -0.13534363E+00     0.50000001E-01     0.50000001E-01     0.72219586E-02     124     0.30308000E-02
 0.21999989E+01     0.70948285E+00     0.15320901E-01     0.20000000E+01    -0.13552064E+00     0.50000001E-01     0.50000001E-01     0.72454242E-02     124     0.30308000E-02
 0.22999997E+01     0.72136492E+00     0.15347213E-01     0.20000000E+01    -0.13568924E+00     0.50000001E-01     0.50000001E-01     0.72708763E-02     124     0.30308000E-02
 0.23999987E+01     0.73321581E+00     0.15374751E-01     0.20000000E+01    -0.13584892E+00     0.50000001E-01     0.50000001E-01     0.72978064E-02     124     0.30308000E-02
 0.24999995E+01     0.74502891E+00     0.15404299E-01     0.20000000E+01    -0.13599943E+00     0.50000001E-01     0.50000001E-01     0.73267967E-02     124     0.30308000E-02
 0.25999987E+01     0.75680947E+00     0.15435051E-01     0.20000000E+01    -0.13614199E+00     0.50000001E-01     0.50000001E-01     0.73577911E-02     125     0.39082086E-02
 0.26999993E+01     0.76855206E+00     0.15467412E-01     0.20000000E+01    -0.13627580E+00     0.50000001E-01     0.50000001E-01     0.73900241E-02     125     0.39082086E-02
 0.27999985E+01     0.78026360E+00     0.15501309E-01     0.20000000E+01    -0.13640155E+00     0.50000001E-01     0.50000001E-01     0.74239904E-02     125     0.39082086E-02
 0.28999994E+01     0.79192895E+00     0.15537059E-01     0.20000000E+01    -0.13651834E+00     0.50000001E-01     0.50000001E-01     0.74598594E-02     125     0.39082086E-02
 0.29999983E+01     0.80356973E+00     0.15573798E-01     0.20000000E+01    -0.13662729E+00     0.50000001E-01     0.50000001E-01     0.74970955E-02     125     0.39082086E-02
 0.30999992E+01     0.81516236E+00     0.15612563E-01     0.20000000E+01    -0.13672654E+00     0.50000001E-01     0.50000001E-01     0.75367512E-02     126     0.49119266E-02
 0.31999984E+01     0.82672226E+00     0.15652474E-01     0.20000000E+01    -0.13681859E+00     0.50000001E-01     0.50000001E-01     0.75773653E-02     126     0.49119266E-02
 0.32999990E+01     0.83824599E+00     0.15694030E-01     0.20000000E+01    -0.13690169E+00     0.50000001E-01     0.50000001E-01     0.76197740E-02     126     0.49119266E-02
 0.33999999E+01     0.84972578E+00     0.15737109E-01     0.20000000E+01    -0.13697520E+00     0.50000001E-01     0.50000001E-01     0.76638190E-02     126     0.49119266E-02
 0.34999990E+01     0.86116725E+00     0.15781723E-01     0.20000000E+01    -0.13704075E+00     0.50000001E-01     0.50000001E-01     0.77095870E-02     126     0.49119266E-02
 0.35999999E+01     0.87256682E+00     0.15827866E-01     0.20000000E+01    -0.13709725E+00     0.50000001E-01     0.50000001E-01     0.77575799E-02     127     0.60465392E-02
 0.36999989E+01     0.88392675E+00     0.15875539E-01     0.20000000E+01    -0.13714424E+00     0.50000001E-01     0.50000001E-01     0.78066420E-02     127     0.60465392E-02
 0.37999997E+01     0.89524555E+00     0.15924342E-01     0.20000000E+01    -0.13718338E+00     0.50000001E-01     0.50000001E-01     0.78572202E-02     127     0.60465392E-02
 0.38999987E+01     0.90651745E+00     0.15975064E-01     0.20000000E+01    -0.13721281E+00     0.50000001E-01     0.50000001E-01     0.79096835E-02     127     0.60465392E-02
 0.39999995E+01     0.91775209E+00     0.16026983E-01     0.20000000E+01    -0.13723342E+00     0.50000001E-01     0.50000001E-01     0.79636034E-02     127     0.60465392E-02
 0.40999985E+01     0.92893589E+00     0.16080586E-01     0.20000000E+01    -0.13724381E+00     0.50000001E-01     0.50000001E-01     0.80192667E-02     127     0.60465392E-02
 0.41999993E+01     0.94007826E+00     0.16135717E-01     0.20000000E+01    -0.13724564E+00     0.50000001E-01     0.50000001E-01     0.80773151E-02     128     0.73172259E-02
 0.42999988E+01     0.95116860E+00     0.16192498E-01     0.20000000E+01    -0.13723712E+00     0.50000001E-01     0.50000001E-01     0.81364755E-02     128     0.73172259E-02
 0.43999991E+01     0.96221107E+00     0.16250854E-01     0.20000000E+01    -0.13721818E+00     0.50000001E-01     0.50000001E-01     0.81973039E-02     128     0.73172259E-02
 0.44999986E+01     0.97320366E+00     0.16310785E-01     0.20000000E+01    -0.13718961E+00     0.50000001E-01     0.50000001E-01     0.82599502E-02     128     0.73172259E-02
 0.45999994E+01     0.98415399E+00     0.16371766E-01     0.20000000E+01    -0.13715285E+00     0.50000001E-01     0.50000001E-01     0.83240457E-02     128     0.73172259E-02
 0.47000003E+01     0.99504262E+00     0.16434852E-01     0.20000000E+01    -0.13710283E+00     0.50000001E-01     0.50000001E-01     0.83906483E-02     129     0.87298052E-02
 0.47999973E+01     0.10058774E+01     0.16499821E-01     0.20000000E+01    -0.13704166E+00     0.50000001E-01     0.50000001E-01     0.84588593E-02     129     0.87298052E-02
 0.48999982E+01     0.10166575E+01     0.16566025E-01     0.20000000E+01    -0.13697115E+00     0.50000001E-01     0.50000001E-01     0.85285408E-02     129     0.87298052E-02
 0.49999990E+01     0.10273776E+01     0.16634166E-01     0.20000000E+01    -0.13688818E+00     0.50000001E-01     0.50000001E-01     0.86001810E-02     129     0.87298052E-02
 0.50999999E+01     0.10380434E+01     0.16703583E-01     0.20000000E+01    -0.13679464E+00     0.50000001E-01     0.50000001E-01     0.86733755E-02     129     0.87298052E-02
 0.52000008E+01     0.10486398E+01     0.16775474E-01     0.20000000E+01    -0.13668719E+00     0.50000001E-01     0.50000001E-01     0.87489709E-02     129     0.87298052E-02
 0.52999978E+01     0.10591778E+01     0.16848650E-01     0.20000000E+01    -0.13656901E+00     0.50000001E-01     0.50000001E-01     0.88270567E-02     130     0.10290815E-01
 0.53999987E+01     0.10696479E+01     0.16923636E-01     0.20000000E+01    -0.13643721E+00     0.50000001E-01     0.50000001E-01     0.89061307E-02     130     0.10290815E-01
 0.54999995E+01     0.10800443E+01     0.17000731E-01     0.20000000E+01    -0.13629103E+00     0.50000001E-01     0.50000001E-01     0.89875124E-02     130     0.10290815E-01
 0.56000004E+01     0.10903738E+01     0.17079562E-01     0.20000000E+01    -0.13613309E+00     0.50000001E-01     0.50000001E-01     0.90710344E-02     130     0.10290815E-01
 0.56999979E+01     0.11006317E+01     0.17159913E-01     0.20000000E+01    -0.13596076E+00     0.50000001E-01     0.50000001E-01     0.91561358E-02     130     0.10290815E-01
 0.57999988E+01     0.11108035E+01     0.17242610E-01     0.20000000E+01    -0.13577251E+00     0.50000001E-01     0.50000001E-01     0.92436671E-02     130     0.10290815E-01
 0.58999996E+01     0.11208612E+01     0.17327243E-01     0.20000000E+01    -0.13556249E+00     0.50000001E-01     0.50000001E-01     0.93342215E-02     131     0.12008118E-01
 0.60000000E+01     0.11308057E+01     0.17414544E-01     0.20000000E+01    -0.13533023E+00     0.50000001E-01     0.50000001E-01     0.94267875E-02     131     0.12008118E-01
 0.60999975E+01     0.11406438E+01     0.17503228E-01     0.20000000E+01    -0.13507806E+00     0.50000001E-01     0.50000001E-01     0.95209749E-02     131     0.12008118E-01
 0.61999984E+01     0.11503570E+01     0.17594511E-01     0.20000000E+01    -0.13480206E+00     0.50000001E-01     0.50000001E-01     0.96180439E-02     131     0.12008118E-01
 0.62999992E+01     0.11599439E+01     0.17687868E-01     0.20000000E+01    -0.13450120E+00     0.50000001E-01     0.50000001E-01     0.97174495E-02     131     0.12008118E-01
 0.64000001E+01     0.11693747E+01     0.17784398E-01     0.20000000E+01    -0.13417117E+00     0.50000001E-01     0.50000001E-01     0.98200636E-02     131     0.12008118E-01
 0.65000010E+01     0.11786859E+01     0.17882708E-01     0.20000000E+01    -0.13381958E+00     0.50000001E-01     0.50000001E-01     0.99256383E-02     132     0.13890646E-01
 0.65999980E+01     0.11878445E+01     0.17985120E-01     0.20000000E+01    -0.13343932E+00     0.50000001E-01     0.50000001E-01     0.10034503E-01     132     0.13890646E-01
 0.66999989E+01     0.11964095E+01     0.18091043E-01     0.20000000E+01    -0.13293955E+00     0.50000001E-01     0.50000001E-01     0.10147560E-01     132     0.13890646E-01
 0.67999997E+01     0.12037884E+01     0.18202726E-01     0.20000000E+01    -0.13220087E+00     0.50000001E-01     0.50000001E-01     0.10267422E-01     132     0.13890646E-01
 0.69000006E+01     0.12101780E+01     0.18321890E-01     0.20000000E+01    -0.13126446E+00     0.50000001E-01     0.50000001E-01     0.10395870E-01     132     0.13890646E-01
 0.69999981E+01     0.12164100E+01     0.18446665E-01     0.20000000E+01    -0.13030335E+00     0.50000001E-01     0.50000001E-01     0.10529926E-01     132     0.13890646E-01
 0.70999990E+01     0.12228336E+01     0.18576959E-01     0.20000000E+01    -0.12938823E+00     0.50000001E-01     0.50000001E-01     0.10670385E-01     133     0.15949279E-01
 0.71999998E+01     0.12295736E+01     0.18713487E-01     0.20000000E+01    -0.12854283E+00     0.50000001E-01     0.50000001E-01     0.10816156E-01     133     0.15949279E-01
 0.73000002E+01     0.12372928E+01     0.18850563E-01     0.20000000E+01    -0.12789966E+00     0.50000001E-01     0.50000001E-01     0.10961765E-01     133     0.15949279E-01
 0.73999977E+01     0.12455189E+01     0.18990651E-01     0.20000000E+01    -0.12736459E+00     0.50000001E-01     0.50000001E-01     0.11110205E-01     133     0.15949279E-01
 0.74999986E+01     0.12538596E+01     0.19134752E-01     0.20000000E+01    -0.12685947E+00     0.50000001E-01     0.50000001E-01     0.11262709E-01     133     0.15949279E-01
 0.75999994E+01     0.12622528E+01     0.19281724E-01     0.20000000E+01    -0.12636781E+00     0.50000001E-01     0.50000001E-01     0.11418593E-01     133     0.15949279E-01
 0.77000003E+01     0.12706131E+01     0.19433558E-01     0.20000000E+01    -0.12587644E+00     0.50000001E-01     0.50000001E-01     0.11578760E-01     133     0.15949279E-01
 0.77999973E+01     0.12789690E+01     0.19589044E-01     0.20000000E+01    -0.12538636E+00     0.50000001E-01     0.50000001E-01     0.11743966E-01     134     0.18196480E-01
 0.78999982E+01     0.12872570E+01     0.19748040E-01     0.20000000E+01    -0.12489247E+00     0.50000001E-01     0.50000001E-01     0.11912246E-01     134     0.18196480E-01
 0.79999990E+01     0.12953891E+01     0.19913688E-01     0.20000000E+01    -0.12437218E+00     0.50000001E-01     0.50000001E-01     0.12086988E-01     134     0.18196480E-01
 0.81000004E+01     0.13034714E+01     0.20082004E-01     0.20000000E+01    -0.12384895E+00     0.50000001E-01     0.50000001E-01     0.12265260E-01     134     0.18196480E-01
 0.82000008E+01     0.13114225E+01     0.20257922E-01     0.20000000E+01    -0.12330773E+00     0.50000001E-01     0.50000001E-01     0.12450876E-01     134     0.18196480E-01
 0.82999983E+01     0.13193405E+01     0.20436967E-01     0.20000000E+01    -0.12276684E+00     0.50000001E-01     0.50000001E-01     0.12639960E-01     134     0.18196480E-01
 0.83999987E+01     0.13270670E+01     0.20623485E-01     0.20000000E+01    -0.12219620E+00     0.50000001E-01     0.50000001E-01     0.12836749E-01     134     0.18196480E-01
 0.85000000E+01     0.13346791E+01     0.20815982E-01     0.20000000E+01    -0.12161160E+00     0.50000001E-01     0.50000001E-01     0.13041258E-01     135     0.20647235E-01
 0.86000004E+01     0.13422000E+01     0.21014588E-01     0.20000000E+01    -0.12101926E+00     0.50000001E-01     0.50000001E-01     0.13250623E-01     135     0.20647235E-01
 0.86999979E+01     0.13496293E+01     0.21219656E-01     0.20000000E+01    -0.12041716E+00     0.50000001E-01     0.50000001E-01     0.13466828E-01     135     0.20647235E-01
 0.87999983E+01     0.13568492E+01     0.21433851E-01     0.20000000E+01    -0.11978605E+00     0.50000001E-01     0.50000001E-01     0.13692861E-01     135     0.20647235E-01
 0.88999996E+01     0.13639354E+01     0.21656323E-01     0.20000000E+01    -0.11914111E+00     0.50000001E-01     0.50000001E-01     0.13927056E-01     135     0.20647235E-01
 0.90000000E+01     0.13709666E+01     0.21884670E-01     0.20000000E+01    -0.11849596E+00     0.50000001E-01     0.50000001E-01     0.14167586E-01     135     0.20647235E-01
 0.90999975E+01     0.13778049E+01     0.22123294E-01     0.20000000E+01    -0.11782768E+00     0.50000001E-01     0.50000001E-01     0.14418656E-01     135     0.20647235E-01
 0.91999989E+01     0.13844678E+01     0.22371735E-01     0.20000000E+01    -0.11713736E+00     0.50000001E-01     0.50000001E-01     0.14681192E-01     136     0.23319028E-01
 0.92999992E+01     0.13910090E+01     0.22630421E-01     0.20000000E+01    -0.11644138E+00     0.50000001E-01     0.50000001E-01     0.14952775E-01     136     0.23319028E-01
 0.94000006E+01     0.13974662E+01     0.22896631E-01     0.20000000E+01    -0.11574091E+00     0.50000001E-01     0.50000001E-01     0.15232942E-01     136     0.23319028E-01
 0.94999971E+01     0.14035804E+01     0.23180282E-01     0.20000000E+01    -0.11499791E+00     0.50000001E-01     0.50000001E-01     0.15530534E-01     136     0.23319028E-01
 0.95999985E+01     0.14096792E+01     0.23471678E-01     0.20000000E+01    -0.11426603E+00     0.50000001E-01     0.50000001E-01     0.15836181E-01     136     0.23319028E-01
 0.96999989E+01     0.14154881E+01     0.23780888E-01     0.20000000E+01    -0.11350344E+00     0.50000001E-01     0.50000001E-01     0.16160224E-01     136     0.23319028E-01
 0.98000002E+01     0.14211093E+01     0.24103001E-01     0.20000000E+01    -0.11272847E+00     0.50000001E-01     0.50000001E-01     0.16497858E-01     136     0.23319028E-01
 0.99000006E+01     0.14266231E+01     0.24439493E-01     0.20000000E+01    -0.11195366E+00     0.50000001E-01     0.50000001E-01     0.16850006E-01     136     0.23319028E-01
 0.99999981E+01     0.14317400E+01     0.24798723E-01     0.20000000E+01    -0.11113837E+00     0.50000001E-01     0.50000001E-01     0.17225740E-01     136     0.23319028E-01
 0.10099998E+02     0.14368002E+01     0.25167352E-01     0.20000000E+01    -0.11033627E+00     0.50000001E-01     0.50000001E-01     0.17612208E-01     137     0.26232461E-01
 0.10200000E+02     0.14414679E+01     0.25568113E-01     0.20000000E+01    -0.10949983E+00     0.50000001E-01     0.50000001E-01     0.18030563E-01     137     0.26232461E-01
 0.10300000E+02     0.14459854E+01     0.25979994E-01     0.20000000E+01    -0.10866783E+00     0.50000001E-01     0.50000001E-01     0.18460836E-01     137     0.26232461E-01
 0.10399998E+02     0.14500642E+01     0.26428310E-01     0.20000000E+01    -0.10780564E+00     0.50000001E-01     0.50000001E-01     0.18928260E-01     137     0.26232461E-01
 0.10499999E+02     0.14529196E+01     0.26956819E-01     0.20000000E+01    -0.10682674E+00     0.49569707E-01     0.50000001E-01     0.19473242E-01     137     0.26232461E-01
 0.10599999E+02     0.14547069E+01     0.27564505E-01     0.20000000E+01    -0.10576848E+00     0.48935365E-01     0.50000001E-01     0.20096526E-01     137     0.26232461E-01
 0.10700000E+02     0.14559256E+01     0.28226426E-01     0.20000000E+01    -0.10469812E+00     0.48283678E-01     0.50000001E-01     0.20781754E-01     137     0.26232461E-01
 0.10799997E+02     0.14573913E+01     0.28895438E-01     0.20000000E+01    -0.10371068E+00     0.47767781E-01     0.50000001E-01     0.21471918E-01     137     0.26232461E-01
 0.10899999E+02     0.14582722E+01     0.29612632E-01     0.20000000E+01    -0.10272978E+00     0.47313225E-01     0.50000001E-01     0.22212459E-01     137     0.26232461E-01
 0.10999999E+02     0.14561237E+01     0.30583465E-01     0.20000000E+01    -0.10155633E+00     0.45748584E-01     0.50000001E-01     0.23204286E-01     137     0.26232461E-01
 0.11100000E+02     0.14549433E+01     0.31521190E-01     0.20000000E+01    -0.10057738E+00     0.45285203E-01     0.50000001E-01     0.24171591E-01     138     0.29411485E-01
 0.11200001E+02     0.14529660E+01     0.32546870E-01     0.20000000E+01    -0.99653512E-01     0.44921152E-01     0.50000001E-01     0.25229899E-01     138     0.29411485E-01
 0.11299998E+02     0.14492298E+01     0.33761594E-01     0.20000000E+01    -0.98756388E-01     0.44501971E-01     0.50000001E-01     0.26481407E-01     138     0.29411485E-01
 0.11399999E+02     0.14443498E+01     0.35136044E-01     0.20000000E+01    -0.97972609E-01     0.44251900E-01     0.50000001E-01     0.27898518E-01     138     0.29411485E-01
 0.11500000E+02     0.14373852E+01     0.36741491E-01     0.20000000E+01    -0.97322121E-01     0.43996204E-01     0.50000001E-01     0.29554535E-01     138     0.29411485E-01
 0.11600000E+02     0.14278013E+01     0.38680121E-01     0.20000000E+01    -0.96878193E-01     0.43833356E-01     0.50000001E-01     0.31554542E-01     138     0.29411485E-01
 0.11699998E+02     0.14153403E+01     0.40997334E-01     0.20000000E+01    -0.96750662E-01     0.43763757E-01     0.50000001E-01     0.33945385E-01     138     0.29411485E-01
 0.11799999E+02     0.13987641E+01     0.43845430E-01     0.20000000E+01    -0.97036116E-01     0.43754365E-01     0.50000001E-01     0.36883198E-01     138     0.29411485E-01
 0.11900000E+02     0.13793952E+01     0.47060762E-01     0.20000000E+01    -0.97702593E-01     0.43967307E-01     0.50000001E-01     0.40200543E-01     138     0.29411485E-01
 0.12000000E+02     0.13554173E+01     0.50719347E-01     0.20000000E+01    -0.98634064E-01     0.44161111E-01     0.50000001E-01     0.43971241E-01     138     0.29411485E-01
 0.12099998E+02     0.13308458E+01     0.54244701E-01     0.20000000E+01    -0.99512883E-01     0.44451348E-01     0.50000001E-01     0.47601707E-01     137     0.26232461E-01
 0.12199999E+02     0.13050092E+01     0.57627235E-01     0.20000000E+01    -0.10030784E+00     0.44786651E-01     0.50000001E-01     0.51087193E-01     137     0.26232461E-01
 0.12299999E+02     0.12887238E+01     0.59878074E-01     0.20000000E+01    -0.10076261E+00     0.45939073E-01     0.50000001E-01     0.53418998E-01     137     0.26232461E-01
 0.12400001E+02     0.12552326E+01     0.63037917E-01     0.20000000E+01    -0.10141072E+00     0.45445554E-01     0.50000001E-01     0.56677856E-01     137     0.26232461E-01
 0.12499997E+02     0.12370269E+01     0.65978661E-01     0.20000000E+01    -0.10170478E+00     0.46633869E-01     0.50000001E-01     0.59694503E-01     137     0.26232461E-01
 0.12599998E+02     0.12139883E+01     0.69346435E-01     0.20000000E+01    -0.10200422E+00     0.46848737E-01     0.50000001E-01     0.63134864E-01     137     0.26232461E-01
 0.12699999E+02     0.11886417E+01     0.72844386E-01     0.20000000E+01    -0.10235324E+00     0.46050485E-01     0.50000001E-01     0.66698052E-01     137     0.26232461E-01
 0.12800000E+02     0.11721852E+01     0.75544275E-01     0.20000000E+01    -0.10274015E+00     0.46219725E-01     0.50000001E-01     0.69454946E-01     137     0.26232461E-01
 0.12900001E+02     0.11658180E+01     0.77219695E-01     0.20000000E+01    -0.10296643E+00     0.47108743E-01     0.50000001E-01     0.71171716E-01     137     0.26232461E-01
 0.12999998E+02     0.11502587E+01     0.79950653E-01     0.20000000E+01    -0.10357881E+00     0.46041191E-01     0.50000001E-01     0.73946804E-01     137     0.26232461E-01
 0.13099999E+02     0.11436108E+01     0.81766143E-01     0.20000000E+01    -0.10400026E+00     0.45815643E-01     0.50000001E-01     0.75794265E-01     137     0.26232461E-01
 0.13200000E+02     0.11381538E+01     0.83564110E-01     0.20000000E+01    -0.10453233E+00     0.46403524E-01     0.50000001E-01     0.77633291E-01     137     0.26232461E-01
 0.13300000E+02     0.11322391E+01     0.85337788E-01     0.20000000E+01    -0.10502826E+00     0.45238961E-01     0.50000001E-01     0.79427443E-01     137     0.26232461E-01
 0.13399998E+02     0.11260285E+01     0.87285720E-01     0.20000000E+01    -0.10570889E+00     0.44945445E-01     0.50000001E-01     0.81408411E-01     137     0.26232461E-01
 0.13499999E+02     0.11235375E+01     0.88803679E-01     0.20000000E+01    -0.10620023E+00     0.44662252E-01     0.50000001E-01     0.82950279E-01     137     0.26232461E-01
 0.13599999E+02     0.11240414E+01     0.89959688E-01     0.20000000E+01    -0.10659145E+00     0.45088783E-01     0.50000001E-01     0.84132157E-01     137     0.26232461E-01
 0.13700001E+02     0.11201262E+01     0.91735974E-01     0.20000000E+01    -0.10728785E+00     0.44818394E-01     0.50000001E-01     0.85937366E-01     137     0.26232461E-01
 0.13799997E+02     0.11187998E+01     0.93142360E-01     0.20000000E+01    -0.10783065E+00     0.44466987E-01     0.50000001E-01     0.87364778E-01     137     0.26232461E-01
 0.13899999E+02     0.11181204E+01     0.94462782E-01     0.20000000E+01    -0.10832649E+00     0.44028070E-01     0.50000001E-01     0.88701427E-01     137     0.26232461E-01
 0.13999999E+02     0.11125708E+01     0.96455052E-01     0.20000000E+01    -0.10920168E+00     0.42722698E-01     0.50000001E-01     0.90715133E-01     137     0.26232461E-01
 0.14100000E+02     0.11126369E+01     0.97746551E-01     0.20000000E+01    -0.10975873E+00     0.42425100E-01     0.50000001E-01     0.92025891E-01     137     0.26232461E-01
 0.14199998E+02     0.11130488E+01     0.98946683E-01     0.20000000E+01    -0.11024529E+00     0.41880235E-01     0.50000001E-01     0.93241222E-01     137     0.26232461E-01
 0.14299998E+02     0.11132863E+01     0.10024311E+00     0.20000000E+01    -0.11083990E+00     0.41561849E-01     0.50000001E-01     0.94557375E-01     137     0.26232461E-01
 0.14400000E+02     0.11127006E+01     0.10168388E+00     0.20000000E+01    -0.11152133E+00     0.41271370E-01     0.50000001E-01     0.96019968E-01     137     0.26232461E-01
 0.14500000E+02     0.11136864E+01     0.10285458E+00     0.20000000E+01    -0.11207104E+00     0.40871993E-01     0.50000001E-01     0.97208552E-01     138     0.29411485E-01
 0.14600000E+02     0.11150929E+01     0.10396649E+00     0.20000000E+01    -0.11256193E+00     0.40599655E-01     0.50000001E-01     0.98335654E-01     138     0.29411485E-01
 0.14699998E+02     0.11157577E+01     0.10515165E+00     0.20000000E+01    -0.11311749E+00     0.39970774E-01     0.50000001E-01     0.99534541E-01     138     0.29411485E-01
 0.14799999E+02     0.11159006E+01     0.10655048E+00     0.20000000E+01    -0.11385930E+00     0.39846063E-01     0.50000001E-01     0.10095539E+00     138     0.29411485E-01
 0.14900000E+02     0.11166739E+01     0.10776217E+00     0.20000000E+01    -0.11445516E+00     0.39288428E-01     0.50000001E-01     0.10218085E+00     138     0.29411485E-01
 0.15000001E+02     0.11180248E+01     0.10888028E+00     0.20000000E+01    -0.11501787E+00     0.38711127E-01     0.50000001E-01     0.10330942E+00     138     0.29411485E-01
 0.15099998E+02     0.11203687E+01     0.10987150E+00     0.20000000E+01    -0.11551010E+00     0.38812231E-01     0.50000001E-01     0.10431765E+00     138     0.29411485E-01
 0.15199999E+02     0.11206919E+01     0.11119264E+00     0.20000000E+01    -0.11623465E+00     0.38382530E-01     0.50000001E-01     0.10565331E+00     138     0.29411485E-01
 0.15299999E+02     0.11210761E+01     0.11252683E+00     0.20000000E+01    -0.11698777E+00     0.37646670E-01     0.50000001E-01     0.10700545E+00     138     0.29411485E-01
 0.15400001E+02     0.11223050E+01     0.11363521E+00     0.20000000E+01    -0.11756290E+00     0.36748074E-01     0.50000001E-01     0.10812243E+00     138     0.29411485E-01
 0.15499998E+02     0.11248448E+01     0.11459019E+00     0.20000000E+01    -0.11806767E+00     0.36457147E-01     0.50000001E-01     0.10909141E+00     138     0.29411485E-01
 0.15599998E+02     0.11269027E+01     0.11563142E+00     0.20000000E+01    -0.11865438E+00     0.35856415E-01     0.50000001E-01     0.11014252E+00     138     0.29411485E-01
 0.15699999E+02     0.11295637E+01     0.11668574E+00     0.20000000E+01    -0.11925141E+00     0.36608249E-01     0.50000001E-01     0.11122417E+00     139     0.32884005E-01
 0.15800000E+02     0.11310372E+01     0.11786745E+00     0.20000000E+01    -0.11996057E+00     0.36227036E-01     0.50000001E-01     0.11242205E+00     139     0.32884005E-01
 0.15899998E+02     0.11324413E+01     0.11899707E+00     0.20000000E+01    -0.12064068E+00     0.35114236E-01     0.50000001E-01     0.11355662E+00     139     0.32884005E-01
 0.15999998E+02     0.11360036E+01     0.11983431E+00     0.20000000E+01    -0.12111030E+00     0.35498925E-01     0.50000001E-01     0.11441336E+00     139     0.32884005E-01
 0.16099998E+02     0.11377740E+01     0.12088338E+00     0.20000000E+01    -0.12174784E+00     0.34571391E-01     0.50000001E-01     0.11546668E+00     139     0.32884005E-01
 0.16200001E+02     0.11390857E+01     0.12205537E+00     0.20000000E+01    -0.12246092E+00     0.33986814E-01     0.50000001E-01     0.11664844E+00     139     0.32884005E-01
 0.16300001E+02     0.11424348E+01     0.12303761E+00     0.20000000E+01    -0.12309374E+00     0.34604535E-01     0.50000001E-01     0.11765894E+00     139     0.32884005E-01
 0.16399998E+02     0.11434573E+01     0.12417688E+00     0.20000000E+01    -0.12380117E+00     0.33889942E-01     0.50000001E-01     0.11880168E+00     139     0.32884005E-01
 0.16499998E+02     0.11457394E+01     0.12518024E+00     0.20000000E+01    -0.12444545E+00     0.33475045E-01     0.50000001E-01     0.11981331E+00     139     0.32884005E-01
 0.16600000E+02     0.11482407E+01     0.12611440E+00     0.20000000E+01    -0.12502582E+00     0.32503258E-01     0.50000001E-01     0.12075929E+00     139     0.32884005E-01
 0.16700001E+02     0.11518267E+01     0.12699583E+00     0.20000000E+01    -0.12561649E+00     0.32819659E-01     0.50000001E-01     0.12165768E+00     139     0.32884005E-01
 0.16799997E+02     0.11539310E+01     0.12807694E+00     0.20000000E+01    -0.12632911E+00     0.32407664E-01     0.50000001E-01     0.12275441E+00     139     0.32884005E-01
