  
       RFOIL         Version 3.00
  
 Calculated polar for: OSO_2025_WT2_T27                
  
 1  Reynolds number fixed
  
 xtrf =      0.05000000 (suction)     0.05000000 (pressure)
 Rot. Parameters:  f0 =      1.00000000 c/r =      0.00000000
 Mach =      0.00000000     Re =     12.00000000 e 6     Ncrit =      3.00000000
  
             alpha                CL                CD            Re(CL)                CM             S_xtr             P_xtr               CDp            I_stag            X_stag
  ------- -------- --------- --------- -------- ------- ------- -------- 
-0.24000000E+02    -0.98240077E+00     0.14811578E+00     0.12000000E+02    -0.11705159E-01     0.54673302E+00     0.25667273E-01     0.14463629E+00      89     0.67752108E-01
-0.23900000E+02    -0.97804874E+00     0.14744161E+00     0.12000000E+02    -0.12455260E-01     0.54498965E+00     0.25694253E-01     0.14395265E+00      89     0.67752108E-01
-0.23800001E+02    -0.97314197E+00     0.14680564E+00     0.12000000E+02    -0.13160469E-01     0.53142488E+00     0.25440617E-01     0.14327602E+00      89     0.67752108E-01
-0.23700001E+02    -0.96937549E+00     0.14600937E+00     0.12000000E+02    -0.14033841E-01     0.54888612E+00     0.25657814E-01     0.14251630E+00      89     0.67752108E-01
-0.23600000E+02    -0.96934420E+00     0.14452526E+00     0.12000000E+02    -0.15275606E-01     0.53758848E+00     0.26021108E-01     0.14099175E+00      89     0.67752108E-01
-0.23500000E+02    -0.96535653E+00     0.14369626E+00     0.12000000E+02    -0.16139142E-01     0.52356684E+00     0.26125228E-01     0.14012289E+00      89     0.67752108E-01
-0.23400002E+02    -0.96057355E+00     0.14306435E+00     0.12000000E+02    -0.16896294E-01     0.53333253E+00     0.25925159E-01     0.13950872E+00      89     0.67752108E-01
-0.23300001E+02    -0.95695788E+00     0.14239056E+00     0.12000000E+02    -0.17572660E-01     0.52160507E+00     0.26430089E-01     0.13880578E+00      89     0.67752108E-01
-0.23200001E+02    -0.95260608E+00     0.14174244E+00     0.12000000E+02    -0.18270491E-01     0.51998061E+00     0.26568362E-01     0.13815106E+00      89     0.67752108E-01
-0.23100000E+02    -0.94734782E+00     0.14112262E+00     0.12000000E+02    -0.18918481E-01     0.51680595E+00     0.26114894E-01     0.13751327E+00      89     0.67752108E-01
-0.23000002E+02    -0.94456738E+00     0.14032227E+00     0.12000000E+02    -0.19745344E-01     0.51734936E+00     0.27053982E-01     0.13671775E+00      89     0.67752108E-01
-0.22900002E+02    -0.94031006E+00     0.13969214E+00     0.12000000E+02    -0.20472053E-01     0.52374834E+00     0.27072804E-01     0.13609801E+00      89     0.67752108E-01
-0.22800001E+02    -0.93983102E+00     0.13831313E+00     0.12000000E+02    -0.21587551E-01     0.51110125E+00     0.27619570E-01     0.13468240E+00      90     0.60823578E-01
-0.22700001E+02    -0.93686050E+00     0.13730164E+00     0.12000000E+02    -0.22499183E-01     0.51103646E+00     0.27648514E-01     0.13366045E+00      90     0.60823578E-01
-0.22600002E+02    -0.93145388E+00     0.13671489E+00     0.12000000E+02    -0.23134215E-01     0.51053727E+00     0.27368909E-01     0.13306260E+00      90     0.60823578E-01
-0.22500000E+02    -0.92716521E+00     0.13607103E+00     0.12000000E+02    -0.23810428E-01     0.50844193E+00     0.27500175E-01     0.13241285E+00      90     0.60823578E-01
-0.22400002E+02    -0.92266661E+00     0.13541974E+00     0.12000000E+02    -0.24489645E-01     0.50677663E+00     0.27626816E-01     0.13175496E+00      90     0.60823578E-01
-0.22300001E+02    -0.91967809E+00     0.13470431E+00     0.12000000E+02    -0.25165452E-01     0.50525457E+00     0.28417589E-01     0.13104038E+00      90     0.60823578E-01
-0.22200001E+02    -0.91520566E+00     0.13405199E+00     0.12000000E+02    -0.25798956E-01     0.50467002E+00     0.28480712E-01     0.13038249E+00      90     0.60823578E-01
-0.22100000E+02    -0.90983582E+00     0.13340008E+00     0.12000000E+02    -0.26522597E-01     0.50275797E+00     0.28276527E-01     0.12971644E+00      90     0.60823578E-01
-0.22000000E+02    -0.90608454E+00     0.13263582E+00     0.12000000E+02    -0.27190169E-01     0.49324632E+00     0.28481547E-01     0.12892650E+00      90     0.60823578E-01
-0.21900002E+02    -0.90447253E+00     0.13131355E+00     0.12000000E+02    -0.28248064E-01     0.49302742E+00     0.28723996E-01     0.12759286E+00      90     0.60823578E-01
-0.21800001E+02    -0.90125144E+00     0.13051109E+00     0.12000000E+02    -0.28955946E-01     0.49851125E+00     0.28804619E-01     0.12679437E+00      90     0.60823578E-01
-0.21700001E+02    -0.89565343E+00     0.12992905E+00     0.12000000E+02    -0.29556878E-01     0.48975223E+00     0.28398959E-01     0.12618327E+00      90     0.60823578E-01
-0.21600000E+02    -0.89099687E+00     0.12929960E+00     0.12000000E+02    -0.30178372E-01     0.48892045E+00     0.28581917E-01     0.12554854E+00      90     0.60823578E-01
-0.21500002E+02    -0.88621736E+00     0.12867878E+00     0.12000000E+02    -0.30782126E-01     0.48845229E+00     0.28651427E-01     0.12492225E+00      91     0.54339148E-01
-0.21400000E+02    -0.88241827E+00     0.12800945E+00     0.12000000E+02    -0.31380508E-01     0.48649466E+00     0.29342428E-01     0.12424818E+00      91     0.54339148E-01
-0.21300001E+02    -0.87750643E+00     0.12738931E+00     0.12000000E+02    -0.31978704E-01     0.48473755E+00     0.29291097E-01     0.12361987E+00      91     0.54339148E-01
-0.21200001E+02    -0.87379509E+00     0.12666827E+00     0.12000000E+02    -0.32639593E-01     0.47792470E+00     0.30011110E-01     0.12288323E+00      91     0.54339148E-01
-0.21100002E+02    -0.86951327E+00     0.12593848E+00     0.12000000E+02    -0.33271667E-01     0.48233578E+00     0.30059898E-01     0.12215878E+00      91     0.54339148E-01
-0.21000000E+02    -0.86633474E+00     0.12500396E+00     0.12000000E+02    -0.34044463E-01     0.47514281E+00     0.29993914E-01     0.12119535E+00      91     0.54339148E-01
-0.20900000E+02    -0.86395299E+00     0.12389275E+00     0.12000000E+02    -0.34898348E-01     0.47394094E+00     0.30173743E-01     0.12007215E+00      91     0.54339148E-01
-0.20800001E+02    -0.85892564E+00     0.12326564E+00     0.12000000E+02    -0.35452992E-01     0.47289813E+00     0.30108990E-01     0.11943770E+00      91     0.54339148E-01
-0.20700003E+02    -0.85421640E+00     0.12264778E+00     0.12000000E+02    -0.36042124E-01     0.47292280E+00     0.30319458E-01     0.11881696E+00      91     0.54339148E-01
-0.20600000E+02    -0.85070330E+00     0.12195187E+00     0.12000000E+02    -0.36596611E-01     0.47096452E+00     0.30917153E-01     0.11812132E+00      91     0.54339148E-01
-0.20500000E+02    -0.84498966E+00     0.12137872E+00     0.12000000E+02    -0.37155148E-01     0.46980605E+00     0.30706035E-01     0.11753820E+00      91     0.54339148E-01
-0.20400002E+02    -0.84149277E+00     0.12064610E+00     0.12000000E+02    -0.37737437E-01     0.46904224E+00     0.31351961E-01     0.11680806E+00      91     0.54339148E-01
-0.20300001E+02    -0.83522195E+00     0.11996477E+00     0.12000000E+02    -0.38468618E-01     0.50000001E-01     0.31457476E-01     0.11550505E+00      92     0.48335075E-01
-0.20200001E+02    -0.83035243E+00     0.11935683E+00     0.12000000E+02    -0.39025761E-01     0.50000001E-01     0.31427044E-01     0.11488708E+00      92     0.48335075E-01
-0.20100000E+02    -0.82547206E+00     0.11859265E+00     0.12000000E+02    -0.39632477E-01     0.50000001E-01     0.31152405E-01     0.11410998E+00      92     0.48335075E-01
-0.19900000E+02    -0.81944633E+00     0.11666967E+00     0.12000000E+02    -0.41070096E-01     0.50000001E-01     0.31364813E-01     0.11216400E+00      92     0.48335075E-01
-0.19800001E+02    -0.81570143E+00     0.11598827E+00     0.12000000E+02    -0.41638557E-01     0.50000001E-01     0.32267205E-01     0.11148379E+00      92     0.48335075E-01
-0.19700001E+02    -0.81052095E+00     0.11540361E+00     0.12000000E+02    -0.42143729E-01     0.50000001E-01     0.32247897E-01     0.11089086E+00      92     0.48335075E-01
-0.19600000E+02    -0.80546796E+00     0.11481322E+00     0.12000000E+02    -0.42634979E-01     0.50000001E-01     0.32289073E-01     0.11029311E+00      92     0.48335075E-01
-0.19500000E+02    -0.80054796E+00     0.11422886E+00     0.12000000E+02    -0.43116584E-01     0.50000001E-01     0.32478884E-01     0.10970288E+00      92     0.48335075E-01
-0.19400002E+02    -0.79549676E+00     0.11361903E+00     0.12000000E+02    -0.43620076E-01     0.50000001E-01     0.32521363E-01     0.10908479E+00      92     0.48335075E-01
-0.19300001E+02    -0.79024738E+00     0.11300422E+00     0.12000000E+02    -0.44135582E-01     0.50000001E-01     0.32351319E-01     0.10846014E+00      92     0.48335075E-01
-0.19200001E+02    -0.78645694E+00     0.11228378E+00     0.12000000E+02    -0.44706270E-01     0.50000001E-01     0.33092216E-01     0.10773509E+00      93     0.42829528E-01
-0.19100000E+02    -0.78259444E+00     0.11138030E+00     0.12000000E+02    -0.45333587E-01     0.50000001E-01     0.33002537E-01     0.10682019E+00      93     0.42829528E-01
-0.19000002E+02    -0.78026921E+00     0.11029442E+00     0.12000000E+02    -0.46112124E-01     0.50000001E-01     0.33248395E-01     0.10572196E+00      93     0.42829528E-01
-0.18900002E+02    -0.77520669E+00     0.10969437E+00     0.12000000E+02    -0.46552148E-01     0.50000001E-01     0.33189680E-01     0.10511410E+00      93     0.42829528E-01
-0.18800001E+02    -0.77025473E+00     0.10907584E+00     0.12000000E+02    -0.47059439E-01     0.50000001E-01     0.33491850E-01     0.10448938E+00      93     0.42829528E-01
-0.18700001E+02    -0.76682514E+00     0.10838810E+00     0.12000000E+02    -0.47542319E-01     0.50000001E-01     0.34448087E-01     0.10380597E+00      93     0.42829528E-01
-0.18600000E+02    -0.76060236E+00     0.10786891E+00     0.12000000E+02    -0.47987137E-01     0.50000001E-01     0.33991028E-01     0.10327307E+00      93     0.42829528E-01
-0.18500002E+02    -0.75579923E+00     0.10726127E+00     0.12000000E+02    -0.48428331E-01     0.50000001E-01     0.34171220E-01     0.10266066E+00      93     0.42829528E-01
-0.18400000E+02    -0.75189632E+00     0.10658005E+00     0.12000000E+02    -0.48920978E-01     0.50000001E-01     0.34831654E-01     0.10197932E+00      93     0.42829528E-01
-0.18300001E+02    -0.74724889E+00     0.10591945E+00     0.12000000E+02    -0.49417861E-01     0.50000001E-01     0.35046604E-01     0.10131273E+00      93     0.42829528E-01
-0.18200001E+02    -0.74315596E+00     0.10517853E+00     0.12000000E+02    -0.49946364E-01     0.50000001E-01     0.35245080E-01     0.10056411E+00      93     0.42829528E-01
-0.18100002E+02    -0.74114543E+00     0.10396542E+00     0.12000000E+02    -0.50685916E-01     0.50000001E-01     0.35192680E-01     0.99334635E-01      93     0.42829528E-01
-0.18000000E+02    -0.73641783E+00     0.10329265E+00     0.12000000E+02    -0.51187880E-01     0.50000001E-01     0.35461534E-01     0.98656192E-01      93     0.42829528E-01
-0.17900000E+02    -0.73061764E+00     0.10273310E+00     0.12000000E+02    -0.51594198E-01     0.50000001E-01     0.35097335E-01     0.98085143E-01      94     0.37822437E-01
-0.17800001E+02    -0.72629040E+00     0.10210870E+00     0.12000000E+02    -0.52041698E-01     0.50000001E-01     0.35867289E-01     0.97459935E-01      94     0.37822437E-01
-0.17700001E+02    -0.72113228E+00     0.10152686E+00     0.12000000E+02    -0.52447893E-01     0.50000001E-01     0.36007661E-01     0.96871868E-01      94     0.37822437E-01
-0.17600000E+02    -0.71599293E+00     0.10092328E+00     0.12000000E+02    -0.52888233E-01     0.50000001E-01     0.36271863E-01     0.96262462E-01      94     0.37822437E-01
-0.17500000E+02    -0.71089143E+00     0.10034017E+00     0.12000000E+02    -0.53289924E-01     0.50000001E-01     0.36465362E-01     0.95673293E-01      94     0.37822437E-01
-0.17400002E+02    -0.70552379E+00     0.99737585E-01     0.12000000E+02    -0.53722318E-01     0.50000001E-01     0.36364939E-01     0.95062330E-01      94     0.37822437E-01
-0.17300001E+02    -0.69998580E+00     0.99152729E-01     0.12000000E+02    -0.54149345E-01     0.50000001E-01     0.35966661E-01     0.94466418E-01      94     0.37822437E-01
-0.17200001E+02    -0.69670391E+00     0.98298058E-01     0.12000000E+02    -0.54680470E-01     0.50000001E-01     0.36886174E-01     0.93607627E-01      94     0.37822437E-01
-0.17100000E+02    -0.69459915E+00     0.97148970E-01     0.12000000E+02    -0.55354685E-01     0.50000001E-01     0.36909133E-01     0.92444047E-01      94     0.37822437E-01
-0.17000002E+02    -0.69057918E+00     0.96465766E-01     0.12000000E+02    -0.55771455E-01     0.50000001E-01     0.37810829E-01     0.91761261E-01      94     0.37822437E-01
-0.16900000E+02    -0.68461919E+00     0.95917434E-01     0.12000000E+02    -0.56156494E-01     0.50000001E-01     0.37464075E-01     0.91201775E-01      95     0.33297669E-01
-0.16800001E+02    -0.67922091E+00     0.95343903E-01     0.12000000E+02    -0.56551464E-01     0.50000001E-01     0.37532844E-01     0.90621263E-01      95     0.33297669E-01
-0.16700001E+02    -0.67534614E+00     0.94688073E-01     0.12000000E+02    -0.56957681E-01     0.50000001E-01     0.38455371E-01     0.89968160E-01      95     0.33297669E-01
-0.16600000E+02    -0.66932553E+00     0.94152428E-01     0.12000000E+02    -0.57318412E-01     0.50000001E-01     0.38141139E-01     0.89421667E-01      95     0.33297669E-01
-0.16500000E+02    -0.66411024E+00     0.93537681E-01     0.12000000E+02    -0.57707399E-01     0.50000001E-01     0.38247105E-01     0.88801228E-01      95     0.33297669E-01
-0.16400002E+02    -0.66016454E+00     0.92871316E-01     0.12000000E+02    -0.58129985E-01     0.50000001E-01     0.39025735E-01     0.88134900E-01      95     0.33297669E-01
-0.16300001E+02    -0.65463376E+00     0.92227653E-01     0.12000000E+02    -0.58528278E-01     0.50000001E-01     0.38732901E-01     0.87480135E-01      95     0.33297669E-01
-0.16200001E+02    -0.65406913E+00     0.90972655E-01     0.12000000E+02    -0.59207134E-01     0.50000001E-01     0.39523698E-01     0.86216815E-01      95     0.33297669E-01
-0.16100000E+02    -0.64944184E+00     0.90290457E-01     0.12000000E+02    -0.59617124E-01     0.50000001E-01     0.39714184E-01     0.85527629E-01      95     0.33297669E-01
-0.15900001E+02    -0.63884914E+00     0.89099266E-01     0.12000000E+02    -0.60342327E-01     0.50000001E-01     0.40100291E-01     0.84324770E-01      95     0.33297669E-01
-0.15800000E+02    -0.63338822E+00     0.88561766E-01     0.12000000E+02    -0.60693610E-01     0.50000001E-01     0.40228054E-01     0.83780482E-01      96     0.29227415E-01
-0.15700001E+02    -0.62822306E+00     0.87978601E-01     0.12000000E+02    -0.61040297E-01     0.50000001E-01     0.40584382E-01     0.83192728E-01      96     0.29227415E-01
-0.15600002E+02    -0.62272483E+00     0.87415829E-01     0.12000000E+02    -0.61398484E-01     0.50000001E-01     0.40682979E-01     0.82623191E-01      96     0.29227415E-01
-0.15500001E+02    -0.61744952E+00     0.86824298E-01     0.12000000E+02    -0.61755307E-01     0.50000001E-01     0.40805701E-01     0.82025386E-01      96     0.29227415E-01
-0.15400001E+02    -0.61241072E+00     0.86200714E-01     0.12000000E+02    -0.62117849E-01     0.50000001E-01     0.41067399E-01     0.81395082E-01      96     0.29227415E-01
-0.15300001E+02    -0.60809517E+00     0.85461237E-01     0.12000000E+02    -0.62523387E-01     0.50000001E-01     0.41348968E-01     0.80648586E-01      96     0.29227415E-01
-0.15200001E+02    -0.60649544E+00     0.84249020E-01     0.12000000E+02    -0.63132532E-01     0.50000001E-01     0.41642245E-01     0.79423368E-01      96     0.29227415E-01
-0.15100001E+02    -0.60128838E+00     0.83684899E-01     0.12000000E+02    -0.63466623E-01     0.50000001E-01     0.41794844E-01     0.78853205E-01      96     0.29227415E-01
-0.15000001E+02    -0.59600866E+00     0.83111897E-01     0.12000000E+02    -0.63794941E-01     0.50000001E-01     0.41999161E-01     0.78274995E-01      96     0.29227415E-01
-0.14900000E+02    -0.59073716E+00     0.82537554E-01     0.12000000E+02    -0.64126320E-01     0.50000001E-01     0.42232018E-01     0.77695847E-01      96     0.29227415E-01
-0.14800000E+02    -0.58686143E+00     0.81869677E-01     0.12000000E+02    -0.64455211E-01     0.50000001E-01     0.43277934E-01     0.77031255E-01      97     0.25576653E-01
-0.14700002E+02    -0.58140123E+00     0.81311278E-01     0.12000000E+02    -0.64768359E-01     0.50000001E-01     0.43402761E-01     0.76466806E-01      97     0.25576653E-01
-0.14600000E+02    -0.57510334E+00     0.80778569E-01     0.12000000E+02    -0.65082885E-01     0.50000001E-01     0.42923614E-01     0.75922497E-01      97     0.25576653E-01
-0.14500000E+02    -0.57130128E+00     0.80086015E-01     0.12000000E+02    -0.65440252E-01     0.50000001E-01     0.43944612E-01     0.75230889E-01      97     0.25576653E-01
-0.14400001E+02    -0.56691289E+00     0.79367727E-01     0.12000000E+02    -0.65808505E-01     0.50000001E-01     0.44215593E-01     0.74505717E-01      97     0.25576653E-01
-0.14300001E+02    -0.56529307E+00     0.78191720E-01     0.12000000E+02    -0.66372983E-01     0.50000001E-01     0.44373259E-01     0.73315769E-01      97     0.25576653E-01
-0.14200001E+02    -0.55998659E+00     0.77634096E-01     0.12000000E+02    -0.66691950E-01     0.50000001E-01     0.44604894E-01     0.72752446E-01      97     0.25576653E-01
-0.14100001E+02    -0.55468982E+00     0.77047266E-01     0.12000000E+02    -0.66984370E-01     0.50000001E-01     0.44882022E-01     0.72160363E-01      97     0.25576653E-01
-0.14000001E+02    -0.54924172E+00     0.76504603E-01     0.12000000E+02    -0.67283146E-01     0.50000001E-01     0.45152668E-01     0.71612522E-01      97     0.25576653E-01
-0.13900002E+02    -0.54376173E+00     0.75952888E-01     0.12000000E+02    -0.67576803E-01     0.50000001E-01     0.45374066E-01     0.71054928E-01      98     0.22307370E-01
-0.13800001E+02    -0.53833705E+00     0.75398222E-01     0.12000000E+02    -0.67866154E-01     0.50000001E-01     0.45662981E-01     0.70494823E-01      98     0.22307370E-01
-0.13700001E+02    -0.53294724E+00     0.74832588E-01     0.12000000E+02    -0.68160072E-01     0.50000001E-01     0.45900714E-01     0.69923595E-01      98     0.22307370E-01
-0.13600001E+02    -0.52785933E+00     0.74208021E-01     0.12000000E+02    -0.68462931E-01     0.50000001E-01     0.46238892E-01     0.69293648E-01      98     0.22307370E-01
-0.13500001E+02    -0.52325964E+00     0.73527344E-01     0.12000000E+02    -0.68796098E-01     0.50000001E-01     0.46514388E-01     0.68606526E-01      98     0.22307370E-01
-0.13400001E+02    -0.52191168E+00     0.72365195E-01     0.12000000E+02    -0.69325939E-01     0.50000001E-01     0.46643894E-01     0.67430474E-01      98     0.22307370E-01
-0.13300000E+02    -0.51695967E+00     0.71739323E-01     0.12000000E+02    -0.69616139E-01     0.50000001E-01     0.46988692E-01     0.66799916E-01      98     0.22307370E-01
-0.13200001E+02    -0.51174295E+00     0.71169175E-01     0.12000000E+02    -0.69892168E-01     0.50000001E-01     0.47240771E-01     0.66225462E-01      98     0.22307370E-01
-0.13100000E+02    -0.50794876E+00     0.70519626E-01     0.12000000E+02    -0.70172280E-01     0.50000001E-01     0.48563130E-01     0.65580115E-01      98     0.22307370E-01
-0.13000001E+02    -0.50126219E+00     0.70058271E-01     0.12000000E+02    -0.70434719E-01     0.50000001E-01     0.47880448E-01     0.65106332E-01      99     0.19381767E-01
-0.12900001E+02    -0.49719539E+00     0.69390215E-01     0.12000000E+02    -0.70708305E-01     0.50000001E-01     0.49135093E-01     0.64440325E-01      99     0.19381767E-01
-0.12800001E+02    -0.49200204E+00     0.68824634E-01     0.12000000E+02    -0.70980594E-01     0.50000001E-01     0.49467705E-01     0.63869566E-01      99     0.19381767E-01
-0.12700001E+02    -0.48697317E+00     0.68194374E-01     0.12000000E+02    -0.71270280E-01     0.50000001E-01     0.49642745E-01     0.63232429E-01      99     0.19381767E-01
-0.12600001E+02    -0.48422194E+00     0.67245446E-01     0.12000000E+02    -0.71678825E-01     0.50000001E-01     0.49938198E-01     0.62272824E-01      99     0.19381767E-01
-0.12500001E+02    -0.48073986E+00     0.66408642E-01     0.12000000E+02    -0.72059400E-01     0.50000001E-01     0.50000001E-01     0.61425265E-01      99     0.19381767E-01
-0.12400002E+02    -0.47506517E+00     0.65888107E-01     0.12000000E+02    -0.72311014E-01     0.50000001E-01     0.50000001E-01     0.60897894E-01      99     0.19381767E-01
-0.12300001E+02    -0.46933594E+00     0.65364636E-01     0.12000000E+02    -0.72557859E-01     0.50000001E-01     0.50000001E-01     0.60367703E-01      99     0.19381767E-01
-0.12200001E+02    -0.46356362E+00     0.64846657E-01     0.12000000E+02    -0.72803766E-01     0.50000001E-01     0.50000001E-01     0.59843086E-01      99     0.19381767E-01
-0.12100001E+02    -0.45780939E+00     0.64328179E-01     0.12000000E+02    -0.73048033E-01     0.50000001E-01     0.50000001E-01     0.59317637E-01     100     0.16763927E-01
-0.12000000E+02    -0.45210013E+00     0.63806653E-01     0.12000000E+02    -0.73293753E-01     0.50000001E-01     0.50000001E-01     0.58789447E-01     100     0.16763927E-01
-0.11900001E+02    -0.44658372E+00     0.63253179E-01     0.12000000E+02    -0.73538356E-01     0.50000001E-01     0.50000001E-01     0.58228757E-01     100     0.16763927E-01
-0.11800000E+02    -0.44139233E+00     0.62659830E-01     0.12000000E+02    -0.73810615E-01     0.50000001E-01     0.50000001E-01     0.57627700E-01     100     0.16763927E-01
-0.11700001E+02    -0.43956515E+00     0.61579838E-01     0.12000000E+02    -0.74251048E-01     0.50000001E-01     0.50000001E-01     0.56533348E-01     100     0.16763927E-01
-0.11600000E+02    -0.43475401E+00     0.60955480E-01     0.12000000E+02    -0.74531235E-01     0.50000001E-01     0.50000001E-01     0.55900678E-01     100     0.16763927E-01
-0.11500001E+02    -0.42905444E+00     0.60437202E-01     0.12000000E+02    -0.74762009E-01     0.50000001E-01     0.50000001E-01     0.55375703E-01     100     0.16763927E-01
-0.11400001E+02    -0.42330921E+00     0.59926331E-01     0.12000000E+02    -0.74987203E-01     0.50000001E-01     0.50000001E-01     0.54858450E-01     100     0.16763927E-01
-0.11300001E+02    -0.41751802E+00     0.59420291E-01     0.12000000E+02    -0.75211324E-01     0.50000001E-01     0.50000001E-01     0.54345760E-01     101     0.14421528E-01
-0.11200001E+02    -0.41173568E+00     0.58913983E-01     0.12000000E+02    -0.75437292E-01     0.50000001E-01     0.50000001E-01     0.53832959E-01     101     0.14421528E-01
-0.11100001E+02    -0.40607062E+00     0.58387708E-01     0.12000000E+02    -0.75663984E-01     0.50000001E-01     0.50000001E-01     0.53300194E-01     101     0.14421528E-01
-0.11000001E+02    -0.40063715E+00     0.57854541E-01     0.12000000E+02    -0.75900346E-01     0.50000001E-01     0.50000001E-01     0.52760068E-01     101     0.14421528E-01
-0.10900001E+02    -0.39596462E+00     0.57206117E-01     0.12000000E+02    -0.76171413E-01     0.50000001E-01     0.50000001E-01     0.52103236E-01     101     0.14421528E-01
-0.10800001E+02    -0.39444289E+00     0.56150686E-01     0.12000000E+02    -0.76585874E-01     0.50000001E-01     0.50000001E-01     0.51033247E-01     101     0.14421528E-01
-0.10700001E+02    -0.38874984E+00     0.55631299E-01     0.12000000E+02    -0.76802045E-01     0.50000001E-01     0.50000001E-01     0.50507385E-01     101     0.14421528E-01
-0.10600001E+02    -0.38299069E+00     0.55135924E-01     0.12000000E+02    -0.77011526E-01     0.50000001E-01     0.50000001E-01     0.50005842E-01     101     0.14421528E-01
-0.10500001E+02    -0.37722844E+00     0.54645061E-01     0.12000000E+02    -0.77216841E-01     0.50000001E-01     0.50000001E-01     0.49508654E-01     102     0.12325595E-01
-0.10400002E+02    -0.37145996E+00     0.54168653E-01     0.12000000E+02    -0.77420533E-01     0.50000001E-01     0.50000001E-01     0.49026147E-01     102     0.12325595E-01
-0.10300000E+02    -0.36576423E+00     0.53664878E-01     0.12000000E+02    -0.77628426E-01     0.50000001E-01     0.50000001E-01     0.48516065E-01     102     0.12325595E-01
-0.10200001E+02    -0.36032560E+00     0.53123470E-01     0.12000000E+02    -0.77846475E-01     0.50000001E-01     0.50000001E-01     0.47967959E-01     102     0.12325595E-01
-0.10100000E+02    -0.35569182E+00     0.52502833E-01     0.12000000E+02    -0.78093626E-01     0.50000001E-01     0.50000001E-01     0.47339130E-01     102     0.12325595E-01
-0.10000001E+02    -0.35434562E+00     0.51473215E-01     0.12000000E+02    -0.78477755E-01     0.50000001E-01     0.50000001E-01     0.46295188E-01     102     0.12325595E-01
-0.99000006E+01    -0.34867346E+00     0.50977688E-01     0.12000000E+02    -0.78674160E-01     0.50000001E-01     0.50000001E-01     0.45793559E-01     102     0.12325595E-01
-0.98000011E+01    -0.34292623E+00     0.50497789E-01     0.12000000E+02    -0.78864999E-01     0.50000001E-01     0.50000001E-01     0.45307733E-01     102     0.12325595E-01
-0.97000008E+01    -0.33716348E+00     0.50022013E-01     0.12000000E+02    -0.79053409E-01     0.50000001E-01     0.50000001E-01     0.44825837E-01     103     0.10451236E-01
-0.96000013E+01    -0.33146071E+00     0.49541924E-01     0.12000000E+02    -0.79238243E-01     0.50000001E-01     0.50000001E-01     0.44339821E-01     103     0.10451236E-01
-0.95000010E+01    -0.32589820E+00     0.49052276E-01     0.12000000E+02    -0.79425745E-01     0.50000001E-01     0.50000001E-01     0.43844074E-01     103     0.10451236E-01
-0.94000006E+01    -0.32072508E+00     0.48508875E-01     0.12000000E+02    -0.79631574E-01     0.50000001E-01     0.50000001E-01     0.43293815E-01     103     0.10451236E-01
-0.93000011E+01    -0.31958425E+00     0.47479190E-01     0.12000000E+02    -0.79997562E-01     0.50000001E-01     0.50000001E-01     0.42249799E-01     103     0.10451236E-01
-0.91999998E+01    -0.31475708E+00     0.46922032E-01     0.12000000E+02    -0.80200568E-01     0.50000001E-01     0.50000001E-01     0.41685421E-01     103     0.10451236E-01
-0.91000013E+01    -0.30911851E+00     0.46452198E-01     0.12000000E+02    -0.80373064E-01     0.50000001E-01     0.50000001E-01     0.41209877E-01     103     0.10451236E-01
-0.90000000E+01    -0.30341882E+00     0.45988869E-01     0.12000000E+02    -0.80542825E-01     0.50000001E-01     0.50000001E-01     0.40740654E-01     104     0.87768603E-02
-0.89000015E+01    -0.29779336E+00     0.45520063E-01     0.12000000E+02    -0.80710039E-01     0.50000001E-01     0.50000001E-01     0.40266164E-01     104     0.87768603E-02
-0.88000002E+01    -0.29229698E+00     0.45034040E-01     0.12000000E+02    -0.80880620E-01     0.50000001E-01     0.50000001E-01     0.39774179E-01     104     0.87768603E-02
-0.87000017E+01    -0.28726637E+00     0.44501666E-01     0.12000000E+02    -0.81063062E-01     0.50000001E-01     0.50000001E-01     0.39235167E-01     104     0.87768603E-02
-0.86000004E+01    -0.28692213E+00     0.43454587E-01     0.12000000E+02    -0.81414260E-01     0.50000001E-01     0.50000001E-01     0.38173050E-01     104     0.87768603E-02
-0.85000019E+01    -0.28170046E+00     0.42951554E-01     0.12000000E+02    -0.81580199E-01     0.50000001E-01     0.50000001E-01     0.37663817E-01     104     0.87768603E-02
-0.84000006E+01    -0.27619240E+00     0.42500369E-01     0.12000000E+02    -0.81727713E-01     0.50000001E-01     0.50000001E-01     0.37207115E-01     104     0.87768603E-02
-0.83000011E+01    -0.27064499E+00     0.42036664E-01     0.12000000E+02    -0.81877545E-01     0.50000001E-01     0.50000001E-01     0.36737941E-01     104     0.87768603E-02
-0.82000008E+01    -0.26520598E+00     0.41578222E-01     0.12000000E+02    -0.82025275E-01     0.50000001E-01     0.50000001E-01     0.36273662E-01     105     0.72842813E-02
-0.81000013E+01    -0.26008949E+00     0.41086406E-01     0.12000000E+02    -0.82178913E-01     0.50000001E-01     0.50000001E-01     0.35775736E-01     105     0.72842813E-02
-0.80000010E+01    -0.25643361E+00     0.40438294E-01     0.12000000E+02    -0.82376465E-01     0.50000001E-01     0.50000001E-01     0.35119165E-01     105     0.72842813E-02
-0.79000001E+01    -0.25548235E+00     0.39529376E-01     0.12000000E+02    -0.82648948E-01     0.50000001E-01     0.50000001E-01     0.34197208E-01     105     0.72842813E-02
-0.78000011E+01    -0.25018099E+00     0.39071359E-01     0.12000000E+02    -0.82777858E-01     0.50000001E-01     0.50000001E-01     0.33733726E-01     105     0.72842813E-02
-0.77000003E+01    -0.24486750E+00     0.38617849E-01     0.12000000E+02    -0.82905062E-01     0.50000001E-01     0.50000001E-01     0.33274852E-01     105     0.72842813E-02
-0.76000009E+01    -0.23969680E+00     0.38163032E-01     0.12000000E+02    -0.83028838E-01     0.50000001E-01     0.50000001E-01     0.32814492E-01     105     0.72842813E-02
-0.75000005E+01    -0.23497169E+00     0.37663247E-01     0.12000000E+02    -0.83160788E-01     0.50000001E-01     0.50000001E-01     0.32308526E-01     105     0.72842813E-02
-0.74000010E+01    -0.23587105E+00     0.36618963E-01     0.12000000E+02    -0.83437726E-01     0.50000001E-01     0.50000001E-01     0.31248847E-01     106     0.59582922E-02
-0.73000002E+01    -0.23124261E+00     0.36128957E-01     0.12000000E+02    -0.83554253E-01     0.50000001E-01     0.50000001E-01     0.30752759E-01     106     0.59582922E-02
-0.72000012E+01    -0.22630951E+00     0.35681833E-01     0.12000000E+02    -0.83651185E-01     0.50000001E-01     0.50000001E-01     0.30300336E-01     106     0.59582922E-02
-0.71000004E+01    -0.22143692E+00     0.35222430E-01     0.12000000E+02    -0.83750255E-01     0.50000001E-01     0.50000001E-01     0.29835533E-01     106     0.59582922E-02
-0.70000014E+01    -0.21704660E+00     0.34728162E-01     0.12000000E+02    -0.83850928E-01     0.50000001E-01     0.50000001E-01     0.29335232E-01     106     0.59582922E-02
-0.69000006E+01    -0.21899916E+00     0.33678915E-01     0.12000000E+02    -0.84071994E-01     0.50000001E-01     0.50000001E-01     0.28270409E-01     106     0.59582922E-02
-0.68000016E+01    -0.21496896E+00     0.33182759E-01     0.12000000E+02    -0.84150583E-01     0.50000001E-01     0.50000001E-01     0.27768271E-01     106     0.59582922E-02
-0.67000008E+01    -0.21061419E+00     0.32726657E-01     0.12000000E+02    -0.84210157E-01     0.50000001E-01     0.50000001E-01     0.27306762E-01     106     0.59582922E-02
-0.66000018E+01    -0.20652346E+00     0.32245480E-01     0.12000000E+02    -0.84272146E-01     0.50000001E-01     0.50000001E-01     0.26819728E-01     107     0.47860891E-02
-0.65000010E+01    -0.20404999E+00     0.31649940E-01     0.12000000E+02    -0.84338009E-01     0.50000001E-01     0.50000001E-01     0.26216492E-01     107     0.47860891E-02
-0.64000001E+01    -0.20711410E+00     0.30638164E-01     0.12000000E+02    -0.84443137E-01     0.50000001E-01     0.50000001E-01     0.25189912E-01     107     0.47860891E-02
-0.63000011E+01    -0.20375688E+00     0.30154431E-01     0.12000000E+02    -0.84449984E-01     0.50000001E-01     0.50000001E-01     0.24700504E-01     107     0.47860891E-02
-0.62000003E+01    -0.20112094E+00     0.29630058E-01     0.12000000E+02    -0.84444322E-01     0.50000001E-01     0.50000001E-01     0.24169875E-01     107     0.47860891E-02
-0.61000009E+01    -0.20826456E+00     0.28445642E-01     0.12000000E+02    -0.84421791E-01     0.50000001E-01     0.50000001E-01     0.22968061E-01     107     0.47860891E-02
-0.60000000E+01    -0.20673858E+00     0.27905051E-01     0.12000000E+02    -0.84332913E-01     0.50000001E-01     0.50000001E-01     0.22421267E-01     107     0.47860891E-02
-0.59000010E+01    -0.20709504E+00     0.27271820E-01     0.12000000E+02    -0.84186845E-01     0.50000001E-01     0.50000001E-01     0.21780455E-01     107     0.47860891E-02
-0.58000002E+01    -0.22123352E+00     0.25881061E-01     0.12000000E+02    -0.83721884E-01     0.50000001E-01     0.50000001E-01     0.20370565E-01     107     0.47860891E-02
-0.57000012E+01    -0.26696682E+00     0.23680137E-01     0.12000000E+02    -0.80996379E-01     0.50000001E-01     0.50000001E-01     0.18138720E-01     107     0.47860891E-02
-0.56000004E+01    -0.27168438E+00     0.21857949E-01     0.12000000E+02    -0.84138826E-01     0.50000001E-01     0.50000001E-01     0.16274311E-01     107     0.47860891E-02
-0.55000014E+01    -0.26477191E+00     0.20366786E-01     0.12000000E+02    -0.88022381E-01     0.50000001E-01     0.50000001E-01     0.14742988E-01     107     0.47860891E-02
-0.54000006E+01    -0.25230700E+00     0.19050736E-01     0.12000000E+02    -0.92219956E-01     0.50000001E-01     0.50000001E-01     0.13387018E-01     107     0.47860891E-02
-0.53000016E+01    -0.23827328E+00     0.18335406E-01     0.12000000E+02    -0.94909251E-01     0.50000001E-01     0.50000001E-01     0.12648534E-01     107     0.47860891E-02
-0.52000008E+01    -0.22150189E+00     0.17332416E-01     0.12000000E+02    -0.98864153E-01     0.50000001E-01     0.50000001E-01     0.11609546E-01     108     0.37573036E-02
-0.51000013E+01    -0.20288414E+00     0.16361039E-01     0.12000000E+02    -0.10302600E+00     0.50000001E-01     0.50000001E-01     0.10599933E-01     108     0.37573036E-02
-0.50000010E+01    -0.18600315E+00     0.15802355E-01     0.12000000E+02    -0.10571145E+00     0.50000001E-01     0.50000001E-01     0.10017662E-01     108     0.37573036E-02
-0.49000015E+01    -0.16655999E+00     0.15030871E-01     0.12000000E+02    -0.10941664E+00     0.50000001E-01     0.50000001E-01     0.92106462E-02     108     0.37573036E-02
-0.48000007E+01    -0.14690368E+00     0.14325775E-01     0.12000000E+02    -0.11294655E+00     0.50000001E-01     0.50000001E-01     0.84699094E-02     109     0.28634572E-02
-0.47000003E+01    -0.12762244E+00     0.13709855E-01     0.12000000E+02    -0.11613680E+00     0.50000001E-01     0.50000001E-01     0.78198481E-02     109     0.28634572E-02
-0.46000009E+01    -0.10902851E+00     0.13181387E-01     0.12000000E+02    -0.11893493E+00     0.50000001E-01     0.50000001E-01     0.72591682E-02     109     0.28634572E-02
-0.45000000E+01    -0.90965256E-01     0.12711558E-01     0.12000000E+02    -0.12145109E+00     0.50000001E-01     0.50000001E-01     0.67574354E-02     110     0.20977957E-02
-0.44000010E+01    -0.73392548E-01     0.12285335E-01     0.12000000E+02    -0.12373228E+00     0.50000001E-01     0.50000001E-01     0.62989066E-02     110     0.20977957E-02
-0.43000002E+01    -0.55702705E-01     0.11843798E-01     0.12000000E+02    -0.12603188E+00     0.50000001E-01     0.50000001E-01     0.58196024E-02     110     0.20977957E-02
-0.42000012E+01    -0.39381728E-01     0.11520984E-01     0.12000000E+02    -0.12777703E+00     0.50000001E-01     0.50000001E-01     0.54658991E-02     110     0.20977957E-02
-0.41000004E+01    -0.25676489E-01     0.11430960E-01     0.12000000E+02    -0.12850294E+00     0.50000001E-01     0.50000001E-01     0.53660125E-02     111     0.14551239E-02
-0.40000014E+01    -0.12189282E-01     0.11360039E-01     0.12000000E+02    -0.12914103E+00     0.50000001E-01     0.50000001E-01     0.52870228E-02     111     0.14551239E-02
-0.39000006E+01     0.12103401E-02     0.11296230E-01     0.12000000E+02    -0.12974398E+00     0.50000001E-01     0.50000001E-01     0.52156984E-02     111     0.14551239E-02
-0.38000014E+01     0.14540354E-01     0.11238522E-01     0.12000000E+02    -0.13031834E+00     0.50000001E-01     0.50000001E-01     0.51507796E-02     111     0.14551239E-02
-0.37000005E+01     0.27813310E-01     0.11185262E-01     0.12000000E+02    -0.13086890E+00     0.50000001E-01     0.50000001E-01     0.50908430E-02     111     0.14551239E-02
-0.36000016E+01     0.41034859E-01     0.11135923E-01     0.12000000E+02    -0.13139981E+00     0.50000001E-01     0.50000001E-01     0.50350484E-02     112     0.93188853E-03
-0.35000007E+01     0.54215372E-01     0.11090609E-01     0.12000000E+02    -0.13191219E+00     0.50000001E-01     0.50000001E-01     0.49834829E-02     112     0.93188853E-03
-0.34000015E+01     0.67354865E-01     0.11048283E-01     0.12000000E+02    -0.13240899E+00     0.50000001E-01     0.50000001E-01     0.49352623E-02     112     0.93188853E-03
-0.33000009E+01     0.80458969E-01     0.11008795E-01     0.12000000E+02    -0.13289173E+00     0.50000001E-01     0.50000001E-01     0.48900964E-02     112     0.93188853E-03
-0.32000017E+01     0.93536064E-01     0.10971703E-01     0.12000000E+02    -0.13336186E+00     0.50000001E-01     0.50000001E-01     0.48474851E-02     113     0.52511692E-03
-0.31000009E+01     0.10658276E+00     0.10937222E-01     0.12000000E+02    -0.13382067E+00     0.50000001E-01     0.50000001E-01     0.48075700E-02     113     0.52511692E-03
-0.30000000E+01     0.11960408E+00     0.10904853E-01     0.12000000E+02    -0.13426848E+00     0.50000001E-01     0.50000001E-01     0.47700782E-02     113     0.52511692E-03
-0.29000010E+01     0.13259940E+00     0.10874455E-01     0.12000000E+02    -0.13470626E+00     0.50000001E-01     0.50000001E-01     0.47346563E-02     113     0.52511692E-03
-0.28000002E+01     0.14557368E+00     0.10845849E-01     0.12000000E+02    -0.13513494E+00     0.50000001E-01     0.50000001E-01     0.47011105E-02     114     0.23333222E-03
-0.27000012E+01     0.15852311E+00     0.10819170E-01     0.12000000E+02    -0.13555503E+00     0.50000001E-01     0.50000001E-01     0.46696784E-02     114     0.23333222E-03
-0.26000004E+01     0.17145382E+00     0.10794044E-01     0.12000000E+02    -0.13596721E+00     0.50000001E-01     0.50000001E-01     0.46398994E-02     114     0.23333222E-03
-0.25000012E+01     0.18436496E+00     0.10770556E-01     0.12000000E+02    -0.13637111E+00     0.50000001E-01     0.50000001E-01     0.46119029E-02     114     0.23333222E-03
-0.24000003E+01     0.19725931E+00     0.10748509E-01     0.12000000E+02    -0.13676767E+00     0.50000001E-01     0.50000001E-01     0.45854421E-02     114     0.23333222E-03
-0.23000014E+01     0.21013229E+00     0.10727826E-01     0.12000000E+02    -0.13715738E+00     0.50000001E-01     0.50000001E-01     0.45604575E-02     115     0.60354974E-04
-0.22000005E+01     0.22298779E+00     0.10708611E-01     0.12000000E+02    -0.13754034E+00     0.50000001E-01     0.50000001E-01     0.45370264E-02     115     0.60354974E-04
-0.21000013E+01     0.23582514E+00     0.10690729E-01     0.12000000E+02    -0.13791692E+00     0.50000001E-01     0.50000001E-01     0.45150146E-02     115     0.60354974E-04
-0.20000007E+01     0.24865012E+00     0.10674017E-01     0.12000000E+02    -0.13828677E+00     0.50000001E-01     0.50000001E-01     0.44942955E-02     115     0.60354974E-04
-0.19000015E+01     0.26145768E+00     0.10658439E-01     0.12000000E+02    -0.13865097E+00     0.50000001E-01     0.50000001E-01     0.44747679E-02     116     0.43318187E-06
-0.18000008E+01     0.27424622E+00     0.10644192E-01     0.12000000E+02    -0.13900954E+00     0.50000001E-01     0.50000001E-01     0.44567310E-02     116     0.43318187E-06
-0.17000016E+01     0.28702271E+00     0.10631015E-01     0.12000000E+02    -0.13936213E+00     0.50000001E-01     0.50000001E-01     0.44397670E-02     116     0.43318187E-06
-0.16000009E+01     0.29978216E+00     0.10618900E-01     0.12000000E+02    -0.13970989E+00     0.50000001E-01     0.50000001E-01     0.44240262E-02     116     0.43318187E-06
-0.15000000E+01     0.31252855E+00     0.10607897E-01     0.12000000E+02    -0.14005157E+00     0.50000001E-01     0.50000001E-01     0.44094655E-02     117     0.38301725E-04
-0.14000009E+01     0.32525390E+00     0.10597944E-01     0.12000000E+02    -0.14038795E+00     0.50000001E-01     0.50000001E-01     0.43959902E-02     117     0.38301725E-04
-0.13000002E+01     0.33797264E+00     0.10588886E-01     0.12000000E+02    -0.14071992E+00     0.50000001E-01     0.50000001E-01     0.43835589E-02     117     0.38301725E-04
-0.12000011E+01     0.35067311E+00     0.10580884E-01     0.12000000E+02    -0.14104599E+00     0.50000001E-01     0.50000001E-01     0.43722182E-02     117     0.38301725E-04
-0.11000003E+01     0.36335990E+00     0.10573869E-01     0.12000000E+02    -0.14136790E+00     0.50000001E-01     0.50000001E-01     0.43619075E-02     117     0.38301725E-04
-0.10000012E+01     0.37603170E+00     0.10567649E-01     0.12000000E+02    -0.14168468E+00     0.50000001E-01     0.50000001E-01     0.43525780E-02     118     0.16620255E-03
-0.90000039E+00     0.38868952E+00     0.10562615E-01     0.12000000E+02    -0.14199667E+00     0.50000001E-01     0.50000001E-01     0.43443828E-02     118     0.16620255E-03
-0.80000126E+00     0.40133351E+00     0.10558328E-01     0.12000000E+02    -0.14230427E+00     0.50000001E-01     0.50000001E-01     0.43370789E-02     118     0.16620255E-03
-0.70000046E+00     0.41396093E+00     0.10554894E-01     0.12000000E+02    -0.14260717E+00     0.50000001E-01     0.50000001E-01     0.43306681E-02     118     0.16620255E-03
-0.60000139E+00     0.42657766E+00     0.10552408E-01     0.12000000E+02    -0.14290544E+00     0.50000001E-01     0.50000001E-01     0.43253293E-02     119     0.38239817E-03
-0.50000060E+00     0.43917915E+00     0.10550639E-01     0.12000000E+02    -0.14319931E+00     0.50000001E-01     0.50000001E-01     0.43207565E-02     119     0.38239817E-03
-0.40000150E+00     0.45176604E+00     0.10549793E-01     0.12000000E+02    -0.14348862E+00     0.50000001E-01     0.50000001E-01     0.43171295E-02     119     0.38239817E-03
-0.30000070E+00     0.46434134E+00     0.10549738E-01     0.12000000E+02    -0.14377378E+00     0.50000001E-01     0.50000001E-01     0.43144268E-02     119     0.38239817E-03
-0.20000160E+00     0.47689712E+00     0.10550580E-01     0.12000000E+02    -0.14405455E+00     0.50000001E-01     0.50000001E-01     0.43125870E-02     119     0.38239817E-03
-0.10000080E+00     0.48944235E+00     0.10551965E-01     0.12000000E+02    -0.14433110E+00     0.50000001E-01     0.50000001E-01     0.43115420E-02     120     0.69524674E-03
 0.00000000E+00     0.50197464E+00     0.10554504E-01     0.12000000E+02    -0.14460258E+00     0.50000001E-01     0.50000001E-01     0.43115704E-02     120     0.69524674E-03
 0.99999093E-01     0.51448935E+00     0.10557630E-01     0.12000000E+02    -0.14487071E+00     0.50000001E-01     0.50000001E-01     0.43122880E-02     120     0.69524674E-03
 0.19999990E+00     0.52699286E+00     0.10561545E-01     0.12000000E+02    -0.14513397E+00     0.50000001E-01     0.50000001E-01     0.43138592E-02     120     0.69524674E-03
 0.29999900E+00     0.53947937E+00     0.10566234E-01     0.12000000E+02    -0.14539391E+00     0.50000001E-01     0.50000001E-01     0.43162438E-02     120     0.69524674E-03
 0.39999980E+00     0.55195415E+00     0.10571451E-01     0.12000000E+02    -0.14564897E+00     0.50000001E-01     0.50000001E-01     0.43193512E-02     121     0.11120313E-02
 0.49999887E+00     0.56441116E+00     0.10577767E-01     0.12000000E+02    -0.14590096E+00     0.50000001E-01     0.50000001E-01     0.43235337E-02     121     0.11120313E-02
 0.59999967E+00     0.57685554E+00     0.10584704E-01     0.12000000E+02    -0.14614743E+00     0.50000001E-01     0.50000001E-01     0.43283557E-02     121     0.11120313E-02
 0.69999880E+00     0.58928615E+00     0.10592324E-01     0.12000000E+02    -0.14639045E+00     0.50000001E-01     0.50000001E-01     0.43339715E-02     121     0.11120313E-02
 0.79999959E+00     0.60169828E+00     0.10600688E-01     0.12000000E+02    -0.14662938E+00     0.50000001E-01     0.50000001E-01     0.43404591E-02     122     0.16372061E-02
 0.89999866E+00     0.61410004E+00     0.10609762E-01     0.12000000E+02    -0.14686340E+00     0.50000001E-01     0.50000001E-01     0.43476354E-02     122     0.16372061E-02
 0.99999946E+00     0.62648517E+00     0.10619494E-01     0.12000000E+02    -0.14709418E+00     0.50000001E-01     0.50000001E-01     0.43555521E-02     122     0.16372061E-02
 0.10999986E+01     0.63885146E+00     0.10629998E-01     0.12000000E+02    -0.14732099E+00     0.50000001E-01     0.50000001E-01     0.43642404E-02     122     0.16372061E-02
 0.11999993E+01     0.65120757E+00     0.10641205E-01     0.12000000E+02    -0.14754289E+00     0.50000001E-01     0.50000001E-01     0.43737269E-02     122     0.16372061E-02
 0.12999984E+01     0.66354442E+00     0.10652815E-01     0.12000000E+02    -0.14776145E+00     0.50000001E-01     0.50000001E-01     0.43838522E-02     123     0.22752350E-02
 0.13999993E+01     0.67586762E+00     0.10665592E-01     0.12000000E+02    -0.14797555E+00     0.50000001E-01     0.50000001E-01     0.43950211E-02     123     0.22752350E-02
 0.14999983E+01     0.68817294E+00     0.10678911E-01     0.12000000E+02    -0.14818576E+00     0.50000001E-01     0.50000001E-01     0.44067805E-02     123     0.22752350E-02
 0.15999992E+01     0.70046681E+00     0.10692860E-01     0.12000000E+02    -0.14839129E+00     0.50000001E-01     0.50000001E-01     0.44192686E-02     123     0.22752350E-02
 0.16999999E+01     0.71274185E+00     0.10707390E-01     0.12000000E+02    -0.14859344E+00     0.50000001E-01     0.50000001E-01     0.44324202E-02     123     0.22752350E-02
 0.17999990E+01     0.72500014E+00     0.10722475E-01     0.12000000E+02    -0.14879087E+00     0.50000001E-01     0.50000001E-01     0.44463226E-02     124     0.30308000E-02
 0.18999999E+01     0.73723978E+00     0.10738675E-01     0.12000000E+02    -0.14898428E+00     0.50000001E-01     0.50000001E-01     0.44612046E-02     124     0.30308000E-02
 0.19999989E+01     0.74946523E+00     0.10755332E-01     0.12000000E+02    -0.14917393E+00     0.50000001E-01     0.50000001E-01     0.44766590E-02     124     0.30308000E-02
 0.20999997E+01     0.76167327E+00     0.10772571E-01     0.12000000E+02    -0.14935873E+00     0.50000001E-01     0.50000001E-01     0.44927406E-02     124     0.30308000E-02
 0.21999989E+01     0.77386773E+00     0.10790526E-01     0.12000000E+02    -0.14953957E+00     0.50000001E-01     0.50000001E-01     0.45095868E-02     124     0.30308000E-02
 0.22999997E+01     0.78604013E+00     0.10808978E-01     0.12000000E+02    -0.14971676E+00     0.50000001E-01     0.50000001E-01     0.45271353E-02     125     0.39082086E-02
 0.23999987E+01     0.79819620E+00     0.10828421E-01     0.12000000E+02    -0.14988928E+00     0.50000001E-01     0.50000001E-01     0.45456449E-02     125     0.39082086E-02
 0.24999995E+01     0.81033671E+00     0.10848432E-01     0.12000000E+02    -0.15005752E+00     0.50000001E-01     0.50000001E-01     0.45646713E-02     125     0.39082086E-02
 0.25999987E+01     0.82245725E+00     0.10869030E-01     0.12000000E+02    -0.15022139E+00     0.50000001E-01     0.50000001E-01     0.45844326E-02     125     0.39082086E-02
 0.26999993E+01     0.83455998E+00     0.10890214E-01     0.12000000E+02    -0.15038081E+00     0.50000001E-01     0.50000001E-01     0.46048304E-02     125     0.39082086E-02
 0.27999985E+01     0.84664607E+00     0.10912096E-01     0.12000000E+02    -0.15053628E+00     0.50000001E-01     0.50000001E-01     0.46261922E-02     126     0.49119266E-02
 0.28999994E+01     0.85870892E+00     0.10934753E-01     0.12000000E+02    -0.15068735E+00     0.50000001E-01     0.50000001E-01     0.46481136E-02     126     0.49119266E-02
 0.29999983E+01     0.87076038E+00     0.10957564E-01     0.12000000E+02    -0.15083395E+00     0.50000001E-01     0.50000001E-01     0.46703406E-02     126     0.49119266E-02
 0.30999992E+01     0.88278604E+00     0.10981824E-01     0.12000000E+02    -0.15097570E+00     0.50000001E-01     0.50000001E-01     0.46939882E-02     126     0.49119266E-02
 0.31999984E+01     0.89479536E+00     0.11006208E-01     0.12000000E+02    -0.15111397E+00     0.50000001E-01     0.50000001E-01     0.47179316E-02     126     0.49119266E-02
 0.32999990E+01     0.90678746E+00     0.11031325E-01     0.12000000E+02    -0.15124741E+00     0.50000001E-01     0.50000001E-01     0.47426280E-02     126     0.49119266E-02
 0.33999999E+01     0.91875547E+00     0.11056839E-01     0.12000000E+02    -0.15137579E+00     0.50000001E-01     0.50000001E-01     0.47679329E-02     127     0.60465392E-02
 0.34999990E+01     0.93070531E+00     0.11083228E-01     0.12000000E+02    -0.15150033E+00     0.50000001E-01     0.50000001E-01     0.47940374E-02     127     0.60465392E-02
 0.35999999E+01     0.94263309E+00     0.11110379E-01     0.12000000E+02    -0.15161966E+00     0.50000001E-01     0.50000001E-01     0.48208884E-02     127     0.60465392E-02
 0.36999989E+01     0.95454180E+00     0.11138131E-01     0.12000000E+02    -0.15173411E+00     0.50000001E-01     0.50000001E-01     0.48484360E-02     127     0.60465392E-02
 0.37999997E+01     0.96642792E+00     0.11166493E-01     0.12000000E+02    -0.15184458E+00     0.50000001E-01     0.50000001E-01     0.48767081E-02     127     0.60465392E-02
 0.38999987E+01     0.97829193E+00     0.11195643E-01     0.12000000E+02    -0.15195000E+00     0.50000001E-01     0.50000001E-01     0.49059629E-02     128     0.73172259E-02
 0.39999995E+01     0.99013585E+00     0.11225226E-01     0.12000000E+02    -0.15205055E+00     0.50000001E-01     0.50000001E-01     0.49355691E-02     128     0.73172259E-02
 0.40999985E+01     0.10019571E+01     0.11255598E-01     0.12000000E+02    -0.15214607E+00     0.50000001E-01     0.50000001E-01     0.49659894E-02     128     0.73172259E-02
 0.41999993E+01     0.10137558E+01     0.11286535E-01     0.12000000E+02    -0.15223706E+00     0.50000001E-01     0.50000001E-01     0.49970527E-02     128     0.73172259E-02
 0.42999988E+01     0.10255312E+01     0.11318196E-01     0.12000000E+02    -0.15232345E+00     0.50000001E-01     0.50000001E-01     0.50288783E-02     128     0.73172259E-02
 0.43999991E+01     0.10372828E+01     0.11350577E-01     0.12000000E+02    -0.15240398E+00     0.50000001E-01     0.50000001E-01     0.50617172E-02     129     0.87298052E-02
 0.44999986E+01     0.10490108E+01     0.11383506E-01     0.12000000E+02    -0.15247975E+00     0.50000001E-01     0.50000001E-01     0.50949533E-02     129     0.87298052E-02
 0.45999994E+01     0.10607182E+01     0.11417019E-01     0.12000000E+02    -0.15255155E+00     0.50000001E-01     0.50000001E-01     0.51289042E-02     129     0.87298052E-02
 0.47000003E+01     0.10723985E+01     0.11451206E-01     0.12000000E+02    -0.15261713E+00     0.50000001E-01     0.50000001E-01     0.51635136E-02     129     0.87298052E-02
 0.47999973E+01     0.10840533E+01     0.11486347E-01     0.12000000E+02    -0.15267664E+00     0.50000001E-01     0.50000001E-01     0.51990962E-02     129     0.87298052E-02
 0.48999982E+01     0.10956824E+01     0.11521871E-01     0.12000000E+02    -0.15273178E+00     0.50000001E-01     0.50000001E-01     0.52352189E-02     129     0.87298052E-02
 0.49999990E+01     0.11072851E+01     0.11558210E-01     0.12000000E+02    -0.15278132E+00     0.50000001E-01     0.50000001E-01     0.52724276E-02     130     0.10290815E-01
 0.50999999E+01     0.11188644E+01     0.11595055E-01     0.12000000E+02    -0.15282592E+00     0.50000001E-01     0.50000001E-01     0.53099985E-02     130     0.10290815E-01
 0.52000008E+01     0.11304131E+01     0.11632777E-01     0.12000000E+02    -0.15286370E+00     0.50000001E-01     0.50000001E-01     0.53483993E-02     130     0.10290815E-01
 0.52999978E+01     0.11419361E+01     0.11671023E-01     0.12000000E+02    -0.15289688E+00     0.50000001E-01     0.50000001E-01     0.53875013E-02     130     0.10290815E-01
 0.53999987E+01     0.11534338E+01     0.11710035E-01     0.12000000E+02    -0.15292405E+00     0.50000001E-01     0.50000001E-01     0.54273657E-02     130     0.10290815E-01
 0.54999995E+01     0.11648985E+01     0.11749777E-01     0.12000000E+02    -0.15294494E+00     0.50000001E-01     0.50000001E-01     0.54683061E-02     131     0.12008118E-01
 0.56000004E+01     0.11763366E+01     0.11790157E-01     0.12000000E+02    -0.15296069E+00     0.50000001E-01     0.50000001E-01     0.55097067E-02     131     0.12008118E-01
 0.56999979E+01     0.11877458E+01     0.11831063E-01     0.12000000E+02    -0.15297021E+00     0.50000001E-01     0.50000001E-01     0.55517568E-02     131     0.12008118E-01
 0.57999988E+01     0.11991229E+01     0.11872853E-01     0.12000000E+02    -0.15297364E+00     0.50000001E-01     0.50000001E-01     0.55946540E-02     131     0.12008118E-01
 0.58999996E+01     0.12104688E+01     0.11915316E-01     0.12000000E+02    -0.15297064E+00     0.50000001E-01     0.50000001E-01     0.56383144E-02     131     0.12008118E-01
 0.60000000E+01     0.12217828E+01     0.11958607E-01     0.12000000E+02    -0.15296103E+00     0.50000001E-01     0.50000001E-01     0.56828451E-02     131     0.12008118E-01
 0.60999975E+01     0.12330642E+01     0.12002456E-01     0.12000000E+02    -0.15294515E+00     0.50000001E-01     0.50000001E-01     0.57283621E-02     132     0.13890646E-01
 0.61999984E+01     0.12443135E+01     0.12046997E-01     0.12000000E+02    -0.15292282E+00     0.50000001E-01     0.50000001E-01     0.57743606E-02     132     0.13890646E-01
 0.62999992E+01     0.12555331E+01     0.12092232E-01     0.12000000E+02    -0.15289405E+00     0.50000001E-01     0.50000001E-01     0.58211228E-02     132     0.13890646E-01
 0.64000001E+01     0.12664062E+01     0.12155753E-01     0.12000000E+02    -0.15280136E+00     0.48871525E-01     0.50000001E-01     0.58808271E-02     132     0.13890646E-01
 0.65000010E+01     0.12773249E+01     0.12215165E-01     0.12000000E+02    -0.15271753E+00     0.47845989E-01     0.50000001E-01     0.59369053E-02     132     0.13890646E-01
 0.65999980E+01     0.12882619E+01     0.12271896E-01     0.12000000E+02    -0.15263627E+00     0.47246706E-01     0.50000001E-01     0.59926040E-02     132     0.13890646E-01
 0.66999989E+01     0.12990620E+01     0.12334734E-01     0.12000000E+02    -0.15252917E+00     0.46408027E-01     0.50000001E-01     0.60535790E-02     133     0.15949279E-01
 0.67999997E+01     0.13098474E+01     0.12396670E-01     0.12000000E+02    -0.15241970E+00     0.45791768E-01     0.50000001E-01     0.61138864E-02     133     0.15949279E-01
 0.69000006E+01     0.13204864E+01     0.12465119E-01     0.12000000E+02    -0.15228234E+00     0.45020003E-01     0.50000001E-01     0.61793872E-02     133     0.15949279E-01
 0.69999981E+01     0.13310556E+01     0.12535277E-01     0.12000000E+02    -0.15213229E+00     0.44239342E-01     0.50000001E-01     0.62463921E-02     133     0.15949279E-01
 0.70999990E+01     0.13411295E+01     0.12630122E-01     0.12000000E+02    -0.15189208E+00     0.41610312E-01     0.50000001E-01     0.63304803E-02     133     0.15949279E-01
 0.71999998E+01     0.13516811E+01     0.12697188E-01     0.12000000E+02    -0.15173735E+00     0.40961515E-01     0.50000001E-01     0.63960995E-02     133     0.15949279E-01
 0.73000002E+01     0.13621689E+01     0.12766165E-01     0.12000000E+02    -0.15157050E+00     0.40401634E-01     0.50000001E-01     0.64640814E-02     134     0.18196480E-01
 0.73999977E+01     0.13725629E+01     0.12837216E-01     0.12000000E+02    -0.15138724E+00     0.39832506E-01     0.50000001E-01     0.65333815E-02     134     0.18196480E-01
 0.74999986E+01     0.13828870E+01     0.12910243E-01     0.12000000E+02    -0.15119185E+00     0.39278992E-01     0.50000001E-01     0.66045728E-02     134     0.18196480E-01
 0.75999994E+01     0.13931631E+01     0.12983522E-01     0.12000000E+02    -0.15098563E+00     0.38660955E-01     0.50000001E-01     0.66762823E-02     134     0.18196480E-01
 0.77000003E+01     0.14034270E+01     0.13056012E-01     0.12000000E+02    -0.15077773E+00     0.37965000E-01     0.50000001E-01     0.67476300E-02     134     0.18196480E-01
 0.77999973E+01     0.14136813E+01     0.13126341E-01     0.12000000E+02    -0.15056582E+00     0.37453782E-01     0.50000001E-01     0.68173259E-02     134     0.18196480E-01
 0.79999990E+01     0.14330672E+01     0.13307407E-01     0.12000000E+02    -0.14993794E+00     0.35170767E-01     0.50000001E-01     0.69904374E-02     135     0.20647235E-01
 0.81000004E+01     0.14428384E+01     0.13386748E-01     0.12000000E+02    -0.14963667E+00     0.34712464E-01     0.50000001E-01     0.70687071E-02     135     0.20647235E-01
 0.82000008E+01     0.14525402E+01     0.13466951E-01     0.12000000E+02    -0.14932069E+00     0.34226369E-01     0.50000001E-01     0.71482048E-02     135     0.20647235E-01
 0.82999983E+01     0.14621350E+01     0.13547201E-01     0.12000000E+02    -0.14898582E+00     0.33640634E-01     0.50000001E-01     0.72279070E-02     135     0.20647235E-01
 0.83999987E+01     0.14717383E+01     0.13622916E-01     0.12000000E+02    -0.14865024E+00     0.33250131E-01     0.50000001E-01     0.73042572E-02     135     0.20647235E-01
 0.85000000E+01     0.14811989E+01     0.13700467E-01     0.12000000E+02    -0.14828736E+00     0.32892834E-01     0.50000001E-01     0.73831170E-02     136     0.23319028E-01
 0.86000004E+01     0.14905002E+01     0.13780824E-01     0.12000000E+02    -0.14789638E+00     0.32493517E-01     0.50000001E-01     0.74642398E-02     136     0.23319028E-01
 0.86999979E+01     0.14996455E+01     0.13863782E-01     0.12000000E+02    -0.14747509E+00     0.32087617E-01     0.50000001E-01     0.75479732E-02     136     0.23319028E-01
 0.87999983E+01     0.15087366E+01     0.13946148E-01     0.12000000E+02    -0.14704397E+00     0.31787749E-01     0.50000001E-01     0.76316348E-02     136     0.23319028E-01
 0.88999996E+01     0.15176276E+01     0.14034579E-01     0.12000000E+02    -0.14657693E+00     0.31413067E-01     0.50000001E-01     0.77208313E-02     136     0.23319028E-01
 0.90000000E+01     0.15253390E+01     0.14164102E-01     0.12000000E+02    -0.14589566E+00     0.29982248E-01     0.50000001E-01     0.78434497E-02     136     0.23319028E-01
 0.90999975E+01     0.15339528E+01     0.14254758E-01     0.12000000E+02    -0.14537808E+00     0.29601121E-01     0.50000001E-01     0.79352343E-02     136     0.23319028E-01
 0.91999989E+01     0.15424598E+01     0.14345068E-01     0.12000000E+02    -0.14483848E+00     0.29224658E-01     0.50000001E-01     0.80277612E-02     137     0.26232461E-01
 0.92999992E+01     0.15506899E+01     0.14435558E-01     0.12000000E+02    -0.14424688E+00     0.28971847E-01     0.50000001E-01     0.81205443E-02     137     0.26232461E-01
 0.94000006E+01     0.15554504E+01     0.14522275E-01     0.12000000E+02    -0.14294735E+00     0.28603753E-01     0.50000001E-01     0.82115959E-02     137     0.26232461E-01
 0.94999971E+01     0.15574391E+01     0.14599369E-01     0.12000000E+02    -0.14108191E+00     0.28502129E-01     0.50000001E-01     0.82965847E-02     137     0.26232461E-01
 0.95999985E+01     0.15628697E+01     0.14704061E-01     0.12000000E+02    -0.13993569E+00     0.28196942E-01     0.50000001E-01     0.84055262E-02     137     0.26232461E-01
 0.96999989E+01     0.15699298E+01     0.14826459E-01     0.12000000E+02    -0.13913175E+00     0.27907491E-01     0.50000001E-01     0.85309530E-02     137     0.26232461E-01
 0.98000002E+01     0.15774307E+01     0.14951176E-01     0.12000000E+02    -0.13842256E+00     0.27663566E-01     0.50000001E-01     0.86587686E-02     137     0.26232461E-01
 0.99000006E+01     0.15850339E+01     0.15081340E-01     0.12000000E+02    -0.13774231E+00     0.27376123E-01     0.50000001E-01     0.87913442E-02     137     0.26232461E-01
 0.99999981E+01     0.15926125E+01     0.15215719E-01     0.12000000E+02    -0.13706349E+00     0.27089991E-01     0.50000001E-01     0.89283679E-02     138     0.29411485E-01
 0.10099998E+02     0.15999502E+01     0.15354472E-01     0.12000000E+02    -0.13634498E+00     0.26812458E-01     0.50000001E-01     0.90697613E-02     138     0.29411485E-01
 0.10200000E+02     0.16071880E+01     0.15496201E-01     0.12000000E+02    -0.13561371E+00     0.26556253E-01     0.50000001E-01     0.92142131E-02     138     0.29411485E-01
 0.10300000E+02     0.16135836E+01     0.15672496E-01     0.12000000E+02    -0.13474421E+00     0.25357878E-01     0.50000001E-01     0.93888147E-02     138     0.29411485E-01
 0.10399998E+02     0.16217836E+01     0.15782770E-01     0.12000000E+02    -0.13419418E+00     0.25915762E-01     0.50000001E-01     0.95068067E-02     138     0.29411485E-01
 0.10499999E+02     0.16280314E+01     0.15959891E-01     0.12000000E+02    -0.13330738E+00     0.24900615E-01     0.50000001E-01     0.96840784E-02     138     0.29411485E-01
 0.10599999E+02     0.16349525E+01     0.16110973E-01     0.12000000E+02    -0.13254495E+00     0.24679022E-01     0.50000001E-01     0.98395031E-02     138     0.29411485E-01
 0.10700000E+02     0.16419008E+01     0.16266054E-01     0.12000000E+02    -0.13179490E+00     0.24437442E-01     0.50000001E-01     0.99987760E-02     138     0.29411485E-01
 0.10799997E+02     0.16487836E+01     0.16423628E-01     0.12000000E+02    -0.13103724E+00     0.24251364E-01     0.50000001E-01     0.10161348E-01     139     0.32884005E-01
 0.10899999E+02     0.16552267E+01     0.16590815E-01     0.12000000E+02    -0.13021249E+00     0.24070121E-01     0.50000001E-01     0.10333511E-01     139     0.32884005E-01
 0.10999999E+02     0.16615641E+01     0.16765792E-01     0.12000000E+02    -0.12937817E+00     0.23840010E-01     0.50000001E-01     0.10513144E-01     139     0.32884005E-01
 0.11100000E+02     0.16680735E+01     0.16940143E-01     0.12000000E+02    -0.12858212E+00     0.23671471E-01     0.50000001E-01     0.10692300E-01     139     0.32884005E-01
 0.11200001E+02     0.16739924E+01     0.17130375E-01     0.12000000E+02    -0.12769455E+00     0.23475882E-01     0.50000001E-01     0.10887606E-01     139     0.32884005E-01
 0.11299998E+02     0.16796547E+01     0.17330686E-01     0.12000000E+02    -0.12677456E+00     0.23199264E-01     0.50000001E-01     0.11092966E-01     139     0.32884005E-01
 0.11399999E+02     0.16858931E+01     0.17518114E-01     0.12000000E+02    -0.12596074E+00     0.23107931E-01     0.50000001E-01     0.11286503E-01     139     0.32884005E-01
 0.11500000E+02     0.16913301E+01     0.17731305E-01     0.12000000E+02    -0.12502623E+00     0.22813467E-01     0.50000001E-01     0.11505340E-01     139     0.32884005E-01
 0.11600000E+02     0.16968843E+01     0.17940342E-01     0.12000000E+02    -0.12411854E+00     0.22703752E-01     0.50000001E-01     0.11721633E-01     139     0.32884005E-01
 0.11699998E+02     0.17014118E+01     0.18199405E-01     0.12000000E+02    -0.12307375E+00     0.21780236E-01     0.50000001E-01     0.11984490E-01     140     0.36681708E-01
 0.11799999E+02     0.17066343E+01     0.18425662E-01     0.12000000E+02    -0.12214345E+00     0.21718401E-01     0.50000001E-01     0.12218977E-01     140     0.36681708E-01
 0.11900000E+02     0.17116065E+01     0.18668398E-01     0.12000000E+02    -0.12118805E+00     0.21530531E-01     0.50000001E-01     0.12469390E-01     140     0.36681708E-01
 0.12000000E+02     0.17178665E+01     0.18864611E-01     0.12000000E+02    -0.12044238E+00     0.22001678E-01     0.50000001E-01     0.12676477E-01     140     0.36681708E-01
 0.12099998E+02     0.17208560E+01     0.19190215E-01     0.12000000E+02    -0.11922656E+00     0.21198941E-01     0.50000001E-01     0.13007889E-01     140     0.36681708E-01
 0.12199999E+02     0.17254276E+01     0.19463105E-01     0.12000000E+02    -0.11826448E+00     0.21063747E-01     0.50000001E-01     0.13289396E-01     140     0.36681708E-01
 0.12299999E+02     0.17289748E+01     0.19776069E-01     0.12000000E+02    -0.11717264E+00     0.20868000E-01     0.50000001E-01     0.13611836E-01     140     0.36681708E-01
 0.12400001E+02     0.17330890E+01     0.20079887E-01     0.12000000E+02    -0.11618961E+00     0.20754429E-01     0.50000001E-01     0.13925367E-01     140     0.36681708E-01
 0.12499997E+02     0.17362534E+01     0.20422649E-01     0.12000000E+02    -0.11509475E+00     0.20641414E-01     0.50000001E-01     0.14279027E-01     140     0.36681708E-01
 0.12599998E+02     0.17394153E+01     0.20780023E-01     0.12000000E+02    -0.11403294E+00     0.20473614E-01     0.50000001E-01     0.14647562E-01     141     0.40840175E-01
 0.12699999E+02     0.17418364E+01     0.21176193E-01     0.12000000E+02    -0.11290438E+00     0.20317221E-01     0.50000001E-01     0.15055652E-01     141     0.40840175E-01
 0.12800000E+02     0.17441560E+01     0.21587919E-01     0.12000000E+02    -0.11179809E+00     0.20221485E-01     0.50000001E-01     0.15480220E-01     141     0.40840175E-01
 0.12900001E+02     0.17461724E+01     0.22031384E-01     0.12000000E+02    -0.11069837E+00     0.20072155E-01     0.50000001E-01     0.15936920E-01     141     0.40840175E-01
 0.12999998E+02     0.17473303E+01     0.22525096E-01     0.12000000E+02    -0.10954133E+00     0.19898234E-01     0.50000001E-01     0.16445570E-01     141     0.40840175E-01
 0.13099999E+02     0.17481638E+01     0.23055431E-01     0.12000000E+02    -0.10840357E+00     0.19806786E-01     0.50000001E-01     0.16992386E-01     141     0.40840175E-01
 0.13200000E+02     0.17481843E+01     0.23651730E-01     0.12000000E+02    -0.10724186E+00     0.19598031E-01     0.50000001E-01     0.17606357E-01     141     0.40840175E-01
 0.13300000E+02     0.17461733E+01     0.24385409E-01     0.12000000E+02    -0.10595848E+00     0.19029204E-01     0.50000001E-01     0.18359300E-01     141     0.40840175E-01
 0.13399998E+02     0.17467854E+01     0.25001371E-01     0.12000000E+02    -0.10500251E+00     0.19406889E-01     0.50000001E-01     0.18997306E-01     141     0.40840175E-01
 0.13499999E+02     0.17446392E+01     0.25816577E-01     0.12000000E+02    -0.10389429E+00     0.19318376E-01     0.50000001E-01     0.19837126E-01     141     0.40840175E-01
 0.13599999E+02     0.17394378E+01     0.26874615E-01     0.12000000E+02    -0.10267384E+00     0.18796135E-01     0.50000001E-01     0.20922501E-01     141     0.40840175E-01
 0.13700001E+02     0.17335392E+01     0.28045619E-01     0.12000000E+02    -0.10157546E+00     0.18685818E-01     0.50000001E-01     0.22127023E-01     141     0.40840175E-01
 0.13799997E+02     0.17303809E+01     0.29092820E-01     0.12000000E+02    -0.10079764E+00     0.19187352E-01     0.50000001E-01     0.23208141E-01     141     0.40840175E-01
 0.13899999E+02     0.17174170E+01     0.30983720E-01     0.12000000E+02    -0.99754252E-01     0.18626262E-01     0.50000001E-01     0.25146157E-01     141     0.40840175E-01
 0.13999999E+02     0.17080671E+01     0.32730319E-01     0.12000000E+02    -0.99159405E-01     0.19047970E-01     0.50000001E-01     0.26942603E-01     141     0.40840175E-01
 0.14100000E+02     0.16907575E+01     0.35374850E-01     0.12000000E+02    -0.98742656E-01     0.19155502E-01     0.50000001E-01     0.29654853E-01     141     0.40840175E-01
 0.14199998E+02     0.16597559E+01     0.39702252E-01     0.12000000E+02    -0.98839730E-01     0.18704193E-01     0.50000001E-01     0.34081142E-01     141     0.40840175E-01
 0.14299998E+02     0.16328517E+01     0.43888215E-01     0.12000000E+02    -0.99378116E-01     0.19360863E-01     0.50000001E-01     0.38365714E-01     141     0.40840175E-01
 0.14400000E+02     0.15799370E+01     0.51035028E-01     0.12000000E+02    -0.10046677E+00     0.19516664E-01     0.50000001E-01     0.45662671E-01     141     0.40840175E-01
 0.15000001E+02     0.13513747E+01     0.81135772E-01     0.12000000E+02    -0.10455619E+00     0.20804970E-01     0.50000001E-01     0.76324530E-01     140     0.36681708E-01
 0.15099998E+02     0.13380358E+01     0.83935827E-01     0.12000000E+02    -0.10548520E+00     0.20789495E-01     0.50000001E-01     0.79167902E-01     140     0.36681708E-01
 0.15199999E+02     0.13344949E+01     0.85472591E-01     0.12000000E+02    -0.10591359E+00     0.20709101E-01     0.50000001E-01     0.80724917E-01     140     0.36681708E-01
 0.15299999E+02     0.13241246E+01     0.88063911E-01     0.12000000E+02    -0.10690734E+00     0.20640302E-01     0.50000001E-01     0.83353333E-01     140     0.36681708E-01
 0.15400001E+02     0.13219213E+01     0.89498073E-01     0.12000000E+02    -0.10736523E+00     0.20581065E-01     0.50000001E-01     0.84806263E-01     140     0.36681708E-01
 0.15499998E+02     0.13203121E+01     0.90866528E-01     0.12000000E+02    -0.10779668E+00     0.20349942E-01     0.50000001E-01     0.86189061E-01     140     0.36681708E-01
 0.15599998E+02     0.13123865E+01     0.93263984E-01     0.12000000E+02    -0.10886593E+00     0.20398699E-01     0.50000001E-01     0.88622525E-01     140     0.36681708E-01
 0.15699999E+02     0.13117440E+01     0.94556391E-01     0.12000000E+02    -0.10931613E+00     0.20268641E-01     0.50000001E-01     0.89928955E-01     140     0.36681708E-01
 0.15800000E+02     0.13124824E+01     0.95677763E-01     0.12000000E+02    -0.10972725E+00     0.20275868E-01     0.50000001E-01     0.91064431E-01     140     0.36681708E-01
 0.15899998E+02     0.13038589E+01     0.98205499E-01     0.12000000E+02    -0.11093463E+00     0.19729020E-01     0.50000001E-01     0.93621358E-01     140     0.36681708E-01
 0.15999998E+02     0.13076991E+01     0.99015556E-01     0.12000000E+02    -0.11122974E+00     0.20510681E-01     0.50000001E-01     0.94450563E-01     140     0.36681708E-01
 0.16099998E+02     0.13064581E+01     0.10036635E+00     0.12000000E+02    -0.11178110E+00     0.19807110E-01     0.50000001E-01     0.95808990E-01     140     0.36681708E-01
 0.16200001E+02     0.13018887E+01     0.10239516E+00     0.12000000E+02    -0.11279675E+00     0.19777680E-01     0.50000001E-01     0.97865425E-01     140     0.36681708E-01
 0.16300001E+02     0.13018732E+01     0.10370161E+00     0.12000000E+02    -0.11340134E+00     0.19547530E-01     0.50000001E-01     0.99186391E-01     140     0.36681708E-01
 0.16399998E+02     0.13029311E+01     0.10479496E+00     0.12000000E+02    -0.11385361E+00     0.19216137E-01     0.50000001E-01     0.10029035E+00     140     0.36681708E-01
 0.16499998E+02     0.13040243E+01     0.10588059E+00     0.12000000E+02    -0.11434042E+00     0.18840168E-01     0.50000001E-01     0.10138528E+00     140     0.36681708E-01
 0.16600000E+02     0.12999008E+01     0.10791502E+00     0.12000000E+02    -0.11543901E+00     0.18743258E-01     0.50000001E-01     0.10344665E+00     140     0.36681708E-01
 0.16700001E+02     0.13026880E+01     0.10890064E+00     0.12000000E+02    -0.11592947E+00     0.19261794E-01     0.50000001E-01     0.10444907E+00     141     0.40840175E-01
