  
       RFOIL         Version 3.00
  
 Calculated polar for: OSO_2025_WT2_T36                
  
 1  Reynolds number fixed
  
 xtrf =      0.05000000 (suction)     0.05000000 (pressure)
 Rot. Parameters:  f0 =      1.00000000 c/r =      0.00000000
 Mach =      0.00000000     Re =      2.00000000 e 6     Ncrit =      3.00000000
  
             alpha                CL                CD            Re(CL)                CM             S_xtr             P_xtr               CDp            I_stag            X_stag
  ------- -------- --------- --------- -------- ------- ------- -------- 
-0.18300001E+02    -0.50470495E+00     0.14889140E+00     0.20000000E+01     0.23140747E-03     0.50000001E-01     0.50000001E-01     0.14266044E+00      87     0.25025984E-01
-0.18200001E+02    -0.49930489E+00     0.14822574E+00     0.20000000E+01    -0.52345858E-03     0.50000001E-01     0.50000001E-01     0.14198384E+00      87     0.25025984E-01
-0.18100002E+02    -0.49429226E+00     0.14757250E+00     0.20000000E+01    -0.11913923E-02     0.50000001E-01     0.50000001E-01     0.14132242E+00      88     0.22837475E-01
-0.18000000E+02    -0.48899981E+00     0.14690830E+00     0.20000000E+01    -0.18643414E-02     0.50000001E-01     0.50000001E-01     0.14064743E+00      88     0.22837475E-01
-0.17900000E+02    -0.48320052E+00     0.14622299E+00     0.20000000E+01    -0.26154532E-02     0.50000001E-01     0.50000001E-01     0.13994940E+00      88     0.22837475E-01
-0.17800001E+02    -0.47846934E+00     0.14546765E+00     0.20000000E+01    -0.33555836E-02     0.50000001E-01     0.50000001E-01     0.13918468E+00      88     0.22837475E-01
-0.17700001E+02    -0.47297803E+00     0.14478263E+00     0.20000000E+01    -0.40234127E-02     0.50000001E-01     0.50000001E-01     0.13848715E+00      88     0.22837475E-01
-0.17600000E+02    -0.46854639E+00     0.14384292E+00     0.20000000E+01    -0.48479023E-02     0.50000001E-01     0.50000001E-01     0.13753183E+00      88     0.22837475E-01
-0.17500000E+02    -0.46405151E+00     0.14303643E+00     0.20000000E+01    -0.56202505E-02     0.50000001E-01     0.50000001E-01     0.13671742E+00      88     0.22837475E-01
-0.17400002E+02    -0.45839009E+00     0.14240056E+00     0.20000000E+01    -0.62393569E-02     0.50000001E-01     0.50000001E-01     0.13606626E+00      89     0.20777214E-01
-0.17300001E+02    -0.45369050E+00     0.14168315E+00     0.20000000E+01    -0.69536334E-02     0.50000001E-01     0.50000001E-01     0.13534461E+00      89     0.20777214E-01
-0.17200001E+02    -0.44785777E+00     0.14105406E+00     0.20000000E+01    -0.75828433E-02     0.50000001E-01     0.50000001E-01     0.13470200E+00      89     0.20777214E-01
-0.17100000E+02    -0.44257948E+00     0.14037238E+00     0.20000000E+01    -0.82542514E-02     0.50000001E-01     0.50000001E-01     0.13401045E+00      89     0.20777214E-01
-0.17000002E+02    -0.43699992E+00     0.13969837E+00     0.20000000E+01    -0.89293914E-02     0.50000001E-01     0.50000001E-01     0.13332652E+00      89     0.20777214E-01
-0.16900000E+02    -0.43211347E+00     0.13898633E+00     0.20000000E+01    -0.95839426E-02     0.50000001E-01     0.50000001E-01     0.13260607E+00      90     0.18836718E-01
-0.16800001E+02    -0.42678899E+00     0.13825196E+00     0.20000000E+01    -0.10278546E-01     0.50000001E-01     0.50000001E-01     0.13186038E+00      89     0.20777214E-01
-0.16700001E+02    -0.42159611E+00     0.13746601E+00     0.20000000E+01    -0.10987748E-01     0.50000001E-01     0.50000001E-01     0.13105953E+00      90     0.18836718E-01
-0.16600000E+02    -0.41741830E+00     0.13664034E+00     0.20000000E+01    -0.11629141E-01     0.50000001E-01     0.50000001E-01     0.13022378E+00      90     0.18836718E-01
-0.16500000E+02    -0.41244236E+00     0.13587578E+00     0.20000000E+01    -0.12328436E-01     0.50000001E-01     0.50000001E-01     0.12944902E+00      90     0.18836718E-01
-0.16400002E+02    -0.40683782E+00     0.13524365E+00     0.20000000E+01    -0.12973294E-01     0.50000001E-01     0.50000001E-01     0.12880738E+00      90     0.18836718E-01
-0.16300001E+02    -0.40089270E+00     0.13460827E+00     0.20000000E+01    -0.13623428E-01     0.50000001E-01     0.50000001E-01     0.12816037E+00      90     0.18836718E-01
-0.16200001E+02    -0.39523283E+00     0.13396315E+00     0.20000000E+01    -0.14212235E-01     0.50000001E-01     0.50000001E-01     0.12750329E+00      91     0.17008992E-01
-0.16100000E+02    -0.39046973E+00     0.13330159E+00     0.20000000E+01    -0.14832172E-01     0.50000001E-01     0.50000001E-01     0.12683700E+00      91     0.17008992E-01
-0.16000002E+02    -0.38487548E+00     0.13262750E+00     0.20000000E+01    -0.15470469E-01     0.50000001E-01     0.50000001E-01     0.12615259E+00      91     0.17008992E-01
-0.15900001E+02    -0.37942803E+00     0.13185975E+00     0.20000000E+01    -0.16130500E-01     0.50000001E-01     0.50000001E-01     0.12537299E+00      91     0.17008992E-01
-0.15800000E+02    -0.37419343E+00     0.13111050E+00     0.20000000E+01    -0.16748978E-01     0.50000001E-01     0.50000001E-01     0.12461082E+00      91     0.17008992E-01
-0.15700001E+02    -0.36940366E+00     0.13031828E+00     0.20000000E+01    -0.17400047E-01     0.50000001E-01     0.50000001E-01     0.12380869E+00      91     0.17008992E-01
-0.15600002E+02    -0.36438426E+00     0.12950501E+00     0.20000000E+01    -0.18131888E-01     0.50000001E-01     0.50000001E-01     0.12298314E+00      91     0.17008992E-01
-0.15500001E+02    -0.35921416E+00     0.12887250E+00     0.20000000E+01    -0.18677101E-01     0.50000001E-01     0.50000001E-01     0.12234379E+00      91     0.17008992E-01
-0.15400001E+02    -0.35356054E+00     0.12821747E+00     0.20000000E+01    -0.19253362E-01     0.50000001E-01     0.50000001E-01     0.12167825E+00      92     0.15287923E-01
-0.15300001E+02    -0.34816864E+00     0.12751290E+00     0.20000000E+01    -0.19878587E-01     0.50000001E-01     0.50000001E-01     0.12096538E+00      92     0.15287923E-01
-0.15200001E+02    -0.34206069E+00     0.12691107E+00     0.20000000E+01    -0.20465530E-01     0.50000001E-01     0.50000001E-01     0.12035146E+00      92     0.15287923E-01
-0.15100001E+02    -0.33677980E+00     0.12623075E+00     0.20000000E+01    -0.21054380E-01     0.50000001E-01     0.50000001E-01     0.11966380E+00      92     0.15287923E-01
-0.15000001E+02    -0.33175340E+00     0.12555237E+00     0.20000000E+01    -0.21587690E-01     0.50000001E-01     0.50000001E-01     0.11897868E+00      92     0.15287923E-01
-0.14900000E+02    -0.32632494E+00     0.12485106E+00     0.20000000E+01    -0.22211358E-01     0.50000001E-01     0.50000001E-01     0.11826527E+00      92     0.15287923E-01
-0.14800000E+02    -0.32133713E+00     0.12400857E+00     0.20000000E+01    -0.22852274E-01     0.50000001E-01     0.50000001E-01     0.11741205E+00      93     0.13668647E-01
-0.14700002E+02    -0.31655189E+00     0.12317021E+00     0.20000000E+01    -0.23518380E-01     0.50000001E-01     0.50000001E-01     0.11656205E+00      93     0.13668647E-01
-0.14600000E+02    -0.31091920E+00     0.12251228E+00     0.20000000E+01    -0.24082506E-01     0.50000001E-01     0.50000001E-01     0.11589415E+00      93     0.13668647E-01
-0.14500000E+02    -0.30557159E+00     0.12186729E+00     0.20000000E+01    -0.24608294E-01     0.50000001E-01     0.50000001E-01     0.11524215E+00      93     0.13668647E-01
-0.14400001E+02    -0.29963335E+00     0.12124629E+00     0.20000000E+01    -0.25161698E-01     0.50000001E-01     0.50000001E-01     0.11461201E+00      93     0.13668647E-01
-0.14300001E+02    -0.29391927E+00     0.12058457E+00     0.20000000E+01    -0.25750905E-01     0.50000001E-01     0.50000001E-01     0.11394076E+00      93     0.13668647E-01
-0.14200001E+02    -0.28841937E+00     0.11990152E+00     0.20000000E+01    -0.26298992E-01     0.50000001E-01     0.50000001E-01     0.11324890E+00      94     0.12147127E-01
-0.14100001E+02    -0.28284520E+00     0.11926626E+00     0.20000000E+01    -0.26806425E-01     0.50000001E-01     0.50000001E-01     0.11260454E+00      94     0.12147127E-01
-0.14000001E+02    -0.27734452E+00     0.11856622E+00     0.20000000E+01    -0.27379299E-01     0.50000001E-01     0.50000001E-01     0.11189412E+00      94     0.12147127E-01
-0.13900002E+02    -0.27225339E+00     0.11779191E+00     0.20000000E+01    -0.27993059E-01     0.50000001E-01     0.50000001E-01     0.11110925E+00      94     0.12147127E-01
-0.13800001E+02    -0.26736930E+00     0.11697862E+00     0.20000000E+01    -0.28579909E-01     0.50000001E-01     0.50000001E-01     0.11028478E+00      94     0.12147127E-01
-0.13700001E+02    -0.26192725E+00     0.11629277E+00     0.20000000E+01    -0.29126931E-01     0.50000001E-01     0.50000001E-01     0.10959015E+00      95     0.10720035E-01
-0.13600001E+02    -0.25633213E+00     0.11565588E+00     0.20000000E+01    -0.29614331E-01     0.50000001E-01     0.50000001E-01     0.10894541E+00      94     0.12147127E-01
-0.13500001E+02    -0.25068122E+00     0.11500103E+00     0.20000000E+01    -0.30129910E-01     0.50000001E-01     0.50000001E-01     0.10828195E+00      94     0.12147127E-01
-0.13400001E+02    -0.24486347E+00     0.11435950E+00     0.20000000E+01    -0.30687941E-01     0.50000001E-01     0.50000001E-01     0.10763175E+00      95     0.10720035E-01
-0.13300000E+02    -0.23918399E+00     0.11371562E+00     0.20000000E+01    -0.31179080E-01     0.50000001E-01     0.50000001E-01     0.10697931E+00      95     0.10720035E-01
-0.13200001E+02    -0.23345420E+00     0.11307033E+00     0.20000000E+01    -0.31696200E-01     0.50000001E-01     0.50000001E-01     0.10632504E+00      96     0.93848221E-02
-0.13100000E+02    -0.22812942E+00     0.11235802E+00     0.20000000E+01    -0.32254145E-01     0.50000001E-01     0.50000001E-01     0.10560580E+00      95     0.10720035E-01
-0.13000001E+02    -0.22280794E+00     0.11162219E+00     0.20000000E+01    -0.32795601E-01     0.50000001E-01     0.50000001E-01     0.10485984E+00      95     0.10720035E-01
-0.12900001E+02    -0.21776260E+00     0.11085578E+00     0.20000000E+01    -0.33323001E-01     0.50000001E-01     0.50000001E-01     0.10408124E+00      96     0.93848221E-02
-0.12800001E+02    -0.21255913E+00     0.11013085E+00     0.20000000E+01    -0.33827081E-01     0.50000001E-01     0.50000001E-01     0.10334835E+00      96     0.93848221E-02
-0.12700001E+02    -0.20659195E+00     0.10951607E+00     0.20000000E+01    -0.34327574E-01     0.50000001E-01     0.50000001E-01     0.10272519E+00      96     0.93848221E-02
-0.12600001E+02    -0.20083642E+00     0.10886902E+00     0.20000000E+01    -0.34826703E-01     0.50000001E-01     0.50000001E-01     0.10207022E+00      96     0.93848221E-02
-0.12500001E+02    -0.19525996E+00     0.10823084E+00     0.20000000E+01    -0.35285085E-01     0.50000001E-01     0.50000001E-01     0.10142467E+00      96     0.93848221E-02
-0.12400002E+02    -0.18915981E+00     0.10761847E+00     0.20000000E+01    -0.35776783E-01     0.50000001E-01     0.50000001E-01     0.10080258E+00      96     0.93848221E-02
-0.12300001E+02    -0.18381663E+00     0.10694240E+00     0.20000000E+01    -0.36262497E-01     0.50000001E-01     0.50000001E-01     0.10012086E+00      97     0.81395451E-02
-0.12200001E+02    -0.17807677E+00     0.10629688E+00     0.20000000E+01    -0.36743637E-01     0.50000001E-01     0.50000001E-01     0.99466369E-01      97     0.81395451E-02
-0.12100001E+02    -0.17259669E+00     0.10558785E+00     0.20000000E+01    -0.37255671E-01     0.50000001E-01     0.50000001E-01     0.98747618E-01      97     0.81395451E-02
-0.12000000E+02    -0.16743042E+00     0.10484132E+00     0.20000000E+01    -0.37762534E-01     0.50000001E-01     0.50000001E-01     0.97992174E-01      97     0.81395451E-02
-0.11900001E+02    -0.16230680E+00     0.10408853E+00     0.20000000E+01    -0.38264930E-01     0.50000001E-01     0.50000001E-01     0.97229272E-01      97     0.81395451E-02
-0.11800000E+02    -0.15674099E+00     0.10344762E+00     0.20000000E+01    -0.38705379E-01     0.50000001E-01     0.50000001E-01     0.96582353E-01      98     0.69827633E-02
-0.11700001E+02    -0.15081055E+00     0.10278372E+00     0.20000000E+01    -0.39163094E-01     0.50000001E-01     0.50000001E-01     0.95910043E-01      98     0.69827633E-02
-0.11600000E+02    -0.14504051E+00     0.10218247E+00     0.20000000E+01    -0.39633539E-01     0.50000001E-01     0.50000001E-01     0.95302574E-01      98     0.69827633E-02
-0.11500001E+02    -0.13900225E+00     0.10156974E+00     0.20000000E+01    -0.40067460E-01     0.50000001E-01     0.50000001E-01     0.94680488E-01      98     0.69827633E-02
-0.11400001E+02    -0.13330053E+00     0.10091028E+00     0.20000000E+01    -0.40522680E-01     0.50000001E-01     0.50000001E-01     0.94014429E-01      98     0.69827633E-02
-0.11300001E+02    -0.12745696E+00     0.10027666E+00     0.20000000E+01    -0.40984355E-01     0.50000001E-01     0.50000001E-01     0.93373045E-01      98     0.69827633E-02
-0.11200001E+02    -0.12206887E+00     0.99628329E-01     0.20000000E+01    -0.41417088E-01     0.50000001E-01     0.50000001E-01     0.92715912E-01      98     0.69827633E-02
-0.11100001E+02    -0.11701100E+00     0.98857641E-01     0.20000000E+01    -0.41906845E-01     0.50000001E-01     0.50000001E-01     0.91935515E-01      99     0.59136827E-02
-0.11000001E+02    -0.11165007E+00     0.98095752E-01     0.20000000E+01    -0.42392492E-01     0.50000001E-01     0.50000001E-01     0.91164574E-01      99     0.59136827E-02
-0.10900001E+02    -0.10591245E+00     0.97492591E-01     0.20000000E+01    -0.42822793E-01     0.50000001E-01     0.50000001E-01     0.90554751E-01      99     0.59136827E-02
-0.10800001E+02    -0.99920399E-01     0.96897319E-01     0.20000000E+01    -0.43226611E-01     0.50000001E-01     0.50000001E-01     0.89952126E-01      99     0.59136827E-02
-0.10700001E+02    -0.94196573E-01     0.96271917E-01     0.20000000E+01    -0.43631326E-01     0.50000001E-01     0.50000001E-01     0.89320168E-01      99     0.59136827E-02
-0.10600001E+02    -0.88304289E-01     0.95667116E-01     0.20000000E+01    -0.44056792E-01     0.50000001E-01     0.50000001E-01     0.88709131E-01      99     0.59136827E-02
-0.10500001E+02    -0.82336299E-01     0.95065817E-01     0.20000000E+01    -0.44464581E-01     0.50000001E-01     0.50000001E-01     0.88100329E-01      99     0.59136827E-02
-0.10400002E+02    -0.76526694E-01     0.94427362E-01     0.20000000E+01    -0.44901237E-01     0.50000001E-01     0.50000001E-01     0.87453634E-01     100     0.49317535E-02
-0.10300000E+02    -0.70979491E-01     0.93743168E-01     0.20000000E+01    -0.45355514E-01     0.50000001E-01     0.50000001E-01     0.86762078E-01     100     0.49317535E-02
-0.10200001E+02    -0.65688685E-01     0.93033664E-01     0.20000000E+01    -0.45775484E-01     0.50000001E-01     0.50000001E-01     0.86044043E-01     100     0.49317535E-02
-0.10100000E+02    -0.60571708E-01     0.92290580E-01     0.20000000E+01    -0.46208829E-01     0.50000001E-01     0.50000001E-01     0.85291430E-01     100     0.49317535E-02
-0.10000001E+02    -0.54641332E-01     0.91688700E-01     0.20000000E+01    -0.46617087E-01     0.50000001E-01     0.50000001E-01     0.84682770E-01     100     0.49317535E-02
-0.99000006E+01    -0.48711389E-01     0.91079734E-01     0.20000000E+01    -0.47019374E-01     0.50000001E-01     0.50000001E-01     0.84067136E-01     100     0.49317535E-02
-0.98000011E+01    -0.42651795E-01     0.90502635E-01     0.20000000E+01    -0.47402233E-01     0.50000001E-01     0.50000001E-01     0.83483741E-01     101     0.40368550E-02
-0.97000008E+01    -0.37046000E-01     0.89882709E-01     0.20000000E+01    -0.47775220E-01     0.50000001E-01     0.50000001E-01     0.82858637E-01     101     0.40368550E-02
-0.96000013E+01    -0.30931022E-01     0.89284353E-01     0.20000000E+01    -0.48178509E-01     0.50000001E-01     0.50000001E-01     0.82252234E-01     101     0.40368550E-02
-0.95000010E+01    -0.25191179E-01     0.88663414E-01     0.20000000E+01    -0.48562266E-01     0.50000001E-01     0.50000001E-01     0.81625536E-01     101     0.40368550E-02
-0.94000006E+01    -0.19565698E-01     0.88004529E-01     0.20000000E+01    -0.48975635E-01     0.50000001E-01     0.50000001E-01     0.80959029E-01     101     0.40368550E-02
-0.93000011E+01    -0.14383573E-01     0.87273605E-01     0.20000000E+01    -0.49378499E-01     0.50000001E-01     0.50000001E-01     0.80218934E-01     101     0.40368550E-02
-0.91999998E+01    -0.90147201E-02     0.86594798E-01     0.20000000E+01    -0.49792252E-01     0.50000001E-01     0.50000001E-01     0.79532601E-01     102     0.32292409E-02
-0.91000013E+01    -0.30699880E-02     0.85982420E-01     0.20000000E+01    -0.50172765E-01     0.50000001E-01     0.50000001E-01     0.78913376E-01     102     0.32292409E-02
-0.90000000E+01     0.28371783E-02     0.85405484E-01     0.20000000E+01    -0.50510336E-01     0.50000001E-01     0.50000001E-01     0.78330576E-01     102     0.32292409E-02
-0.89000015E+01     0.89260554E-02     0.84820293E-01     0.20000000E+01    -0.50892271E-01     0.50000001E-01     0.50000001E-01     0.77739060E-01     102     0.32292409E-02
-0.88000002E+01     0.14842674E-01     0.84241219E-01     0.20000000E+01    -0.51238663E-01     0.50000001E-01     0.50000001E-01     0.77154763E-01     102     0.32292409E-02
-0.87000017E+01     0.20913946E-01     0.83649941E-01     0.20000000E+01    -0.51607631E-01     0.50000001E-01     0.50000001E-01     0.76556779E-01     102     0.32292409E-02
-0.86000004E+01     0.26664184E-01     0.83036073E-01     0.20000000E+01    -0.51968858E-01     0.50000001E-01     0.50000001E-01     0.75936943E-01     102     0.32292409E-02
-0.85000019E+01     0.32377902E-01     0.82413003E-01     0.20000000E+01    -0.52339997E-01     0.50000001E-01     0.50000001E-01     0.75306512E-01     103     0.25093697E-02
-0.84000006E+01     0.37448309E-01     0.81688404E-01     0.20000000E+01    -0.52708570E-01     0.50000001E-01     0.50000001E-01     0.74574232E-01     103     0.25093697E-02
-0.83000011E+01     0.42987950E-01     0.81016727E-01     0.20000000E+01    -0.53088263E-01     0.50000001E-01     0.50000001E-01     0.73893979E-01     103     0.25093697E-02
-0.82000008E+01     0.48966959E-01     0.80458850E-01     0.20000000E+01    -0.53429563E-01     0.50000001E-01     0.50000001E-01     0.73330849E-01     103     0.25093697E-02
-0.81000013E+01     0.54854561E-01     0.79881169E-01     0.20000000E+01    -0.53757112E-01     0.50000001E-01     0.50000001E-01     0.72748549E-01     103     0.25093697E-02
-0.80000010E+01     0.61027013E-01     0.79328574E-01     0.20000000E+01    -0.54089945E-01     0.50000001E-01     0.50000001E-01     0.72189480E-01     103     0.25093697E-02
-0.79000001E+01     0.67042954E-01     0.78754097E-01     0.20000000E+01    -0.54426260E-01     0.50000001E-01     0.50000001E-01     0.71610108E-01     103     0.25093697E-02
-0.78000011E+01     0.72873384E-01     0.78162231E-01     0.20000000E+01    -0.54758552E-01     0.50000001E-01     0.50000001E-01     0.71012564E-01     104     0.18779053E-02
-0.77000003E+01     0.78650206E-01     0.77548727E-01     0.20000000E+01    -0.55082489E-01     0.50000001E-01     0.50000001E-01     0.70393130E-01     104     0.18779053E-02
-0.76000009E+01     0.84308274E-01     0.76919705E-01     0.20000000E+01    -0.55426076E-01     0.50000001E-01     0.50000001E-01     0.69756918E-01     104     0.18779053E-02
-0.75000005E+01     0.89678518E-01     0.76243758E-01     0.20000000E+01    -0.55793345E-01     0.50000001E-01     0.50000001E-01     0.69072731E-01     104     0.18779053E-02
-0.74000010E+01     0.95271006E-01     0.75615369E-01     0.20000000E+01    -0.56129482E-01     0.50000001E-01     0.50000001E-01     0.68437956E-01     104     0.18779053E-02
-0.73000002E+01     0.10133856E+00     0.75049683E-01     0.20000000E+01    -0.56441259E-01     0.50000001E-01     0.50000001E-01     0.67867093E-01     104     0.18779053E-02
-0.72000012E+01     0.10741049E+00     0.74497595E-01     0.20000000E+01    -0.56745380E-01     0.50000001E-01     0.50000001E-01     0.67309842E-01     105     0.13357622E-02
-0.71000004E+01     0.11345176E+00     0.73970295E-01     0.20000000E+01    -0.57049789E-01     0.50000001E-01     0.50000001E-01     0.66777706E-01     105     0.13357622E-02
-0.70000014E+01     0.11950939E+00     0.73416889E-01     0.20000000E+01    -0.57351660E-01     0.50000001E-01     0.50000001E-01     0.66219255E-01     105     0.13357622E-02
-0.69000006E+01     0.12544020E+00     0.72830193E-01     0.20000000E+01    -0.57663750E-01     0.50000001E-01     0.50000001E-01     0.65627240E-01     105     0.13357622E-02
-0.68000016E+01     0.13120358E+00     0.72239049E-01     0.20000000E+01    -0.57965182E-01     0.50000001E-01     0.50000001E-01     0.65030165E-01     105     0.13357622E-02
-0.67000008E+01     0.13659652E+00     0.71598381E-01     0.20000000E+01    -0.58287539E-01     0.50000001E-01     0.50000001E-01     0.64382590E-01     105     0.13357622E-02
-0.66000018E+01     0.14186150E+00     0.70917740E-01     0.20000000E+01    -0.58622453E-01     0.50000001E-01     0.50000001E-01     0.63694656E-01     105     0.13357622E-02
-0.65000010E+01     0.14774814E+00     0.70368521E-01     0.20000000E+01    -0.58901023E-01     0.50000001E-01     0.50000001E-01     0.63140534E-01     106     0.88392844E-03
-0.64000001E+01     0.15388329E+00     0.69834657E-01     0.20000000E+01    -0.59191592E-01     0.50000001E-01     0.50000001E-01     0.62601931E-01     106     0.88392844E-03
-0.63000011E+01     0.15995555E+00     0.69297269E-01     0.20000000E+01    -0.59463665E-01     0.50000001E-01     0.50000001E-01     0.62060080E-01     106     0.88392844E-03
-0.62000003E+01     0.16604374E+00     0.68782553E-01     0.20000000E+01    -0.59738364E-01     0.50000001E-01     0.50000001E-01     0.61540652E-01     106     0.88392844E-03
-0.61000009E+01     0.17207138E+00     0.68231747E-01     0.20000000E+01    -0.60021251E-01     0.50000001E-01     0.50000001E-01     0.60984895E-01     106     0.88392844E-03
-0.60000000E+01     0.17791690E+00     0.67679413E-01     0.20000000E+01    -0.60290936E-01     0.50000001E-01     0.50000001E-01     0.60427357E-01     106     0.88392844E-03
-0.59000010E+01     0.18345354E+00     0.67050748E-01     0.20000000E+01    -0.60581971E-01     0.50000001E-01     0.50000001E-01     0.59793025E-01     106     0.88392844E-03
-0.58000002E+01     0.18863057E+00     0.66397190E-01     0.20000000E+01    -0.60883678E-01     0.50000001E-01     0.50000001E-01     0.59132352E-01     107     0.52343018E-03
-0.57000012E+01     0.19433555E+00     0.65833174E-01     0.20000000E+01    -0.61154217E-01     0.50000001E-01     0.50000001E-01     0.58562525E-01     107     0.52343018E-03
-0.56000004E+01     0.20045792E+00     0.65312676E-01     0.20000000E+01    -0.61412103E-01     0.50000001E-01     0.50000001E-01     0.58037758E-01     107     0.52343018E-03
-0.55000014E+01     0.20652136E+00     0.64796276E-01     0.20000000E+01    -0.61662197E-01     0.50000001E-01     0.50000001E-01     0.57517514E-01     107     0.52343018E-03
-0.54000006E+01     0.21262883E+00     0.64281836E-01     0.20000000E+01    -0.61914101E-01     0.50000001E-01     0.50000001E-01     0.56998648E-01     107     0.52343018E-03
-0.53000016E+01     0.21860813E+00     0.63754953E-01     0.20000000E+01    -0.62158171E-01     0.50000001E-01     0.50000001E-01     0.56467686E-01     107     0.52343018E-03
-0.52000008E+01     0.22451279E+00     0.63214406E-01     0.20000000E+01    -0.62407795E-01     0.50000001E-01     0.50000001E-01     0.55922307E-01     108     0.25559045E-03
-0.51000013E+01     0.23013127E+00     0.62644348E-01     0.20000000E+01    -0.62664919E-01     0.50000001E-01     0.50000001E-01     0.55347040E-01     108     0.25559045E-03
-0.50000010E+01     0.23530748E+00     0.62009424E-01     0.20000000E+01    -0.62928267E-01     0.50000001E-01     0.50000001E-01     0.54705583E-01     108     0.25559045E-03
-0.49000015E+01     0.24080415E+00     0.61434548E-01     0.20000000E+01    -0.63187510E-01     0.50000001E-01     0.50000001E-01     0.54124989E-01     108     0.25559045E-03
-0.48000007E+01     0.24685603E+00     0.60936198E-01     0.20000000E+01    -0.63409716E-01     0.50000001E-01     0.50000001E-01     0.53622838E-01     108     0.25559045E-03
-0.47000003E+01     0.25295559E+00     0.60444806E-01     0.20000000E+01    -0.63633613E-01     0.50000001E-01     0.50000001E-01     0.53127587E-01     108     0.25559045E-03
-0.46000009E+01     0.25901327E+00     0.59950538E-01     0.20000000E+01    -0.63855909E-01     0.50000001E-01     0.50000001E-01     0.52629560E-01     108     0.25559045E-03
-0.45000000E+01     0.26500010E+00     0.59440125E-01     0.20000000E+01    -0.64075761E-01     0.50000001E-01     0.50000001E-01     0.52115303E-01     109     0.82218816E-04
-0.44000010E+01     0.27081552E+00     0.58930941E-01     0.20000000E+01    -0.64293228E-01     0.50000001E-01     0.50000001E-01     0.51602099E-01     109     0.82218816E-04
-0.43000002E+01     0.27636939E+00     0.58372404E-01     0.20000000E+01    -0.64517930E-01     0.50000001E-01     0.50000001E-01     0.51038478E-01     109     0.82218816E-04
-0.42000012E+01     0.28146115E+00     0.57765950E-01     0.20000000E+01    -0.64749531E-01     0.50000001E-01     0.50000001E-01     0.50425656E-01     109     0.82218816E-04
-0.41000004E+01     0.28692335E+00     0.57203602E-01     0.20000000E+01    -0.64972624E-01     0.50000001E-01     0.50000001E-01     0.49858138E-01     109     0.82218816E-04
-0.40000014E+01     0.29292071E+00     0.56724187E-01     0.20000000E+01    -0.65167278E-01     0.50000001E-01     0.50000001E-01     0.49375221E-01     109     0.82218816E-04
-0.39000006E+01     0.29893860E+00     0.56250729E-01     0.20000000E+01    -0.65358974E-01     0.50000001E-01     0.50000001E-01     0.48898444E-01     110     0.45936558E-05
-0.38000014E+01     0.30492866E+00     0.55779923E-01     0.20000000E+01    -0.65547235E-01     0.50000001E-01     0.50000001E-01     0.48424229E-01     110     0.45936558E-05
-0.37000005E+01     0.31081569E+00     0.55307794E-01     0.20000000E+01    -0.65729670E-01     0.50000001E-01     0.50000001E-01     0.47948632E-01     110     0.45936558E-05
-0.36000016E+01     0.31649631E+00     0.54799218E-01     0.20000000E+01    -0.65920249E-01     0.50000001E-01     0.50000001E-01     0.47436144E-01     110     0.45936558E-05
-0.35000007E+01     0.32184836E+00     0.54259464E-01     0.20000000E+01    -0.66109397E-01     0.50000001E-01     0.50000001E-01     0.46891309E-01     110     0.45936558E-05
-0.34000015E+01     0.32676074E+00     0.53662442E-01     0.20000000E+01    -0.66311769E-01     0.50000001E-01     0.50000001E-01     0.46287950E-01     110     0.45936558E-05
-0.33000009E+01     0.33236659E+00     0.53160202E-01     0.20000000E+01    -0.66487722E-01     0.50000001E-01     0.50000001E-01     0.45781847E-01     110     0.45936558E-05
-0.32000017E+01     0.33830395E+00     0.52705355E-01     0.20000000E+01    -0.66645987E-01     0.50000001E-01     0.50000001E-01     0.45324039E-01     111     0.22930024E-04
-0.31000009E+01     0.34420511E+00     0.52251909E-01     0.20000000E+01    -0.66802733E-01     0.50000001E-01     0.50000001E-01     0.44867672E-01     111     0.22930024E-04
-0.30000000E+01     0.35003221E+00     0.51804759E-01     0.20000000E+01    -0.66950828E-01     0.50000001E-01     0.50000001E-01     0.44417460E-01     111     0.22930024E-04
-0.29000010E+01     0.35574603E+00     0.51333468E-01     0.20000000E+01    -0.67101374E-01     0.50000001E-01     0.50000001E-01     0.43942794E-01     111     0.22930024E-04
-0.28000002E+01     0.36115378E+00     0.50855160E-01     0.20000000E+01    -0.67253985E-01     0.50000001E-01     0.50000001E-01     0.43460481E-01     111     0.22930024E-04
-0.27000012E+01     0.36603898E+00     0.50518222E-01     0.20000000E+01    -0.67413025E-01     0.50000001E-01     0.50000001E-01     0.43117970E-01     111     0.22930024E-04
-0.26000004E+01     0.37101042E+00     0.50176870E-01     0.20000000E+01    -0.67562349E-01     0.50000001E-01     0.50000001E-01     0.42771496E-01     111     0.22930024E-04
-0.25000012E+01     0.37677771E+00     0.49896672E-01     0.20000000E+01    -0.67682467E-01     0.50000001E-01     0.50000001E-01     0.42488672E-01     111     0.22930024E-04
-0.24000003E+01     0.38253665E+00     0.49604215E-01     0.20000000E+01    -0.67798406E-01     0.50000001E-01     0.50000001E-01     0.42193860E-01     112     0.13751644E-03
-0.23000014E+01     0.38827580E+00     0.49299750E-01     0.20000000E+01    -0.67911863E-01     0.50000001E-01     0.50000001E-01     0.41886669E-01     112     0.13751644E-03
-0.22000005E+01     0.39384413E+00     0.48982013E-01     0.20000000E+01    -0.68019934E-01     0.50000001E-01     0.50000001E-01     0.41566193E-01     112     0.13751644E-03
-0.21000013E+01     0.39918533E+00     0.48637200E-01     0.20000000E+01    -0.68129718E-01     0.50000001E-01     0.50000001E-01     0.41217923E-01     112     0.13751644E-03
-0.20000007E+01     0.40390864E+00     0.48244834E-01     0.20000000E+01    -0.68239771E-01     0.50000001E-01     0.50000001E-01     0.40820640E-01     112     0.13751644E-03
-0.19000015E+01     0.40844563E+00     0.47829196E-01     0.20000000E+01    -0.68345673E-01     0.50000001E-01     0.50000001E-01     0.40399883E-01     112     0.13751644E-03
-0.18000008E+01     0.41402006E+00     0.47502633E-01     0.20000000E+01    -0.68425670E-01     0.50000001E-01     0.50000001E-01     0.40070903E-01     112     0.13751644E-03
-0.17000016E+01     0.41955227E+00     0.47183268E-01     0.20000000E+01    -0.68490982E-01     0.50000001E-01     0.50000001E-01     0.39749581E-01     113     0.34877725E-03
-0.16000009E+01     0.42505148E+00     0.46853658E-01     0.20000000E+01    -0.68554595E-01     0.50000001E-01     0.50000001E-01     0.39417852E-01     113     0.34877725E-03
-0.15000000E+01     0.43038249E+00     0.46506673E-01     0.20000000E+01    -0.68611428E-01     0.50000001E-01     0.50000001E-01     0.39068408E-01     113     0.34877725E-03
-0.14000009E+01     0.43537357E+00     0.46129681E-01     0.20000000E+01    -0.68667330E-01     0.50000001E-01     0.50000001E-01     0.38688332E-01     113     0.34877725E-03
-0.13000002E+01     0.43967161E+00     0.45695916E-01     0.20000000E+01    -0.68723544E-01     0.50000001E-01     0.50000001E-01     0.38249724E-01     113     0.34877725E-03
-0.12000011E+01     0.44400617E+00     0.45275744E-01     0.20000000E+01    -0.68762489E-01     0.50000001E-01     0.50000001E-01     0.37825365E-01     113     0.34877725E-03
-0.11000003E+01     0.44928160E+00     0.44942472E-01     0.20000000E+01    -0.68778679E-01     0.50000001E-01     0.50000001E-01     0.37490413E-01     113     0.34877725E-03
-0.10000012E+01     0.45453593E+00     0.44605490E-01     0.20000000E+01    -0.68786025E-01     0.50000001E-01     0.50000001E-01     0.37151866E-01     114     0.65841351E-03
-0.90000039E+00     0.45961577E+00     0.44260141E-01     0.20000000E+01    -0.68785533E-01     0.50000001E-01     0.50000001E-01     0.36804941E-01     114     0.65841351E-03
-0.80000126E+00     0.46449164E+00     0.43896064E-01     0.20000000E+01    -0.68776824E-01     0.50000001E-01     0.50000001E-01     0.36438651E-01     114     0.65841351E-03
-0.70000046E+00     0.46873215E+00     0.43490734E-01     0.20000000E+01    -0.68757303E-01     0.50000001E-01     0.50000001E-01     0.36030155E-01     114     0.65841351E-03
-0.60000139E+00     0.47220814E+00     0.43019611E-01     0.20000000E+01    -0.68734437E-01     0.50000001E-01     0.50000001E-01     0.35553906E-01     114     0.65841351E-03
-0.50000060E+00     0.47676179E+00     0.42658929E-01     0.20000000E+01    -0.68682112E-01     0.50000001E-01     0.50000001E-01     0.35191283E-01     114     0.65841351E-03
-0.40000150E+00     0.48157167E+00     0.42321410E-01     0.20000000E+01    -0.68617396E-01     0.50000001E-01     0.50000001E-01     0.34852602E-01     114     0.65841351E-03
-0.30000070E+00     0.48622531E+00     0.41979071E-01     0.20000000E+01    -0.68537317E-01     0.50000001E-01     0.50000001E-01     0.34509420E-01     115     0.10680658E-02
-0.20000160E+00     0.49062303E+00     0.41620374E-01     0.20000000E+01    -0.68444721E-01     0.50000001E-01     0.50000001E-01     0.34149107E-01     115     0.10680658E-02
-0.10000080E+00     0.49440420E+00     0.41226022E-01     0.20000000E+01    -0.68334356E-01     0.50000001E-01     0.50000001E-01     0.33752330E-01     115     0.10680658E-02
 0.00000000E+00     0.49702069E+00     0.40749118E-01     0.20000000E+01    -0.68202779E-01     0.50000001E-01     0.50000001E-01     0.33270836E-01     115     0.10680658E-02
 0.99999093E-01     0.50078517E+00     0.40376719E-01     0.20000000E+01    -0.68050466E-01     0.50000001E-01     0.50000001E-01     0.32896686E-01     115     0.10680658E-02
 0.19999990E+00     0.50489783E+00     0.40043443E-01     0.20000000E+01    -0.67878954E-01     0.50000001E-01     0.50000001E-01     0.32562826E-01     115     0.10680658E-02
 0.29999900E+00     0.50879043E+00     0.39701119E-01     0.20000000E+01    -0.67688309E-01     0.50000001E-01     0.50000001E-01     0.32219972E-01     115     0.10680658E-02
 0.39999980E+00     0.51223898E+00     0.39345026E-01     0.20000000E+01    -0.67465976E-01     0.50000001E-01     0.50000001E-01     0.31862814E-01     115     0.10680658E-02
 0.49999887E+00     0.51472586E+00     0.38921911E-01     0.20000000E+01    -0.67215949E-01     0.50000001E-01     0.50000001E-01     0.31437136E-01     115     0.10680658E-02
 0.59999967E+00     0.51609814E+00     0.38445804E-01     0.20000000E+01    -0.66915601E-01     0.50000001E-01     0.50000001E-01     0.30957246E-01     116     0.15789367E-02
 0.69999880E+00     0.51914686E+00     0.38111575E-01     0.20000000E+01    -0.66603407E-01     0.50000001E-01     0.50000001E-01     0.30623002E-01     116     0.15789367E-02
 0.79999959E+00     0.52202040E+00     0.37778180E-01     0.20000000E+01    -0.66259705E-01     0.50000001E-01     0.50000001E-01     0.30289797E-01     116     0.15789367E-02
 0.89999866E+00     0.52436322E+00     0.37430558E-01     0.20000000E+01    -0.65872155E-01     0.50000001E-01     0.50000001E-01     0.29942051E-01     116     0.15789367E-02
 0.99999946E+00     0.52554226E+00     0.37026774E-01     0.20000000E+01    -0.65418728E-01     0.50000001E-01     0.50000001E-01     0.29536944E-01     116     0.15789367E-02
 0.10999986E+01     0.52473742E+00     0.36525533E-01     0.20000000E+01    -0.64865969E-01     0.50000001E-01     0.50000001E-01     0.29031804E-01     116     0.15789367E-02
 0.11999993E+01     0.52591717E+00     0.36185604E-01     0.20000000E+01    -0.64308800E-01     0.50000001E-01     0.50000001E-01     0.28692588E-01     116     0.15789367E-02
 0.12999984E+01     0.52673674E+00     0.35846822E-01     0.20000000E+01    -0.63692078E-01     0.50000001E-01     0.50000001E-01     0.28354852E-01     116     0.15789367E-02
 0.13999993E+01     0.52649397E+00     0.35482641E-01     0.20000000E+01    -0.62975466E-01     0.50000001E-01     0.50000001E-01     0.27991269E-01     116     0.15789367E-02
 0.14999983E+01     0.52319527E+00     0.34995895E-01     0.20000000E+01    -0.62051211E-01     0.50000001E-01     0.50000001E-01     0.27502581E-01     116     0.15789367E-02
 0.15999992E+01     0.51949036E+00     0.34551717E-01     0.20000000E+01    -0.60996659E-01     0.50000001E-01     0.50000001E-01     0.27058030E-01     117     0.21921741E-02
 0.16999999E+01     0.51654333E+00     0.34195345E-01     0.20000000E+01    -0.59873782E-01     0.50000001E-01     0.50000001E-01     0.26704296E-01     117     0.21921741E-02
 0.17999990E+01     0.51093644E+00     0.33788238E-01     0.20000000E+01    -0.58458496E-01     0.50000001E-01     0.50000001E-01     0.26299346E-01     117     0.21921741E-02
 0.18999999E+01     0.49610814E+00     0.33152148E-01     0.20000000E+01    -0.56137495E-01     0.50000001E-01     0.50000001E-01     0.25662290E-01     117     0.21921741E-02
 0.19999989E+01     0.48177093E+00     0.32719567E-01     0.20000000E+01    -0.53435680E-01     0.50000001E-01     0.50000001E-01     0.25236141E-01     117     0.21921741E-02
 0.20999997E+01     0.41712382E+00     0.31773366E-01     0.20000000E+01    -0.44356726E-01     0.50000001E-01     0.50000001E-01     0.24300469E-01     116     0.15789367E-02
 0.21999989E+01     0.40403810E+00     0.31201804E-01     0.20000000E+01    -0.42366307E-01     0.50000001E-01     0.50000001E-01     0.23729537E-01     116     0.15789367E-02
 0.22999997E+01     0.39221373E+00     0.30333420E-01     0.20000000E+01    -0.41259564E-01     0.50000001E-01     0.50000001E-01     0.22851525E-01     116     0.15789367E-02
 0.23999987E+01     0.38180453E+00     0.29714653E-01     0.20000000E+01    -0.39592411E-01     0.50000001E-01     0.50000001E-01     0.22233648E-01     116     0.15789367E-02
 0.24999995E+01     0.37539223E+00     0.29075649E-01     0.20000000E+01    -0.38578942E-01     0.50000001E-01     0.50000001E-01     0.21592995E-01     116     0.15789367E-02
 0.25999987E+01     0.37746295E+00     0.28360019E-01     0.20000000E+01    -0.39191753E-01     0.50000001E-01     0.50000001E-01     0.20866221E-01     116     0.15789367E-02
 0.26999993E+01     0.38332218E+00     0.27937774E-01     0.20000000E+01    -0.39740596E-01     0.50000001E-01     0.50000001E-01     0.20440556E-01     116     0.15789367E-02
 0.27999985E+01     0.39172125E+00     0.27523814E-01     0.20000000E+01    -0.40711034E-01     0.50000001E-01     0.50000001E-01     0.20021345E-01     117     0.21921741E-02
 0.28999994E+01     0.40243804E+00     0.27046978E-01     0.20000000E+01    -0.42249218E-01     0.50000001E-01     0.50000001E-01     0.19534044E-01     117     0.21921741E-02
 0.29999983E+01     0.41458529E+00     0.26617529E-01     0.20000000E+01    -0.43935981E-01     0.50000001E-01     0.50000001E-01     0.19094398E-01     117     0.21921741E-02
 0.30999992E+01     0.42647943E+00     0.26320981E-01     0.20000000E+01    -0.45264363E-01     0.50000001E-01     0.50000001E-01     0.18792626E-01     117     0.21921741E-02
 0.31999984E+01     0.43930832E+00     0.26029399E-01     0.20000000E+01    -0.46778575E-01     0.50000001E-01     0.50000001E-01     0.18494466E-01     117     0.21921741E-02
 0.32999990E+01     0.45359769E+00     0.25696024E-01     0.20000000E+01    -0.48667759E-01     0.50000001E-01     0.50000001E-01     0.18151166E-01     118     0.29090899E-02
 0.33999999E+01     0.46890330E+00     0.25370084E-01     0.20000000E+01    -0.50738063E-01     0.50000001E-01     0.50000001E-01     0.17813977E-01     118     0.29090899E-02
 0.34999990E+01     0.48265556E+00     0.25173848E-01     0.20000000E+01    -0.52260663E-01     0.50000001E-01     0.50000001E-01     0.17612323E-01     118     0.29090899E-02
 0.35999999E+01     0.49710885E+00     0.24981022E-01     0.20000000E+01    -0.53909592E-01     0.50000001E-01     0.50000001E-01     0.17413205E-01     118     0.29090899E-02
 0.36999989E+01     0.51293826E+00     0.24773177E-01     0.20000000E+01    -0.55866331E-01     0.50000001E-01     0.50000001E-01     0.17196119E-01     118     0.29090899E-02
 0.37999997E+01     0.53058946E+00     0.24532001E-01     0.20000000E+01    -0.58235314E-01     0.50000001E-01     0.50000001E-01     0.16942173E-01     119     0.37310193E-02
 0.38999987E+01     0.54628724E+00     0.24405237E-01     0.20000000E+01    -0.60016844E-01     0.50000001E-01     0.50000001E-01     0.16808677E-01     119     0.37310193E-02
 0.39999995E+01     0.56213897E+00     0.24297617E-01     0.20000000E+01    -0.61804816E-01     0.50000001E-01     0.50000001E-01     0.16693931E-01     119     0.37310193E-02
 0.40999985E+01     0.57888919E+00     0.24174007E-01     0.20000000E+01    -0.63795753E-01     0.50000001E-01     0.50000001E-01     0.16561275E-01     119     0.37310193E-02
 0.41999993E+01     0.59686464E+00     0.24024934E-01     0.20000000E+01    -0.66087194E-01     0.50000001E-01     0.50000001E-01     0.16399968E-01     120     0.46595004E-02
 0.42999988E+01     0.61294484E+00     0.23959955E-01     0.20000000E+01    -0.67886516E-01     0.50000001E-01     0.50000001E-01     0.16327709E-01     120     0.46595004E-02
 0.43999991E+01     0.62888539E+00     0.23914117E-01     0.20000000E+01    -0.69650151E-01     0.50000001E-01     0.50000001E-01     0.16274765E-01     120     0.46595004E-02
 0.44999986E+01     0.64575058E+00     0.23852447E-01     0.20000000E+01    -0.71635440E-01     0.50000001E-01     0.50000001E-01     0.16203072E-01     120     0.46595004E-02
 0.45999994E+01     0.66227287E+00     0.23814449E-01     0.20000000E+01    -0.73527150E-01     0.50000001E-01     0.50000001E-01     0.16155621E-01     120     0.46595004E-02
 0.47000003E+01     0.67765868E+00     0.23824751E-01     0.20000000E+01    -0.75162224E-01     0.50000001E-01     0.50000001E-01     0.16159419E-01     121     0.56962054E-02
 0.47999973E+01     0.69350082E+00     0.23834538E-01     0.20000000E+01    -0.76928489E-01     0.50000001E-01     0.50000001E-01     0.16160084E-01     121     0.56962054E-02
 0.48999982E+01     0.70851988E+00     0.23880322E-01     0.20000000E+01    -0.78505285E-01     0.50000001E-01     0.50000001E-01     0.16198680E-01     121     0.56962054E-02
 0.49999990E+01     0.72329766E+00     0.23944436E-01     0.20000000E+01    -0.80032364E-01     0.50000001E-01     0.50000001E-01     0.16255086E-01     121     0.56962054E-02
 0.50999999E+01     0.73752928E+00     0.24039499E-01     0.20000000E+01    -0.81478015E-01     0.50000001E-01     0.50000001E-01     0.16343139E-01     121     0.56962054E-02
 0.52000008E+01     0.75104600E+00     0.24170117E-01     0.20000000E+01    -0.82799919E-01     0.50000001E-01     0.50000001E-01     0.16467631E-01     122     0.68430351E-02
 0.52999978E+01     0.76417714E+00     0.24323935E-01     0.20000000E+01    -0.84037796E-01     0.50000001E-01     0.50000001E-01     0.16615219E-01     122     0.68430351E-02
 0.53999987E+01     0.77650994E+00     0.24520891E-01     0.20000000E+01    -0.85172653E-01     0.50000001E-01     0.50000001E-01     0.16806761E-01     122     0.68430351E-02
 0.54999995E+01     0.78806704E+00     0.24756921E-01     0.20000000E+01    -0.86175755E-01     0.50000001E-01     0.50000001E-01     0.17038880E-01     122     0.68430351E-02
 0.56000004E+01     0.79873598E+00     0.25037197E-01     0.20000000E+01    -0.87024376E-01     0.50000001E-01     0.50000001E-01     0.17317310E-01     122     0.68430351E-02
 0.56999979E+01     0.80759239E+00     0.25401609E-01     0.20000000E+01    -0.87591425E-01     0.50000001E-01     0.50000001E-01     0.17685767E-01     123     0.81021339E-02
 0.57999988E+01     0.81505251E+00     0.25829921E-01     0.20000000E+01    -0.87900110E-01     0.50000001E-01     0.50000001E-01     0.18122846E-01     123     0.81021339E-02
 0.58999996E+01     0.82092881E+00     0.26351087E-01     0.20000000E+01    -0.88021331E-01     0.50000001E-01     0.50000001E-01     0.18657632E-01     123     0.81021339E-02
 0.60000000E+01     0.82584941E+00     0.26943173E-01     0.20000000E+01    -0.88086188E-01     0.50000001E-01     0.50000001E-01     0.19266628E-01     123     0.81021339E-02
 0.60999975E+01     0.83017826E+00     0.27595107E-01     0.20000000E+01    -0.88136807E-01     0.50000001E-01     0.50000001E-01     0.19937459E-01     123     0.81021339E-02
 0.61999984E+01     0.83330601E+00     0.28351102E-01     0.20000000E+01    -0.88160180E-01     0.50000001E-01     0.50000001E-01     0.20715876E-01     123     0.81021339E-02
 0.62999992E+01     0.83506274E+00     0.29236205E-01     0.20000000E+01    -0.88172667E-01     0.50000001E-01     0.50000001E-01     0.21627605E-01     123     0.81021339E-02
 0.64000001E+01     0.83544093E+00     0.30263489E-01     0.20000000E+01    -0.88212095E-01     0.50000001E-01     0.50000001E-01     0.22686156E-01     123     0.81021339E-02
 0.65000010E+01     0.83368731E+00     0.31500723E-01     0.20000000E+01    -0.88295385E-01     0.50000001E-01     0.50000001E-01     0.23962308E-01     124     0.94758309E-02
 0.65999980E+01     0.82916850E+00     0.33041049E-01     0.20000000E+01    -0.88486418E-01     0.50000001E-01     0.50000001E-01     0.25551016E-01     124     0.94758309E-02
 0.66999989E+01     0.82195634E+00     0.34886163E-01     0.20000000E+01    -0.88847905E-01     0.50000001E-01     0.50000001E-01     0.27454335E-01     124     0.94758309E-02
 0.67999997E+01     0.81076699E+00     0.37170123E-01     0.20000000E+01    -0.89437798E-01     0.50000001E-01     0.50000001E-01     0.29810483E-01     124     0.94758309E-02
 0.69000006E+01     0.79445136E+00     0.39956186E-01     0.20000000E+01    -0.90254918E-01     0.50000001E-01     0.50000001E-01     0.32684024E-01     124     0.94758309E-02
 0.69999981E+01     0.77295220E+00     0.43126889E-01     0.20000000E+01    -0.91178514E-01     0.50000001E-01     0.50000001E-01     0.35953298E-01     123     0.81021339E-02
 0.70999990E+01     0.75151342E+00     0.46057377E-01     0.20000000E+01    -0.91967300E-01     0.50000001E-01     0.50000001E-01     0.38974233E-01     123     0.81021339E-02
 0.71999998E+01     0.72852242E+00     0.48760656E-01     0.20000000E+01    -0.92625335E-01     0.50000001E-01     0.50000001E-01     0.41764960E-01     123     0.81021339E-02
 0.73000002E+01     0.70848328E+00     0.50801277E-01     0.20000000E+01    -0.93093812E-01     0.50000001E-01     0.50000001E-01     0.43878850E-01     123     0.81021339E-02
 0.73999977E+01     0.68883824E+00     0.52704521E-01     0.20000000E+01    -0.93420081E-01     0.50000001E-01     0.50000001E-01     0.45849305E-01     123     0.81021339E-02
 0.74999986E+01     0.67603230E+00     0.54869771E-01     0.20000000E+01    -0.93607768E-01     0.50000001E-01     0.50000001E-01     0.48061013E-01     123     0.81021339E-02
 0.75999994E+01     0.65516794E+00     0.57680018E-01     0.20000000E+01    -0.93770295E-01     0.50000001E-01     0.50000001E-01     0.50934955E-01     123     0.81021339E-02
 0.77000003E+01     0.63695371E+00     0.60215347E-01     0.20000000E+01    -0.93946308E-01     0.50000001E-01     0.50000001E-01     0.53527229E-01     123     0.81021339E-02
 0.77999973E+01     0.62933725E+00     0.61807964E-01     0.20000000E+01    -0.94132192E-01     0.50000001E-01     0.50000001E-01     0.55151466E-01     123     0.81021339E-02
 0.78999982E+01     0.61626780E+00     0.63990027E-01     0.20000000E+01    -0.94465584E-01     0.50000001E-01     0.50000001E-01     0.57380028E-01     123     0.81021339E-02
 0.79999990E+01     0.61249691E+00     0.65351456E-01     0.20000000E+01    -0.94779968E-01     0.50000001E-01     0.50000001E-01     0.58766831E-01     123     0.81021339E-02
 0.81000004E+01     0.60686648E+00     0.66966005E-01     0.20000000E+01    -0.95197953E-01     0.50000001E-01     0.50000001E-01     0.60412575E-01     123     0.81021339E-02
 0.82000008E+01     0.60294485E+00     0.68465494E-01     0.20000000E+01    -0.95650740E-01     0.50000001E-01     0.50000001E-01     0.61939809E-01     123     0.81021339E-02
 0.82999983E+01     0.60277373E+00     0.69601782E-01     0.20000000E+01    -0.96062295E-01     0.50000001E-01     0.50000001E-01     0.63094907E-01     123     0.81021339E-02
 0.83999987E+01     0.60218978E+00     0.70824690E-01     0.20000000E+01    -0.96504182E-01     0.50000001E-01     0.50000001E-01     0.64337969E-01     123     0.81021339E-02
 0.85000000E+01     0.59941435E+00     0.72341613E-01     0.20000000E+01    -0.97087815E-01     0.50000001E-01     0.50000001E-01     0.65882228E-01     123     0.81021339E-02
 0.86000004E+01     0.60052001E+00     0.73431060E-01     0.20000000E+01    -0.97555481E-01     0.50000001E-01     0.50000001E-01     0.66988997E-01     123     0.81021339E-02
 0.86999979E+01     0.60240275E+00     0.74436881E-01     0.20000000E+01    -0.98016948E-01     0.50000001E-01     0.50000001E-01     0.68009533E-01     123     0.81021339E-02
 0.87999983E+01     0.60373229E+00     0.75577110E-01     0.20000000E+01    -0.98516859E-01     0.50000001E-01     0.50000001E-01     0.69167696E-01     124     0.94758309E-02
 0.88999996E+01     0.60343575E+00     0.76909892E-01     0.20000000E+01    -0.99125341E-01     0.50000001E-01     0.50000001E-01     0.70523299E-01     124     0.94758309E-02
 0.90000000E+01     0.60574096E+00     0.77944733E-01     0.20000000E+01    -0.99637799E-01     0.50000001E-01     0.50000001E-01     0.71573175E-01     124     0.94758309E-02
 0.90999975E+01     0.60856473E+00     0.78898832E-01     0.20000000E+01    -0.10010470E+00     0.50000001E-01     0.50000001E-01     0.72540589E-01     124     0.94758309E-02
 0.91999989E+01     0.61190039E+00     0.79814263E-01     0.20000000E+01    -0.10057833E+00     0.50000001E-01     0.50000001E-01     0.73468566E-01     124     0.94758309E-02
 0.92999992E+01     0.61312634E+00     0.81007615E-01     0.20000000E+01    -0.10117634E+00     0.50000001E-01     0.50000001E-01     0.74681059E-01     124     0.94758309E-02
 0.94000006E+01     0.61507070E+00     0.82168460E-01     0.20000000E+01    -0.10175933E+00     0.50000001E-01     0.50000001E-01     0.75859092E-01     124     0.94758309E-02
 0.94999971E+01     0.61830133E+00     0.83107859E-01     0.20000000E+01    -0.10225386E+00     0.50000001E-01     0.50000001E-01     0.76811872E-01     124     0.94758309E-02
 0.95999985E+01     0.62220085E+00     0.83995774E-01     0.20000000E+01    -0.10274888E+00     0.50000001E-01     0.50000001E-01     0.77711344E-01     124     0.94758309E-02
 0.96999989E+01     0.62612015E+00     0.84865443E-01     0.20000000E+01    -0.10322929E+00     0.50000001E-01     0.50000001E-01     0.78593120E-01     125     0.10966896E-01
 0.98000002E+01     0.62938184E+00     0.85866787E-01     0.20000000E+01    -0.10378134E+00     0.50000001E-01     0.50000001E-01     0.79609297E-01     125     0.10966896E-01
 0.99000006E+01     0.63140905E+00     0.87024376E-01     0.20000000E+01    -0.10439445E+00     0.50000001E-01     0.50000001E-01     0.80784008E-01     125     0.10966896E-01
 0.99999981E+01     0.63497734E+00     0.87970503E-01     0.20000000E+01    -0.10493826E+00     0.50000001E-01     0.50000001E-01     0.81743255E-01     125     0.10966896E-01
 0.10099998E+02     0.63901812E+00     0.88859506E-01     0.20000000E+01    -0.10544465E+00     0.50000001E-01     0.50000001E-01     0.82643412E-01     125     0.10966896E-01
 0.10200000E+02     0.64326584E+00     0.89702703E-01     0.20000000E+01    -0.10592462E+00     0.50000001E-01     0.50000001E-01     0.83497427E-01     125     0.10966896E-01
 0.10300000E+02     0.64773953E+00     0.90527438E-01     0.20000000E+01    -0.10640996E+00     0.50000001E-01     0.50000001E-01     0.84332585E-01     125     0.10966896E-01
 0.10399998E+02     0.65117580E+00     0.91529243E-01     0.20000000E+01    -0.10698660E+00     0.50000001E-01     0.50000001E-01     0.85348360E-01     125     0.10966896E-01
 0.10499999E+02     0.65437371E+00     0.92572719E-01     0.20000000E+01    -0.10759732E+00     0.50000001E-01     0.50000001E-01     0.86406983E-01     125     0.10966896E-01
 0.10599999E+02     0.65838408E+00     0.93512021E-01     0.20000000E+01    -0.10815390E+00     0.50000001E-01     0.50000001E-01     0.87358564E-01     126     0.12578236E-01
 0.10700000E+02     0.66261399E+00     0.94358280E-01     0.20000000E+01    -0.10864618E+00     0.50000001E-01     0.50000001E-01     0.88215530E-01     126     0.12578236E-01
 0.10799997E+02     0.66738862E+00     0.95163770E-01     0.20000000E+01    -0.10915829E+00     0.50000001E-01     0.50000001E-01     0.89030929E-01     126     0.12578236E-01
 0.10899999E+02     0.67209679E+00     0.95959961E-01     0.20000000E+01    -0.10962672E+00     0.50000001E-01     0.50000001E-01     0.89838058E-01     126     0.12578236E-01
 0.10999999E+02     0.67676604E+00     0.96788302E-01     0.20000000E+01    -0.11015280E+00     0.50000001E-01     0.50000001E-01     0.90676479E-01     126     0.12578236E-01
 0.11100000E+02     0.68018341E+00     0.97828493E-01     0.20000000E+01    -0.11078430E+00     0.50000001E-01     0.50000001E-01     0.91731794E-01     126     0.12578236E-01
 0.11200001E+02     0.68408567E+00     0.98781124E-01     0.20000000E+01    -0.11136331E+00     0.50000001E-01     0.50000001E-01     0.92697985E-01     126     0.12578236E-01
 0.11299998E+02     0.68858945E+00     0.99627487E-01     0.20000000E+01    -0.11189005E+00     0.50000001E-01     0.50000001E-01     0.93555696E-01     127     0.14313264E-01
 0.11399999E+02     0.69360667E+00     0.10041799E+00     0.20000000E+01    -0.11240094E+00     0.50000001E-01     0.50000001E-01     0.94357051E-01     127     0.14313264E-01
 0.11500000E+02     0.69846529E+00     0.10121153E+00     0.20000000E+01    -0.11291523E+00     0.50000001E-01     0.50000001E-01     0.95160425E-01     127     0.14313264E-01
 0.11600000E+02     0.70347470E+00     0.10198378E+00     0.20000000E+01    -0.11342261E+00     0.50000001E-01     0.50000001E-01     0.95941678E-01     127     0.14313264E-01
 0.11699998E+02     0.70804793E+00     0.10280695E+00     0.20000000E+01    -0.11395848E+00     0.50000001E-01     0.50000001E-01     0.96774749E-01     127     0.14313264E-01
 0.11799999E+02     0.71197379E+00     0.10378186E+00     0.20000000E+01    -0.11455928E+00     0.50000001E-01     0.50000001E-01     0.97763784E-01     127     0.14313264E-01
 0.11900000E+02     0.71609491E+00     0.10469414E+00     0.20000000E+01    -0.11512334E+00     0.50000001E-01     0.50000001E-01     0.98688282E-01     127     0.14313264E-01
 0.12000000E+02     0.72090042E+00     0.10553061E+00     0.20000000E+01    -0.11569636E+00     0.50000001E-01     0.50000001E-01     0.99535897E-01     127     0.14313264E-01
 0.12099998E+02     0.72583801E+00     0.10629733E+00     0.20000000E+01    -0.11620295E+00     0.50000001E-01     0.50000001E-01     0.10031305E+00     128     0.16175576E-01
 0.12199999E+02     0.73109365E+00     0.10706247E+00     0.20000000E+01    -0.11673181E+00     0.50000001E-01     0.50000001E-01     0.10108738E+00     128     0.16175576E-01
 0.12299999E+02     0.73636311E+00     0.10780453E+00     0.20000000E+01    -0.11723972E+00     0.50000001E-01     0.50000001E-01     0.10183966E+00     128     0.16175576E-01
 0.12400001E+02     0.74135250E+00     0.10856821E+00     0.20000000E+01    -0.11775549E+00     0.50000001E-01     0.50000001E-01     0.10261153E+00     128     0.16175576E-01
 0.12499997E+02     0.74614042E+00     0.10939206E+00     0.20000000E+01    -0.11831979E+00     0.50000001E-01     0.50000001E-01     0.10344730E+00     128     0.16175576E-01
 0.12599998E+02     0.74988049E+00     0.11037719E+00     0.20000000E+01    -0.11896016E+00     0.50000001E-01     0.50000001E-01     0.10444487E+00     128     0.16175576E-01
 0.12699999E+02     0.75460398E+00     0.11121505E+00     0.20000000E+01    -0.11953648E+00     0.50000001E-01     0.50000001E-01     0.10529447E+00     128     0.16175576E-01
 0.12800000E+02     0.75974888E+00     0.11199229E+00     0.20000000E+01    -0.12008917E+00     0.50000001E-01     0.50000001E-01     0.10608391E+00     129     0.18169271E-01
 0.12900001E+02     0.76505721E+00     0.11273728E+00     0.20000000E+01    -0.12060813E+00     0.50000001E-01     0.50000001E-01     0.10683807E+00     129     0.18169271E-01
 0.12999998E+02     0.76995784E+00     0.11348611E+00     0.20000000E+01    -0.12113811E+00     0.50000001E-01     0.50000001E-01     0.10759483E+00     129     0.18169271E-01
 0.13099999E+02     0.77551174E+00     0.11418834E+00     0.20000000E+01    -0.12163709E+00     0.50000001E-01     0.50000001E-01     0.10830712E+00     129     0.18169271E-01
 0.13200000E+02     0.78071654E+00     0.11492995E+00     0.20000000E+01    -0.12217890E+00     0.50000001E-01     0.50000001E-01     0.10905772E+00     129     0.18169271E-01
 0.13300000E+02     0.78524649E+00     0.11577552E+00     0.20000000E+01    -0.12275550E+00     0.50000001E-01     0.50000001E-01     0.10991475E+00     129     0.18169271E-01
 0.13399998E+02     0.78967011E+00     0.11667334E+00     0.20000000E+01    -0.12339626E+00     0.50000001E-01     0.50000001E-01     0.11082534E+00     129     0.18169271E-01
 0.13499999E+02     0.79429156E+00     0.11750200E+00     0.20000000E+01    -0.12398706E+00     0.50000001E-01     0.50000001E-01     0.11166545E+00     129     0.18169271E-01
 0.13599999E+02     0.79975426E+00     0.11825720E+00     0.20000000E+01    -0.12456759E+00     0.50000001E-01     0.50000001E-01     0.11243150E+00     129     0.18169271E-01
 0.13700001E+02     0.80467552E+00     0.11899135E+00     0.20000000E+01    -0.12507313E+00     0.50000001E-01     0.50000001E-01     0.11317540E+00     130     0.20298893E-01
 0.13799997E+02     0.81007552E+00     0.11971146E+00     0.20000000E+01    -0.12561245E+00     0.50000001E-01     0.50000001E-01     0.11390423E+00     130     0.20298893E-01
 0.13899999E+02     0.81529939E+00     0.12043501E+00     0.20000000E+01    -0.12615369E+00     0.50000001E-01     0.50000001E-01     0.11463667E+00     130     0.20298893E-01
 0.13999999E+02     0.82083583E+00     0.12113284E+00     0.20000000E+01    -0.12669680E+00     0.50000001E-01     0.50000001E-01     0.11534405E+00     130     0.20298893E-01
 0.14100000E+02     0.82628864E+00     0.12181823E+00     0.20000000E+01    -0.12723225E+00     0.50000001E-01     0.50000001E-01     0.11603969E+00     130     0.20298893E-01
 0.14199998E+02     0.83078790E+00     0.12274456E+00     0.20000000E+01    -0.12793423E+00     0.50000001E-01     0.50000001E-01     0.11697856E+00     130     0.20298893E-01
 0.14299998E+02     0.83517170E+00     0.12359758E+00     0.20000000E+01    -0.12855598E+00     0.50000001E-01     0.50000001E-01     0.11784440E+00     130     0.20298893E-01
 0.14400000E+02     0.83990246E+00     0.12437069E+00     0.20000000E+01    -0.12910892E+00     0.50000001E-01     0.50000001E-01     0.11862809E+00     131     0.22569172E-01
 0.14500000E+02     0.84528440E+00     0.12508628E+00     0.20000000E+01    -0.12968653E+00     0.50000001E-01     0.50000001E-01     0.11935295E+00     131     0.22569172E-01
 0.14600000E+02     0.85051972E+00     0.12581336E+00     0.20000000E+01    -0.13025373E+00     0.50000001E-01     0.50000001E-01     0.12008907E+00     131     0.22569172E-01
 0.14699998E+02     0.85630840E+00     0.12652068E+00     0.20000000E+01    -0.13085158E+00     0.50000001E-01     0.50000001E-01     0.12080732E+00     131     0.22569172E-01
 0.14799999E+02     0.86115831E+00     0.12721427E+00     0.20000000E+01    -0.13135339E+00     0.50000001E-01     0.50000001E-01     0.12150829E+00     131     0.22569172E-01
 0.14900000E+02     0.86659157E+00     0.12791666E+00     0.20000000E+01    -0.13191551E+00     0.50000001E-01     0.50000001E-01     0.12221926E+00     131     0.22569172E-01
 0.15000001E+02     0.87234735E+00     0.12859295E+00     0.20000000E+01    -0.13250186E+00     0.50000001E-01     0.50000001E-01     0.12290839E+00     131     0.22569172E-01
 0.15099998E+02     0.87674087E+00     0.12946731E+00     0.20000000E+01    -0.13316354E+00     0.50000001E-01     0.50000001E-01     0.12379549E+00     131     0.22569172E-01
 0.15199999E+02     0.88113707E+00     0.13032797E+00     0.20000000E+01    -0.13384831E+00     0.50000001E-01     0.50000001E-01     0.12466746E+00     132     0.24985466E-01
 0.15299999E+02     0.88641733E+00     0.13104694E+00     0.20000000E+01    -0.13440289E+00     0.50000001E-01     0.50000001E-01     0.12539893E+00     132     0.24985466E-01
 0.15400001E+02     0.89186215E+00     0.13176744E+00     0.20000000E+01    -0.13504468E+00     0.50000001E-01     0.50000001E-01     0.12612855E+00     132     0.24985466E-01
 0.15499998E+02     0.89659005E+00     0.13246261E+00     0.20000000E+01    -0.13557191E+00     0.50000001E-01     0.50000001E-01     0.12683085E+00     132     0.24985466E-01
 0.15599998E+02     0.90231186E+00     0.13314717E+00     0.20000000E+01    -0.13613178E+00     0.50000001E-01     0.50000001E-01     0.12752607E+00     132     0.24985466E-01
 0.15699999E+02     0.90796924E+00     0.13378584E+00     0.20000000E+01    -0.13669269E+00     0.50000001E-01     0.50000001E-01     0.12817544E+00     132     0.24985466E-01
 0.15800000E+02     0.91286170E+00     0.13449299E+00     0.20000000E+01    -0.13727307E+00     0.50000001E-01     0.50000001E-01     0.12889026E+00     132     0.24985466E-01
 0.15899998E+02     0.91772610E+00     0.13523684E+00     0.20000000E+01    -0.13787690E+00     0.50000001E-01     0.50000001E-01     0.12964320E+00     132     0.24985466E-01
 0.15999998E+02     0.92270035E+00     0.13609156E+00     0.20000000E+01    -0.13865033E+00     0.50000001E-01     0.50000001E-01     0.13051064E+00     132     0.24985466E-01
 0.16099998E+02     0.92749375E+00     0.13689226E+00     0.20000000E+01    -0.13930432E+00     0.50000001E-01     0.50000001E-01     0.13132487E+00     133     0.27553435E-01
 0.16200001E+02     0.93267757E+00     0.13757455E+00     0.20000000E+01    -0.13987495E+00     0.50000001E-01     0.50000001E-01     0.13201758E+00     133     0.27553435E-01
 0.16300001E+02     0.93747598E+00     0.13830318E+00     0.20000000E+01    -0.14047632E+00     0.50000001E-01     0.50000001E-01     0.13275553E+00     133     0.27553435E-01
 0.16399998E+02     0.94300026E+00     0.13897724E+00     0.20000000E+01    -0.14107735E+00     0.50000001E-01     0.50000001E-01     0.13344112E+00     133     0.27553435E-01
 0.16499998E+02     0.94837719E+00     0.13964850E+00     0.20000000E+01    -0.14170946E+00     0.50000001E-01     0.50000001E-01     0.13411920E+00     133     0.27553435E-01
 0.16600000E+02     0.95319444E+00     0.14029320E+00     0.20000000E+01    -0.14219999E+00     0.50000001E-01     0.50000001E-01     0.13477199E+00     133     0.27553435E-01
 0.16700001E+02     0.95907980E+00     0.14093578E+00     0.20000000E+01    -0.14281437E+00     0.50000001E-01     0.50000001E-01     0.13542660E+00     134     0.30279335E-01
 0.16799997E+02     0.96432811E+00     0.14165032E+00     0.20000000E+01    -0.14349379E+00     0.50000001E-01     0.50000001E-01     0.13615039E+00     134     0.30279335E-01
 0.16900000E+02     0.96893156E+00     0.14246809E+00     0.20000000E+01    -0.14417355E+00     0.50000001E-01     0.50000001E-01     0.13698259E+00     134     0.30279335E-01
 0.17000000E+02     0.97345388E+00     0.14329971E+00     0.20000000E+01    -0.14490443E+00     0.50000001E-01     0.50000001E-01     0.13782682E+00     134     0.30279335E-01
 0.17100000E+02     0.97840184E+00     0.14408240E+00     0.20000000E+01    -0.14556642E+00     0.50000001E-01     0.50000001E-01     0.13862006E+00     134     0.30279335E-01
 0.17199997E+02     0.98376226E+00     0.14469597E+00     0.20000000E+01    -0.14615205E+00     0.50000001E-01     0.50000001E-01     0.13924532E+00     134     0.30279335E-01
 0.17299999E+02     0.98920065E+00     0.14540170E+00     0.20000000E+01    -0.14683431E+00     0.50000001E-01     0.50000001E-01     0.13996068E+00     134     0.30279335E-01
 0.17400000E+02     0.99431205E+00     0.14607182E+00     0.20000000E+01    -0.14744943E+00     0.50000001E-01     0.50000001E-01     0.14064026E+00     134     0.30279335E-01
 0.17500000E+02     0.99973029E+00     0.14671318E+00     0.20000000E+01    -0.14804524E+00     0.50000001E-01     0.50000001E-01     0.14129263E+00     134     0.30279335E-01
 0.17599997E+02     0.10046024E+01     0.14733224E+00     0.20000000E+01    -0.14860080E+00     0.50000001E-01     0.50000001E-01     0.14191782E+00     134     0.30279335E-01
 0.17699999E+02     0.10100145E+01     0.14804658E+00     0.20000000E+01    -0.14923592E+00     0.50000001E-01     0.50000001E-01     0.14264393E+00     135     0.33169542E-01
 0.17799999E+02     0.10150238E+01     0.14874017E+00     0.20000000E+01    -0.14991128E+00     0.50000001E-01     0.50000001E-01     0.14335185E+00     135     0.33169542E-01
 0.17900000E+02     0.10188446E+01     0.14962928E+00     0.20000000E+01    -0.15073748E+00     0.50000001E-01     0.50000001E-01     0.14424796E+00     135     0.33169542E-01
 0.18000000E+02     0.10241389E+01     0.15037985E+00     0.20000000E+01    -0.15146080E+00     0.50000001E-01     0.50000001E-01     0.14501353E+00     135     0.33169542E-01
 0.18099998E+02     0.10290411E+01     0.15105733E+00     0.20000000E+01    -0.15207200E+00     0.50000001E-01     0.50000001E-01     0.14570096E+00     135     0.33169542E-01
 0.18199999E+02     0.10346841E+01     0.15172635E+00     0.20000000E+01    -0.15278165E+00     0.50000001E-01     0.50000001E-01     0.14638261E+00     135     0.33169542E-01
 0.18299999E+02     0.10395610E+01     0.15235591E+00     0.20000000E+01    -0.15335168E+00     0.50000001E-01     0.50000001E-01     0.14702110E+00     135     0.33169542E-01
 0.18400000E+02     0.10449916E+01     0.15300088E+00     0.20000000E+01    -0.15401262E+00     0.50000001E-01     0.50000001E-01     0.14767514E+00     136     0.36230825E-01
 0.18499998E+02     0.10499935E+01     0.15366036E+00     0.20000000E+01    -0.15468271E+00     0.50000001E-01     0.50000001E-01     0.14834474E+00     136     0.36230825E-01
 0.18599998E+02     0.10550935E+01     0.15429838E+00     0.20000000E+01    -0.15529709E+00     0.50000001E-01     0.50000001E-01     0.14899246E+00     136     0.36230825E-01
 0.18699999E+02     0.10601614E+01     0.15499593E+00     0.20000000E+01    -0.15594462E+00     0.50000001E-01     0.50000001E-01     0.14970165E+00     136     0.36230825E-01
 0.18800001E+02     0.10643343E+01     0.15582573E+00     0.20000000E+01    -0.15676872E+00     0.50000001E-01     0.50000001E-01     0.15054546E+00     136     0.36230825E-01
 0.18899998E+02     0.10691264E+01     0.15663812E+00     0.20000000E+01    -0.15754291E+00     0.50000001E-01     0.50000001E-01     0.15136901E+00     136     0.36230825E-01
 0.18999998E+02     0.10742733E+01     0.15729672E+00     0.20000000E+01    -0.15822418E+00     0.50000001E-01     0.50000001E-01     0.15203893E+00     136     0.36230825E-01
 0.19099998E+02     0.10789052E+01     0.15798405E+00     0.20000000E+01    -0.15887202E+00     0.50000001E-01     0.50000001E-01     0.15273897E+00     137     0.39470624E-01
 0.19200001E+02     0.10844558E+01     0.15863769E+00     0.20000000E+01    -0.15963867E+00     0.50000001E-01     0.50000001E-01     0.15340340E+00     137     0.39470624E-01
 0.19300001E+02     0.10892348E+01     0.15933225E+00     0.20000000E+01    -0.16024992E+00     0.50000001E-01     0.50000001E-01     0.15410818E+00     137     0.39470624E-01
 0.19399998E+02     0.10945586E+01     0.15993568E+00     0.20000000E+01    -0.16093810E+00     0.50000001E-01     0.50000001E-01     0.15472248E+00     137     0.39470624E-01
 0.19499998E+02     0.10993247E+01     0.16055593E+00     0.20000000E+01    -0.16156051E+00     0.50000001E-01     0.50000001E-01     0.15535085E+00     137     0.39470624E-01
 0.19600000E+02     0.11050822E+01     0.16118632E+00     0.20000000E+01    -0.16228397E+00     0.50000001E-01     0.50000001E-01     0.15599403E+00     137     0.39470624E-01
 0.19700001E+02     0.11096019E+01     0.16191877E+00     0.20000000E+01    -0.16302904E+00     0.50000001E-01     0.50000001E-01     0.15673687E+00     137     0.39470624E-01
 0.19799997E+02     0.11140486E+01     0.16272415E+00     0.20000000E+01    -0.16384098E+00     0.50000001E-01     0.50000001E-01     0.15755877E+00     137     0.39470624E-01
 0.19900000E+02     0.11184367E+01     0.16349928E+00     0.20000000E+01    -0.16463079E+00     0.50000001E-01     0.50000001E-01     0.15834305E+00     138     0.42896152E-01
 0.20000000E+02     0.11230235E+01     0.16426948E+00     0.20000000E+01    -0.16537699E+00     0.50000001E-01     0.50000001E-01     0.15912645E+00     137     0.39470624E-01
 0.20100000E+02     0.11279126E+01     0.16486499E+00     0.20000000E+01    -0.16606584E+00     0.50000001E-01     0.50000001E-01     0.15973103E+00     137     0.39470624E-01
 0.20199997E+02     0.11329564E+01     0.16547132E+00     0.20000000E+01    -0.16669853E+00     0.50000001E-01     0.50000001E-01     0.16034746E+00     138     0.42896152E-01
 0.20299999E+02     0.11381971E+01     0.16611640E+00     0.20000000E+01    -0.16747177E+00     0.50000001E-01     0.50000001E-01     0.16100532E+00     138     0.42896152E-01
 0.20400000E+02     0.11430674E+01     0.16675910E+00     0.20000000E+01    -0.16811687E+00     0.50000001E-01     0.50000001E-01     0.16165924E+00     138     0.42896152E-01
 0.20500000E+02     0.11481036E+01     0.16738117E+00     0.20000000E+01    -0.16877089E+00     0.50000001E-01     0.50000001E-01     0.16229311E+00     138     0.42896152E-01
 0.20599998E+02     0.11525867E+01     0.16811448E+00     0.20000000E+01    -0.16967022E+00     0.50000001E-01     0.50000001E-01     0.16303335E+00     138     0.42896152E-01
 0.20699999E+02     0.11569762E+01     0.16893922E+00     0.20000000E+01    -0.17057477E+00     0.50000001E-01     0.50000001E-01     0.16387543E+00     138     0.42896152E-01
 0.20799999E+02     0.11613286E+01     0.16973551E+00     0.20000000E+01    -0.17133315E+00     0.50000001E-01     0.50000001E-01     0.16468695E+00     138     0.42896152E-01
 0.21299999E+02     0.12005777E+01     0.17517902E+00     0.20000000E+01    -0.17908400E+00     0.50000001E-01     0.43956858E+00     0.17077644E+00     139     0.46514940E-01
 0.21400000E+02     0.12056502E+01     0.17590943E+00     0.20000000E+01    -0.17979585E+00     0.50000001E-01     0.44041970E+00     0.17151527E+00     139     0.46514940E-01
 0.21499998E+02     0.12100692E+01     0.17651288E+00     0.20000000E+01    -0.18055141E+00     0.50000001E-01     0.44141272E+00     0.17212605E+00     139     0.46514940E-01
 0.21599998E+02     0.12136047E+01     0.17732422E+00     0.20000000E+01    -0.18134390E+00     0.50000001E-01     0.44130182E+00     0.17294922E+00     140     0.50334580E-01
 0.21699999E+02     0.12180197E+01     0.17807709E+00     0.20000000E+01    -0.18217866E+00     0.50000001E-01     0.44210625E+00     0.17371054E+00     140     0.50334580E-01
 0.21800001E+02     0.12222294E+01     0.17887650E+00     0.20000000E+01    -0.18314661E+00     0.50000001E-01     0.44380632E+00     0.17452507E+00     140     0.50334580E-01
 0.21899998E+02     0.12273747E+01     0.17951286E+00     0.20000000E+01    -0.18379770E+00     0.50000001E-01     0.44455397E+00     0.17518090E+00     140     0.50334580E-01
 0.21999998E+02     0.12313887E+01     0.18021178E+00     0.20000000E+01    -0.18460929E+00     0.50000001E-01     0.44561973E+00     0.17588747E+00     140     0.50334580E-01
