  
       RFOIL         Version 3.00
  
 Calculated polar for: OSO_2025_WT2_T36                
  
 1  Reynolds number fixed
  
 xtrf =      0.05000000 (suction)     0.05000000 (pressure)
 Rot. Parameters:  f0 =      1.00000000 c/r =      0.00000000
 Mach =      0.00000000     Re =     20.00000000 e 6     Ncrit =      3.00000000
  
             alpha                CL                CD            Re(CL)                CM             S_xtr             P_xtr               CDp            I_stag            X_stag
  ------- -------- --------- --------- -------- ------- ------- -------- 
-0.11700001E+02    -0.27689034E+00     0.88786609E-01     0.20000000E+02    -0.41905750E-01     0.50000001E-01     0.50000001E-01     0.83927676E-01      96     0.93848221E-02
-0.11600000E+02    -0.27056500E+00     0.88223547E-01     0.20000000E+02    -0.42320382E-01     0.50000001E-01     0.50000001E-01     0.83359443E-01      96     0.93848221E-02
-0.11500001E+02    -0.26428309E+00     0.87671429E-01     0.20000000E+02    -0.42705044E-01     0.50000001E-01     0.50000001E-01     0.82802348E-01      96     0.93848221E-02
-0.11400001E+02    -0.25798586E+00     0.87120049E-01     0.20000000E+02    -0.43090932E-01     0.50000001E-01     0.50000001E-01     0.82246155E-01      97     0.81395451E-02
-0.11300001E+02    -0.25168556E+00     0.86558931E-01     0.20000000E+02    -0.43492697E-01     0.50000001E-01     0.50000001E-01     0.81680052E-01      97     0.81395451E-02
-0.11200001E+02    -0.24563256E+00     0.85983634E-01     0.20000000E+02    -0.43859906E-01     0.50000001E-01     0.50000001E-01     0.81099316E-01      97     0.81395451E-02
-0.11100001E+02    -0.23991749E+00     0.85338145E-01     0.20000000E+02    -0.44270836E-01     0.50000001E-01     0.50000001E-01     0.80447853E-01      97     0.81395451E-02
-0.11000001E+02    -0.23920806E+00     0.83909683E-01     0.20000000E+02    -0.44919148E-01     0.50000001E-01     0.50000001E-01     0.79003312E-01      97     0.81395451E-02
-0.10900001E+02    -0.23304968E+00     0.83341546E-01     0.20000000E+02    -0.45296498E-01     0.50000001E-01     0.50000001E-01     0.78430220E-01      97     0.81395451E-02
-0.10800001E+02    -0.22680208E+00     0.82801744E-01     0.20000000E+02    -0.45665495E-01     0.50000001E-01     0.50000001E-01     0.77885427E-01      98     0.69827633E-02
-0.10700001E+02    -0.22056030E+00     0.82242899E-01     0.20000000E+02    -0.46017975E-01     0.50000001E-01     0.50000001E-01     0.77321976E-01      98     0.69827633E-02
-0.10600001E+02    -0.21412662E+00     0.81707835E-01     0.20000000E+02    -0.46387982E-01     0.50000001E-01     0.50000001E-01     0.76782316E-01      98     0.69827633E-02
-0.10500001E+02    -0.20779939E+00     0.81163496E-01     0.20000000E+02    -0.46750128E-01     0.50000001E-01     0.50000001E-01     0.76233149E-01      98     0.69827633E-02
-0.10400002E+02    -0.20144682E+00     0.80624424E-01     0.20000000E+02    -0.47125466E-01     0.50000001E-01     0.50000001E-01     0.75689137E-01      98     0.69827633E-02
-0.10300000E+02    -0.19529890E+00     0.80024481E-01     0.20000000E+02    -0.47516480E-01     0.50000001E-01     0.50000001E-01     0.75084075E-01      98     0.69827633E-02
-0.10200001E+02    -0.18975902E+00     0.79369746E-01     0.20000000E+02    -0.47893032E-01     0.50000001E-01     0.50000001E-01     0.74423119E-01      99     0.59136827E-02
-0.10100000E+02    -0.18892613E+00     0.77993326E-01     0.20000000E+02    -0.48461784E-01     0.50000001E-01     0.50000001E-01     0.73031373E-01      99     0.59136827E-02
-0.10000001E+02    -0.18262374E+00     0.77460080E-01     0.20000000E+02    -0.48826173E-01     0.50000001E-01     0.50000001E-01     0.72493404E-01      99     0.59136827E-02
-0.99000006E+01    -0.17630677E+00     0.76916158E-01     0.20000000E+02    -0.49177889E-01     0.50000001E-01     0.50000001E-01     0.71944892E-01      99     0.59136827E-02
-0.98000011E+01    -0.16987607E+00     0.76389745E-01     0.20000000E+02    -0.49521960E-01     0.50000001E-01     0.50000001E-01     0.71413949E-01      99     0.59136827E-02
-0.97000008E+01    -0.16350536E+00     0.75859487E-01     0.20000000E+02    -0.49854957E-01     0.50000001E-01     0.50000001E-01     0.70879258E-01      99     0.59136827E-02
-0.96000013E+01    -0.15710521E+00     0.75321555E-01     0.20000000E+02    -0.50209381E-01     0.50000001E-01     0.50000001E-01     0.70336632E-01      99     0.59136827E-02
-0.95000010E+01    -0.15080796E+00     0.74786209E-01     0.20000000E+02    -0.50553344E-01     0.50000001E-01     0.50000001E-01     0.69796577E-01     100     0.49317535E-02
-0.94000006E+01    -0.14485081E+00     0.74186370E-01     0.20000000E+02    -0.50917480E-01     0.50000001E-01     0.50000001E-01     0.69191441E-01     100     0.49317535E-02
-0.93000011E+01    -0.14429940E+00     0.72822809E-01     0.20000000E+02    -0.51463068E-01     0.50000001E-01     0.50000001E-01     0.67812264E-01     100     0.49317535E-02
-0.91999998E+01    -0.13810118E+00     0.72252750E-01     0.20000000E+02    -0.51809825E-01     0.50000001E-01     0.50000001E-01     0.67237414E-01     100     0.49317535E-02
-0.91000013E+01    -0.13173051E+00     0.71724765E-01     0.20000000E+02    -0.52148260E-01     0.50000001E-01     0.50000001E-01     0.66704847E-01     100     0.49317535E-02
-0.90000000E+01    -0.12535100E+00     0.71204290E-01     0.20000000E+02    -0.52460302E-01     0.50000001E-01     0.50000001E-01     0.66180103E-01     100     0.49317535E-02
-0.89000015E+01    -0.11883971E+00     0.70683561E-01     0.20000000E+02    -0.52794252E-01     0.50000001E-01     0.50000001E-01     0.65655164E-01     100     0.49317535E-02
-0.88000002E+01    -0.11240213E+00     0.70170946E-01     0.20000000E+02    -0.53109095E-01     0.50000001E-01     0.50000001E-01     0.65138265E-01     101     0.40368550E-02
-0.87000017E+01    -0.10602292E+00     0.69639489E-01     0.20000000E+02    -0.53436041E-01     0.50000001E-01     0.50000001E-01     0.64602330E-01     101     0.40368550E-02
-0.86000004E+01    -0.99844739E-01     0.69086932E-01     0.20000000E+02    -0.53764515E-01     0.50000001E-01     0.50000001E-01     0.64045034E-01     101     0.40368550E-02
-0.85000019E+01    -0.94596788E-01     0.68414249E-01     0.20000000E+02    -0.54121349E-01     0.50000001E-01     0.50000001E-01     0.63365713E-01     101     0.40368550E-02
-0.84000006E+01    -0.93350656E-01     0.67168035E-01     0.20000000E+02    -0.54607280E-01     0.50000001E-01     0.50000001E-01     0.62105734E-01     101     0.40368550E-02
-0.83000011E+01    -0.86949848E-01     0.66640638E-01     0.20000000E+02    -0.54922003E-01     0.50000001E-01     0.50000001E-01     0.61573949E-01     101     0.40368550E-02
-0.82000008E+01    -0.80479532E-01     0.66140480E-01     0.20000000E+02    -0.55228792E-01     0.50000001E-01     0.50000001E-01     0.61069615E-01     102     0.32292409E-02
-0.81000013E+01    -0.74010506E-01     0.65635704E-01     0.20000000E+02    -0.55527776E-01     0.50000001E-01     0.50000001E-01     0.60560849E-01     102     0.32292409E-02
-0.80000010E+01    -0.67505129E-01     0.65131642E-01     0.20000000E+02    -0.55830490E-01     0.50000001E-01     0.50000001E-01     0.60052644E-01     102     0.32292409E-02
-0.79000001E+01    -0.61056163E-01     0.64635068E-01     0.20000000E+02    -0.56136928E-01     0.50000001E-01     0.50000001E-01     0.59551857E-01     102     0.32292409E-02
-0.78000011E+01    -0.54890804E-01     0.64084671E-01     0.20000000E+02    -0.56443386E-01     0.50000001E-01     0.50000001E-01     0.58996730E-01     102     0.32292409E-02
-0.77000003E+01    -0.49437094E-01     0.63431561E-01     0.20000000E+02    -0.56769483E-01     0.50000001E-01     0.50000001E-01     0.58337674E-01     102     0.32292409E-02
-0.76000009E+01    -0.48428364E-01     0.62206674E-01     0.20000000E+02    -0.57234999E-01     0.50000001E-01     0.50000001E-01     0.57098735E-01     102     0.32292409E-02
-0.75000005E+01    -0.42003103E-01     0.61702691E-01     0.20000000E+02    -0.57530828E-01     0.50000001E-01     0.50000001E-01     0.56590486E-01     103     0.25093697E-02
-0.74000010E+01    -0.35493847E-01     0.61195038E-01     0.20000000E+02    -0.57819787E-01     0.50000001E-01     0.50000001E-01     0.56078777E-01     103     0.25093697E-02
-0.73000002E+01    -0.28951533E-01     0.60705021E-01     0.20000000E+02    -0.58105141E-01     0.50000001E-01     0.50000001E-01     0.55584900E-01     103     0.25093697E-02
-0.72000012E+01    -0.22433644E-01     0.60225494E-01     0.20000000E+02    -0.58386602E-01     0.50000001E-01     0.50000001E-01     0.55101551E-01     103     0.25093697E-02
-0.71000004E+01    -0.16019190E-01     0.59731517E-01     0.20000000E+02    -0.58669712E-01     0.50000001E-01     0.50000001E-01     0.54603476E-01     103     0.25093697E-02
-0.70000014E+01    -0.98484326E-02     0.59194118E-01     0.20000000E+02    -0.58955986E-01     0.50000001E-01     0.50000001E-01     0.54061487E-01     103     0.25093697E-02
-0.69000006E+01    -0.48467028E-02     0.58503862E-01     0.20000000E+02    -0.59284218E-01     0.50000001E-01     0.50000001E-01     0.53364478E-01     104     0.18779053E-02
-0.68000016E+01    -0.34356345E-02     0.57370979E-01     0.20000000E+02    -0.59699092E-01     0.50000001E-01     0.50000001E-01     0.52218512E-01     104     0.18779053E-02
-0.67000008E+01     0.29803046E-02     0.56880340E-01     0.20000000E+02    -0.59968345E-01     0.50000001E-01     0.50000001E-01     0.51723860E-01     104     0.18779053E-02
-0.66000018E+01     0.95237168E-02     0.56403700E-01     0.20000000E+02    -0.60239132E-01     0.50000001E-01     0.50000001E-01     0.51243361E-01     104     0.18779053E-02
-0.65000010E+01     0.16054114E-01     0.55933595E-01     0.20000000E+02    -0.60499199E-01     0.50000001E-01     0.50000001E-01     0.50769527E-01     104     0.18779053E-02
-0.64000001E+01     0.22572106E-01     0.55455755E-01     0.20000000E+02    -0.60766127E-01     0.50000001E-01     0.50000001E-01     0.50287832E-01     104     0.18779053E-02
-0.63000011E+01     0.28930642E-01     0.54971930E-01     0.20000000E+02    -0.61031509E-01     0.50000001E-01     0.50000001E-01     0.49799960E-01     104     0.18779053E-02
-0.62000003E+01     0.34838829E-01     0.54422408E-01     0.20000000E+02    -0.61307326E-01     0.50000001E-01     0.50000001E-01     0.49245525E-01     105     0.13357622E-02
-0.61000009E+01     0.35008729E-01     0.53200066E-01     0.20000000E+02    -0.61727267E-01     0.50000001E-01     0.50000001E-01     0.48008077E-01     105     0.13357622E-02
-0.60000000E+01     0.41379146E-01     0.52704304E-01     0.20000000E+02    -0.61979737E-01     0.50000001E-01     0.50000001E-01     0.47508359E-01     105     0.13357622E-02
-0.59000010E+01     0.47889218E-01     0.52240811E-01     0.20000000E+02    -0.62232021E-01     0.50000001E-01     0.50000001E-01     0.47041178E-01     105     0.13357622E-02
-0.58000002E+01     0.54445989E-01     0.51784888E-01     0.20000000E+02    -0.62480398E-01     0.50000001E-01     0.50000001E-01     0.46581626E-01     105     0.13357622E-02
-0.57000012E+01     0.60973901E-01     0.51329874E-01     0.20000000E+02    -0.62723681E-01     0.50000001E-01     0.50000001E-01     0.46122976E-01     105     0.13357622E-02
-0.56000004E+01     0.67400955E-01     0.50860405E-01     0.20000000E+02    -0.62970199E-01     0.50000001E-01     0.50000001E-01     0.45649700E-01     106     0.88392844E-03
-0.55000014E+01     0.73439628E-01     0.50354715E-01     0.20000000E+02    -0.63221283E-01     0.50000001E-01     0.50000001E-01     0.45139533E-01     106     0.88392844E-03
-0.54000006E+01     0.73235936E-01     0.49113102E-01     0.20000000E+02    -0.63619867E-01     0.50000001E-01     0.50000001E-01     0.43882363E-01     106     0.88392844E-03
-0.53000016E+01     0.79576708E-01     0.48654627E-01     0.20000000E+02    -0.63856095E-01     0.50000001E-01     0.50000001E-01     0.43420099E-01     106     0.88392844E-03
-0.52000008E+01     0.86050794E-01     0.48209660E-01     0.20000000E+02    -0.64087428E-01     0.50000001E-01     0.50000001E-01     0.42971540E-01     106     0.88392844E-03
-0.51000013E+01     0.92570238E-01     0.47771502E-01     0.20000000E+02    -0.64315505E-01     0.50000001E-01     0.50000001E-01     0.42529963E-01     106     0.88392844E-03
-0.50000010E+01     0.99079043E-01     0.47333732E-01     0.20000000E+02    -0.64540192E-01     0.50000001E-01     0.50000001E-01     0.42088680E-01     106     0.88392844E-03
-0.49000015E+01     0.10548902E+00     0.46877392E-01     0.20000000E+02    -0.64769678E-01     0.50000001E-01     0.50000001E-01     0.41628618E-01     107     0.52343018E-03
-0.48000007E+01     0.11149754E+00     0.46388332E-01     0.20000000E+02    -0.65002590E-01     0.50000001E-01     0.50000001E-01     0.41135237E-01     107     0.52343018E-03
-0.47000003E+01     0.11103517E+00     0.45196362E-01     0.20000000E+02    -0.65364890E-01     0.50000001E-01     0.50000001E-01     0.39927904E-01     107     0.52343018E-03
-0.46000009E+01     0.11737705E+00     0.44749867E-01     0.20000000E+02    -0.65581612E-01     0.50000001E-01     0.50000001E-01     0.39477780E-01     107     0.52343018E-03
-0.45000000E+01     0.12383346E+00     0.44325013E-01     0.20000000E+02    -0.65792456E-01     0.50000001E-01     0.50000001E-01     0.39049506E-01     107     0.52343018E-03
-0.44000010E+01     0.13033114E+00     0.43905646E-01     0.20000000E+02    -0.66001900E-01     0.50000001E-01     0.50000001E-01     0.38626835E-01     107     0.52343018E-03
-0.43000002E+01     0.13679005E+00     0.43483168E-01     0.20000000E+02    -0.66207848E-01     0.50000001E-01     0.50000001E-01     0.38201027E-01     107     0.52343018E-03
-0.42000012E+01     0.14303088E+00     0.43051794E-01     0.20000000E+02    -0.66410840E-01     0.50000001E-01     0.50000001E-01     0.37766106E-01     108     0.25559045E-03
-0.41000004E+01     0.14858699E+00     0.42536542E-01     0.20000000E+02    -0.66628478E-01     0.50000001E-01     0.50000001E-01     0.37246015E-01     108     0.25559045E-03
-0.40000014E+01     0.14821656E+00     0.41428410E-01     0.20000000E+02    -0.66945560E-01     0.50000001E-01     0.50000001E-01     0.36123231E-01     108     0.25559045E-03
-0.39000006E+01     0.15457442E+00     0.41005202E-01     0.20000000E+02    -0.67140259E-01     0.50000001E-01     0.50000001E-01     0.35696711E-01     108     0.25559045E-03
-0.38000014E+01     0.16097295E+00     0.40601224E-01     0.20000000E+02    -0.67325383E-01     0.50000001E-01     0.50000001E-01     0.35289545E-01     108     0.25559045E-03
-0.37000005E+01     0.16736351E+00     0.40198509E-01     0.20000000E+02    -0.67507125E-01     0.50000001E-01     0.50000001E-01     0.34883771E-01     108     0.25559045E-03
-0.36000016E+01     0.17360364E+00     0.39787799E-01     0.20000000E+02    -0.67689143E-01     0.50000001E-01     0.50000001E-01     0.34469679E-01     108     0.25559045E-03
-0.35000007E+01     0.17937045E+00     0.39328646E-01     0.20000000E+02    -0.67876436E-01     0.50000001E-01     0.50000001E-01     0.34006491E-01     109     0.82218816E-04
-0.34000015E+01     0.17821674E+00     0.38211498E-01     0.20000000E+02    -0.68159454E-01     0.50000001E-01     0.50000001E-01     0.32874085E-01     109     0.82218816E-04
-0.33000009E+01     0.18439615E+00     0.37807848E-01     0.20000000E+02    -0.68325117E-01     0.50000001E-01     0.50000001E-01     0.32467302E-01     109     0.82218816E-04
-0.32000017E+01     0.19067539E+00     0.37418958E-01     0.20000000E+02    -0.68485945E-01     0.50000001E-01     0.50000001E-01     0.32075349E-01     109     0.82218816E-04
-0.31000009E+01     0.19694439E+00     0.37031502E-01     0.20000000E+02    -0.68644404E-01     0.50000001E-01     0.50000001E-01     0.31684913E-01     109     0.82218816E-04
-0.30000000E+01     0.20303123E+00     0.36629550E-01     0.20000000E+02    -0.68798795E-01     0.50000001E-01     0.50000001E-01     0.31279694E-01     109     0.82218816E-04
-0.29000010E+01     0.20847316E+00     0.36174782E-01     0.20000000E+02    -0.68955131E-01     0.50000001E-01     0.50000001E-01     0.30820770E-01     109     0.82218816E-04
-0.28000002E+01     0.20683801E+00     0.35104208E-01     0.20000000E+02    -0.69180690E-01     0.50000001E-01     0.50000001E-01     0.29735230E-01     109     0.82218816E-04
-0.27000012E+01     0.21289061E+00     0.34712680E-01     0.20000000E+02    -0.69318153E-01     0.50000001E-01     0.50000001E-01     0.29340688E-01     110     0.45936558E-05
-0.26000004E+01     0.21893640E+00     0.34340411E-01     0.20000000E+02    -0.69442265E-01     0.50000001E-01     0.50000001E-01     0.28965568E-01     110     0.45936558E-05
-0.25000012E+01     0.22491822E+00     0.33964977E-01     0.20000000E+02    -0.69561757E-01     0.50000001E-01     0.50000001E-01     0.28587224E-01     110     0.45936558E-05
-0.24000003E+01     0.23055778E+00     0.33560216E-01     0.20000000E+02    -0.69682971E-01     0.50000001E-01     0.50000001E-01     0.28179143E-01     110     0.45936558E-05
-0.23000014E+01     0.22768542E+00     0.32472096E-01     0.20000000E+02    -0.69843657E-01     0.50000001E-01     0.50000001E-01     0.27075291E-01     110     0.45936558E-05
-0.22000005E+01     0.23336439E+00     0.32087471E-01     0.20000000E+02    -0.69941662E-01     0.50000001E-01     0.50000001E-01     0.26687624E-01     110     0.45936558E-05
-0.21000013E+01     0.23911500E+00     0.31724397E-01     0.20000000E+02    -0.70029855E-01     0.50000001E-01     0.50000001E-01     0.26321804E-01     110     0.45936558E-05
-0.20000007E+01     0.24475542E+00     0.31360082E-01     0.20000000E+02    -0.70106566E-01     0.50000001E-01     0.50000001E-01     0.25954671E-01     111     0.22930024E-04
-0.19000015E+01     0.24994941E+00     0.30970570E-01     0.20000000E+02    -0.70173353E-01     0.50000001E-01     0.50000001E-01     0.25561856E-01     111     0.22930024E-04
-0.18000008E+01     0.24595608E+00     0.29887037E-01     0.20000000E+02    -0.70241354E-01     0.50000001E-01     0.50000001E-01     0.24462473E-01     111     0.22930024E-04
-0.17000016E+01     0.25107777E+00     0.29520942E-01     0.20000000E+02    -0.70273124E-01     0.50000001E-01     0.50000001E-01     0.24093499E-01     111     0.22930024E-04
-0.16000009E+01     0.25623950E+00     0.29167177E-01     0.20000000E+02    -0.70293747E-01     0.50000001E-01     0.50000001E-01     0.23737052E-01     111     0.22930024E-04
-0.15000000E+01     0.26116133E+00     0.28802605E-01     0.20000000E+02    -0.70303060E-01     0.50000001E-01     0.50000001E-01     0.23369629E-01     111     0.22930024E-04
-0.14000009E+01     0.26488602E+00     0.28364191E-01     0.20000000E+02    -0.70290156E-01     0.50000001E-01     0.50000001E-01     0.22927005E-01     111     0.22930024E-04
-0.13000002E+01     0.25933507E+00     0.27344722E-01     0.20000000E+02    -0.70159405E-01     0.50000001E-01     0.50000001E-01     0.21892531E-01     111     0.22930024E-04
-0.12000011E+01     0.26365373E+00     0.26983161E-01     0.20000000E+02    -0.70095733E-01     0.50000001E-01     0.50000001E-01     0.21528246E-01     112     0.13751644E-03
-0.11000003E+01     0.26747915E+00     0.26611378E-01     0.20000000E+02    -0.69998890E-01     0.50000001E-01     0.50000001E-01     0.21153521E-01     112     0.13751644E-03
-0.10000012E+01     0.26844057E+00     0.26084127E-01     0.20000000E+02    -0.69828071E-01     0.50000001E-01     0.50000001E-01     0.20620560E-01     112     0.13751644E-03
-0.90000039E+00     0.26043129E+00     0.25113013E-01     0.20000000E+02    -0.69379002E-01     0.50000001E-01     0.50000001E-01     0.19635543E-01     112     0.13751644E-03
-0.80000126E+00     0.26254559E+00     0.24721120E-01     0.20000000E+02    -0.69109067E-01     0.50000001E-01     0.50000001E-01     0.19240757E-01     112     0.13751644E-03
-0.70000046E+00     0.24583812E+00     0.23476481E-01     0.20000000E+02    -0.68052404E-01     0.50000001E-01     0.50000001E-01     0.17978556E-01     112     0.13751644E-03
-0.60000139E+00     0.24390599E+00     0.23011666E-01     0.20000000E+02    -0.67325667E-01     0.50000001E-01     0.50000001E-01     0.17510897E-01     112     0.13751644E-03
-0.50000060E+00     0.19239807E+00     0.21490330E-01     0.20000000E+02    -0.62741339E-01     0.50000001E-01     0.50000001E-01     0.15965685E-01     112     0.13751644E-03
-0.40000150E+00     0.19150820E+00     0.20264629E-01     0.20000000E+02    -0.64951561E-01     0.50000001E-01     0.50000001E-01     0.14710145E-01     112     0.13751644E-03
-0.30000070E+00     0.20139053E+00     0.19875195E-01     0.20000000E+02    -0.66179954E-01     0.50000001E-01     0.50000001E-01     0.14312493E-01     112     0.13751644E-03
-0.20000160E+00     0.21298851E+00     0.18844282E-01     0.20000000E+02    -0.69643781E-01     0.50000001E-01     0.50000001E-01     0.13252065E-01     112     0.13751644E-03
-0.10000080E+00     0.22624989E+00     0.18520195E-01     0.20000000E+02    -0.71175270E-01     0.50000001E-01     0.50000001E-01     0.12920034E-01     112     0.13751644E-03
 0.00000000E+00     0.24015358E+00     0.18201724E-01     0.20000000E+02    -0.72791860E-01     0.50000001E-01     0.50000001E-01     0.12593260E-01     112     0.13751644E-03
 0.99999093E-01     0.25538638E+00     0.17793631E-01     0.20000000E+02    -0.74895836E-01     0.50000001E-01     0.50000001E-01     0.12173085E-01     113     0.34877725E-03
 0.19999990E+00     0.27444166E+00     0.17105263E-01     0.20000000E+02    -0.78505740E-01     0.50000001E-01     0.50000001E-01     0.11460723E-01     113     0.34877725E-03
 0.29999900E+00     0.29032654E+00     0.16844241E-01     0.20000000E+02    -0.80273449E-01     0.50000001E-01     0.50000001E-01     0.11191515E-01     113     0.34877725E-03
 0.39999980E+00     0.30704603E+00     0.16557481E-01     0.20000000E+02    -0.82265429E-01     0.50000001E-01     0.50000001E-01     0.10894887E-01     113     0.34877725E-03
 0.49999887E+00     0.32912976E+00     0.15954837E-01     0.20000000E+02    -0.86149327E-01     0.50000001E-01     0.50000001E-01     0.10267647E-01     114     0.65841351E-03
 0.59999967E+00     0.34621835E+00     0.15729845E-01     0.20000000E+02    -0.88020869E-01     0.50000001E-01     0.50000001E-01     0.10033982E-01     114     0.65841351E-03
 0.69999880E+00     0.36403808E+00     0.15484347E-01     0.20000000E+02    -0.90083376E-01     0.50000001E-01     0.50000001E-01     0.97783674E-02     114     0.65841351E-03
 0.79999959E+00     0.38664758E+00     0.15022878E-01     0.20000000E+02    -0.93655676E-01     0.50000001E-01     0.50000001E-01     0.92947427E-02     114     0.65841351E-03
 0.89999866E+00     0.40452817E+00     0.14822189E-01     0.20000000E+02    -0.95596805E-01     0.50000001E-01     0.50000001E-01     0.90847425E-02     115     0.10680658E-02
 0.99999946E+00     0.42386526E+00     0.14568393E-01     0.20000000E+02    -0.97958460E-01     0.50000001E-01     0.50000001E-01     0.88179819E-02     115     0.10680658E-02
 0.10999986E+01     0.44491658E+00     0.14262300E-01     0.20000000E+02    -0.10079180E+00     0.50000001E-01     0.50000001E-01     0.84947236E-02     115     0.10680658E-02
 0.11999993E+01     0.46382642E+00     0.14057755E-01     0.20000000E+02    -0.10293033E+00     0.50000001E-01     0.50000001E-01     0.82782675E-02     115     0.10680658E-02
 0.12999984E+01     0.48461035E+00     0.13793372E-01     0.20000000E+02    -0.10559296E+00     0.50000001E-01     0.50000001E-01     0.79967659E-02     116     0.15789367E-02
 0.13999993E+01     0.50386977E+00     0.13594782E-01     0.20000000E+02    -0.10777425E+00     0.50000001E-01     0.50000001E-01     0.77846958E-02     116     0.15789367E-02
 0.14999983E+01     0.52351499E+00     0.13390176E-01     0.20000000E+02    -0.11004405E+00     0.50000001E-01     0.50000001E-01     0.75647784E-02     116     0.15789367E-02
 0.15999992E+01     0.54332328E+00     0.13185944E-01     0.20000000E+02    -0.11233927E+00     0.50000001E-01     0.50000001E-01     0.73437174E-02     116     0.15789367E-02
 0.16999999E+01     0.56264794E+00     0.13003112E-01     0.20000000E+02    -0.11447947E+00     0.50000001E-01     0.50000001E-01     0.71442258E-02     117     0.21921741E-02
 0.17999990E+01     0.58199620E+00     0.12823500E-01     0.20000000E+02    -0.11661254E+00     0.50000001E-01     0.50000001E-01     0.69462801E-02     117     0.21921741E-02
 0.18999999E+01     0.60228479E+00     0.12617959E-01     0.20000000E+02    -0.11899607E+00     0.50000001E-01     0.50000001E-01     0.67173461E-02     117     0.21921741E-02
 0.19999989E+01     0.61940408E+00     0.12518146E-01     0.20000000E+02    -0.12048013E+00     0.50000001E-01     0.50000001E-01     0.66043739E-02     117     0.21921741E-02
 0.20999997E+01     0.63413572E+00     0.12493186E-01     0.20000000E+02    -0.12129775E+00     0.50000001E-01     0.50000001E-01     0.65748435E-02     118     0.29090899E-02
 0.21999989E+01     0.64862365E+00     0.12475532E-01     0.20000000E+02    -0.12204783E+00     0.50000001E-01     0.50000001E-01     0.65532830E-02     118     0.29090899E-02
 0.22999997E+01     0.66297001E+00     0.12462121E-01     0.20000000E+02    -0.12275774E+00     0.50000001E-01     0.50000001E-01     0.65363175E-02     118     0.29090899E-02
 0.23999987E+01     0.67718744E+00     0.12452512E-01     0.20000000E+02    -0.12343284E+00     0.50000001E-01     0.50000001E-01     0.65234080E-02     118     0.29090899E-02
 0.24999995E+01     0.69129580E+00     0.12446140E-01     0.20000000E+02    -0.12407766E+00     0.50000001E-01     0.50000001E-01     0.65139774E-02     118     0.29090899E-02
 0.25999987E+01     0.70530474E+00     0.12442601E-01     0.20000000E+02    -0.12469634E+00     0.50000001E-01     0.50000001E-01     0.65077078E-02     119     0.37310193E-02
 0.26999993E+01     0.71922147E+00     0.12441749E-01     0.20000000E+02    -0.12529074E+00     0.50000001E-01     0.50000001E-01     0.65041827E-02     119     0.37310193E-02
 0.27999985E+01     0.73305571E+00     0.12443187E-01     0.20000000E+02    -0.12586281E+00     0.50000001E-01     0.50000001E-01     0.65031443E-02     119     0.37310193E-02
 0.28999994E+01     0.74681103E+00     0.12446923E-01     0.20000000E+02    -0.12641467E+00     0.50000001E-01     0.50000001E-01     0.65045366E-02     119     0.37310193E-02
 0.29999983E+01     0.76049668E+00     0.12452611E-01     0.20000000E+02    -0.12694754E+00     0.50000001E-01     0.50000001E-01     0.65080361E-02     119     0.37310193E-02
 0.30999992E+01     0.77411348E+00     0.12460159E-01     0.20000000E+02    -0.12746294E+00     0.50000001E-01     0.50000001E-01     0.65136505E-02     120     0.46595004E-02
 0.31999984E+01     0.78765643E+00     0.12469790E-01     0.20000000E+02    -0.12796086E+00     0.50000001E-01     0.50000001E-01     0.65212781E-02     120     0.46595004E-02
 0.32999990E+01     0.80113906E+00     0.12481154E-01     0.20000000E+02    -0.12844290E+00     0.50000001E-01     0.50000001E-01     0.65307580E-02     120     0.46595004E-02
 0.33999999E+01     0.81456316E+00     0.12493826E-01     0.20000000E+02    -0.12891027E+00     0.50000001E-01     0.50000001E-01     0.65417527E-02     120     0.46595004E-02
 0.34999990E+01     0.82792372E+00     0.12508329E-01     0.20000000E+02    -0.12936288E+00     0.50000001E-01     0.50000001E-01     0.65546096E-02     120     0.46595004E-02
 0.35999999E+01     0.84122825E+00     0.12524411E-01     0.20000000E+02    -0.12980089E+00     0.50000001E-01     0.50000001E-01     0.65692435E-02     121     0.56962054E-02
 0.36999989E+01     0.85446668E+00     0.12541982E-01     0.20000000E+02    -0.13022475E+00     0.50000001E-01     0.50000001E-01     0.65852907E-02     121     0.56962054E-02
 0.37999997E+01     0.86765772E+00     0.12560873E-01     0.20000000E+02    -0.13063622E+00     0.50000001E-01     0.50000001E-01     0.66028610E-02     121     0.56962054E-02
 0.38999987E+01     0.88079011E+00     0.12581325E-01     0.20000000E+02    -0.13103390E+00     0.50000001E-01     0.50000001E-01     0.66220090E-02     121     0.56962054E-02
 0.39999995E+01     0.89386553E+00     0.12603068E-01     0.20000000E+02    -0.13141929E+00     0.50000001E-01     0.50000001E-01     0.66425628E-02     121     0.56962054E-02
 0.40999985E+01     0.90688622E+00     0.12626195E-01     0.20000000E+02    -0.13179159E+00     0.50000001E-01     0.50000001E-01     0.66646594E-02     122     0.68430351E-02
 0.41999993E+01     0.91985351E+00     0.12650656E-01     0.20000000E+02    -0.13215187E+00     0.50000001E-01     0.50000001E-01     0.66880640E-02     122     0.68430351E-02
 0.42999988E+01     0.93276429E+00     0.12676448E-01     0.20000000E+02    -0.13249937E+00     0.50000001E-01     0.50000001E-01     0.67128814E-02     122     0.68430351E-02
 0.43999991E+01     0.94561934E+00     0.12703583E-01     0.20000000E+02    -0.13283469E+00     0.50000001E-01     0.50000001E-01     0.67391051E-02     122     0.68430351E-02
 0.44999986E+01     0.95842099E+00     0.12731937E-01     0.20000000E+02    -0.13315846E+00     0.50000001E-01     0.50000001E-01     0.67666499E-02     122     0.68430351E-02
 0.45999994E+01     0.97116399E+00     0.12761574E-01     0.20000000E+02    -0.13346986E+00     0.50000001E-01     0.50000001E-01     0.67956308E-02     123     0.81021339E-02
 0.47000003E+01     0.98385185E+00     0.12792472E-01     0.20000000E+02    -0.13376948E+00     0.50000001E-01     0.50000001E-01     0.68258527E-02     123     0.81021339E-02
 0.47999973E+01     0.99648100E+00     0.12824658E-01     0.20000000E+02    -0.13405699E+00     0.50000001E-01     0.50000001E-01     0.68574050E-02     123     0.81021339E-02
 0.48999982E+01     0.10090563E+01     0.12858034E-01     0.20000000E+02    -0.13433231E+00     0.50000001E-01     0.50000001E-01     0.68902951E-02     123     0.81021339E-02
 0.49999990E+01     0.10215727E+01     0.12892591E-01     0.20000000E+02    -0.13459589E+00     0.50000001E-01     0.50000001E-01     0.69243950E-02     123     0.81021339E-02
 0.50999999E+01     0.10340272E+01     0.12928550E-01     0.20000000E+02    -0.13484667E+00     0.50000001E-01     0.50000001E-01     0.69600879E-02     124     0.94758309E-02
 0.52000008E+01     0.10464172E+01     0.12965811E-01     0.20000000E+02    -0.13508445E+00     0.50000001E-01     0.50000001E-01     0.69969706E-02     124     0.94758309E-02
 0.52999978E+01     0.10587519E+01     0.13004038E-01     0.20000000E+02    -0.13531150E+00     0.50000001E-01     0.50000001E-01     0.70350291E-02     124     0.94758309E-02
 0.53999987E+01     0.10710173E+01     0.13043771E-01     0.20000000E+02    -0.13552453E+00     0.50000001E-01     0.50000001E-01     0.70745745E-02     124     0.94758309E-02
 0.54999995E+01     0.10832241E+01     0.13084559E-01     0.20000000E+02    -0.13572520E+00     0.50000001E-01     0.50000001E-01     0.71153138E-02     124     0.94758309E-02
 0.56000004E+01     0.10953585E+01     0.13126866E-01     0.20000000E+02    -0.13591219E+00     0.50000001E-01     0.50000001E-01     0.71576843E-02     125     0.10966896E-01
 0.56999979E+01     0.11074241E+01     0.13170251E-01     0.20000000E+02    -0.13608669E+00     0.50000001E-01     0.50000001E-01     0.72011771E-02     125     0.10966896E-01
 0.57999988E+01     0.11194190E+01     0.13215072E-01     0.20000000E+02    -0.13624655E+00     0.50000001E-01     0.50000001E-01     0.72461287E-02     125     0.10966896E-01
 0.58999996E+01     0.11313404E+01     0.13261138E-01     0.20000000E+02    -0.13639274E+00     0.50000001E-01     0.50000001E-01     0.72924206E-02     125     0.10966896E-01
 0.60000000E+01     0.11431860E+01     0.13308544E-01     0.20000000E+02    -0.13652454E+00     0.50000001E-01     0.50000001E-01     0.73401472E-02     125     0.10966896E-01
 0.60999975E+01     0.11549486E+01     0.13357524E-01     0.20000000E+02    -0.13664088E+00     0.50000001E-01     0.50000001E-01     0.73896046E-02     126     0.12578236E-01
 0.61999984E+01     0.11666278E+01     0.13407544E-01     0.20000000E+02    -0.13674192E+00     0.50000001E-01     0.50000001E-01     0.74401326E-02     126     0.12578236E-01
 0.62999992E+01     0.11782228E+01     0.13459354E-01     0.20000000E+02    -0.13682726E+00     0.50000001E-01     0.50000001E-01     0.74924612E-02     126     0.12578236E-01
 0.64000001E+01     0.11897267E+01     0.13512209E-01     0.20000000E+02    -0.13689582E+00     0.50000001E-01     0.50000001E-01     0.75460128E-02     126     0.12578236E-01
 0.65000010E+01     0.12011377E+01     0.13566793E-01     0.20000000E+02    -0.13694669E+00     0.50000001E-01     0.50000001E-01     0.76013571E-02     126     0.12578236E-01
 0.65999980E+01     0.12124478E+01     0.13623013E-01     0.20000000E+02    -0.13697939E+00     0.50000001E-01     0.50000001E-01     0.76584020E-02     126     0.12578236E-01
 0.66999989E+01     0.12236465E+01     0.13680755E-01     0.20000000E+02    -0.13699339E+00     0.50000001E-01     0.50000001E-01     0.77172075E-02     127     0.14313264E-01
 0.67999997E+01     0.12347263E+01     0.13739394E-01     0.20000000E+02    -0.13698475E+00     0.50000001E-01     0.50000001E-01     0.77770227E-02     127     0.14313264E-01
 0.69000006E+01     0.12456142E+01     0.13800405E-01     0.20000000E+02    -0.13694224E+00     0.50000001E-01     0.50000001E-01     0.78391721E-02     127     0.14313264E-01
 0.69999981E+01     0.12563366E+01     0.13861950E-01     0.20000000E+02    -0.13686939E+00     0.50000001E-01     0.50000001E-01     0.79021696E-02     127     0.14313264E-01
 0.70999990E+01     0.12668147E+01     0.13925808E-01     0.20000000E+02    -0.13675310E+00     0.50000001E-01     0.50000001E-01     0.79675354E-02     127     0.14313264E-01
 0.71999998E+01     0.12770097E+01     0.13990708E-01     0.20000000E+02    -0.13658555E+00     0.50000001E-01     0.50000001E-01     0.80343112E-02     128     0.16175576E-01
 0.73000002E+01     0.12869903E+01     0.14057268E-01     0.20000000E+02    -0.13638024E+00     0.50000001E-01     0.50000001E-01     0.81028584E-02     128     0.16175576E-01
 0.73999977E+01     0.12968024E+01     0.14126896E-01     0.20000000E+02    -0.13614605E+00     0.50000001E-01     0.50000001E-01     0.81745274E-02     128     0.16175576E-01
 0.74999986E+01     0.13064364E+01     0.14198482E-01     0.20000000E+02    -0.13588196E+00     0.50000001E-01     0.50000001E-01     0.82484316E-02     128     0.16175576E-01
 0.75999994E+01     0.13158153E+01     0.14272972E-01     0.20000000E+02    -0.13557370E+00     0.50000001E-01     0.50000001E-01     0.83253570E-02     128     0.16175576E-01
 0.77000003E+01     0.13245589E+01     0.14349855E-01     0.20000000E+02    -0.13515136E+00     0.50000001E-01     0.50000001E-01     0.84052105E-02     128     0.16175576E-01
 0.77999973E+01     0.13169752E+01     0.14420956E-01     0.20000000E+02    -0.13171509E+00     0.50000001E-01     0.50000001E-01     0.84899925E-02     128     0.16175576E-01
 0.78999982E+01     0.13204691E+01     0.14526707E-01     0.20000000E+02    -0.13036250E+00     0.50000001E-01     0.50000001E-01     0.86026415E-02     129     0.18169271E-01
 0.79999990E+01     0.13286543E+01     0.14646080E-01     0.20000000E+02    -0.12987763E+00     0.50000001E-01     0.50000001E-01     0.87257130E-02     129     0.18169271E-01
 0.81000004E+01     0.13374741E+01     0.14767477E-01     0.20000000E+02    -0.12951453E+00     0.50000001E-01     0.50000001E-01     0.88504581E-02     129     0.18169271E-01
 0.82000008E+01     0.13460042E+01     0.14897379E-01     0.20000000E+02    -0.12911423E+00     0.50000001E-01     0.50000001E-01     0.89840898E-02     129     0.18169271E-01
 0.82999983E+01     0.13544141E+01     0.15031353E-01     0.20000000E+02    -0.12870196E+00     0.50000001E-01     0.50000001E-01     0.91221062E-02     129     0.18169271E-01
 0.83999987E+01     0.13629609E+01     0.15165092E-01     0.20000000E+02    -0.12831974E+00     0.50000001E-01     0.50000001E-01     0.92598638E-02     129     0.18169271E-01
 0.85000000E+01     0.13711216E+01     0.15309023E-01     0.20000000E+02    -0.12788504E+00     0.50000001E-01     0.50000001E-01     0.94082523E-02     130     0.20298893E-01
 0.86000004E+01     0.13788909E+01     0.15459635E-01     0.20000000E+02    -0.12739833E+00     0.50000001E-01     0.50000001E-01     0.95639983E-02     130     0.20298893E-01
 0.86999979E+01     0.13868252E+01     0.15610534E-01     0.20000000E+02    -0.12694721E+00     0.50000001E-01     0.50000001E-01     0.97196875E-02     130     0.20298893E-01
 0.87999983E+01     0.13943655E+01     0.15773226E-01     0.20000000E+02    -0.12644629E+00     0.50000001E-01     0.50000001E-01     0.98878853E-02     130     0.20298893E-01
 0.88999996E+01     0.14014858E+01     0.15948286E-01     0.20000000E+02    -0.12589732E+00     0.50000001E-01     0.50000001E-01     0.10068989E-01     130     0.20298893E-01
 0.90000000E+01     0.14089137E+01     0.16120266E-01     0.20000000E+02    -0.12540455E+00     0.50000001E-01     0.50000001E-01     0.10246687E-01     130     0.20298893E-01
 0.90999975E+01     0.14155092E+01     0.16317096E-01     0.20000000E+02    -0.12480734E+00     0.50000001E-01     0.50000001E-01     0.10450372E-01     130     0.20298893E-01
 0.91999989E+01     0.14220988E+01     0.16518138E-01     0.20000000E+02    -0.12422751E+00     0.50000001E-01     0.50000001E-01     0.10658759E-01     131     0.22569172E-01
 0.92999992E+01     0.14287460E+01     0.16727218E-01     0.20000000E+02    -0.12367219E+00     0.50000001E-01     0.50000001E-01     0.10874819E-01     131     0.22569172E-01
 0.94000006E+01     0.14342947E+01     0.16968854E-01     0.20000000E+02    -0.12299123E+00     0.50000001E-01     0.50000001E-01     0.11125158E-01     131     0.22569172E-01
 0.94999971E+01     0.14406474E+01     0.17198786E-01     0.20000000E+02    -0.12243623E+00     0.50000001E-01     0.50000001E-01     0.11362874E-01     131     0.22569172E-01
 0.95999985E+01     0.14454795E+01     0.17483706E-01     0.20000000E+02    -0.12171640E+00     0.50000001E-01     0.50000001E-01     0.11657778E-01     131     0.22569172E-01
 0.96999989E+01     0.14510717E+01     0.17754143E-01     0.20000000E+02    -0.12111472E+00     0.50000001E-01     0.50000001E-01     0.11937324E-01     131     0.22569172E-01
 0.98000002E+01     0.14552283E+01     0.18084114E-01     0.20000000E+02    -0.12037529E+00     0.50000001E-01     0.50000001E-01     0.12278659E-01     131     0.22569172E-01
 0.99000006E+01     0.14600574E+01     0.18404806E-01     0.20000000E+02    -0.11974704E+00     0.50000001E-01     0.50000001E-01     0.12610149E-01     132     0.24985466E-01
 0.99999981E+01     0.14633822E+01     0.18798169E-01     0.20000000E+02    -0.11899426E+00     0.50000001E-01     0.50000001E-01     0.13016549E-01     132     0.24985466E-01
 0.10099998E+02     0.14674805E+01     0.19174172E-01     0.20000000E+02    -0.11835822E+00     0.50000001E-01     0.50000001E-01     0.13404729E-01     132     0.24985466E-01
 0.10200000E+02     0.14694191E+01     0.19665046E-01     0.20000000E+02    -0.11756343E+00     0.50000001E-01     0.50000001E-01     0.13911413E-01     132     0.24985466E-01
 0.10300000E+02     0.14732065E+01     0.20091547E-01     0.20000000E+02    -0.11698198E+00     0.50000001E-01     0.50000001E-01     0.14351038E-01     132     0.24985466E-01
 0.10399998E+02     0.14733770E+01     0.20711957E-01     0.20000000E+02    -0.11614751E+00     0.50000001E-01     0.50000001E-01     0.14990780E-01     132     0.24985466E-01
 0.10499999E+02     0.14742604E+01     0.21334928E-01     0.20000000E+02    -0.11544328E+00     0.50000001E-01     0.50000001E-01     0.15632257E-01     132     0.24985466E-01
 0.10599999E+02     0.14755429E+01     0.21961009E-01     0.20000000E+02    -0.11482822E+00     0.50000001E-01     0.50000001E-01     0.16276304E-01     132     0.24985466E-01
 0.10700000E+02     0.14731508E+01     0.22833459E-01     0.20000000E+02    -0.11405446E+00     0.50000001E-01     0.50000001E-01     0.17174011E-01     132     0.24985466E-01
 0.10799997E+02     0.14696240E+01     0.23835903E-01     0.20000000E+02    -0.11333090E+00     0.50000001E-01     0.50000001E-01     0.18204015E-01     132     0.24985466E-01
 0.10899999E+02     0.14644955E+01     0.25000570E-01     0.20000000E+02    -0.11265422E+00     0.50000001E-01     0.50000001E-01     0.19400025E-01     132     0.24985466E-01
 0.10999999E+02     0.14576045E+01     0.26368894E-01     0.20000000E+02    -0.11205861E+00     0.50000001E-01     0.50000001E-01     0.20803979E-01     133     0.27553435E-01
 0.11100000E+02     0.14409096E+01     0.28613240E-01     0.20000000E+02    -0.11142243E+00     0.50000001E-01     0.50000001E-01     0.23105029E-01     133     0.27553435E-01
 0.11200001E+02     0.14167125E+01     0.31714417E-01     0.20000000E+02    -0.11104690E+00     0.50000001E-01     0.50000001E-01     0.26280368E-01     132     0.24985466E-01
 0.11299998E+02     0.13816822E+01     0.36026519E-01     0.20000000E+02    -0.11096339E+00     0.50000001E-01     0.50000001E-01     0.30688666E-01     132     0.24985466E-01
 0.19399998E+02     0.12573395E+01     0.14593250E+00     0.20000000E+02    -0.15100858E+00     0.45753777E-01     0.50000001E-01     0.14206876E+00     138     0.42896152E-01
 0.19499998E+02     0.12603838E+01     0.14667441E+00     0.20000000E+02    -0.15156215E+00     0.44321083E-01     0.50000001E-01     0.14280561E+00     138     0.42896152E-01
 0.19600000E+02     0.12679400E+01     0.14713503E+00     0.20000000E+02    -0.15199442E+00     0.45753967E-01     0.50000001E-01     0.14328294E+00     138     0.42896152E-01
 0.19700001E+02     0.12833154E+01     0.14929928E+00     0.20000000E+02    -0.15569966E+00     0.43718003E-01     0.39291853E+00     0.14590484E+00     139     0.46514940E-01
 0.19799997E+02     0.12881961E+01     0.14989306E+00     0.20000000E+02    -0.15617144E+00     0.43553483E-01     0.39370567E+00     0.14650415E+00     139     0.46514940E-01
 0.19900000E+02     0.12951304E+01     0.15029497E+00     0.20000000E+02    -0.15643996E+00     0.44857044E-01     0.39041370E+00     0.14690937E+00     139     0.46514940E-01
 0.20000000E+02     0.12929907E+01     0.15205592E+00     0.20000000E+02    -0.15778527E+00     0.44011995E-01     0.39048669E+00     0.14868456E+00     139     0.46514940E-01
 0.20100000E+02     0.12990146E+01     0.15266998E+00     0.20000000E+02    -0.15823168E+00     0.44832982E-01     0.39219683E+00     0.14931259E+00     139     0.46514940E-01
 0.20199997E+02     0.13042059E+01     0.15328689E+00     0.20000000E+02    -0.15866944E+00     0.45364577E-01     0.39156076E+00     0.14993675E+00     139     0.46514940E-01
 0.20299999E+02     0.13074641E+01     0.15402830E+00     0.20000000E+02    -0.15943789E+00     0.43869946E-01     0.39432546E+00     0.15067919E+00     139     0.46514940E-01
 0.20400000E+02     0.13127179E+01     0.15460536E+00     0.20000000E+02    -0.15981303E+00     0.44175774E-01     0.39312077E+00     0.15125832E+00     140     0.50334580E-01
 0.20500000E+02     0.13167810E+01     0.15516040E+00     0.20000000E+02    -0.16032767E+00     0.43654867E-01     0.39388588E+00     0.15181382E+00     140     0.50334580E-01
 0.20599998E+02     0.13220421E+01     0.15577665E+00     0.20000000E+02    -0.16083245E+00     0.43631341E-01     0.39166442E+00     0.15242767E+00     140     0.50334580E-01
 0.20699999E+02     0.13285553E+01     0.15628675E+00     0.20000000E+02    -0.16132489E+00     0.44253279E-01     0.39394748E+00     0.15295291E+00     140     0.50334580E-01
 0.20799999E+02     0.13316483E+01     0.15696579E+00     0.20000000E+02    -0.16195668E+00     0.43294784E-01     0.39823997E+00     0.15363714E+00     140     0.50334580E-01
 0.20900000E+02     0.13296100E+01     0.15873659E+00     0.20000000E+02    -0.16334701E+00     0.42877521E-01     0.39166549E+00     0.15540525E+00     140     0.50334580E-01
 0.21000000E+02     0.13360766E+01     0.15933630E+00     0.20000000E+02    -0.16394004E+00     0.43368455E-01     0.39660421E+00     0.15603064E+00     140     0.50334580E-01
 0.21099998E+02     0.13423483E+01     0.15981749E+00     0.20000000E+02    -0.16420913E+00     0.44361569E-01     0.39851955E+00     0.15652871E+00     141     0.54362021E-01
 0.21199999E+02     0.13358718E+01     0.16109312E+00     0.20000000E+02    -0.16560340E+00     0.38252044E-01     0.39630723E+00     0.15774553E+00     140     0.50334580E-01
 0.21299999E+02     0.13496996E+01     0.16111952E+00     0.20000000E+02    -0.16548742E+00     0.43007012E-01     0.39970586E+00     0.15782788E+00     140     0.50334580E-01
 0.21400000E+02     0.13526615E+01     0.16180220E+00     0.20000000E+02    -0.16618893E+00     0.41960344E-01     0.39968669E+00     0.15850143E+00     140     0.50334580E-01
 0.21499998E+02     0.13582741E+01     0.16227561E+00     0.20000000E+02    -0.16662003E+00     0.42117033E-01     0.39759105E+00     0.15897752E+00     141     0.54362021E-01
 0.21599998E+02     0.13610775E+01     0.16280220E+00     0.20000000E+02    -0.16697232E+00     0.41480776E-01     0.38370472E+00     0.15946811E+00     141     0.54362021E-01
 0.21699999E+02     0.13680440E+01     0.16342054E+00     0.20000000E+02    -0.16764493E+00     0.42143553E-01     0.40060377E+00     0.16013570E+00     141     0.54362021E-01
 0.21800001E+02     0.13749255E+01     0.16387908E+00     0.20000000E+02    -0.16814321E+00     0.43029498E-01     0.40216106E+00     0.16060960E+00     141     0.54362021E-01
