  
       RFOIL         Version 3.00
  
 Calculated polar for: OSO_2025_WT2_T24                
  
 1  Reynolds number fixed
  
 xtrf =      1.00000000 (suction)     1.00000000 (pressure)
 Rot. Parameters:  f0 =      1.00000000 c/r =      0.00000000
 Mach =      0.00000000     Re =     20.00000000 e 6     Ncrit =      9.00000000
  
             alpha                CL                CD            Re(CL)                CM             S_xtr             P_xtr               CDp            I_stag            X_stag
  ------- -------- --------- --------- -------- ------- ------- -------- 
-0.22100000E+02    -0.10966940E+01     0.11680862E+00     0.20000000E+02    -0.32622468E-01     0.99795473E+00     0.35364322E-01     0.11488456E+00      88     0.64354502E-01
-0.22000000E+02    -0.10932251E+01     0.11610131E+00     0.20000000E+02    -0.33137143E-01     0.99794596E+00     0.35638124E-01     0.11417598E+00      88     0.64354502E-01
-0.21900002E+02    -0.10891486E+01     0.11514679E+00     0.20000000E+02    -0.33978369E-01     0.99791408E+00     0.35644803E-01     0.11321550E+00      88     0.64354502E-01
-0.21800001E+02    -0.10893872E+01     0.11349676E+00     0.20000000E+02    -0.35355020E-01     0.99786991E+00     0.35911433E-01     0.11155204E+00      88     0.64354502E-01
-0.21700001E+02    -0.10850439E+01     0.11291338E+00     0.20000000E+02    -0.35729218E-01     0.99787134E+00     0.35980880E-01     0.11096507E+00      88     0.64354502E-01
-0.21600000E+02    -0.10802956E+01     0.11219292E+00     0.20000000E+02    -0.36414325E-01     0.99784172E+00     0.36056772E-01     0.11024372E+00      88     0.64354502E-01
-0.21500002E+02    -0.10746992E+01     0.11141241E+00     0.20000000E+02    -0.37331581E-01     0.99777782E+00     0.36243450E-01     0.10946247E+00      88     0.64354502E-01
-0.21400000E+02    -0.10710151E+01     0.11074188E+00     0.20000000E+02    -0.37777767E-01     0.99777138E+00     0.36470387E-01     0.10879202E+00      88     0.64354502E-01
-0.21300001E+02    -0.10663321E+01     0.11005848E+00     0.20000000E+02    -0.38349129E-01     0.99774957E+00     0.36618862E-01     0.10810663E+00      89     0.58118239E-01
-0.21200001E+02    -0.10612664E+01     0.10932634E+00     0.20000000E+02    -0.39038602E-01     0.99771458E+00     0.36625277E-01     0.10737007E+00      89     0.58118239E-01
-0.21100002E+02    -0.10577402E+01     0.10845723E+00     0.20000000E+02    -0.39725445E-01     0.99768913E+00     0.36802854E-01     0.10649621E+00      89     0.58118239E-01
-0.21000000E+02    -0.10570667E+01     0.10692684E+00     0.20000000E+02    -0.40899470E-01     0.99765205E+00     0.36882494E-01     0.10495044E+00      89     0.58118239E-01
-0.20900000E+02    -0.10526906E+01     0.10627866E+00     0.20000000E+02    -0.41332744E-01     0.99764341E+00     0.37084550E-01     0.10430102E+00      89     0.58118239E-01
-0.20800001E+02    -0.10468285E+01     0.10559838E+00     0.20000000E+02    -0.42051461E-01     0.99759108E+00     0.37070189E-01     0.10361725E+00      89     0.58118239E-01
-0.20700003E+02    -0.10420785E+01     0.10499980E+00     0.20000000E+02    -0.42467587E-01     0.99758196E+00     0.37137080E-01     0.10301609E+00      89     0.58118239E-01
-0.20500000E+02    -0.10306225E+01     0.10363601E+00     0.20000000E+02    -0.43846466E-01     0.99747157E+00     0.37443381E-01     0.10164830E+00      89     0.58118239E-01
-0.20400002E+02    -0.10254178E+01     0.10298340E+00     0.20000000E+02    -0.44382043E-01     0.99744511E+00     0.37530653E-01     0.10099197E+00      89     0.58118239E-01
-0.20300001E+02    -0.10194886E+01     0.10221392E+00     0.20000000E+02    -0.45193501E-01     0.99736124E+00     0.37709422E-01     0.10021605E+00      89     0.58118239E-01
-0.20200001E+02    -0.10171313E+01     0.10138213E+00     0.20000000E+02    -0.45619734E-01     0.99738812E+00     0.37797343E-01     0.99378735E-01      89     0.58118239E-01
-0.20100000E+02    -0.10157145E+01     0.10000929E+00     0.20000000E+02    -0.46603385E-01     0.99735159E+00     0.37822250E-01     0.97990125E-01      90     0.52246086E-01
-0.20000002E+02    -0.10104498E+01     0.99311359E-01     0.20000000E+02    -0.47206514E-01     0.99730057E+00     0.38041696E-01     0.97291216E-01      90     0.52246086E-01
-0.19900000E+02    -0.10054475E+01     0.98661207E-01     0.20000000E+02    -0.47748692E-01     0.99726892E+00     0.38168535E-01     0.96640736E-01      90     0.52246086E-01
-0.19800001E+02    -0.10002171E+01     0.97989835E-01     0.20000000E+02    -0.48271094E-01     0.99723148E+00     0.38407598E-01     0.95967650E-01      90     0.52246086E-01
-0.19700001E+02    -0.99505544E+00     0.97387910E-01     0.20000000E+02    -0.48758641E-01     0.99719971E+00     0.38402911E-01     0.95363721E-01      90     0.52246086E-01
-0.19600000E+02    -0.98905045E+00     0.96602596E-01     0.20000000E+02    -0.49655054E-01     0.99706787E+00     0.38858104E-01     0.94579555E-01      90     0.52246086E-01
-0.19500000E+02    -0.98388278E+00     0.95936805E-01     0.20000000E+02    -0.50205134E-01     0.99702734E+00     0.38981125E-01     0.93911648E-01      90     0.52246086E-01
-0.19400002E+02    -0.97941583E+00     0.95171757E-01     0.20000000E+02    -0.50797332E-01     0.99698627E+00     0.39137702E-01     0.93144804E-01      90     0.52246086E-01
-0.19300001E+02    -0.97992194E+00     0.93695886E-01     0.20000000E+02    -0.51651489E-01     0.99699086E+00     0.39281994E-01     0.91654368E-01      90     0.52246086E-01
-0.19200001E+02    -0.97313857E+00     0.92901126E-01     0.20000000E+02    -0.52620027E-01     0.99681443E+00     0.39311424E-01     0.90856247E-01      90     0.52246086E-01
-0.19100000E+02    -0.96948123E+00     0.92259876E-01     0.20000000E+02    -0.52851316E-01     0.99686748E+00     0.39631914E-01     0.90216994E-01      90     0.52246086E-01
-0.19000002E+02    -0.96415037E+00     0.91619894E-01     0.20000000E+02    -0.53377032E-01     0.99681699E+00     0.39739352E-01     0.89576438E-01      90     0.52246086E-01
-0.18900002E+02    -0.95732701E+00     0.90893224E-01     0.20000000E+02    -0.54335330E-01     0.99658537E+00     0.39998587E-01     0.88849694E-01      91     0.46763554E-01
-0.18800001E+02    -0.95250463E+00     0.90344146E-01     0.20000000E+02    -0.54558784E-01     0.99665278E+00     0.39972756E-01     0.88297665E-01      91     0.46763554E-01
-0.18700001E+02    -0.94644409E+00     0.89593679E-01     0.20000000E+02    -0.55353276E-01     0.99642795E+00     0.40232964E-01     0.87547407E-01      91     0.46763554E-01
-0.18600000E+02    -0.94118357E+00     0.88930883E-01     0.20000000E+02    -0.55859283E-01     0.99634451E+00     0.40340260E-01     0.86882591E-01      91     0.46763554E-01
-0.18500002E+02    -0.93561876E+00     0.88173382E-01     0.20000000E+02    -0.56602631E-01     0.99612170E+00     0.40435620E-01     0.86121276E-01      91     0.46763554E-01
-0.18400000E+02    -0.93530744E+00     0.86716413E-01     0.20000000E+02    -0.57548515E-01     0.99602783E+00     0.40626977E-01     0.84649600E-01      91     0.46763554E-01
-0.18300001E+02    -0.92871815E+00     0.86005375E-01     0.20000000E+02    -0.58344461E-01     0.99558395E+00     0.40794104E-01     0.83936550E-01      91     0.46763554E-01
-0.18200001E+02    -0.92309052E+00     0.85386567E-01     0.20000000E+02    -0.58839634E-01     0.99540365E+00     0.40998735E-01     0.83316594E-01      91     0.46763554E-01
-0.18100002E+02    -0.91821337E+00     0.84839240E-01     0.20000000E+02    -0.59059653E-01     0.99558771E+00     0.41046426E-01     0.82767643E-01      91     0.46763554E-01
-0.18000000E+02    -0.91224879E+00     0.84219031E-01     0.20000000E+02    -0.59560888E-01     0.99456567E+00     0.41147690E-01     0.82145683E-01      91     0.46763554E-01
-0.17900000E+02    -0.90737420E+00     0.83684295E-01     0.20000000E+02    -0.59737507E-01     0.99410790E+00     0.41244879E-01     0.81608236E-01      92     0.41686684E-01
-0.17800001E+02    -0.90234381E+00     0.83136037E-01     0.20000000E+02    -0.59952378E-01     0.99350750E+00     0.41315522E-01     0.81057072E-01      92     0.41686684E-01
-0.17700001E+02    -0.89754534E+00     0.82544185E-01     0.20000000E+02    -0.60207304E-01     0.99288529E+00     0.41499279E-01     0.80460370E-01      92     0.41686684E-01
-0.17600000E+02    -0.89318824E+00     0.81873529E-01     0.20000000E+02    -0.60523335E-01     0.99225587E+00     0.41604016E-01     0.79786733E-01      92     0.41686684E-01
-0.17500000E+02    -0.89249647E+00     0.80606215E-01     0.20000000E+02    -0.61210047E-01     0.99165350E+00     0.41970726E-01     0.78507811E-01      92     0.41686684E-01
-0.17400002E+02    -0.88820803E+00     0.79812184E-01     0.20000000E+02    -0.61688818E-01     0.99013585E+00     0.41926052E-01     0.77704877E-01      92     0.41686684E-01
-0.17200001E+02    -0.87813210E+00     0.78628160E-01     0.20000000E+02    -0.62281307E-01     0.98477376E+00     0.42344317E-01     0.76511145E-01      92     0.41686684E-01
-0.17100000E+02    -0.87941349E+00     0.78829750E-01     0.20000000E+02    -0.60485777E-01     0.71270102E+00     0.42728100E-01     0.75829752E-01      92     0.41686684E-01
-0.17000002E+02    -0.87420672E+00     0.78322120E-01     0.20000000E+02    -0.60751367E-01     0.67555702E+00     0.42877272E-01     0.75228155E-01      92     0.41686684E-01
-0.16900000E+02    -0.86911720E+00     0.77730224E-01     0.20000000E+02    -0.61070349E-01     0.68369246E+00     0.43070555E-01     0.74654937E-01      92     0.41686684E-01
-0.16800001E+02    -0.86430651E+00     0.77188514E-01     0.20000000E+02    -0.61360870E-01     0.65186971E+00     0.43276828E-01     0.74034467E-01      92     0.41686684E-01
-0.16700001E+02    -0.85954803E+00     0.76518886E-01     0.20000000E+02    -0.61716035E-01     0.65919352E+00     0.43412410E-01     0.73382214E-01      93     0.37020490E-01
-0.16600000E+02    -0.85587221E+00     0.75760052E-01     0.20000000E+02    -0.62113427E-01     0.63163316E+00     0.43583944E-01     0.72549790E-01      93     0.37020490E-01
-0.16500000E+02    -0.85486817E+00     0.74542008E-01     0.20000000E+02    -0.62751539E-01     0.62413138E+00     0.43675378E-01     0.71301840E-01      93     0.37020490E-01
-0.16400002E+02    -0.84995800E+00     0.73995166E-01     0.20000000E+02    -0.63042529E-01     0.61500818E+00     0.43898217E-01     0.70730440E-01      93     0.37020490E-01
-0.16300001E+02    -0.84481531E+00     0.73432431E-01     0.20000000E+02    -0.63332237E-01     0.60727876E+00     0.44076316E-01     0.70150360E-01      93     0.37020490E-01
-0.16200001E+02    -0.83954275E+00     0.72866648E-01     0.20000000E+02    -0.63613251E-01     0.59943050E+00     0.44242501E-01     0.69563948E-01      93     0.37020490E-01
-0.16100000E+02    -0.83411735E+00     0.72345652E-01     0.20000000E+02    -0.63887209E-01     0.59243387E+00     0.44354990E-01     0.69024816E-01      93     0.37020490E-01
-0.16000002E+02    -0.82895690E+00     0.71782202E-01     0.20000000E+02    -0.64163692E-01     0.58556789E+00     0.44576302E-01     0.68443812E-01      93     0.37020490E-01
-0.15900001E+02    -0.82375526E+00     0.71223095E-01     0.20000000E+02    -0.64449474E-01     0.57928783E+00     0.44754818E-01     0.67868143E-01      93     0.37020490E-01
-0.15800000E+02    -0.81881893E+00     0.70615806E-01     0.20000000E+02    -0.64756036E-01     0.57311517E+00     0.44919919E-01     0.67242622E-01      93     0.37020490E-01
-0.15700001E+02    -0.81496388E+00     0.69801889E-01     0.20000000E+02    -0.65153502E-01     0.56831801E+00     0.45052446E-01     0.66413127E-01      93     0.37020490E-01
-0.15600002E+02    -0.81362319E+00     0.68686470E-01     0.20000000E+02    -0.65727077E-01     0.55594164E+00     0.45155652E-01     0.65255411E-01      94     0.32759186E-01
-0.15500001E+02    -0.80813575E+00     0.68170555E-01     0.20000000E+02    -0.65988138E-01     0.55108970E+00     0.45294356E-01     0.64724855E-01      94     0.32759186E-01
-0.15400001E+02    -0.80244225E+00     0.67655802E-01     0.20000000E+02    -0.66244729E-01     0.54631317E+00     0.45407798E-01     0.64195484E-01      94     0.32759186E-01
-0.15300001E+02    -0.79687184E+00     0.67134365E-01     0.20000000E+02    -0.66497885E-01     0.54229981E+00     0.45583848E-01     0.63661888E-01      94     0.32759186E-01
-0.15200001E+02    -0.79166192E+00     0.66592738E-01     0.20000000E+02    -0.66753529E-01     0.53815877E+00     0.45930885E-01     0.63109294E-01      94     0.32759186E-01
-0.15100001E+02    -0.78615814E+00     0.66057079E-01     0.20000000E+02    -0.67008615E-01     0.53388530E+00     0.46021007E-01     0.62560365E-01      94     0.32759186E-01
-0.15000001E+02    -0.78096712E+00     0.65506540E-01     0.20000000E+02    -0.67267567E-01     0.53034198E+00     0.46289299E-01     0.62001869E-01      94     0.32759186E-01
-0.14900000E+02    -0.77591878E+00     0.64897008E-01     0.20000000E+02    -0.67550808E-01     0.52682489E+00     0.46453387E-01     0.61381195E-01      94     0.32759186E-01
-0.14800000E+02    -0.77248949E+00     0.64302497E-01     0.20000000E+02    -0.67940079E-01     0.52330482E+00     0.46633974E-01     0.60772158E-01      94     0.32759186E-01
-0.14700002E+02    -0.77110726E+00     0.63634388E-01     0.20000000E+02    -0.68466634E-01     0.52014691E+00     0.46908535E-01     0.60086615E-01      94     0.32759186E-01
-0.14600000E+02    -0.76628894E+00     0.63293003E-01     0.20000000E+02    -0.68718478E-01     0.51727283E+00     0.47362063E-01     0.59741285E-01      95     0.28887654E-01
-0.14500000E+02    -0.76118982E+00     0.62936611E-01     0.20000000E+02    -0.68954587E-01     0.50929326E+00     0.47641374E-01     0.59365496E-01      95     0.28887654E-01
-0.14400001E+02    -0.75585306E+00     0.62588952E-01     0.20000000E+02    -0.69194183E-01     0.50622177E+00     0.47846567E-01     0.59009835E-01      95     0.28887654E-01
-0.14300001E+02    -0.75047654E+00     0.62253639E-01     0.20000000E+02    -0.69431864E-01     0.50768852E+00     0.48011381E-01     0.58679514E-01      95     0.28887654E-01
-0.14200001E+02    -0.74529618E+00     0.61864857E-01     0.20000000E+02    -0.69673680E-01     0.50102550E+00     0.48222415E-01     0.58273606E-01      95     0.28887654E-01
-0.14100001E+02    -0.74032640E+00     0.61468411E-01     0.20000000E+02    -0.69932692E-01     0.49832010E+00     0.48443124E-01     0.57868373E-01      95     0.28887654E-01
-0.14000001E+02    -0.73627377E+00     0.60956288E-01     0.20000000E+02    -0.70254982E-01     0.49544248E+00     0.48589710E-01     0.57345148E-01      95     0.28887654E-01
-0.13900002E+02    -0.73561943E+00     0.60108531E-01     0.20000000E+02    -0.70808314E-01     0.49323219E+00     0.48860658E-01     0.56481134E-01      95     0.28887654E-01
-0.13800001E+02    -0.73015404E+00     0.59735946E-01     0.20000000E+02    -0.71028680E-01     0.49090260E+00     0.49030520E-01     0.56102507E-01      95     0.28887654E-01
-0.13700001E+02    -0.72463655E+00     0.59343774E-01     0.20000000E+02    -0.71250729E-01     0.48863360E+00     0.49260803E-01     0.55704515E-01      95     0.28887654E-01
-0.13600001E+02    -0.71896571E+00     0.58959033E-01     0.20000000E+02    -0.71466535E-01     0.48623195E+00     0.49427584E-01     0.55311441E-01      96     0.25384178E-01
-0.13500001E+02    -0.71320641E+00     0.58567658E-01     0.20000000E+02    -0.71681648E-01     0.47992879E+00     0.49537674E-01     0.54901738E-01      96     0.25384178E-01
-0.13400001E+02    -0.70756686E+00     0.58159798E-01     0.20000000E+02    -0.71904652E-01     0.48110008E+00     0.49791098E-01     0.54496787E-01      96     0.25384178E-01
-0.13300000E+02    -0.70197725E+00     0.57760134E-01     0.20000000E+02    -0.72135575E-01     0.47591406E+00     0.49876295E-01     0.54081712E-01      96     0.25384178E-01
-0.13200001E+02    -0.69704318E+00     0.57279464E-01     0.20000000E+02    -0.72398908E-01     0.47386914E+00     0.50077245E-01     0.53590231E-01      96     0.25384178E-01
-0.13100000E+02    -0.69733787E+00     0.56285113E-01     0.20000000E+02    -0.72970383E-01     0.47227615E+00     0.50602578E-01     0.52580014E-01      96     0.25384178E-01
-0.13000001E+02    -0.69149929E+00     0.55876806E-01     0.20000000E+02    -0.73180407E-01     0.46991056E+00     0.50581545E-01     0.52162733E-01      96     0.25384178E-01
-0.12900001E+02    -0.68620104E+00     0.55442337E-01     0.20000000E+02    -0.73390529E-01     0.46757236E+00     0.51078714E-01     0.51724765E-01      96     0.25384178E-01
-0.12800001E+02    -0.68028915E+00     0.55051390E-01     0.20000000E+02    -0.73593527E-01     0.46573219E+00     0.51103994E-01     0.51326316E-01      96     0.25384178E-01
-0.12700001E+02    -0.67469954E+00     0.54627478E-01     0.20000000E+02    -0.73796794E-01     0.46388179E+00     0.51376540E-01     0.50897576E-01      97     0.22222305E-01
-0.12600001E+02    -0.66973871E+00     0.54184947E-01     0.20000000E+02    -0.74016750E-01     0.46219900E+00     0.51912587E-01     0.50453104E-01      97     0.22222305E-01
-0.12500001E+02    -0.66477388E+00     0.53700626E-01     0.20000000E+02    -0.74250415E-01     0.46029317E+00     0.52201588E-01     0.49962990E-01      97     0.22222305E-01
-0.12400002E+02    -0.66153759E+00     0.53039473E-01     0.20000000E+02    -0.74586973E-01     0.45867735E+00     0.52476861E-01     0.49292836E-01      97     0.22222305E-01
-0.12300001E+02    -0.66022217E+00     0.52186679E-01     0.20000000E+02    -0.75039268E-01     0.45687464E+00     0.52636180E-01     0.48426002E-01      97     0.22222305E-01
-0.12200001E+02    -0.65489197E+00     0.51742036E-01     0.20000000E+02    -0.75246230E-01     0.45488003E+00     0.52908152E-01     0.47978129E-01      97     0.22222305E-01
-0.12100001E+02    -0.64930105E+00     0.51300164E-01     0.20000000E+02    -0.75442098E-01     0.45302784E+00     0.53103626E-01     0.47530729E-01      97     0.22222305E-01
-0.12000000E+02    -0.64392233E+00     0.50874110E-01     0.20000000E+02    -0.75636052E-01     0.45154056E+00     0.53406212E-01     0.47102127E-01      97     0.22222305E-01
-0.11900001E+02    -0.63829994E+00     0.50436277E-01     0.20000000E+02    -0.75833008E-01     0.44998279E+00     0.53584814E-01     0.46659622E-01      97     0.22222305E-01
-0.11800000E+02    -0.63312668E+00     0.49956050E-01     0.20000000E+02    -0.76047525E-01     0.44603509E+00     0.53886443E-01     0.46166580E-01      97     0.22222305E-01
-0.11700001E+02    -0.62887716E+00     0.49391903E-01     0.20000000E+02    -0.76322570E-01     0.44432494E+00     0.54111954E-01     0.45593731E-01      98     0.19374071E-01
-0.11600000E+02    -0.62836611E+00     0.48420791E-01     0.20000000E+02    -0.76813690E-01     0.44533783E+00     0.54301366E-01     0.44613764E-01      98     0.19374071E-01
-0.11500001E+02    -0.62270671E+00     0.48001632E-01     0.20000000E+02    -0.77000774E-01     0.44093138E+00     0.54565750E-01     0.44182912E-01      98     0.19374071E-01
-0.11400001E+02    -0.61683619E+00     0.47583051E-01     0.20000000E+02    -0.77183887E-01     0.43952760E+00     0.54774873E-01     0.43760262E-01      98     0.19374071E-01
-0.11300001E+02    -0.61088890E+00     0.47168229E-01     0.20000000E+02    -0.77363826E-01     0.43810079E+00     0.54929066E-01     0.43338876E-01      98     0.19374071E-01
-0.11200001E+02    -0.60524380E+00     0.46726171E-01     0.20000000E+02    -0.77550553E-01     0.43671203E+00     0.55201516E-01     0.42892311E-01      98     0.19374071E-01
-0.11100001E+02    -0.60012996E+00     0.46250161E-01     0.20000000E+02    -0.77760741E-01     0.43521559E+00     0.55682782E-01     0.42411316E-01      98     0.19374071E-01
-0.11000001E+02    -0.59626842E+00     0.45635100E-01     0.20000000E+02    -0.78048266E-01     0.43378714E+00     0.55953145E-01     0.41786797E-01      98     0.19374071E-01
-0.10900001E+02    -0.59554565E+00     0.44719305E-01     0.20000000E+02    -0.78494616E-01     0.43261877E+00     0.56169402E-01     0.40856779E-01      98     0.19374071E-01
-0.10800001E+02    -0.58998191E+00     0.44264585E-01     0.20000000E+02    -0.78679547E-01     0.43090123E+00     0.56472834E-01     0.40397145E-01      99     0.16811348E-01
-0.10700001E+02    -0.58452094E+00     0.43816902E-01     0.20000000E+02    -0.78861639E-01     0.42926267E+00     0.56822509E-01     0.39946564E-01      99     0.16811348E-01
-0.10600001E+02    -0.57918262E+00     0.43370385E-01     0.20000000E+02    -0.79043895E-01     0.42781779E+00     0.57159942E-01     0.39496366E-01      99     0.16811348E-01
-0.10500001E+02    -0.57402766E+00     0.42886712E-01     0.20000000E+02    -0.79238422E-01     0.42488456E+00     0.57437595E-01     0.39005212E-01      99     0.16811348E-01
-0.10400002E+02    -0.57055008E+00     0.42257033E-01     0.20000000E+02    -0.79517305E-01     0.42357191E+00     0.57775315E-01     0.38369372E-01      99     0.16811348E-01
-0.10300000E+02    -0.57068318E+00     0.41273430E-01     0.20000000E+02    -0.79977281E-01     0.42259839E+00     0.58027618E-01     0.37372310E-01      99     0.16811348E-01
-0.10200001E+02    -0.56554908E+00     0.40806733E-01     0.20000000E+02    -0.80159329E-01     0.42125231E+00     0.58367904E-01     0.36901820E-01      99     0.16811348E-01
-0.10100000E+02    -0.56084394E+00     0.40301967E-01     0.20000000E+02    -0.80348685E-01     0.41986081E+00     0.59004359E-01     0.36395043E-01      99     0.16811348E-01
-0.10000001E+02    -0.55553377E+00     0.39833631E-01     0.20000000E+02    -0.80529787E-01     0.41844654E+00     0.59243411E-01     0.35921723E-01     100     0.14507390E-01
-0.99000006E+01    -0.55089861E+00     0.39307579E-01     0.20000000E+02    -0.80748528E-01     0.41690278E+00     0.59520774E-01     0.35390280E-01     100     0.14507390E-01
-0.98000011E+01    -0.55231047E+00     0.38227055E-01     0.20000000E+02    -0.81257999E-01     0.41586334E+00     0.59770893E-01     0.34293041E-01     100     0.14507390E-01
-0.97000008E+01    -0.54685551E+00     0.37777744E-01     0.20000000E+02    -0.81434131E-01     0.41482469E+00     0.60001224E-01     0.33840217E-01     100     0.14507390E-01
-0.96000013E+01    -0.54135847E+00     0.37328064E-01     0.20000000E+02    -0.81605673E-01     0.41361678E+00     0.60281288E-01     0.33386588E-01     100     0.14507390E-01
-0.95000010E+01    -0.53610444E+00     0.36848824E-01     0.20000000E+02    -0.81781566E-01     0.41251904E+00     0.60654812E-01     0.32902133E-01     100     0.14507390E-01
-0.94000006E+01    -0.53143650E+00     0.36330812E-01     0.20000000E+02    -0.81988372E-01     0.41139385E+00     0.60924876E-01     0.32378469E-01     100     0.14507390E-01
-0.93000011E+01    -0.53379375E+00     0.35193760E-01     0.20000000E+02    -0.82501076E-01     0.41057670E+00     0.61310213E-01     0.31224165E-01     100     0.14507390E-01
-0.91999998E+01    -0.52868420E+00     0.34711469E-01     0.20000000E+02    -0.82676128E-01     0.40930176E+00     0.61575819E-01     0.30736253E-01     100     0.14507390E-01
-0.91000013E+01    -0.52392006E+00     0.34225490E-01     0.20000000E+02    -0.82839899E-01     0.40625831E+00     0.61965831E-01     0.30239975E-01     100     0.14507390E-01
-0.90000000E+01    -0.51967061E+00     0.33680107E-01     0.20000000E+02    -0.83035998E-01     0.40499941E+00     0.62403198E-01     0.29690437E-01     101     0.12437641E-01
-0.89000015E+01    -0.52350199E+00     0.32445699E-01     0.20000000E+02    -0.83560005E-01     0.40402266E+00     0.62587030E-01     0.28438015E-01     101     0.12437641E-01
-0.88000002E+01    -0.51942366E+00     0.31913791E-01     0.20000000E+02    -0.83736397E-01     0.40300176E+00     0.62925220E-01     0.27902301E-01     101     0.12437641E-01
-0.87000017E+01    -0.51570851E+00     0.31342313E-01     0.20000000E+02    -0.83916351E-01     0.40208086E+00     0.63260153E-01     0.27327899E-01     101     0.12437641E-01
-0.86000004E+01    -0.51438928E+00     0.30584764E-01     0.20000000E+02    -0.84164821E-01     0.40111876E+00     0.63637137E-01     0.26564052E-01     101     0.12437641E-01
-0.85000019E+01    -0.51975912E+00     0.29322671E-01     0.20000000E+02    -0.84577724E-01     0.40041503E+00     0.63793272E-01     0.25284512E-01     101     0.12437641E-01
-0.84000006E+01    -0.51826739E+00     0.28630877E-01     0.20000000E+02    -0.84701367E-01     0.39956430E+00     0.64119883E-01     0.24587490E-01     101     0.12437641E-01
-0.83000011E+01    -0.54085732E+00     0.26845204E-01     0.20000000E+02    -0.83571024E-01     0.39942595E+00     0.63941583E-01     0.22774450E-01     101     0.12437641E-01
-0.82000008E+01    -0.53913683E+00     0.25784312E-01     0.20000000E+02    -0.84991030E-01     0.39851040E+00     0.64272895E-01     0.21698194E-01     101     0.12437641E-01
-0.81000013E+01    -0.53704697E+00     0.24043301E-01     0.20000000E+02    -0.88400945E-01     0.39754549E+00     0.65036334E-01     0.19928733E-01     101     0.12437641E-01
-0.80000010E+01    -0.52828580E+00     0.22330554E-01     0.20000000E+02    -0.92666201E-01     0.39632210E+00     0.65395981E-01     0.18181032E-01     101     0.12437641E-01
-0.79000001E+01    -0.51598960E+00     0.21480607E-01     0.20000000E+02    -0.95088303E-01     0.39488092E+00     0.65862134E-01     0.17315300E-01     101     0.12437641E-01
-0.78000011E+01    -0.50120205E+00     0.20075206E-01     0.20000000E+02    -0.99273704E-01     0.39330825E+00     0.66332243E-01     0.15879806E-01     102     0.10580092E-01
-0.77000003E+01    -0.48644140E+00     0.19300912E-01     0.20000000E+02    -0.10179970E+00     0.39166796E+00     0.66981785E-01     0.15089625E-01     102     0.10580092E-01
-0.76000009E+01    -0.46862203E+00     0.18053971E-01     0.20000000E+02    -0.10595390E+00     0.38911501E+00     0.67827709E-01     0.13813460E-01     102     0.10580092E-01
-0.75000005E+01    -0.45140153E+00     0.17190624E-01     0.20000000E+02    -0.10904433E+00     0.38779762E+00     0.68598710E-01     0.12932671E-01     102     0.10580092E-01
-0.74000010E+01    -0.43193457E+00     0.16131664E-01     0.20000000E+02    -0.11296101E+00     0.38635698E+00     0.69427162E-01     0.11849854E-01     103     0.89153098E-02
-0.73000002E+01    -0.41044098E+00     0.14968716E-01     0.20000000E+02    -0.11744325E+00     0.38485739E+00     0.70295788E-01     0.10658226E-01     103     0.89153098E-02
-0.72000012E+01    -0.38905904E+00     0.13955083E-01     0.20000000E+02    -0.12153394E+00     0.38321769E+00     0.71164839E-01     0.96165808E-02     103     0.89153098E-02
-0.71000004E+01    -0.37033361E+00     0.13304558E-01     0.20000000E+02    -0.12431689E+00     0.38161367E+00     0.71935400E-01     0.89478120E-02     103     0.89153098E-02
-0.70000014E+01    -0.35022298E+00     0.12549780E-01     0.20000000E+02    -0.12756436E+00     0.37986985E+00     0.72694458E-01     0.81680473E-02     104     0.74266298E-02
-0.69000006E+01    -0.32977673E+00     0.11799227E-01     0.20000000E+02    -0.13084327E+00     0.37866980E+00     0.74306011E-01     0.73918649E-02     104     0.74266298E-02
-0.68000016E+01    -0.30985442E+00     0.11117874E-01     0.20000000E+02    -0.13385667E+00     0.37739834E+00     0.75440042E-01     0.66834167E-02     104     0.74266298E-02
-0.67000008E+01    -0.29021847E+00     0.10473274E-01     0.20000000E+02    -0.13671762E+00     0.37609118E+00     0.76551020E-01     0.60096551E-02     104     0.74266298E-02
-0.66000018E+01    -0.26976007E+00     0.97456239E-02     0.20000000E+02    -0.13986650E+00     0.37476927E+00     0.77607267E-01     0.52392632E-02     105     0.60997931E-02
-0.65000010E+01    -0.25552616E+00     0.96031111E-02     0.20000000E+02    -0.14069009E+00     0.37222624E+00     0.78410834E-01     0.50844839E-02     105     0.60997931E-02
-0.64000001E+01    -0.24161449E+00     0.94910422E-02     0.20000000E+02    -0.14137730E+00     0.37093091E+00     0.79321772E-01     0.49683354E-02     105     0.60997931E-02
-0.63000011E+01    -0.22789404E+00     0.93954727E-02     0.20000000E+02    -0.14199041E+00     0.36956838E+00     0.80131635E-01     0.48693102E-02     105     0.60997931E-02
-0.62000003E+01    -0.21429154E+00     0.93102818E-02     0.20000000E+02    -0.14255773E+00     0.36822325E+00     0.81183523E-01     0.47811889E-02     106     0.49227113E-02
-0.61000009E+01    -0.20070457E+00     0.92272041E-02     0.20000000E+02    -0.14311409E+00     0.36725941E+00     0.82308039E-01     0.46963152E-02     106     0.49227113E-02
-0.60000000E+01    -0.18705782E+00     0.91397492E-02     0.20000000E+02    -0.14368974E+00     0.36621612E+00     0.83564572E-01     0.46089147E-02     106     0.49227113E-02
-0.59000010E+01    -0.17341225E+00     0.90531567E-02     0.20000000E+02    -0.14426330E+00     0.36517698E+00     0.84660552E-01     0.45231688E-02     106     0.49227113E-02
-0.58000002E+01    -0.15982741E+00     0.89721791E-02     0.20000000E+02    -0.14481446E+00     0.36410856E+00     0.85783981E-01     0.44426690E-02     106     0.49227113E-02
-0.57000012E+01    -0.14616880E+00     0.88856611E-02     0.20000000E+02    -0.14538962E+00     0.36303553E+00     0.87708473E-01     0.43578628E-02     107     0.38855695E-02
-0.56000004E+01    -0.13290888E+00     0.88320766E-02     0.20000000E+02    -0.14583848E+00     0.36065978E+00     0.89079142E-01     0.42973286E-02     107     0.38855695E-02
-0.55000014E+01    -0.11959630E+00     0.87740859E-02     0.20000000E+02    -0.14629143E+00     0.35939530E+00     0.90581082E-01     0.42375508E-02     107     0.38855695E-02
-0.54000006E+01    -0.10617369E+00     0.87081371E-02     0.20000000E+02    -0.14677638E+00     0.35822862E+00     0.92125542E-01     0.41730478E-02     107     0.38855695E-02
-0.53000016E+01    -0.92701629E-01     0.86387610E-02     0.20000000E+02    -0.14727542E+00     0.35692257E+00     0.93624458E-01     0.41065277E-02     108     0.29804131E-02
-0.52000008E+01    -0.79265155E-01     0.85726809E-02     0.20000000E+02    -0.14775755E+00     0.35598391E+00     0.95261216E-01     0.40434282E-02     108     0.29804131E-02
-0.51000013E+01    -0.65976515E-01     0.85182535E-02     0.20000000E+02    -0.14818986E+00     0.35506073E+00     0.96673816E-01     0.39905743E-02     108     0.29804131E-02
-0.50000010E+01    -0.52745432E-01     0.84695062E-02     0.20000000E+02    -0.14860049E+00     0.35409424E+00     0.98683074E-01     0.39438843E-02     108     0.29804131E-02
-0.49000015E+01    -0.39005239E-01     0.83808554E-02     0.20000000E+02    -0.14918026E+00     0.35314068E+00     0.10271847E+00     0.38661244E-02     108     0.29804131E-02
-0.48000007E+01    -0.25685607E-01     0.83254324E-02     0.20000000E+02    -0.14962141E+00     0.35214037E+00     0.10466977E+00     0.38132956E-02     109     0.22007464E-02
-0.47000003E+01    -0.12467941E-01     0.82786735E-02     0.20000000E+02    -0.15002689E+00     0.35114232E+00     0.10688516E+00     0.37697279E-02     109     0.22007464E-02
-0.46000009E+01     0.84858219E-03     0.82250573E-02     0.20000000E+02    -0.15046223E+00     0.35014483E+00     0.11014225E+00     0.37192688E-02     109     0.22007464E-02
-0.45000000E+01     0.14267419E-01     0.81633842E-02     0.20000000E+02    -0.15093216E+00     0.34906068E+00     0.11294903E+00     0.36633024E-02     109     0.22007464E-02
-0.44000010E+01     0.27524356E-01     0.81153223E-02     0.20000000E+02    -0.15135202E+00     0.34666735E+00     0.11588977E+00     0.36160196E-02     110     0.15419117E-02
-0.43000002E+01     0.40916771E-01     0.80568092E-02     0.20000000E+02    -0.15180388E+00     0.34551141E+00     0.12033649E+00     0.35676328E-02     110     0.15419117E-02
-0.42000012E+01     0.54445107E-01     0.79877675E-02     0.20000000E+02    -0.15229668E+00     0.34469849E+00     0.12446131E+00     0.35095350E-02     110     0.15419117E-02
-0.41000004E+01     0.67900434E-01     0.79249851E-02     0.20000000E+02    -0.15276608E+00     0.34376770E+00     0.13002366E+00     0.34604911E-02     110     0.15419117E-02
-0.40000014E+01     0.81579857E-01     0.78451298E-02     0.20000000E+02    -0.15330710E+00     0.34285870E+00     0.13637453E+00     0.34004711E-02     111     0.10009136E-02
-0.39000006E+01     0.95464781E-01     0.77503594E-02     0.20000000E+02    -0.15391147E+00     0.34196499E+00     0.14533053E+00     0.33255387E-02     111     0.10009136E-02
-0.38000014E+01     0.12195280E+00     0.66873631E-02     0.20000000E+02    -0.15859339E+00     0.34075153E+00     0.27387485E+00     0.26653511E-02     111     0.10009136E-02
-0.37000005E+01     0.13555026E+00     0.66252472E-02     0.20000000E+02    -0.15910055E+00     0.33979139E+00     0.28412154E+00     0.26289993E-02     111     0.10009136E-02
-0.36000016E+01     0.14915076E+00     0.65652234E-02     0.20000000E+02    -0.15960826E+00     0.33877718E+00     0.29524133E+00     0.26000966E-02     112     0.57556073E-03
-0.34000015E+01     0.17518552E+00     0.65307915E-02     0.20000000E+02    -0.16024595E+00     0.33550888E+00     0.30457288E+00     0.25790236E-02     112     0.57556073E-03
-0.33000009E+01     0.18838087E+00     0.65025003E-02     0.20000000E+02    -0.16061476E+00     0.33443755E+00     0.31082240E+00     0.25651171E-02     112     0.57556073E-03
-0.32000017E+01     0.20123725E+00     0.64969645E-02     0.20000000E+02    -0.16087101E+00     0.33368221E+00     0.31364506E+00     0.25644852E-02     112     0.57556073E-03
-0.31000009E+01     0.21412638E+00     0.64898790E-02     0.20000000E+02    -0.16113864E+00     0.33288202E+00     0.31609228E+00     0.25617825E-02     113     0.26492128E-03
-0.30000000E+01     0.22706474E+00     0.64800237E-02     0.20000000E+02    -0.16142344E+00     0.33201051E+00     0.32062438E+00     0.25603734E-02     113     0.26492128E-03
-0.29000010E+01     0.23982663E+00     0.64818575E-02     0.20000000E+02    -0.16164950E+00     0.33118543E+00     0.32245544E+00     0.25620414E-02     113     0.26492128E-03
-0.28000002E+01     0.25260025E+00     0.64830775E-02     0.20000000E+02    -0.16188149E+00     0.33034047E+00     0.32411632E+00     0.25637932E-02     113     0.26492128E-03
-0.27000012E+01     0.26534101E+00     0.64866012E-02     0.20000000E+02    -0.16210274E+00     0.32947829E+00     0.32559398E+00     0.25663562E-02     114     0.74709220E-04
-0.26000004E+01     0.27803317E+00     0.64931097E-02     0.20000000E+02    -0.16231033E+00     0.32860073E+00     0.32695779E+00     0.25700503E-02     114     0.74709220E-04
-0.25000012E+01     0.29069623E+00     0.65015117E-02     0.20000000E+02    -0.16250803E+00     0.32769021E+00     0.32823157E+00     0.25746720E-02     114     0.74709220E-04
-0.24000003E+01     0.30337638E+00     0.65099373E-02     0.20000000E+02    -0.16271864E+00     0.32563314E+00     0.33090311E+00     0.25798646E-02     114     0.74709220E-04
-0.23000014E+01     0.31607211E+00     0.65165716E-02     0.20000000E+02    -0.16292247E+00     0.32462955E+00     0.33203319E+00     0.25850879E-02     115     0.21237647E-05
-0.22000005E+01     0.32889402E+00     0.65162163E-02     0.20000000E+02    -0.16316725E+00     0.32356697E+00     0.33457112E+00     0.25895778E-02     115     0.21237647E-05
-0.21000013E+01     0.34157529E+00     0.65233889E-02     0.20000000E+02    -0.16336291E+00     0.32287642E+00     0.33546555E+00     0.25952091E-02     115     0.21237647E-05
-0.20000007E+01     0.35423011E+00     0.65323468E-02     0.20000000E+02    -0.16355254E+00     0.32216579E+00     0.33632270E+00     0.26020696E-02     115     0.21237647E-05
-0.19000015E+01     0.36686686E+00     0.65422766E-02     0.20000000E+02    -0.16373546E+00     0.32136703E+00     0.33716527E+00     0.26091528E-02     115     0.21237647E-05
-0.18000008E+01     0.37947786E+00     0.65540336E-02     0.20000000E+02    -0.16391230E+00     0.32053405E+00     0.33788633E+00     0.26171892E-02     116     0.28969960E-04
-0.17000016E+01     0.39208764E+00     0.65656719E-02     0.20000000E+02    -0.16408950E+00     0.31974944E+00     0.33866367E+00     0.26251543E-02     116     0.28969960E-04
-0.16000009E+01     0.40492627E+00     0.65660183E-02     0.20000000E+02    -0.16433989E+00     0.31893221E+00     0.34249240E+00     0.26335842E-02     116     0.28969960E-04
-0.15000000E+01     0.41753423E+00     0.65784212E-02     0.20000000E+02    -0.16451754E+00     0.31811693E+00     0.34316283E+00     0.26423610E-02     116     0.28969960E-04
-0.14000009E+01     0.43004441E+00     0.65972847E-02     0.20000000E+02    -0.16467735E+00     0.31622222E+00     0.34379920E+00     0.26518824E-02     117     0.14431638E-03
-0.13000002E+01     0.44263497E+00     0.66107265E-02     0.20000000E+02    -0.16484807E+00     0.31529203E+00     0.34438950E+00     0.26614708E-02     117     0.14431638E-03
-0.12000011E+01     0.45522219E+00     0.66239140E-02     0.20000000E+02    -0.16501696E+00     0.31432486E+00     0.34498605E+00     0.26710737E-02     117     0.14431638E-03
-0.11000003E+01     0.46780506E+00     0.66373535E-02     0.20000000E+02    -0.16518420E+00     0.31334746E+00     0.34557232E+00     0.26810858E-02     117     0.14431638E-03
-0.10000012E+01     0.48039213E+00     0.66502541E-02     0.20000000E+02    -0.16535065E+00     0.31253117E+00     0.34614339E+00     0.26910109E-02     117     0.14431638E-03
-0.90000039E+00     0.49299073E+00     0.66625406E-02     0.20000000E+02    -0.16552052E+00     0.31185472E+00     0.34751678E+00     0.27014585E-02     118     0.34258093E-03
-0.80000126E+00     0.50563598E+00     0.66729188E-02     0.20000000E+02    -0.16570561E+00     0.31110662E+00     0.34919840E+00     0.27127001E-02     118     0.34258093E-03
-0.70000046E+00     0.51821566E+00     0.66866348E-02     0.20000000E+02    -0.16587117E+00     0.31035256E+00     0.34982747E+00     0.27241209E-02     118     0.34258093E-03
-0.60000139E+00     0.53078806E+00     0.67008766E-02     0.20000000E+02    -0.16603538E+00     0.30960378E+00     0.35040966E+00     0.27360176E-02     118     0.34258093E-03
-0.50000060E+00     0.54341322E+00     0.67130718E-02     0.20000000E+02    -0.16621789E+00     0.30879179E+00     0.35188067E+00     0.27491273E-02     118     0.34258093E-03
-0.40000150E+00     0.55586112E+00     0.67353202E-02     0.20000000E+02    -0.16635840E+00     0.30708170E+00     0.35234582E+00     0.27624313E-02     119     0.63133589E-03
-0.30000070E+00     0.56842625E+00     0.67504304E-02     0.20000000E+02    -0.16652501E+00     0.30624089E+00     0.35366082E+00     0.27760132E-02     119     0.63133589E-03
-0.20000160E+00     0.58093786E+00     0.67680618E-02     0.20000000E+02    -0.16667238E+00     0.30537903E+00     0.35407302E+00     0.27891998E-02     119     0.63133589E-03
-0.10000080E+00     0.59347200E+00     0.67842831E-02     0.20000000E+02    -0.16682704E+00     0.30446142E+00     0.35526544E+00     0.28032265E-02     119     0.63133589E-03
 0.00000000E+00     0.60595900E+00     0.68021915E-02     0.20000000E+02    -0.16696589E+00     0.30352882E+00     0.35614139E+00     0.28172331E-02     119     0.63133589E-03
 0.99999093E-01     0.61857390E+00     0.68150666E-02     0.20000000E+02    -0.16714287E+00     0.30261818E+00     0.35844401E+00     0.28313841E-02     120     0.10182067E-02
 0.19999990E+00     0.63114059E+00     0.68293777E-02     0.20000000E+02    -0.16730231E+00     0.30194318E+00     0.35930759E+00     0.28456417E-02     120     0.10182067E-02
 0.29999900E+00     0.64367056E+00     0.68455683E-02     0.20000000E+02    -0.16745239E+00     0.30126685E+00     0.35978720E+00     0.28602951E-02     120     0.10182067E-02
 0.39999980E+00     0.65618849E+00     0.68623624E-02     0.20000000E+02    -0.16759901E+00     0.30053294E+00     0.36023197E+00     0.28752456E-02     120     0.10182067E-02
 0.49999887E+00     0.66862172E+00     0.68843798E-02     0.20000000E+02    -0.16773149E+00     0.29895690E+00     0.36065701E+00     0.28911652E-02     120     0.10182067E-02
 0.59999967E+00     0.68109947E+00     0.69033108E-02     0.20000000E+02    -0.16787051E+00     0.29819494E+00     0.36105061E+00     0.29069725E-02     121     0.15063530E-02
 0.69999880E+00     0.69356859E+00     0.69231130E-02     0.20000000E+02    -0.16800605E+00     0.29745948E+00     0.36146685E+00     0.29233312E-02     121     0.15063530E-02
 0.79999959E+00     0.70601577E+00     0.69440138E-02     0.20000000E+02    -0.16813818E+00     0.29664779E+00     0.36189294E+00     0.29400811E-02     121     0.15063530E-02
 0.89999866E+00     0.71845049E+00     0.69652456E-02     0.20000000E+02    -0.16826729E+00     0.29580349E+00     0.36225963E+00     0.29568896E-02     121     0.15063530E-02
 0.99999946E+00     0.73089200E+00     0.69859056E-02     0.20000000E+02    -0.16839617E+00     0.29493839E+00     0.36265618E+00     0.29737791E-02     121     0.15063530E-02
 0.10999986E+01     0.74333566E+00     0.70060953E-02     0.20000000E+02    -0.16852425E+00     0.29404923E+00     0.36302054E+00     0.29906593E-02     122     0.20985133E-02
 0.11999993E+01     0.75572097E+00     0.70299781E-02     0.20000000E+02    -0.16864195E+00     0.29221126E+00     0.36343139E+00     0.30083354E-02     122     0.20985133E-02
 0.12999984E+01     0.76817954E+00     0.70486455E-02     0.20000000E+02    -0.16877173E+00     0.29159084E+00     0.36380261E+00     0.30253124E-02     122     0.20985133E-02
 0.13999993E+01     0.78061998E+00     0.70686140E-02     0.20000000E+02    -0.16889660E+00     0.29092160E+00     0.36416921E+00     0.30430374E-02     122     0.20985133E-02
 0.14999983E+01     0.79304022E+00     0.70893490E-02     0.20000000E+02    -0.16901787E+00     0.29018804E+00     0.36452606E+00     0.30610212E-02     122     0.20985133E-02
 0.15999992E+01     0.80544460E+00     0.71109608E-02     0.20000000E+02    -0.16913472E+00     0.28947380E+00     0.36485076E+00     0.30795713E-02     123     0.27974360E-02
 0.16999999E+01     0.81782627E+00     0.71335300E-02     0.20000000E+02    -0.16924702E+00     0.28875461E+00     0.36512661E+00     0.30983603E-02     123     0.27974360E-02
 0.17999990E+01     0.83018529E+00     0.71571968E-02     0.20000000E+02    -0.16935354E+00     0.28801504E+00     0.36535031E+00     0.31175069E-02     123     0.27974360E-02
 0.18999999E+01     0.84254545E+00     0.71813064E-02     0.20000000E+02    -0.16946234E+00     0.28724027E+00     0.36575708E+00     0.31358455E-02     123     0.27974360E-02
 0.19999989E+01     0.85480481E+00     0.72120423E-02     0.20000000E+02    -0.16955602E+00     0.28554451E+00     0.36628070E+00     0.31576096E-02     123     0.27974360E-02
 0.20999997E+01     0.86717755E+00     0.72354143E-02     0.20000000E+02    -0.16966783E+00     0.28469649E+00     0.36678785E+00     0.31781788E-02     124     0.36052344E-02
 0.21999989E+01     0.87957650E+00     0.72577544E-02     0.20000000E+02    -0.16978690E+00     0.28382826E+00     0.36779585E+00     0.31997305E-02     124     0.36052344E-02
 0.22999997E+01     0.89195228E+00     0.72809067E-02     0.20000000E+02    -0.16989809E+00     0.28294224E+00     0.36831906E+00     0.32210713E-02     124     0.36052344E-02
 0.23999987E+01     0.90433007E+00     0.73030456E-02     0.20000000E+02    -0.17001049E+00     0.28212121E+00     0.36879933E+00     0.32417416E-02     124     0.36052344E-02
 0.24999995E+01     0.91672385E+00     0.73246928E-02     0.20000000E+02    -0.17012429E+00     0.28149271E+00     0.36927173E+00     0.32631564E-02     124     0.36052344E-02
 0.25999987E+01     0.92902768E+00     0.73514231E-02     0.20000000E+02    -0.17022271E+00     0.28002229E+00     0.36972684E+00     0.32860404E-02     125     0.45235301E-02
 0.26999993E+01     0.94137818E+00     0.73752231E-02     0.20000000E+02    -0.17032905E+00     0.27933830E+00     0.37020874E+00     0.33087088E-02     125     0.45235301E-02
 0.27999985E+01     0.95369750E+00     0.74004163E-02     0.20000000E+02    -0.17042863E+00     0.27857924E+00     0.37062988E+00     0.33317283E-02     125     0.45235301E-02
 0.28999994E+01     0.96599895E+00     0.74268118E-02     0.20000000E+02    -0.17052367E+00     0.27781984E+00     0.37104261E+00     0.33553406E-02     125     0.45235301E-02
 0.29999983E+01     0.97828406E+00     0.74536055E-02     0.20000000E+02    -0.17061679E+00     0.27710029E+00     0.37148997E+00     0.33792895E-02     125     0.45235301E-02
 0.30999992E+01     0.99054444E+00     0.74816640E-02     0.20000000E+02    -0.17070407E+00     0.27630889E+00     0.37188524E+00     0.34037787E-02     126     0.55540195E-02
 0.31999984E+01     0.10026956E+01     0.75159771E-02     0.20000000E+02    -0.17077126E+00     0.27446604E+00     0.37229586E+00     0.34295456E-02     126     0.55540195E-02
 0.32999990E+01     0.10149728E+01     0.75426353E-02     0.20000000E+02    -0.17086013E+00     0.27362782E+00     0.37271959E+00     0.34540384E-02     126     0.55540195E-02
 0.33999999E+01     0.10272433E+01     0.75691435E-02     0.20000000E+02    -0.17094685E+00     0.27273995E+00     0.37311408E+00     0.34783902E-02     126     0.55540195E-02
 0.34999990E+01     0.10394654E+01     0.75981556E-02     0.20000000E+02    -0.17102440E+00     0.27121454E+00     0.37351054E+00     0.35029398E-02     126     0.55540195E-02
 0.35999999E+01     0.10515909E+01     0.76327370E-02     0.20000000E+02    -0.17108479E+00     0.26930249E+00     0.37390593E+00     0.35302429E-02     127     0.66984380E-02
 0.36999989E+01     0.10632516E+01     0.76954016E-02     0.20000000E+02    -0.17106523E+00     0.26465416E+00     0.37423575E+00     0.35664286E-02     127     0.66984380E-02
 0.37999997E+01     0.10750306E+01     0.77505098E-02     0.20000000E+02    -0.17106439E+00     0.25943387E+00     0.37453640E+00     0.35994397E-02     127     0.66984380E-02
 0.38999987E+01     0.10863422E+01     0.78345686E-02     0.20000000E+02    -0.17098197E+00     0.25162235E+00     0.37477422E+00     0.36429819E-02     127     0.66984380E-02
 0.39999995E+01     0.10980228E+01     0.78967893E-02     0.20000000E+02    -0.17096666E+00     0.24733703E+00     0.37527463E+00     0.36825198E-02     127     0.66984380E-02
 0.40999985E+01     0.11098917E+01     0.79470873E-02     0.20000000E+02    -0.17098232E+00     0.24404143E+00     0.37583321E+00     0.37192968E-02     128     0.79589644E-02
 0.41999993E+01     0.11217588E+01     0.79972148E-02     0.20000000E+02    -0.17099695E+00     0.24048628E+00     0.37637284E+00     0.37536370E-02     128     0.79589644E-02
 0.42999988E+01     0.11338263E+01     0.80343653E-02     0.20000000E+02    -0.17104936E+00     0.23917694E+00     0.37742600E+00     0.37868991E-02     128     0.79589644E-02
 0.43999991E+01     0.11454638E+01     0.80988789E-02     0.20000000E+02    -0.17102434E+00     0.23504338E+00     0.37794283E+00     0.38316692E-02     128     0.79589644E-02
 0.44999986E+01     0.11575369E+01     0.81344135E-02     0.20000000E+02    -0.17107375E+00     0.23354676E+00     0.37845844E+00     0.38604136E-02     128     0.79589644E-02
 0.45999994E+01     0.11695758E+01     0.81721023E-02     0.20000000E+02    -0.17111745E+00     0.23206981E+00     0.37895602E+00     0.38942127E-02     129     0.93380893E-02
 0.47000003E+01     0.11810532E+01     0.82457503E-02     0.20000000E+02    -0.17106384E+00     0.22765753E+00     0.37944031E+00     0.39453940E-02     129     0.93380893E-02
 0.47999973E+01     0.11930077E+01     0.82883248E-02     0.20000000E+02    -0.17109248E+00     0.22582215E+00     0.37991759E+00     0.39823060E-02     129     0.93380893E-02
 0.48999982E+01     0.12049831E+01     0.83284266E-02     0.20000000E+02    -0.17112334E+00     0.22401901E+00     0.38038054E+00     0.40136469E-02     129     0.93380893E-02
 0.49999990E+01     0.12168900E+01     0.83727594E-02     0.20000000E+02    -0.17114156E+00     0.22216229E+00     0.38081989E+00     0.40515512E-02     129     0.93380893E-02
 0.50999999E+01     0.12281480E+01     0.84591750E-02     0.20000000E+02    -0.17104803E+00     0.21680926E+00     0.38126871E+00     0.41114641E-02     129     0.93380893E-02
 0.52000008E+01     0.12400005E+01     0.85060000E-02     0.20000000E+02    -0.17105547E+00     0.21456431E+00     0.38171792E+00     0.41468344E-02     130     0.10838998E-01
 0.52999978E+01     0.12517831E+01     0.85568083E-02     0.20000000E+02    -0.17105076E+00     0.21247344E+00     0.38216451E+00     0.41892505E-02     130     0.10838998E-01
 0.53999987E+01     0.12628565E+01     0.86541539E-02     0.20000000E+02    -0.17092207E+00     0.20613930E+00     0.38257083E+00     0.42519975E-02     130     0.10838998E-01
 0.54999995E+01     0.12745124E+01     0.87120524E-02     0.20000000E+02    -0.17089441E+00     0.20353091E+00     0.38299853E+00     0.42990544E-02     130     0.10838998E-01
 0.56000004E+01     0.12860032E+01     0.87804105E-02     0.20000000E+02    -0.17083707E+00     0.20078640E+00     0.38338658E+00     0.43522995E-02     130     0.10838998E-01
 0.56999979E+01     0.12975891E+01     0.88419933E-02     0.20000000E+02    -0.17079563E+00     0.19764450E+00     0.38376513E+00     0.43969247E-02     131     0.12465740E-01
 0.57999988E+01     0.13090960E+01     0.89078099E-02     0.20000000E+02    -0.17073967E+00     0.19461882E+00     0.38409236E+00     0.44493433E-02     131     0.12465740E-01
 0.58999996E+01     0.13203979E+01     0.89868866E-02     0.20000000E+02    -0.17064697E+00     0.19130234E+00     0.38434273E+00     0.45088944E-02     131     0.12465740E-01
 0.60000000E+01     0.13308594E+01     0.91231167E-02     0.20000000E+02    -0.17040977E+00     0.18265158E+00     0.38491878E+00     0.45998297E-02     131     0.12465740E-01
 0.60999975E+01     0.13422439E+01     0.91961753E-02     0.20000000E+02    -0.17033471E+00     0.17879809E+00     0.38552690E+00     0.46530426E-02     131     0.12465740E-01
 0.61999984E+01     0.13533448E+01     0.92889462E-02     0.20000000E+02    -0.17021069E+00     0.17478120E+00     0.38663661E+00     0.47270292E-02     132     0.14223367E-01
 0.62999992E+01     0.13645362E+01     0.93740514E-02     0.20000000E+02    -0.17010044E+00     0.17025915E+00     0.38718724E+00     0.47887564E-02     132     0.14223367E-01
 0.64000001E+01     0.13754119E+01     0.94799325E-02     0.20000000E+02    -0.16993426E+00     0.16556105E+00     0.38774109E+00     0.48713945E-02     132     0.14223367E-01
 0.65000010E+01     0.13865011E+01     0.95706470E-02     0.20000000E+02    -0.16980581E+00     0.16092038E+00     0.38830495E+00     0.49381051E-02     132     0.14223367E-01
 0.65999980E+01     0.13972741E+01     0.96818488E-02     0.20000000E+02    -0.16962190E+00     0.15581219E+00     0.38879967E+00     0.50190976E-02     132     0.14223367E-01
 0.66999989E+01     0.14080478E+01     0.97921705E-02     0.20000000E+02    -0.16943747E+00     0.15076801E+00     0.38931412E+00     0.51064561E-02     132     0.14223367E-01
 0.67999997E+01     0.14174143E+01     0.99976752E-02     0.20000000E+02    -0.16900547E+00     0.13894236E+00     0.38977209E+00     0.52450090E-02     133     0.16118005E-01
 0.69000006E+01     0.14279430E+01     0.10122594E-01     0.20000000E+02    -0.16877727E+00     0.13367978E+00     0.39023876E+00     0.53442502E-02     133     0.16118005E-01
 0.69999981E+01     0.14386175E+01     0.10236464E-01     0.20000000E+02    -0.16857342E+00     0.12837838E+00     0.39071280E+00     0.54296148E-02     133     0.16118005E-01
 0.70999990E+01     0.14490613E+01     0.10364747E-01     0.20000000E+02    -0.16832888E+00     0.12309572E+00     0.39120153E+00     0.55262428E-02     133     0.16118005E-01
 0.71999998E+01     0.14595182E+01     0.10491104E-01     0.20000000E+02    -0.16808508E+00     0.11817690E+00     0.39164695E+00     0.56280880E-02     133     0.16118005E-01
 0.73000002E+01     0.14700650E+01     0.10609975E-01     0.20000000E+02    -0.16785750E+00     0.11319312E+00     0.39209437E+00     0.57188589E-02     133     0.16118005E-01
 0.73999977E+01     0.14803761E+01     0.10743348E-01     0.20000000E+02    -0.16758743E+00     0.10853588E+00     0.39252657E+00     0.58275317E-02     134     0.18157382E-01
 0.74999986E+01     0.14897721E+01     0.10936339E-01     0.20000000E+02    -0.16715646E+00     0.99411279E-01     0.39297906E+00     0.59660552E-02     134     0.18157382E-01
 0.75999994E+01     0.15002415E+01     0.11055619E-01     0.20000000E+02    -0.16691409E+00     0.95706873E-01     0.39337140E+00     0.60653794E-02     134     0.18157382E-01
 0.77000003E+01     0.15107137E+01     0.11173198E-01     0.20000000E+02    -0.16667055E+00     0.91788344E-01     0.39371845E+00     0.61585102E-02     134     0.18157382E-01
 0.77999973E+01     0.15211996E+01     0.11287887E-01     0.20000000E+02    -0.16643012E+00     0.88614821E-01     0.39402741E+00     0.62552062E-02     134     0.18157382E-01
 0.78999982E+01     0.15316406E+01     0.11405583E-01     0.20000000E+02    -0.16618499E+00     0.85153475E-01     0.39513713E+00     0.63559040E-02     135     0.20350950E-01
 0.79999990E+01     0.15422566E+01     0.11510111E-01     0.20000000E+02    -0.16596867E+00     0.82396425E-01     0.39575902E+00     0.64421515E-02     135     0.20350950E-01
 0.81000004E+01     0.15525665E+01     0.11633174E-01     0.20000000E+02    -0.16569798E+00     0.79548307E-01     0.39635235E+00     0.65477323E-02     135     0.20350950E-01
 0.82000008E+01     0.15631722E+01     0.11735342E-01     0.20000000E+02    -0.16547960E+00     0.76712944E-01     0.39693382E+00     0.66337418E-02     135     0.20350950E-01
 0.82999983E+01     0.15727509E+01     0.11902031E-01     0.20000000E+02    -0.16508132E+00     0.71776807E-01     0.39749390E+00     0.67723221E-02     135     0.20350950E-01
 0.83999987E+01     0.15834000E+01     0.11998531E-01     0.20000000E+02    -0.16487114E+00     0.69678985E-01     0.39807943E+00     0.68559088E-02     135     0.20350950E-01
 0.85000000E+01     0.15937982E+01     0.12109445E-01     0.20000000E+02    -0.16461733E+00     0.67738399E-01     0.39861026E+00     0.69553885E-02     136     0.22710007E-01
 0.86000004E+01     0.16041117E+01     0.12223918E-01     0.20000000E+02    -0.16434862E+00     0.65700062E-01     0.39910063E+00     0.70572947E-02     136     0.22710007E-01
 0.86999979E+01     0.16146851E+01     0.12320712E-01     0.20000000E+02    -0.16412528E+00     0.63777134E-01     0.39963534E+00     0.71430285E-02     136     0.22710007E-01
 0.87999983E+01     0.16251392E+01     0.12423271E-01     0.20000000E+02    -0.16388099E+00     0.62259167E-01     0.40018064E+00     0.72370302E-02     136     0.22710007E-01
 0.88999996E+01     0.16353168E+01     0.12541417E-01     0.20000000E+02    -0.16358688E+00     0.60582336E-01     0.40065175E+00     0.73429514E-02     136     0.22710007E-01
 0.90000000E+01     0.16456531E+01     0.12648092E-01     0.20000000E+02    -0.16332094E+00     0.58950990E-01     0.40114507E+00     0.74405372E-02     136     0.22710007E-01
 0.90999975E+01     0.16555823E+01     0.12777803E-01     0.20000000E+02    -0.16298465E+00     0.56182507E-01     0.40163460E+00     0.75530694E-02     137     0.25248373E-01
 0.91999989E+01     0.16663885E+01     0.12852776E-01     0.20000000E+02    -0.16280062E+00     0.56177583E-01     0.40213528E+00     0.76275072E-02     137     0.25248373E-01
 0.92999992E+01     0.16759080E+01     0.13003635E-01     0.20000000E+02    -0.16239101E+00     0.53618629E-01     0.40255931E+00     0.77597247E-02     137     0.25248373E-01
 0.94000006E+01     0.16862323E+01     0.13104104E-01     0.20000000E+02    -0.16212234E+00     0.52222379E-01     0.40301719E+00     0.78516696E-02     137     0.25248373E-01
 0.94999971E+01     0.16964577E+01     0.13208726E-01     0.20000000E+02    -0.16183716E+00     0.51162839E-01     0.40345871E+00     0.79492535E-02     137     0.25248373E-01
 0.95999985E+01     0.17065731E+01     0.13318271E-01     0.20000000E+02    -0.16153197E+00     0.50189398E-01     0.40381110E+00     0.80512650E-02     137     0.25248373E-01
 0.96999989E+01     0.17164882E+01     0.13437739E-01     0.20000000E+02    -0.16119136E+00     0.49130958E-01     0.40422061E+00     0.81608640E-02     138     0.27982686E-01
 0.98000002E+01     0.17264543E+01     0.13553143E-01     0.20000000E+02    -0.16086118E+00     0.48053131E-01     0.40488335E+00     0.82689300E-02     138     0.27982686E-01
 0.99000006E+01     0.17365742E+01     0.13657451E-01     0.20000000E+02    -0.16055904E+00     0.47000173E-01     0.40553379E+00     0.83688293E-02     138     0.27982686E-01
 0.99999981E+01     0.17466491E+01     0.13764214E-01     0.20000000E+02    -0.16024928E+00     0.46091348E-01     0.40673432E+00     0.84702261E-02     138     0.27982686E-01
 0.10099998E+02     0.17565733E+01     0.13876336E-01     0.20000000E+02    -0.15991302E+00     0.45265522E-01     0.40740097E+00     0.85774511E-02     138     0.27982686E-01
 0.10200000E+02     0.17663629E+01     0.13994875E-01     0.20000000E+02    -0.15955256E+00     0.44498738E-01     0.40796387E+00     0.86904224E-02     138     0.27982686E-01
 0.10300000E+02     0.17759811E+01     0.14121093E-01     0.20000000E+02    -0.15916367E+00     0.43633066E-01     0.40855485E+00     0.88102547E-02     139     0.30932982E-01
 0.10399998E+02     0.17853400E+01     0.14259215E-01     0.20000000E+02    -0.15872872E+00     0.41878100E-01     0.40908551E+00     0.89393631E-02     139     0.30932982E-01
 0.10499999E+02     0.17954576E+01     0.14353808E-01     0.20000000E+02    -0.15842687E+00     0.41852072E-01     0.40963906E+00     0.90346076E-02     139     0.30932982E-01
 0.10599999E+02     0.18047913E+01     0.14489403E-01     0.20000000E+02    -0.15798685E+00     0.40547568E-01     0.41019729E+00     0.91615673E-02     139     0.30932982E-01
 0.10700000E+02     0.18142967E+01     0.14611407E-01     0.20000000E+02    -0.15757765E+00     0.39935540E-01     0.41071603E+00     0.92794457E-02     139     0.30932982E-01
 0.10799997E+02     0.18236033E+01     0.14740860E-01     0.20000000E+02    -0.15713210E+00     0.39313741E-01     0.41124767E+00     0.94039403E-02     139     0.30932982E-01
 0.10899999E+02     0.18327935E+01     0.14873097E-01     0.20000000E+02    -0.15666373E+00     0.38689110E-01     0.41174370E+00     0.95310630E-02     139     0.30932982E-01
 0.10999999E+02     0.18418969E+01     0.15003418E-01     0.20000000E+02    -0.15618011E+00     0.37943706E-01     0.41228759E+00     0.96574314E-02     140     0.34123309E-01
 0.11100000E+02     0.18510116E+01     0.15128423E-01     0.20000000E+02    -0.15569575E+00     0.37224978E-01     0.41275281E+00     0.97794998E-02     140     0.34123309E-01
 0.11200001E+02     0.18600698E+01     0.15252341E-01     0.20000000E+02    -0.15520076E+00     0.36727980E-01     0.41325292E+00     0.99003538E-02     140     0.34123309E-01
 0.11299998E+02     0.18689661E+01     0.15381360E-01     0.20000000E+02    -0.15467714E+00     0.36275640E-01     0.41365835E+00     0.10026813E-01     140     0.34123309E-01
 0.11399999E+02     0.18776314E+01     0.15518492E-01     0.20000000E+02    -0.15411204E+00     0.35773288E-01     0.41402251E+00     0.10160643E-01     140     0.34123309E-01
 0.11500000E+02     0.18860595E+01     0.15664658E-01     0.20000000E+02    -0.15350735E+00     0.35238601E-01     0.41455308E+00     0.10302307E-01     140     0.34123309E-01
 0.11600000E+02     0.18938524E+01     0.15839726E-01     0.20000000E+02    -0.15279201E+00     0.34295108E-01     0.41581672E+00     0.10471740E-01     141     0.37582316E-01
 0.11699998E+02     0.19020634E+01     0.15990382E-01     0.20000000E+02    -0.15214938E+00     0.33709913E-01     0.41647634E+00     0.10619843E-01     141     0.37582316E-01
 0.11799999E+02     0.19107333E+01     0.16116375E-01     0.20000000E+02    -0.15158410E+00     0.33757400E-01     0.41715774E+00     0.10748026E-01     141     0.37582316E-01
 0.11900000E+02     0.19184327E+01     0.16281389E-01     0.20000000E+02    -0.15084863E+00     0.32701030E-01     0.41776019E+00     0.10909523E-01     141     0.37582316E-01
 0.12000000E+02     0.19264112E+01     0.16432382E-01     0.20000000E+02    -0.15016454E+00     0.32343574E-01     0.41836342E+00     0.11060542E-01     141     0.37582316E-01
 0.12099998E+02     0.19343050E+01     0.16586635E-01     0.20000000E+02    -0.14946584E+00     0.32035511E-01     0.41897798E+00     0.11215478E-01     141     0.37582316E-01
 0.12199999E+02     0.19419596E+01     0.16749617E-01     0.20000000E+02    -0.14872839E+00     0.31656753E-01     0.41952437E+00     0.11378426E-01     141     0.37582316E-01
 0.12299999E+02     0.19493525E+01     0.16926439E-01     0.20000000E+02    -0.14794655E+00     0.31246170E-01     0.42011744E+00     0.11554535E-01     141     0.37582316E-01
 0.12400001E+02     0.19566563E+01     0.17104831E-01     0.20000000E+02    -0.14715025E+00     0.30909248E-01     0.42058429E+00     0.11732842E-01     142     0.41344337E-01
 0.12499997E+02     0.19600763E+01     0.17347615E-01     0.20000000E+02    -0.14557935E+00     0.30516487E-01     0.42109060E+00     0.11978082E-01     142     0.41344337E-01
 0.12599998E+02     0.19637958E+01     0.17592853E-01     0.20000000E+02    -0.14407630E+00     0.30185539E-01     0.42156860E+00     0.12226130E-01     142     0.41344337E-01
 0.12699999E+02     0.19697808E+01     0.17802620E-01     0.20000000E+02    -0.14303067E+00     0.29903878E-01     0.42207888E+00     0.12437815E-01     142     0.41344337E-01
 0.12800000E+02     0.19757873E+01     0.18021811E-01     0.20000000E+02    -0.14200178E+00     0.29502362E-01     0.42259637E+00     0.12658582E-01     142     0.41344337E-01
 0.12900001E+02     0.19819044E+01     0.18241873E-01     0.20000000E+02    -0.14100388E+00     0.29121261E-01     0.42309943E+00     0.12880720E-01     142     0.41344337E-01
 0.12999998E+02     0.19882200E+01     0.18462550E-01     0.20000000E+02    -0.14005108E+00     0.28792968E-01     0.42357093E+00     0.13103198E-01     142     0.41344337E-01
 0.13099999E+02     0.19946338E+01     0.18685404E-01     0.20000000E+02    -0.13912429E+00     0.28565973E-01     0.42400599E+00     0.13328233E-01     142     0.41344337E-01
 0.13200000E+02     0.20005641E+01     0.18928893E-01     0.20000000E+02    -0.13812013E+00     0.28277081E-01     0.42433262E+00     0.13573954E-01     143     0.45449886E-01
 0.13300000E+02     0.20065155E+01     0.19176641E-01     0.20000000E+02    -0.13712980E+00     0.28044347E-01     0.42486441E+00     0.13823483E-01     143     0.45449886E-01
 0.13399998E+02     0.20124404E+01     0.19433664E-01     0.20000000E+02    -0.13614589E+00     0.27762912E-01     0.42547688E+00     0.14082933E-01     143     0.45449886E-01
 0.13499999E+02     0.20180774E+01     0.19709773E-01     0.20000000E+02    -0.13512507E+00     0.27478337E-01     0.42681056E+00     0.14362663E-01     143     0.45449886E-01
 0.13599999E+02     0.20232775E+01     0.20003663E-01     0.20000000E+02    -0.13403450E+00     0.27212268E-01     0.42749479E+00     0.14659510E-01     143     0.45449886E-01
 0.13700001E+02     0.20287502E+01     0.20294042E-01     0.20000000E+02    -0.13300598E+00     0.26971886E-01     0.42813322E+00     0.14953253E-01     143     0.45449886E-01
 0.13799997E+02     0.20341036E+01     0.20598328E-01     0.20000000E+02    -0.13196486E+00     0.26708189E-01     0.42876086E+00     0.15261010E-01     143     0.45449886E-01
 0.13899999E+02     0.20382717E+01     0.20956729E-01     0.20000000E+02    -0.13074179E+00     0.26078539E-01     0.42926049E+00     0.15621301E-01     143     0.45449886E-01
 0.13999999E+02     0.20436215E+01     0.21268237E-01     0.20000000E+02    -0.12972666E+00     0.25818046E-01     0.42985284E+00     0.15937863E-01     143     0.45449886E-01
 0.14100000E+02     0.20487897E+01     0.21598414E-01     0.20000000E+02    -0.12868901E+00     0.25510414E-01     0.43045238E+00     0.16273564E-01     144     0.49946301E-01
 0.14199998E+02     0.20539978E+01     0.21920851E-01     0.20000000E+02    -0.12766755E+00     0.25522934E-01     0.43101513E+00     0.16603531E-01     144     0.49946301E-01
 0.14299998E+02     0.20584581E+01     0.22293985E-01     0.20000000E+02    -0.12654689E+00     0.25062604E-01     0.43148243E+00     0.16981125E-01     144     0.49946301E-01
 0.14400000E+02     0.20632622E+01     0.22655992E-01     0.20000000E+02    -0.12549163E+00     0.24930568E-01     0.43201622E+00     0.17349489E-01     144     0.49946301E-01
 0.14500000E+02     0.20672829E+01     0.23062421E-01     0.20000000E+02    -0.12433162E+00     0.24699084E-01     0.43254149E+00     0.17762154E-01     144     0.49946301E-01
 0.14600000E+02     0.20716572E+01     0.23463845E-01     0.20000000E+02    -0.12324136E+00     0.24495883E-01     0.43299600E+00     0.18169411E-01     144     0.49946301E-01
 0.14699998E+02     0.20753171E+01     0.23901472E-01     0.20000000E+02    -0.12206043E+00     0.24338191E-01     0.43352592E+00     0.18614395E-01     144     0.49946301E-01
 0.14799999E+02     0.20789790E+01     0.24352431E-01     0.20000000E+02    -0.12090443E+00     0.24148928E-01     0.43403342E+00     0.19072058E-01     144     0.49946301E-01
 0.14900000E+02     0.20824800E+01     0.24818556E-01     0.20000000E+02    -0.11974128E+00     0.24029648E-01     0.43446293E+00     0.19546010E-01     144     0.49946301E-01
 0.15000001E+02     0.20864067E+01     0.25270646E-01     0.20000000E+02    -0.11865794E+00     0.24082094E-01     0.43487346E+00     0.20007437E-01     144     0.49946301E-01
 0.15299999E+02     0.20922430E+01     0.27021687E-01     0.20000000E+02    -0.11477873E+00     0.23287863E-01     0.43637869E+00     0.21783466E-01     145     0.54887790E-01
 0.15400001E+02     0.20944343E+01     0.27628480E-01     0.20000000E+02    -0.11358719E+00     0.23090383E-01     0.43699214E+00     0.22400681E-01     145     0.54887790E-01
 0.15499998E+02     0.20958116E+01     0.28295755E-01     0.20000000E+02    -0.11233276E+00     0.22950163E-01     0.43752131E+00     0.23080457E-01     145     0.54887790E-01
 0.15599998E+02     0.20970054E+01     0.28980643E-01     0.20000000E+02    -0.11109710E+00     0.22741426E-01     0.43810600E+00     0.23778133E-01     145     0.54887790E-01
 0.15699999E+02     0.20982037E+01     0.29676970E-01     0.20000000E+02    -0.10991719E+00     0.22580802E-01     0.43945885E+00     0.24490029E-01     145     0.54887790E-01
 0.15800000E+02     0.20976591E+01     0.30518617E-01     0.20000000E+02    -0.10859757E+00     0.22153424E-01     0.43994054E+00     0.25347650E-01     145     0.54887790E-01
 0.15899998E+02     0.20980504E+01     0.31315796E-01     0.20000000E+02    -0.10744049E+00     0.22242829E-01     0.44044316E+00     0.26162310E-01     145     0.54887790E-01
 0.15999998E+02     0.20973048E+01     0.32188583E-01     0.20000000E+02    -0.10624374E+00     0.22137923E-01     0.44097021E+00     0.27054947E-01     145     0.54887790E-01
 0.16099998E+02     0.20957074E+01     0.33168998E-01     0.20000000E+02    -0.10504848E+00     0.22025838E-01     0.44135028E+00     0.28056115E-01     145     0.54887790E-01
 0.16200001E+02     0.20931127E+01     0.34211461E-01     0.20000000E+02    -0.10387106E+00     0.21888440E-01     0.44172814E+00     0.29121500E-01     145     0.54887790E-01
 0.16300001E+02     0.20900412E+01     0.35324588E-01     0.20000000E+02    -0.10276987E+00     0.21843221E-01     0.44221812E+00     0.30260101E-01     145     0.54887790E-01
 0.16399998E+02     0.20845637E+01     0.36637809E-01     0.20000000E+02    -0.10164887E+00     0.21708038E-01     0.44259450E+00     0.31603467E-01     145     0.54887790E-01
 0.16499998E+02     0.20783792E+01     0.38016655E-01     0.20000000E+02    -0.10065497E+00     0.21687221E-01     0.44290066E+00     0.33016011E-01     145     0.54887790E-01
 0.16600000E+02     0.20689266E+01     0.39679017E-01     0.20000000E+02    -0.99706128E-01     0.21546755E-01     0.44317082E+00     0.34718633E-01     145     0.54887790E-01
 0.16700001E+02     0.20597880E+01     0.41308962E-01     0.20000000E+02    -0.98984547E-01     0.21589207E-01     0.44345742E+00     0.36391243E-01     145     0.54887790E-01
 0.16799997E+02     0.20454133E+01     0.43408804E-01     0.20000000E+02    -0.98406933E-01     0.21524707E-01     0.44362569E+00     0.38545445E-01     145     0.54887790E-01
 0.16900000E+02     0.20234754E+01     0.46181493E-01     0.20000000E+02    -0.98146483E-01     0.21386066E-01     0.44352767E+00     0.41390628E-01     145     0.54887790E-01
 0.17000000E+02     0.19998769E+01     0.49134672E-01     0.20000000E+02    -0.98306485E-01     0.21445090E-01     0.44342706E+00     0.44423778E-01     145     0.54887790E-01
 0.17100000E+02     0.19727290E+01     0.52404571E-01     0.20000000E+02    -0.98874517E-01     0.21750415E-01     0.44324911E+00     0.47785271E-01     145     0.54887790E-01
 0.17400000E+02     0.17692158E+01     0.72317936E-01     0.20000000E+02    -0.10545522E+00     0.23123652E-01     0.43908244E+00     0.68218023E-01     144     0.49946301E-01
 0.17500000E+02     0.17211217E+01     0.78953840E-01     0.20000000E+02    -0.10781545E+00     0.23466418E-01     0.43827000E+00     0.74973792E-01     144     0.49946301E-01
 0.17599997E+02     0.16940118E+01     0.83322026E-01     0.20000000E+02    -0.10953646E+00     0.23499828E-01     0.43799663E+00     0.79413362E-01     144     0.49946301E-01
 0.17799999E+02     0.16527458E+01     0.90930551E-01     0.20000000E+02    -0.11309291E+00     0.23615453E-01     0.43789694E+00     0.87142363E-01     144     0.49946301E-01
 0.17900000E+02     0.16344148E+01     0.94663374E-01     0.20000000E+02    -0.11506685E+00     0.23488166E-01     0.43755159E+00     0.90927936E-01     144     0.49946301E-01
 0.18000000E+02     0.16323494E+01     0.96127495E-01     0.20000000E+02    -0.11567905E+00     0.23676872E-01     0.43803659E+00     0.92413954E-01     144     0.49946301E-01
 0.18099998E+02     0.16160241E+01     0.99691816E-01     0.20000000E+02    -0.11770914E+00     0.23345463E-01     0.43903074E+00     0.96026517E-01     144     0.49946301E-01
 0.18199999E+02     0.16045853E+01     0.10269218E+00     0.20000000E+02    -0.11947378E+00     0.23512278E-01     0.43847108E+00     0.99069655E-01     144     0.49946301E-01
 0.18299999E+02     0.16024402E+01     0.10423078E+00     0.20000000E+02    -0.12024367E+00     0.23410348E-01     0.43975869E+00     0.10062914E+00     144     0.49946301E-01
 0.18400000E+02     0.15920974E+01     0.10707340E+00     0.20000000E+02    -0.12196614E+00     0.23359083E-01     0.43878955E+00     0.10350761E+00     144     0.49946301E-01
 0.18499998E+02     0.15889728E+01     0.10883200E+00     0.20000000E+02    -0.12296464E+00     0.23122547E-01     0.43872166E+00     0.10528263E+00     144     0.49946301E-01
 0.18599998E+02     0.15883613E+01     0.11015885E+00     0.20000000E+02    -0.12364503E+00     0.23050440E-01     0.44048482E+00     0.10662751E+00     144     0.49946301E-01
