  
       RFOIL         Version 3.00
  
 Calculated polar for: OSO_2025_WT2_T30                
  
 1  Reynolds number fixed
  
 xtrf =      1.00000000 (suction)     1.00000000 (pressure)
 Rot. Parameters:  f0 =      1.00000000 c/r =      0.00000000
 Mach =      0.00000000     Re =      3.00000000 e 6     Ncrit =      9.00000000
  
             alpha                CL                CD            Re(CL)                CM             S_xtr             P_xtr               CDp            I_stag            X_stag
  ------- -------- --------- --------- -------- ------- ------- -------- 
-0.21900002E+02    -0.91358912E+00     0.16114415E+00     0.30000000E+01     0.19883662E-01     0.99975115E+00     0.76920778E-01     0.15873316E+00      89     0.52287284E-01
-0.21800001E+02    -0.91053933E+00     0.16044773E+00     0.30000000E+01     0.19364767E-01     0.99975014E+00     0.77282265E-01     0.15803333E+00      89     0.52287284E-01
-0.21700001E+02    -0.90624660E+00     0.15951826E+00     0.30000000E+01     0.18242104E-01     0.99971491E+00     0.77958688E-01     0.15710284E+00      89     0.52287284E-01
-0.21400000E+02    -0.89565283E+00     0.15669973E+00     0.30000000E+01     0.15509607E-01     0.99965066E+00     0.80089919E-01     0.15427157E+00      89     0.52287284E-01
-0.21300001E+02    -0.88958520E+00     0.15597874E+00     0.30000000E+01     0.14439425E-01     0.99960053E+00     0.80916129E-01     0.15354384E+00      89     0.52287284E-01
-0.21200001E+02    -0.88686323E+00     0.15508036E+00     0.30000000E+01     0.13596050E-01     0.99958175E+00     0.82190715E-01     0.15265402E+00      89     0.52287284E-01
-0.21100002E+02    -0.88265276E+00     0.15429306E+00     0.30000000E+01     0.12772987E-01     0.99955535E+00     0.82740247E-01     0.15186600E+00      89     0.52287284E-01
-0.21000000E+02    -0.87839758E+00     0.15345328E+00     0.30000000E+01     0.11804798E-01     0.99951839E+00     0.83467893E-01     0.15102801E+00      89     0.52287284E-01
-0.20700003E+02    -0.86863643E+00     0.15035741E+00     0.30000000E+01     0.88214278E-02     0.99941868E+00     0.85797392E-01     0.14792487E+00      90     0.46679072E-01
-0.20600000E+02    -0.86310339E+00     0.14946088E+00     0.30000000E+01     0.76871701E-02     0.99936032E+00     0.86597815E-01     0.14702670E+00      90     0.46679072E-01
-0.20300001E+02    -0.85072857E+00     0.14692953E+00     0.30000000E+01     0.50838999E-02     0.99924397E+00     0.89981735E-01     0.14450364E+00      90     0.46679072E-01
-0.20200001E+02    -0.84679317E+00     0.14618245E+00     0.30000000E+01     0.43019792E-02     0.99921376E+00     0.90596214E-01     0.14375785E+00      90     0.46679072E-01
-0.20100000E+02    -0.84248614E+00     0.14512299E+00     0.30000000E+01     0.31150938E-02     0.99914688E+00     0.91688685E-01     0.14269851E+00      90     0.46679072E-01
-0.19700001E+02    -0.82684022E+00     0.14136618E+00     0.30000000E+01    -0.51777263E-03     0.99896705E+00     0.96203461E-01     0.13893805E+00      91     0.41550286E-01
-0.19600000E+02    -0.82115555E+00     0.14041930E+00     0.30000000E+01    -0.17610376E-02     0.99886948E+00     0.97115472E-01     0.13799401E+00      91     0.41550286E-01
-0.19500000E+02    -0.81754190E+00     0.13944441E+00     0.30000000E+01    -0.26579471E-02     0.99882334E+00     0.98210469E-01     0.13702583E+00      91     0.41550286E-01
-0.19400002E+02    -0.81413478E+00     0.13847511E+00     0.30000000E+01    -0.36187777E-02     0.99876308E+00     0.99896021E-01     0.13606219E+00      91     0.41550286E-01
-0.19300001E+02    -0.80960125E+00     0.13770936E+00     0.30000000E+01    -0.43939459E-02     0.99871856E+00     0.10031245E+00     0.13529083E+00      91     0.41550286E-01
-0.19200001E+02    -0.80490565E+00     0.13642071E+00     0.30000000E+01    -0.58443677E-02     0.99861121E+00     0.10175607E+00     0.13399588E+00      91     0.41550286E-01
-0.19100000E+02    -0.80123168E+00     0.13550688E+00     0.30000000E+01    -0.65340167E-02     0.99857235E+00     0.10276090E+00     0.13307939E+00      91     0.41550286E-01
-0.19000002E+02    -0.79659659E+00     0.13444787E+00     0.30000000E+01    -0.78066676E-02     0.99846125E+00     0.10439234E+00     0.13203008E+00      91     0.41550286E-01
-0.18900002E+02    -0.79273033E+00     0.13350384E+00     0.30000000E+01    -0.87402035E-02     0.99839371E+00     0.10577212E+00     0.13109431E+00      91     0.41550286E-01
-0.18800001E+02    -0.78897768E+00     0.13249627E+00     0.30000000E+01    -0.97457916E-02     0.99831647E+00     0.10808458E+00     0.13009770E+00      91     0.41550286E-01
-0.18700001E+02    -0.78343302E+00     0.13168754E+00     0.30000000E+01    -0.10649412E-01     0.99823534E+00     0.10907166E+00     0.12928630E+00      91     0.41550286E-01
-0.18600000E+02    -0.77937883E+00     0.13050002E+00     0.30000000E+01    -0.12001498E-01     0.99811018E+00     0.11113061E+00     0.12810212E+00      91     0.41550286E-01
-0.18300001E+02    -0.76860499E+00     0.12700547E+00     0.30000000E+01    -0.15383426E-01     0.99780726E+00     0.11619656E+00     0.12462062E+00      92     0.36888096E-01
-0.18200001E+02    -0.76289266E+00     0.12614878E+00     0.30000000E+01    -0.16393933E-01     0.99769479E+00     0.11780273E+00     0.12376507E+00      92     0.36888096E-01
-0.18100002E+02    -0.75989920E+00     0.12492575E+00     0.30000000E+01    -0.17602000E-01     0.99757105E+00     0.12022768E+00     0.12255508E+00      92     0.36888096E-01
-0.18000000E+02    -0.75647765E+00     0.12369898E+00     0.30000000E+01    -0.18837633E-01     0.99743766E+00     0.12220366E+00     0.12133566E+00      92     0.36888096E-01
-0.17900000E+02    -0.75200844E+00     0.12212336E+00     0.30000000E+01    -0.20733412E-01     0.99718934E+00     0.12450432E+00     0.11975791E+00      92     0.36888096E-01
-0.17700001E+02    -0.74325955E+00     0.11957120E+00     0.30000000E+01    -0.23714293E-01     0.99675983E+00     0.12977195E+00     0.11722784E+00      92     0.36888096E-01
-0.17600000E+02    -0.73977512E+00     0.11842090E+00     0.30000000E+01    -0.24848823E-01     0.99660760E+00     0.13308570E+00     0.11609071E+00      92     0.36888096E-01
-0.17300001E+02    -0.73037660E+00     0.11403020E+00     0.30000000E+01    -0.29343115E-01     0.99589860E+00     0.14149679E+00     0.11171836E+00      93     0.32668442E-01
-0.17200001E+02    -0.73001879E+00     0.11239155E+00     0.30000000E+01    -0.30822391E-01     0.99566400E+00     0.14610007E+00     0.11010598E+00      93     0.32668442E-01
-0.17100000E+02    -0.72414619E+00     0.11090491E+00     0.30000000E+01    -0.32867417E-01     0.99522579E+00     0.14999163E+00     0.10862996E+00      93     0.32668442E-01
-0.17000002E+02    -0.72662795E+00     0.10855405E+00     0.30000000E+01    -0.34766197E-01     0.99492335E+00     0.15429340E+00     0.10629017E+00      93     0.32668442E-01
-0.16900000E+02    -0.72885221E+00     0.10690902E+00     0.30000000E+01    -0.35630248E-01     0.99350691E+00     0.16005467E+00     0.10467257E+00      93     0.32668442E-01
-0.16800001E+02    -0.72815239E+00     0.10589944E+00     0.30000000E+01    -0.35999078E-01     0.99229753E+00     0.16228947E+00     0.10367375E+00      93     0.32668442E-01
-0.16700001E+02    -0.72862077E+00     0.10438217E+00     0.30000000E+01    -0.36896955E-01     0.98955655E+00     0.16643813E+00     0.10216729E+00      93     0.32668442E-01
-0.16300001E+02    -0.73150694E+00     0.95740527E-01     0.30000000E+01    -0.45030769E-01     0.69454467E+00     0.18809755E+00     0.92518024E-01      93     0.32668442E-01
-0.16200001E+02    -0.74067128E+00     0.93533799E-01     0.30000000E+01    -0.45814220E-01     0.68069232E+00     0.19518206E+00     0.90296648E-01      93     0.32668442E-01
-0.16100000E+02    -0.74532008E+00     0.91779225E-01     0.30000000E+01    -0.46519082E-01     0.65641588E+00     0.20012066E+00     0.88468462E-01      93     0.32668442E-01
-0.16000002E+02    -0.75062948E+00     0.90058886E-01     0.30000000E+01    -0.47144417E-01     0.64565700E+00     0.20482689E+00     0.86737365E-01      93     0.32668442E-01
-0.15900001E+02    -0.75838029E+00     0.87817803E-01     0.30000000E+01    -0.47967732E-01     0.64602029E+00     0.20983152E+00     0.84508695E-01      93     0.32668442E-01
-0.15800000E+02    -0.74706662E+00     0.91292731E-01     0.30000000E+01    -0.49419820E-01     0.62243158E+00     0.21297976E+00     0.87937437E-01      93     0.32668442E-01
-0.15700001E+02    -0.74764580E+00     0.90345830E-01     0.30000000E+01    -0.49849458E-01     0.61488980E+00     0.21681157E+00     0.86975917E-01      93     0.32668442E-01
-0.15600002E+02    -0.75345308E+00     0.88962488E-01     0.30000000E+01    -0.50396550E-01     0.60915118E+00     0.22075975E+00     0.85586056E-01      94     0.28860003E-01
-0.15500001E+02    -0.75867921E+00     0.87537542E-01     0.30000000E+01    -0.50990302E-01     0.60435671E+00     0.22480603E+00     0.84145233E-01      94     0.28860003E-01
-0.15400001E+02    -0.76253504E+00     0.86420082E-01     0.30000000E+01    -0.51475488E-01     0.59931850E+00     0.22810173E+00     0.83029158E-01      94     0.28860003E-01
-0.15300001E+02    -0.76179349E+00     0.85606366E-01     0.30000000E+01    -0.51865723E-01     0.59313285E+00     0.23109052E+00     0.82194120E-01      94     0.28860003E-01
-0.15200001E+02    -0.77121580E+00     0.83872430E-01     0.30000000E+01    -0.52541312E-01     0.59016669E+00     0.23485966E+00     0.80456898E-01      94     0.28860003E-01
-0.15100001E+02    -0.77093285E+00     0.83070964E-01     0.30000000E+01    -0.52930955E-01     0.58516574E+00     0.23749577E+00     0.79645619E-01      94     0.28860003E-01
-0.15000001E+02    -0.76782101E+00     0.82442448E-01     0.30000000E+01    -0.53286232E-01     0.57974839E+00     0.23990180E+00     0.78991689E-01      94     0.28860003E-01
-0.14900000E+02    -0.77787417E+00     0.80771856E-01     0.30000000E+01    -0.53939488E-01     0.57723850E+00     0.24328189E+00     0.77321365E-01      94     0.28860003E-01
-0.14800000E+02    -0.77701080E+00     0.80060624E-01     0.30000000E+01    -0.54321386E-01     0.57320797E+00     0.24551786E+00     0.76600842E-01      94     0.28860003E-01
-0.14700002E+02    -0.77586442E+00     0.79305679E-01     0.30000000E+01    -0.54715369E-01     0.56910813E+00     0.24873835E+00     0.75829670E-01      94     0.28860003E-01
-0.14600000E+02    -0.77417207E+00     0.78676805E-01     0.30000000E+01    -0.55053972E-01     0.56489807E+00     0.24981463E+00     0.75185850E-01      94     0.28860003E-01
-0.14500000E+02    -0.78308702E+00     0.77177525E-01     0.30000000E+01    -0.55678960E-01     0.56278366E+00     0.25353712E+00     0.73685959E-01      94     0.28860003E-01
-0.14400001E+02    -0.77931935E+00     0.76694101E-01     0.30000000E+01    -0.56016821E-01     0.55908990E+00     0.25533652E+00     0.73186189E-01      94     0.28860003E-01
-0.14300001E+02    -0.77799791E+00     0.76005943E-01     0.30000000E+01    -0.56367341E-01     0.55356258E+00     0.25722980E+00     0.72476372E-01      94     0.28860003E-01
-0.14200001E+02    -0.77901548E+00     0.75227305E-01     0.30000000E+01    -0.56733452E-01     0.55041903E+00     0.25908938E+00     0.71693741E-01      94     0.28860003E-01
-0.14100001E+02    -0.78301805E+00     0.74094243E-01     0.30000000E+01    -0.57254933E-01     0.55000776E+00     0.26129392E+00     0.70553616E-01      94     0.28860003E-01
-0.14000001E+02    -0.77920181E+00     0.73582448E-01     0.30000000E+01    -0.57576090E-01     0.54505372E+00     0.26290330E+00     0.70021674E-01      95     0.25427796E-01
-0.13900002E+02    -0.77380860E+00     0.73135503E-01     0.30000000E+01    -0.57892177E-01     0.54213190E+00     0.26423094E+00     0.69552869E-01      95     0.25427796E-01
-0.13800001E+02    -0.77556932E+00     0.72332934E-01     0.30000000E+01    -0.58231406E-01     0.53958613E+00     0.26606953E+00     0.68751119E-01      95     0.25427796E-01
-0.13700001E+02    -0.78067458E+00     0.71076505E-01     0.30000000E+01    -0.58729451E-01     0.53738129E+00     0.26815513E+00     0.67483395E-01      95     0.25427796E-01
-0.13600001E+02    -0.77789062E+00     0.70462003E-01     0.30000000E+01    -0.59049573E-01     0.53464514E+00     0.26953787E+00     0.66857234E-01      95     0.25427796E-01
-0.13500001E+02    -0.77342409E+00     0.69971614E-01     0.30000000E+01    -0.59336755E-01     0.53213209E+00     0.27090248E+00     0.66353053E-01      95     0.25427796E-01
-0.13400001E+02    -0.77166504E+00     0.69244534E-01     0.30000000E+01    -0.59676763E-01     0.52970225E+00     0.27301753E+00     0.65613039E-01      95     0.25427796E-01
-0.13300000E+02    -0.77357775E+00     0.68253644E-01     0.30000000E+01    -0.60025454E-01     0.52754354E+00     0.27459762E+00     0.64622395E-01      95     0.25427796E-01
-0.13200001E+02    -0.77460974E+00     0.67263201E-01     0.30000000E+01    -0.60406737E-01     0.52563787E+00     0.27561629E+00     0.63616760E-01      95     0.25427796E-01
-0.13100000E+02    -0.77288491E+00     0.66474199E-01     0.30000000E+01    -0.60718387E-01     0.52327973E+00     0.27760562E+00     0.62815905E-01      95     0.25427796E-01
-0.13000001E+02    -0.76791650E+00     0.65930083E-01     0.30000000E+01    -0.61001405E-01     0.52092779E+00     0.27866182E+00     0.62257245E-01      95     0.25427796E-01
-0.12900001E+02    -0.76291192E+00     0.65328628E-01     0.30000000E+01    -0.61291177E-01     0.51855344E+00     0.27981603E+00     0.61636534E-01      96     0.22336682E-01
-0.12800001E+02    -0.76158446E+00     0.64530320E-01     0.30000000E+01    -0.61570868E-01     0.51667130E+00     0.28109387E+00     0.60829882E-01      96     0.22336682E-01
-0.12700001E+02    -0.76815605E+00     0.62988020E-01     0.30000000E+01    -0.61969440E-01     0.51408881E+00     0.28297710E+00     0.59285372E-01      96     0.22336682E-01
-0.12600001E+02    -0.76515561E+00     0.62259108E-01     0.30000000E+01    -0.62209643E-01     0.51334971E+00     0.28408456E+00     0.58553115E-01      96     0.22336682E-01
-0.12500001E+02    -0.76123577E+00     0.61584070E-01     0.30000000E+01    -0.62462538E-01     0.51140898E+00     0.28514531E+00     0.57866029E-01      96     0.22336682E-01
-0.12400002E+02    -0.75707763E+00     0.60916558E-01     0.30000000E+01    -0.62704876E-01     0.50899088E+00     0.28614748E+00     0.57179291E-01      96     0.22336682E-01
-0.12300001E+02    -0.75457364E+00     0.59930455E-01     0.30000000E+01    -0.63043408E-01     0.50597548E+00     0.28727263E+00     0.56170460E-01      96     0.22336682E-01
-0.12200001E+02    -0.75413793E+00     0.58821268E-01     0.30000000E+01    -0.63376226E-01     0.50552654E+00     0.28865448E+00     0.55043437E-01      96     0.22336682E-01
-0.12100001E+02    -0.75624692E+00     0.57686169E-01     0.30000000E+01    -0.63564867E-01     0.50398445E+00     0.29048148E+00     0.53921681E-01      96     0.22336682E-01
-0.12000000E+02    -0.75367641E+00     0.56856934E-01     0.30000000E+01    -0.63803546E-01     0.50140446E+00     0.29144591E+00     0.53085312E-01      96     0.22336682E-01
-0.11900001E+02    -0.75476092E+00     0.55538483E-01     0.30000000E+01    -0.64103708E-01     0.49981052E+00     0.29272750E+00     0.51755968E-01      96     0.22336682E-01
-0.11800000E+02    -0.75463897E+00     0.54286245E-01     0.30000000E+01    -0.64422183E-01     0.49805734E+00     0.29461476E+00     0.50484154E-01      96     0.22336682E-01
-0.11700001E+02    -0.74911022E+00     0.53683195E-01     0.30000000E+01    -0.64609990E-01     0.49628842E+00     0.29516634E+00     0.49861323E-01      97     0.19552818E-01
-0.11600000E+02    -0.74669611E+00     0.52631121E-01     0.30000000E+01    -0.64906068E-01     0.49468839E+00     0.29683787E+00     0.48785675E-01      97     0.19552818E-01
-0.11500001E+02    -0.75605798E+00     0.50517384E-01     0.30000000E+01    -0.65143131E-01     0.49344876E+00     0.29887739E+00     0.46682388E-01      97     0.19552818E-01
-0.11400001E+02    -0.75387943E+00     0.49609549E-01     0.30000000E+01    -0.65310344E-01     0.49182853E+00     0.29979247E+00     0.45773201E-01      97     0.19552818E-01
-0.11300001E+02    -0.75292772E+00     0.48441343E-01     0.30000000E+01    -0.65528192E-01     0.49087492E+00     0.30159643E+00     0.44601515E-01      97     0.19552818E-01
-0.11200001E+02    -0.74976927E+00     0.47420818E-01     0.30000000E+01    -0.65788008E-01     0.48928091E+00     0.30274677E+00     0.43563932E-01      97     0.19552818E-01
-0.11100001E+02    -0.75056893E+00     0.46001419E-01     0.30000000E+01    -0.66025615E-01     0.48768321E+00     0.30350816E+00     0.42119998E-01      97     0.19552818E-01
-0.11000001E+02    -0.75043237E+00     0.44700779E-01     0.30000000E+01    -0.66212945E-01     0.48623237E+00     0.30537334E+00     0.40806256E-01      97     0.19552818E-01
-0.10900001E+02    -0.75120211E+00     0.43562647E-01     0.30000000E+01    -0.66280507E-01     0.48525634E+00     0.30662939E+00     0.39675888E-01      97     0.19552818E-01
-0.10800001E+02    -0.75920975E+00     0.41392550E-01     0.30000000E+01    -0.66418782E-01     0.48409906E+00     0.30806139E+00     0.37497979E-01      97     0.19552818E-01
-0.10700001E+02    -0.75562030E+00     0.40595274E-01     0.30000000E+01    -0.66503808E-01     0.48263398E+00     0.30846658E+00     0.36687892E-01      97     0.19552818E-01
-0.10600001E+02    -0.75441343E+00     0.39378393E-01     0.30000000E+01    -0.66654138E-01     0.48084518E+00     0.30993775E+00     0.35456639E-01      98     0.17045036E-01
-0.10500001E+02    -0.75017101E+00     0.38632751E-01     0.30000000E+01    -0.66736728E-01     0.47952351E+00     0.31027317E+00     0.34702677E-01      98     0.17045036E-01
-0.10400002E+02    -0.75539392E+00     0.36573343E-01     0.30000000E+01    -0.66927642E-01     0.47803447E+00     0.31183648E+00     0.32612070E-01      98     0.17045036E-01
-0.10200001E+02    -0.79388762E+00     0.32770608E-01     0.30000000E+01    -0.66126391E-01     0.47726226E+00     0.31516060E+00     0.28774982E-01      98     0.17045036E-01
-0.10100000E+02    -0.82264614E+00     0.30356672E-01     0.30000000E+01    -0.65435432E-01     0.47790188E+00     0.31725210E+00     0.26357198E-01      97     0.19552818E-01
-0.10000001E+02    -0.83047712E+00     0.29196618E-01     0.30000000E+01    -0.65048285E-01     0.47698995E+00     0.31818390E+00     0.25184345E-01      97     0.19552818E-01
-0.99000006E+01    -0.88944864E+00     0.24850952E-01     0.30000000E+01    -0.62872559E-01     0.47779050E+00     0.32011253E+00     0.20787733E-01      97     0.19552818E-01
-0.98000011E+01    -0.89475620E+00     0.22387359E-01     0.30000000E+01    -0.65621763E-01     0.47677588E+00     0.32152715E+00     0.18275304E-01      97     0.19552818E-01
-0.97000008E+01    -0.88953328E+00     0.17980104E-01     0.30000000E+01    -0.74181676E-01     0.47461012E+00     0.32415628E+00     0.13792243E-01      97     0.19552818E-01
-0.96000013E+01    -0.87374055E+00     0.16448800E-01     0.30000000E+01    -0.78238599E-01     0.47288847E+00     0.32551974E+00     0.12213523E-01      97     0.19552818E-01
-0.95000010E+01    -0.85795492E+00     0.15519928E-01     0.30000000E+01    -0.81022978E-01     0.47110388E+00     0.32627267E+00     0.11239776E-01      98     0.17045036E-01
-0.94000006E+01    -0.84290212E+00     0.14934240E-01     0.30000000E+01    -0.82969338E-01     0.46932325E+00     0.32689428E+00     0.10617051E-01      98     0.17045036E-01
-0.93000011E+01    -0.82917666E+00     0.14648861E-01     0.30000000E+01    -0.84042735E-01     0.46736637E+00     0.32822385E+00     0.10300504E-01      98     0.17045036E-01
-0.91999998E+01    -0.81464928E+00     0.14272903E-01     0.30000000E+01    -0.85451312E-01     0.46592835E+00     0.32869107E+00     0.98983683E-02      98     0.17045036E-01
-0.91000013E+01    -0.79954779E+00     0.13816716E-01     0.30000000E+01    -0.87119833E-01     0.46442714E+00     0.32952020E+00     0.94080176E-02      98     0.17045036E-01
-0.90000000E+01    -0.77851069E+00     0.12490240E-01     0.30000000E+01    -0.91617294E-01     0.46275344E+00     0.33113831E+00     0.80265636E-02      99     0.14785348E-01
-0.89000015E+01    -0.76098824E+00     0.11781332E-01     0.30000000E+01    -0.94204500E-01     0.46116993E+00     0.33248118E+00     0.72770203E-02      99     0.14785348E-01
-0.88000002E+01    -0.74646354E+00     0.11518593E-01     0.30000000E+01    -0.95379509E-01     0.45970774E+00     0.33355972E+00     0.69937762E-02      99     0.14785348E-01
-0.87000017E+01    -0.73290014E+00     0.11392410E-01     0.30000000E+01    -0.96118689E-01     0.45822722E+00     0.33394328E+00     0.68476489E-02      99     0.14785348E-01
-0.86000004E+01    -0.71956545E+00     0.11298651E-01     0.30000000E+01    -0.96752323E-01     0.45672110E+00     0.33432242E+00     0.67337286E-02     100     0.12748995E-01
-0.85000019E+01    -0.70630723E+00     0.11216930E-01     0.30000000E+01    -0.97350150E-01     0.45509854E+00     0.33469984E+00     0.66319881E-02     100     0.12748995E-01
-0.84000006E+01    -0.69304490E+00     0.11139677E-01     0.30000000E+01    -0.97932957E-01     0.45302886E+00     0.33506584E+00     0.65397127E-02     100     0.12748995E-01
-0.83000011E+01    -0.67984354E+00     0.11076025E-01     0.30000000E+01    -0.98470949E-01     0.45177126E+00     0.33560824E+00     0.64640166E-02     100     0.12748995E-01
-0.82000008E+01    -0.66663307E+00     0.11011214E-01     0.30000000E+01    -0.99011183E-01     0.45051920E+00     0.33597371E+00     0.63855737E-02     100     0.12748995E-01
-0.81000013E+01    -0.65345824E+00     0.10952730E-01     0.30000000E+01    -0.99535309E-01     0.44923064E+00     0.33632627E+00     0.63116425E-02     101     0.10914493E-01
-0.80000010E+01    -0.64032978E+00     0.10900443E-01     0.30000000E+01    -0.10004117E+00     0.44796315E+00     0.33667091E+00     0.62432867E-02     101     0.10914493E-01
-0.79000001E+01    -0.62724620E+00     0.10854474E-01     0.30000000E+01    -0.10052472E+00     0.44667473E+00     0.33698785E+00     0.61797830E-02     101     0.10914493E-01
-0.78000011E+01    -0.61422211E+00     0.10816520E-01     0.30000000E+01    -0.10098432E+00     0.44539991E+00     0.33728170E+00     0.61227963E-02     101     0.10914493E-01
-0.77000003E+01    -0.60125202E+00     0.10786434E-01     0.30000000E+01    -0.10141987E+00     0.44409314E+00     0.33754480E+00     0.60721780E-02     101     0.10914493E-01
-0.76000009E+01    -0.58789504E+00     0.10702983E-01     0.30000000E+01    -0.10203512E+00     0.44264868E+00     0.33805728E+00     0.59708222E-02     102     0.92633720E-02
-0.75000005E+01    -0.57440329E+00     0.10602648E-01     0.30000000E+01    -0.10270589E+00     0.44110918E+00     0.33865777E+00     0.58617895E-02     102     0.92633720E-02
-0.74000010E+01    -0.56090546E+00     0.10510543E-01     0.30000000E+01    -0.10334237E+00     0.44009656E+00     0.33917630E+00     0.57665249E-02     102     0.92633720E-02
-0.73000002E+01    -0.54750323E+00     0.10430853E-01     0.30000000E+01    -0.10393967E+00     0.43899167E+00     0.33965304E+00     0.56816302E-02     102     0.92633720E-02
-0.72000012E+01    -0.53417724E+00     0.10361786E-01     0.30000000E+01    -0.10450249E+00     0.43787211E+00     0.34008163E+00     0.56055645E-02     103     0.77798865E-02
-0.71000004E+01    -0.52092850E+00     0.10302149E-01     0.30000000E+01    -0.10503675E+00     0.43619850E+00     0.34048426E+00     0.55360133E-02     103     0.77798865E-02
-0.70000014E+01    -0.50770909E+00     0.10248267E-01     0.30000000E+01    -0.10555445E+00     0.43503112E+00     0.34089580E+00     0.54728901E-02     103     0.77798865E-02
-0.69000006E+01    -0.49453661E+00     0.10200334E-01     0.30000000E+01    -0.10605264E+00     0.43390805E+00     0.34126842E+00     0.54143760E-02     103     0.77798865E-02
-0.68000016E+01    -0.48140895E+00     0.10157676E-01     0.30000000E+01    -0.10653426E+00     0.43275043E+00     0.34181446E+00     0.53616809E-02     103     0.77798865E-02
-0.67000008E+01    -0.46831357E+00     0.10120980E-01     0.30000000E+01    -0.10699984E+00     0.43156725E+00     0.34219331E+00     0.53116335E-02     104     0.64506866E-02
-0.66000018E+01    -0.45525205E+00     0.10088605E-01     0.30000000E+01    -0.10745300E+00     0.43028808E+00     0.34254923E+00     0.52650594E-02     104     0.64506866E-02
-0.65000010E+01    -0.44223300E+00     0.10061829E-01     0.30000000E+01    -0.10788906E+00     0.42886856E+00     0.34291574E+00     0.52230642E-02     104     0.64506866E-02
-0.64000001E+01    -0.42910483E+00     0.10028355E-01     0.30000000E+01    -0.10833815E+00     0.42795902E+00     0.34327650E+00     0.51850579E-02     104     0.64506866E-02
-0.63000011E+01    -0.41598427E+00     0.99968258E-02     0.30000000E+01    -0.10878114E+00     0.42700151E+00     0.34364232E+00     0.51459959E-02     105     0.52645961E-02
-0.62000003E+01    -0.40289897E+00     0.99693723E-02     0.30000000E+01    -0.10921254E+00     0.42597988E+00     0.34399810E+00     0.51097944E-02     105     0.52645961E-02
-0.61000009E+01    -0.38983452E+00     0.99440347E-02     0.30000000E+01    -0.10963757E+00     0.42497748E+00     0.34435135E+00     0.50746207E-02     105     0.52645961E-02
-0.60000000E+01    -0.37679324E+00     0.99221906E-02     0.30000000E+01    -0.11005290E+00     0.42397979E+00     0.34471202E+00     0.50420491E-02     105     0.52645961E-02
-0.59000010E+01    -0.36377555E+00     0.99027362E-02     0.30000000E+01    -0.11046089E+00     0.42296430E+00     0.34505537E+00     0.50106072E-02     105     0.52645961E-02
-0.58000002E+01    -0.35078594E+00     0.98866522E-02     0.30000000E+01    -0.11085765E+00     0.42195725E+00     0.34538117E+00     0.49810340E-02     106     0.42122267E-02
-0.57000012E+01    -0.33783117E+00     0.98746428E-02     0.30000000E+01    -0.11124278E+00     0.42092082E+00     0.34569296E+00     0.49543669E-02     106     0.42122267E-02
-0.56000004E+01    -0.32495853E+00     0.98702898E-02     0.30000000E+01    -0.11160558E+00     0.41935965E+00     0.34597486E+00     0.49303458E-02     106     0.42122267E-02
-0.55000014E+01    -0.31205410E+00     0.98633207E-02     0.30000000E+01    -0.11197653E+00     0.41818655E+00     0.34623930E+00     0.49038045E-02     106     0.42122267E-02
-0.54000006E+01    -0.29880190E+00     0.98135583E-02     0.30000000E+01    -0.11249179E+00     0.41693699E+00     0.34688193E+00     0.48464509E-02     107     0.32861971E-02
-0.53000016E+01    -0.28551957E+00     0.97653521E-02     0.30000000E+01    -0.11299357E+00     0.41598302E+00     0.34744015E+00     0.47987900E-02     107     0.32861971E-02
-0.52000008E+01    -0.27221006E+00     0.97151883E-02     0.30000000E+01    -0.11349824E+00     0.41516253E+00     0.34816894E+00     0.47513088E-02     107     0.32861971E-02
-0.51000013E+01    -0.25901011E+00     0.96789086E-02     0.30000000E+01    -0.11395814E+00     0.41427043E+00     0.34860295E+00     0.47126357E-02     107     0.32861971E-02
-0.50000010E+01    -0.24585360E+00     0.96480371E-02     0.30000000E+01    -0.11440306E+00     0.41337132E+00     0.34902281E+00     0.46779672E-02     108     0.24803814E-02
-0.49000015E+01    -0.23273338E+00     0.96204327E-02     0.30000000E+01    -0.11483546E+00     0.41244301E+00     0.34940484E+00     0.46455339E-02     108     0.24803814E-02
-0.48000007E+01    -0.21963668E+00     0.95963655E-02     0.30000000E+01    -0.11525810E+00     0.41153347E+00     0.34979907E+00     0.46158722E-02     108     0.24803814E-02
-0.47000003E+01    -0.20657122E+00     0.95759705E-02     0.30000000E+01    -0.11566985E+00     0.41060323E+00     0.35018799E+00     0.45887171E-02     108     0.24803814E-02
-0.44000010E+01    -0.16753852E+00     0.95329955E-02     0.30000000E+01    -0.11684901E+00     0.40784448E+00     0.35131571E+00     0.45187185E-02     109     0.17901587E-02
-0.43000002E+01    -0.15458657E+00     0.95253196E-02     0.30000000E+01    -0.11722276E+00     0.40687194E+00     0.35167897E+00     0.44997786E-02     109     0.17901587E-02
-0.42000012E+01    -0.14166732E+00     0.95204581E-02     0.30000000E+01    -0.11758697E+00     0.40573680E+00     0.35205248E+00     0.44823592E-02     109     0.17901587E-02
-0.41000004E+01    -0.12876973E+00     0.95178764E-02     0.30000000E+01    -0.11794470E+00     0.40454796E+00     0.35241216E+00     0.44694594E-02     110     0.12126006E-02
-0.40000014E+01    -0.11568624E+00     0.95020365E-02     0.30000000E+01    -0.11833029E+00     0.40352434E+00     0.35278198E+00     0.44510136E-02     110     0.12126006E-02
-0.39000006E+01    -0.10266685E+00     0.94916373E-02     0.30000000E+01    -0.11870213E+00     0.40274733E+00     0.35314849E+00     0.44356519E-02     110     0.12126006E-02
-0.38000014E+01    -0.89676209E-01     0.94840592E-02     0.30000000E+01    -0.11906591E+00     0.40195659E+00     0.35351452E+00     0.44216462E-02     110     0.12126006E-02
-0.37000005E+01    -0.76714717E-01     0.94789257E-02     0.30000000E+01    -0.11942051E+00     0.40110540E+00     0.35385081E+00     0.44087181E-02     111     0.74606086E-03
-0.36000016E+01    -0.63778371E-01     0.94763404E-02     0.30000000E+01    -0.11976720E+00     0.40026969E+00     0.35418385E+00     0.43974072E-02     111     0.74606086E-03
-0.35000007E+01    -0.50867133E-01     0.94761867E-02     0.30000000E+01    -0.12010626E+00     0.39944237E+00     0.35447711E+00     0.43875109E-02     111     0.74606086E-03
-0.34000015E+01    -0.38076144E-01     0.94878124E-02     0.30000000E+01    -0.12040427E+00     0.39863202E+00     0.35487482E+00     0.43869507E-02     111     0.74606086E-03
-0.33000009E+01    -0.24948578E-01     0.94633680E-02     0.30000000E+01    -0.12082950E+00     0.39779902E+00     0.35548070E+00     0.43568080E-02     112     0.38927357E-03
-0.32000017E+01    -0.11843266E-01     0.94409566E-02     0.30000000E+01    -0.12124871E+00     0.39695159E+00     0.35607147E+00     0.43308833E-02     112     0.38927357E-03
-0.31000009E+01     0.12030269E-02     0.94250059E-02     0.30000000E+01    -0.12164710E+00     0.39609143E+00     0.35659283E+00     0.43098382E-02     112     0.38927357E-03
-0.30000000E+01     0.14207571E-01     0.94131166E-02     0.30000000E+01    -0.12203218E+00     0.39516589E+00     0.35708079E+00     0.42918255E-02     112     0.38927357E-03
-0.29000010E+01     0.27159056E-01     0.94062136E-02     0.30000000E+01    -0.12239984E+00     0.39416263E+00     0.35751995E+00     0.42776610E-02     113     0.14580940E-03
-0.28000002E+01     0.40061068E-01     0.94038500E-02     0.30000000E+01    -0.12275408E+00     0.39307737E+00     0.35792819E+00     0.42669619E-02     113     0.14580940E-03
-0.27000012E+01     0.53131331E-01     0.93896724E-02     0.30000000E+01    -0.12313312E+00     0.39242262E+00     0.35833317E+00     0.42567849E-02     113     0.14580940E-03
-0.26000004E+01     0.66208340E-01     0.93759019E-02     0.30000000E+01    -0.12350865E+00     0.39143062E+00     0.35874286E+00     0.42439182E-02     113     0.14580940E-03
-0.25000012E+01     0.79220034E-01     0.93677081E-02     0.30000000E+01    -0.12386935E+00     0.39071763E+00     0.35913798E+00     0.42348290E-02     113     0.14580940E-03
-0.24000003E+01     0.92195332E-01     0.93621919E-02     0.30000000E+01    -0.12422117E+00     0.38994303E+00     0.35953179E+00     0.42268001E-02     114     0.22011809E-04
-0.23000014E+01     0.10514727E+00     0.93589062E-02     0.30000000E+01    -0.12456556E+00     0.38917920E+00     0.35993505E+00     0.42201350E-02     114     0.22011809E-04
-0.22000005E+01     0.11807425E+00     0.93582245E-02     0.30000000E+01    -0.12490206E+00     0.38842082E+00     0.36031890E+00     0.42148866E-02     114     0.22011809E-04
-0.21000013E+01     0.13097255E+00     0.93597844E-02     0.30000000E+01    -0.12522979E+00     0.38766482E+00     0.36070192E+00     0.42108851E-02     114     0.22011809E-04
-0.20000007E+01     0.14384799E+00     0.93633579E-02     0.30000000E+01    -0.12555160E+00     0.38691336E+00     0.36107188E+00     0.42079585E-02     115     0.52234973E-05
-0.19000015E+01     0.15670256E+00     0.93688583E-02     0.30000000E+01    -0.12586631E+00     0.38616407E+00     0.36146238E+00     0.42060092E-02     115     0.52234973E-05
-0.18000008E+01     0.16953115E+00     0.93764942E-02     0.30000000E+01    -0.12617575E+00     0.38538548E+00     0.36183617E+00     0.42051440E-02     115     0.52234973E-05
-0.17000016E+01     0.18228795E+00     0.93897646E-02     0.30000000E+01    -0.12646337E+00     0.38459313E+00     0.36239451E+00     0.42090989E-02     115     0.52234973E-05
-0.16000009E+01     0.19505860E+00     0.94021177E-02     0.30000000E+01    -0.12675679E+00     0.38374883E+00     0.36274427E+00     0.42110225E-02     116     0.82350911E-04
-0.15000000E+01     0.20778410E+00     0.94178449E-02     0.30000000E+01    -0.12703848E+00     0.38283566E+00     0.36307597E+00     0.42151674E-02     116     0.82350911E-04
-0.14000009E+01     0.22046126E+00     0.94369836E-02     0.30000000E+01    -0.12730864E+00     0.38183680E+00     0.36339027E+00     0.42217337E-02     116     0.82350911E-04
-0.13000002E+01     0.23331174E+00     0.94440142E-02     0.30000000E+01    -0.12760401E+00     0.38119784E+00     0.36365691E+00     0.42274115E-02     116     0.82350911E-04
-0.12000011E+01     0.24634328E+00     0.94345529E-02     0.30000000E+01    -0.12796085E+00     0.38061810E+00     0.36419687E+00     0.42189467E-02     116     0.82350911E-04
-0.11000003E+01     0.25943649E+00     0.94195046E-02     0.30000000E+01    -0.12833892E+00     0.37997815E+00     0.36482781E+00     0.42091822E-02     117     0.24611084E-03
-0.10000012E+01     0.27245831E+00     0.94099650E-02     0.30000000E+01    -0.12869716E+00     0.37897730E+00     0.36539298E+00     0.42018341E-02     117     0.24611084E-03
-0.90000039E+00     0.28541529E+00     0.94061252E-02     0.30000000E+01    -0.12903687E+00     0.37828153E+00     0.36590311E+00     0.41993340E-02     117     0.24611084E-03
-0.80000126E+00     0.29833126E+00     0.94056968E-02     0.30000000E+01    -0.12936550E+00     0.37757173E+00     0.36637613E+00     0.41991454E-02     117     0.24611084E-03
-0.70000046E+00     0.31121790E+00     0.94074961E-02     0.30000000E+01    -0.12968536E+00     0.37688595E+00     0.36682218E+00     0.42003044E-02     117     0.24611084E-03
-0.60000139E+00     0.32406911E+00     0.94121303E-02     0.30000000E+01    -0.12999487E+00     0.37618506E+00     0.36723399E+00     0.42031957E-02     118     0.50025358E-03
-0.50000060E+00     0.33689427E+00     0.94192326E-02     0.30000000E+01    -0.13029584E+00     0.37549928E+00     0.36764446E+00     0.42076111E-02     118     0.50025358E-03
-0.40000150E+00     0.34969065E+00     0.94282283E-02     0.30000000E+01    -0.13059138E+00     0.37480721E+00     0.36806384E+00     0.42130775E-02     118     0.50025358E-03
-0.30000070E+00     0.36245766E+00     0.94397208E-02     0.30000000E+01    -0.13087757E+00     0.37409785E+00     0.36846972E+00     0.42199530E-02     118     0.50025358E-03
-0.20000160E+00     0.37519145E+00     0.94537279E-02     0.30000000E+01    -0.13115628E+00     0.37337565E+00     0.36888322E+00     0.42286147E-02     118     0.50025358E-03
-0.10000080E+00     0.38788852E+00     0.94700046E-02     0.30000000E+01    -0.13142563E+00     0.37255678E+00     0.36929098E+00     0.42381710E-02     119     0.85647090E-03
 0.00000000E+00     0.40053535E+00     0.94898967E-02     0.30000000E+01    -0.13168402E+00     0.37169784E+00     0.36969551E+00     0.42503756E-02     119     0.85647090E-03
 0.99999093E-01     0.41313180E+00     0.95132980E-02     0.30000000E+01    -0.13192977E+00     0.37073523E+00     0.37009841E+00     0.42649470E-02     119     0.85647090E-03
 0.19999990E+00     0.42596024E+00     0.95205624E-02     0.30000000E+01    -0.13221446E+00     0.37017971E+00     0.37048939E+00     0.42760689E-02     119     0.85647090E-03
 0.29999900E+00     0.43876499E+00     0.95303077E-02     0.30000000E+01    -0.13248757E+00     0.36966088E+00     0.37108549E+00     0.42877281E-02     120     0.13216801E-02
 0.39999980E+00     0.45156416E+00     0.95399739E-02     0.30000000E+01    -0.13276173E+00     0.36907649E+00     0.37146926E+00     0.42974032E-02     120     0.13216801E-02
 0.49999887E+00     0.46432403E+00     0.95524881E-02     0.30000000E+01    -0.13302699E+00     0.36851051E+00     0.37184033E+00     0.43087718E-02     120     0.13216801E-02
 0.59999967E+00     0.47704899E+00     0.95668724E-02     0.30000000E+01    -0.13328348E+00     0.36787280E+00     0.37217781E+00     0.43206895E-02     120     0.13216801E-02
 0.69999880E+00     0.48973230E+00     0.95843589E-02     0.30000000E+01    -0.13352920E+00     0.36723623E+00     0.37249529E+00     0.43343399E-02     120     0.13216801E-02
 0.79999959E+00     0.50237936E+00     0.96039353E-02     0.30000000E+01    -0.13376892E+00     0.36625445E+00     0.37280512E+00     0.43456638E-02     121     0.19007844E-02
 0.89999866E+00     0.51522410E+00     0.96075218E-02     0.30000000E+01    -0.13407521E+00     0.36562446E+00     0.37348250E+00     0.43521253E-02     121     0.19007844E-02
 0.99999946E+00     0.52802193E+00     0.96144760E-02     0.30000000E+01    -0.13436893E+00     0.36498788E+00     0.37412900E+00     0.43611573E-02     121     0.19007844E-02
 0.10999986E+01     0.54076421E+00     0.96256686E-02     0.30000000E+01    -0.13464612E+00     0.36434847E+00     0.37467661E+00     0.43728533E-02     121     0.19007844E-02
 0.11999993E+01     0.55346614E+00     0.96397093E-02     0.30000000E+01    -0.13491182E+00     0.36370191E+00     0.37519693E+00     0.43864618E-02     121     0.19007844E-02
 0.12999984E+01     0.56612551E+00     0.96569490E-02     0.30000000E+01    -0.13516663E+00     0.36305383E+00     0.37568900E+00     0.44027250E-02     122     0.25991555E-02
 0.13999993E+01     0.57873625E+00     0.96769854E-02     0.30000000E+01    -0.13541114E+00     0.36235374E+00     0.37613434E+00     0.44202297E-02     122     0.25991555E-02
 0.14999983E+01     0.59130180E+00     0.97000599E-02     0.30000000E+01    -0.13564447E+00     0.36163384E+00     0.37657350E+00     0.44401442E-02     122     0.25991555E-02
 0.15999992E+01     0.60381305E+00     0.97261835E-02     0.30000000E+01    -0.13586511E+00     0.36076903E+00     0.37700033E+00     0.44613415E-02     122     0.25991555E-02
 0.16999999E+01     0.61625493E+00     0.97566517E-02     0.30000000E+01    -0.13607174E+00     0.35988051E+00     0.37743652E+00     0.44863941E-02     122     0.25991555E-02
 0.17999990E+01     0.62901264E+00     0.97671077E-02     0.30000000E+01    -0.13633101E+00     0.35939193E+00     0.37787166E+00     0.45055123E-02     122     0.25991555E-02
 0.18999999E+01     0.64176428E+00     0.97780265E-02     0.30000000E+01    -0.13658620E+00     0.35889792E+00     0.37831008E+00     0.45218249E-02     123     0.34217748E-02
 0.19999989E+01     0.65445936E+00     0.97925132E-02     0.30000000E+01    -0.13682923E+00     0.35838413E+00     0.37873599E+00     0.45399391E-02     123     0.34217748E-02
 0.20999997E+01     0.66709286E+00     0.98106274E-02     0.30000000E+01    -0.13705654E+00     0.35784256E+00     0.37937018E+00     0.45611407E-02     123     0.34217748E-02
 0.21999989E+01     0.67971641E+00     0.98295640E-02     0.30000000E+01    -0.13728264E+00     0.35728091E+00     0.37979570E+00     0.45814412E-02     123     0.34217748E-02
 0.22999997E+01     0.69230908E+00     0.98498091E-02     0.30000000E+01    -0.13750288E+00     0.35638681E+00     0.38020986E+00     0.46004285E-02     123     0.34217748E-02
 0.23999987E+01     0.70484906E+00     0.98735727E-02     0.30000000E+01    -0.13771115E+00     0.35579437E+00     0.38062319E+00     0.46232659E-02     124     0.43732501E-02
 0.24999995E+01     0.71735531E+00     0.98992288E-02     0.30000000E+01    -0.13791175E+00     0.35518327E+00     0.38101387E+00     0.46466286E-02     124     0.43732501E-02
 0.25999987E+01     0.72982764E+00     0.99267801E-02     0.30000000E+01    -0.13810351E+00     0.35459229E+00     0.38137078E+00     0.46708658E-02     124     0.43732501E-02
 0.26999993E+01     0.74226111E+00     0.99565787E-02     0.30000000E+01    -0.13828602E+00     0.35401556E+00     0.38169780E+00     0.46964800E-02     124     0.43732501E-02
 0.27999985E+01     0.75468749E+00     0.99862963E-02     0.30000000E+01    -0.13847034E+00     0.35341051E+00     0.38207856E+00     0.47204234E-02     124     0.43732501E-02
 0.28999994E+01     0.76725566E+00     0.10006188E-01     0.30000000E+01    -0.13870387E+00     0.35281795E+00     0.38281113E+00     0.47434648E-02     125     0.54580495E-02
 0.29999983E+01     0.77975255E+00     0.10030673E-01     0.30000000E+01    -0.13891743E+00     0.35217318E+00     0.38342455E+00     0.47688121E-02     125     0.54580495E-02
 0.30999992E+01     0.79219884E+00     0.10058228E-01     0.30000000E+01    -0.13911954E+00     0.35152185E+00     0.38401130E+00     0.47967955E-02     125     0.54580495E-02
 0.31999984E+01     0.80456448E+00     0.10090135E-01     0.30000000E+01    -0.13930343E+00     0.35078400E+00     0.38454553E+00     0.48275283E-02     125     0.54580495E-02
 0.32999990E+01     0.81684357E+00     0.10127302E-01     0.30000000E+01    -0.13946941E+00     0.34997141E+00     0.38504252E+00     0.48623355E-02     125     0.54580495E-02
 0.33999999E+01     0.82913589E+00     0.10162733E-01     0.30000000E+01    -0.13963470E+00     0.34920007E+00     0.38552132E+00     0.49010776E-02     126     0.66809705E-02
 0.34999990E+01     0.84178585E+00     0.10177176E-01     0.30000000E+01    -0.13985962E+00     0.34879014E+00     0.38600609E+00     0.49248114E-02     126     0.66809705E-02
 0.35999999E+01     0.85437071E+00     0.10195478E-01     0.30000000E+01    -0.14007048E+00     0.34833488E+00     0.38645405E+00     0.49507730E-02     126     0.66809705E-02
 0.36999989E+01     0.86690778E+00     0.10216454E-01     0.30000000E+01    -0.14027159E+00     0.34783611E+00     0.38691384E+00     0.49784365E-02     126     0.66809705E-02
 0.37999997E+01     0.87940776E+00     0.10239536E-01     0.30000000E+01    -0.14046422E+00     0.34733009E+00     0.38738567E+00     0.50072726E-02     126     0.66809705E-02
 0.38999987E+01     0.89184743E+00     0.10264978E-01     0.30000000E+01    -0.14064315E+00     0.34679857E+00     0.38807330E+00     0.50382041E-02     126     0.66809705E-02
 0.39999995E+01     0.90427017E+00     0.10291939E-01     0.30000000E+01    -0.14081898E+00     0.34599105E+00     0.38850823E+00     0.50673629E-02     127     0.80471234E-02
 0.40999985E+01     0.91662055E+00     0.10322810E-01     0.30000000E+01    -0.14097899E+00     0.34542492E+00     0.38896924E+00     0.50996803E-02     127     0.80471234E-02
 0.41999993E+01     0.92893463E+00     0.10355133E-01     0.30000000E+01    -0.14113255E+00     0.34486601E+00     0.38940641E+00     0.51326118E-02     127     0.80471234E-02
 0.42999988E+01     0.94121212E+00     0.10389516E-01     0.30000000E+01    -0.14127783E+00     0.34430349E+00     0.38983980E+00     0.51668156E-02     127     0.80471234E-02
 0.43999991E+01     0.95345050E+00     0.10426079E-01     0.30000000E+01    -0.14141369E+00     0.34375682E+00     0.39026734E+00     0.52022124E-02     127     0.80471234E-02
 0.44999986E+01     0.96564454E+00     0.10464562E-01     0.30000000E+01    -0.14154100E+00     0.34320050E+00     0.39065751E+00     0.52390113E-02     128     0.95619382E-02
 0.45999994E+01     0.97779334E+00     0.10505260E-01     0.30000000E+01    -0.14165717E+00     0.34263232E+00     0.39100644E+00     0.52763857E-02     128     0.95619382E-02
 0.47000003E+01     0.98988253E+00     0.10548594E-01     0.30000000E+01    -0.14176096E+00     0.34205252E+00     0.39131522E+00     0.53152218E-02     128     0.95619382E-02
 0.47999973E+01     0.10021123E+01     0.10584692E-01     0.30000000E+01    -0.14191286E+00     0.34144008E+00     0.39207819E+00     0.53528505E-02     128     0.95619382E-02
 0.48999982E+01     0.10142643E+01     0.10624446E-01     0.30000000E+01    -0.14204748E+00     0.34078336E+00     0.39278671E+00     0.53948769E-02     128     0.95619382E-02
 0.49999990E+01     0.10263106E+01     0.10669459E-01     0.30000000E+01    -0.14215943E+00     0.34006268E+00     0.39340502E+00     0.54406063E-02     128     0.95619382E-02
 0.50999999E+01     0.10382285E+01     0.10720436E-01     0.30000000E+01    -0.14224614E+00     0.33925119E+00     0.39396796E+00     0.54912828E-02     129     0.11231796E-01
 0.52000008E+01     0.10504946E+01     0.10752235E-01     0.30000000E+01    -0.14238963E+00     0.33872655E+00     0.39449856E+00     0.55346605E-02     129     0.11231796E-01
 0.52999978E+01     0.10630882E+01     0.10766811E-01     0.30000000E+01    -0.14258961E+00     0.33794263E+00     0.39502084E+00     0.55616130E-02     129     0.11231796E-01
 0.53999987E+01     0.10755135E+01     0.10790035E-01     0.30000000E+01    -0.14275731E+00     0.33704141E+00     0.39550194E+00     0.55934587E-02     129     0.11231796E-01
 0.54999995E+01     0.10878114E+01     0.10819843E-01     0.30000000E+01    -0.14290248E+00     0.33603787E+00     0.39600241E+00     0.56289490E-02     129     0.11231796E-01
 0.56000004E+01     0.10999587E+01     0.10856902E-01     0.30000000E+01    -0.14302038E+00     0.33468625E+00     0.39649582E+00     0.56655807E-02     129     0.11231796E-01
 0.56999979E+01     0.11119052E+01     0.10904717E-01     0.30000000E+01    -0.14310269E+00     0.33306420E+00     0.39723521E+00     0.57078376E-02     130     0.13063635E-01
 0.57999988E+01     0.11238970E+01     0.10949377E-01     0.30000000E+01    -0.14318784E+00     0.33245212E+00     0.39771849E+00     0.57528098E-02     130     0.13063635E-01
 0.58999996E+01     0.11358267E+01     0.10997293E-01     0.30000000E+01    -0.14326088E+00     0.33183330E+00     0.39818549E+00     0.58000474E-02     130     0.13063635E-01
 0.60000000E+01     0.11475091E+01     0.11058471E-01     0.30000000E+01    -0.14329313E+00     0.33056527E+00     0.39865360E+00     0.58517880E-02     130     0.13063635E-01
 0.60999975E+01     0.11589931E+01     0.11128435E-01     0.30000000E+01    -0.14328767E+00     0.32907841E+00     0.39912125E+00     0.59093069E-02     130     0.13063635E-01
 0.61999984E+01     0.11711069E+01     0.11164256E-01     0.30000000E+01    -0.14338784E+00     0.32851315E+00     0.39956936E+00     0.59555708E-02     131     0.15065445E-01
 0.62999992E+01     0.11833773E+01     0.11192050E-01     0.30000000E+01    -0.14351252E+00     0.32748815E+00     0.40001750E+00     0.59902919E-02     131     0.15065445E-01
 0.64000001E+01     0.11954037E+01     0.11231724E-01     0.30000000E+01    -0.14359270E+00     0.32684448E+00     0.40041769E+00     0.60342154E-02     131     0.15065445E-01
 0.65000010E+01     0.12073530E+01     0.11274823E-01     0.30000000E+01    -0.14365725E+00     0.32620707E+00     0.40077502E+00     0.60799024E-02     131     0.15065445E-01
 0.65999980E+01     0.12193009E+01     0.11318578E-01     0.30000000E+01    -0.14373465E+00     0.32498831E+00     0.40138635E+00     0.61241877E-02     131     0.15065445E-01
 0.66999989E+01     0.12312098E+01     0.11365034E-01     0.30000000E+01    -0.14381191E+00     0.32373670E+00     0.40214646E+00     0.61730687E-02     131     0.15065445E-01
 0.67999997E+01     0.12430762E+01     0.11412894E-01     0.30000000E+01    -0.14387700E+00     0.32303718E+00     0.40283203E+00     0.62266802E-02     132     0.17246265E-01
 0.69000006E+01     0.12548717E+01     0.11463942E-01     0.30000000E+01    -0.14392653E+00     0.32231727E+00     0.40346381E+00     0.62814625E-02     132     0.17246265E-01
 0.69999981E+01     0.12664635E+01     0.11524814E-01     0.30000000E+01    -0.14394079E+00     0.32123080E+00     0.40402943E+00     0.63401284E-02     132     0.17246265E-01
 0.70999990E+01     0.12778138E+01     0.11597591E-01     0.30000000E+01    -0.14391232E+00     0.31976461E+00     0.40456548E+00     0.64054020E-02     132     0.17246265E-01
 0.71999998E+01     0.12894151E+01     0.11655892E-01     0.30000000E+01    -0.14392228E+00     0.31890026E+00     0.40509930E+00     0.64695613E-02     132     0.17246265E-01
 0.73000002E+01     0.13014339E+01     0.11692613E-01     0.30000000E+01    -0.14400068E+00     0.31821403E+00     0.40562052E+00     0.65177968E-02     132     0.17246265E-01
 0.73999977E+01     0.13133272E+01     0.11735138E-01     0.30000000E+01    -0.14405692E+00     0.31748182E+00     0.40615439E+00     0.65702698E-02     133     0.19616185E-01
 0.74999986E+01     0.13250947E+01     0.11783255E-01     0.30000000E+01    -0.14409138E+00     0.31607515E+00     0.40694094E+00     0.66238372E-02     133     0.19616185E-01
 0.75999994E+01     0.13366897E+01     0.11839546E-01     0.30000000E+01    -0.14409383E+00     0.31467336E+00     0.40744498E+00     0.66803941E-02     133     0.19616185E-01
 0.77000003E+01     0.13482335E+01     0.11896949E-01     0.30000000E+01    -0.14408532E+00     0.31379458E+00     0.40795127E+00     0.67393715E-02     133     0.19616185E-01
 0.77999973E+01     0.13596832E+01     0.11958118E-01     0.30000000E+01    -0.14405897E+00     0.31294197E+00     0.40845221E+00     0.68007312E-02     133     0.19616185E-01
 0.78999982E+01     0.13707848E+01     0.12037176E-01     0.30000000E+01    -0.14397427E+00     0.31142277E+00     0.40894082E+00     0.68705990E-02     133     0.19616185E-01
 0.79999990E+01     0.13819629E+01     0.12109744E-01     0.30000000E+01    -0.14389843E+00     0.31042933E+00     0.40942252E+00     0.69393544E-02     134     0.22186713E-01
 0.81000004E+01     0.13930163E+01     0.12187856E-01     0.30000000E+01    -0.14380033E+00     0.30937064E+00     0.40987453E+00     0.70154550E-02     134     0.22186713E-01
 0.82000008E+01     0.14046721E+01     0.12235285E-01     0.30000000E+01    -0.14380045E+00     0.30846360E+00     0.41030198E+00     0.70702131E-02     134     0.22186713E-01
 0.82999983E+01     0.14160759E+01     0.12294086E-01     0.30000000E+01    -0.14375800E+00     0.30642542E+00     0.41067985E+00     0.71282331E-02     134     0.22186713E-01
 0.83999987E+01     0.14274690E+01     0.12354694E-01     0.30000000E+01    -0.14372602E+00     0.30532506E+00     0.41140237E+00     0.71934345E-02     134     0.22186713E-01
 0.85000000E+01     0.14387879E+01     0.12419185E-01     0.30000000E+01    -0.14368227E+00     0.30427545E+00     0.41222426E+00     0.72643310E-02     134     0.22186713E-01
 0.86000004E+01     0.14499390E+01     0.12490104E-01     0.30000000E+01    -0.14360783E+00     0.30318379E+00     0.41290441E+00     0.73385928E-02     134     0.22186713E-01
 0.86999979E+01     0.14605283E+01     0.12586184E-01     0.30000000E+01    -0.14343631E+00     0.30120236E+00     0.41354448E+00     0.74258274E-02     135     0.24970656E-01
 0.87999983E+01     0.14716941E+01     0.12654937E-01     0.30000000E+01    -0.14335665E+00     0.30084804E+00     0.41413337E+00     0.75028683E-02     135     0.24970656E-01
 0.88999996E+01     0.14825400E+01     0.12736844E-01     0.30000000E+01    -0.14322385E+00     0.29796442E+00     0.41470239E+00     0.75838449E-02     135     0.24970656E-01
 0.90000000E+01     0.14936115E+01     0.12806223E-01     0.30000000E+01    -0.14312409E+00     0.29659218E+00     0.41526431E+00     0.76588686E-02     135     0.24970656E-01
 0.90999975E+01     0.15044922E+01     0.12883661E-01     0.30000000E+01    -0.14299262E+00     0.29517120E+00     0.41608420E+00     0.77404422E-02     135     0.24970656E-01
 0.91999989E+01     0.15151676E+01     0.12969835E-01     0.30000000E+01    -0.14282365E+00     0.29372445E+00     0.41636577E+00     0.78246631E-02     135     0.24970656E-01
 0.92999992E+01     0.15251729E+01     0.13084790E-01     0.30000000E+01    -0.14254136E+00     0.29157326E+00     0.41717705E+00     0.79285949E-02     136     0.27982261E-01
 0.94000006E+01     0.15356166E+01     0.13178369E-01     0.30000000E+01    -0.14233005E+00     0.28987122E+00     0.41772291E+00     0.80213053E-02     136     0.27982261E-01
 0.94999971E+01     0.15461432E+01     0.13267281E-01     0.30000000E+01    -0.14213075E+00     0.28714839E+00     0.41822115E+00     0.81083253E-02     136     0.27982261E-01
 0.95999985E+01     0.15564662E+01     0.13363829E-01     0.30000000E+01    -0.14189468E+00     0.28525478E+00     0.41877258E+00     0.82020601E-02     136     0.27982261E-01
 0.96999989E+01     0.15655332E+01     0.13513740E-01     0.30000000E+01    -0.14144845E+00     0.28196728E+00     0.41925648E+00     0.83279638E-02     136     0.27982261E-01
 0.98000002E+01     0.15759145E+01     0.13605636E-01     0.30000000E+01    -0.14121778E+00     0.28105807E+00     0.41976044E+00     0.84228944E-02     136     0.27982261E-01
 0.99000006E+01     0.15855874E+01     0.13725938E-01     0.30000000E+01    -0.14087008E+00     0.27704963E+00     0.42019701E+00     0.85321665E-02     136     0.27982261E-01
 0.99999981E+01     0.15949334E+01     0.13858858E-01     0.30000000E+01    -0.14046219E+00     0.27437964E+00     0.42061824E+00     0.86526554E-02     137     0.31237058E-01
 0.10099998E+02     0.16033539E+01     0.14029927E-01     0.30000000E+01    -0.13990293E+00     0.26980779E+00     0.42112726E+00     0.87990630E-02     137     0.31237058E-01
 0.10200000E+02     0.16115566E+01     0.14210253E-01     0.30000000E+01    -0.13931514E+00     0.26502451E+00     0.42194015E+00     0.89599844E-02     137     0.31237058E-01
 0.10300000E+02     0.16197870E+01     0.14385110E-01     0.30000000E+01    -0.13872729E+00     0.26085788E+00     0.42270148E+00     0.91191884E-02     137     0.31237058E-01
 0.10399998E+02     0.16273267E+01     0.14583740E-01     0.30000000E+01    -0.13801508E+00     0.25614932E+00     0.42334518E+00     0.92990743E-02     137     0.31237058E-01
 0.10499999E+02     0.16329322E+01     0.14821326E-01     0.30000000E+01    -0.13692537E+00     0.25099337E+00     0.42392439E+00     0.95147807E-02     137     0.31237058E-01
 0.10599999E+02     0.16336420E+01     0.15197706E-01     0.30000000E+01    -0.13493559E+00     0.24291608E+00     0.42439094E+00     0.98474938E-02     137     0.31237058E-01
 0.10700000E+02     0.16361043E+01     0.15543475E-01     0.30000000E+01    -0.13329965E+00     0.23605447E+00     0.42489597E+00     0.10156596E-01     137     0.31237058E-01
 0.10799997E+02     0.16384332E+01     0.15929542E-01     0.30000000E+01    -0.13169372E+00     0.22762731E+00     0.42536232E+00     0.10496580E-01     137     0.31237058E-01
 0.11299998E+02     0.15932505E+01     0.20508371E-01     0.30000000E+01    -0.11523110E+00     0.14352648E+00     0.42685667E+00     0.14587963E-01     138     0.34752071E-01
 0.11399999E+02     0.15879728E+01     0.21346981E-01     0.30000000E+01    -0.11276070E+00     0.13441089E+00     0.42750809E+00     0.15387326E-01     138     0.34752071E-01
 0.11500000E+02     0.15829881E+01     0.22203241E-01     0.30000000E+01    -0.11041344E+00     0.12650783E+00     0.42785543E+00     0.16211390E-01     138     0.34752071E-01
 0.11600000E+02     0.15785460E+01     0.23069657E-01     0.30000000E+01    -0.10822830E+00     0.11970989E+00     0.42819092E+00     0.17054893E-01     138     0.34752071E-01
 0.11699998E+02     0.15751960E+01     0.23905827E-01     0.30000000E+01    -0.10627644E+00     0.11395069E+00     0.42856959E+00     0.17876156E-01     138     0.34752071E-01
 0.11799999E+02     0.15706558E+01     0.24846826E-01     0.30000000E+01    -0.10426290E+00     0.10895663E+00     0.42892110E+00     0.18805111E-01     138     0.34752071E-01
 0.11900000E+02     0.15672389E+01     0.25765210E-01     0.30000000E+01    -0.10249481E+00     0.10468999E+00     0.42925647E+00     0.19720184E-01     138     0.34752071E-01
 0.12000000E+02     0.15628397E+01     0.26790336E-01     0.30000000E+01    -0.10072669E+00     0.10107761E+00     0.42957690E+00     0.20745974E-01     138     0.34752071E-01
 0.12099998E+02     0.15593039E+01     0.27810907E-01     0.30000000E+01    -0.99178016E-01     0.97922698E-01     0.42994168E+00     0.21774458E-01     138     0.34752071E-01
 0.12199999E+02     0.15531008E+01     0.29050695E-01     0.30000000E+01    -0.97520150E-01     0.95188491E-01     0.43024784E+00     0.23024831E-01     138     0.34752071E-01
 0.12299999E+02     0.15481925E+01     0.30273270E-01     0.30000000E+01    -0.96161231E-01     0.92907630E-01     0.43052247E+00     0.24267446E-01     138     0.34752071E-01
 0.12400001E+02     0.15425657E+01     0.31611379E-01     0.30000000E+01    -0.94930187E-01     0.90890892E-01     0.43079385E+00     0.25630394E-01     138     0.34752071E-01
 0.12499997E+02     0.15345341E+01     0.33177461E-01     0.30000000E+01    -0.93771681E-01     0.89283139E-01     0.43099794E+00     0.27229564E-01     138     0.34752071E-01
 0.12599998E+02     0.15242807E+01     0.35002097E-01     0.30000000E+01    -0.92784256E-01     0.88051662E-01     0.43116954E+00     0.29096164E-01     138     0.34752071E-01
 0.12699999E+02     0.15110930E+01     0.37161857E-01     0.30000000E+01    -0.92051849E-01     0.86963281E-01     0.43145019E+00     0.31310588E-01     138     0.34752071E-01
 0.12800000E+02     0.14973135E+01     0.39447654E-01     0.30000000E+01    -0.91703065E-01     0.86379789E-01     0.43169916E+00     0.33666335E-01     138     0.34752071E-01
 0.12900001E+02     0.14807358E+01     0.42032938E-01     0.30000000E+01    -0.91681607E-01     0.86098611E-01     0.43191406E+00     0.36331803E-01     138     0.34752071E-01
 0.12999998E+02     0.14597262E+01     0.45080584E-01     0.30000000E+01    -0.92032902E-01     0.86375132E-01     0.43205658E+00     0.39477289E-01     138     0.34752071E-01
 0.13099999E+02     0.14362552E+01     0.48291203E-01     0.30000000E+01    -0.92587940E-01     0.86875319E-01     0.43202102E+00     0.42789459E-01     138     0.34752071E-01
 0.13200000E+02     0.14115672E+01     0.51483121E-01     0.30000000E+01    -0.93218669E-01     0.87696180E-01     0.43194318E+00     0.46088576E-01     138     0.34752071E-01
 0.13300000E+02     0.13868301E+01     0.54463521E-01     0.30000000E+01    -0.93769386E-01     0.88504121E-01     0.43191871E+00     0.49170755E-01     138     0.34752071E-01
 0.13399998E+02     0.13587496E+01     0.57411302E-01     0.30000000E+01    -0.94298847E-01     0.89707427E-01     0.43176502E+00     0.52226923E-01     138     0.34752071E-01
 0.13499999E+02     0.13330768E+01     0.59727296E-01     0.30000000E+01    -0.94605640E-01     0.90665191E-01     0.43163463E+00     0.54633502E-01     138     0.34752071E-01
 0.13599999E+02     0.13024062E+01     0.62332992E-01     0.30000000E+01    -0.94965294E-01     0.92239723E-01     0.43128955E+00     0.57340626E-01     137     0.31237058E-01
 0.13700001E+02     0.12746933E+01     0.66041894E-01     0.30000000E+01    -0.95258079E-01     0.93499556E-01     0.43119431E+00     0.61140198E-01     137     0.31237058E-01
 0.13799997E+02     0.12497543E+01     0.69496341E-01     0.30000000E+01    -0.95630847E-01     0.94157554E-01     0.43114796E+00     0.64671576E-01     137     0.31237058E-01
 0.13899999E+02     0.12308998E+01     0.72434671E-01     0.30000000E+01    -0.96061982E-01     0.94126768E-01     0.43115631E+00     0.67668319E-01     137     0.31237058E-01
 0.13999999E+02     0.12151630E+01     0.75091898E-01     0.30000000E+01    -0.96557505E-01     0.93545079E-01     0.43120185E+00     0.70371851E-01     137     0.31237058E-01
 0.14100000E+02     0.11989441E+01     0.78019857E-01     0.30000000E+01    -0.97308092E-01     0.92985816E-01     0.43127185E+00     0.73349968E-01     137     0.31237058E-01
 0.14199998E+02     0.11870352E+01     0.80498859E-01     0.30000000E+01    -0.98004289E-01     0.91837510E-01     0.43158093E+00     0.75867109E-01     137     0.31237058E-01
 0.14299998E+02     0.11811484E+01     0.82416348E-01     0.30000000E+01    -0.98578192E-01     0.91789395E-01     0.43191603E+00     0.77819474E-01     137     0.31237058E-01
 0.14400000E+02     0.11662545E+01     0.85353561E-01     0.30000000E+01    -0.99608034E-01     0.89328110E-01     0.43211269E+00     0.80786638E-01     137     0.31237058E-01
 0.14500000E+02     0.11621109E+01     0.87090068E-01     0.30000000E+01    -0.10017960E+00     0.88763654E-01     0.43250456E+00     0.82548186E-01     137     0.31237058E-01
 0.14600000E+02     0.11495771E+01     0.89823119E-01     0.30000000E+01    -0.10124920E+00     0.86234458E-01     0.43272582E+00     0.85304581E-01     137     0.31237058E-01
 0.14699998E+02     0.11453322E+01     0.91598921E-01     0.30000000E+01    -0.10192451E+00     0.84679879E-01     0.43290448E+00     0.87098196E-01     137     0.31237058E-01
 0.14799999E+02     0.11425047E+01     0.93167461E-01     0.30000000E+01    -0.10250918E+00     0.83081827E-01     0.43349066E+00     0.88681042E-01     137     0.31237058E-01
 0.14900000E+02     0.11350088E+01     0.95526651E-01     0.30000000E+01    -0.10355655E+00     0.81633560E-01     0.43371293E+00     0.91065072E-01     137     0.31237058E-01
 0.15000001E+02     0.11317942E+01     0.97170293E-01     0.30000000E+01    -0.10421852E+00     0.80121972E-01     0.43407968E+00     0.92716917E-01     137     0.31237058E-01
 0.15099998E+02     0.11281266E+01     0.98906986E-01     0.30000000E+01    -0.10501469E+00     0.78531057E-01     0.43448555E+00     0.94471842E-01     137     0.31237058E-01
 0.15199999E+02     0.11250790E+01     0.10066824E+00     0.30000000E+01    -0.10582104E+00     0.77045023E-01     0.43455413E+00     0.96249156E-01     137     0.31237058E-01
 0.15299999E+02     0.11243937E+01     0.10206200E+00     0.30000000E+01    -0.10646542E+00     0.75695701E-01     0.43508050E+00     0.97654082E-01     137     0.31237058E-01
 0.15400001E+02     0.11237344E+01     0.10339546E+00     0.30000000E+01    -0.10705572E+00     0.74397705E-01     0.43544924E+00     0.98994963E-01     137     0.31237058E-01
 0.15499998E+02     0.11189322E+01     0.10542697E+00     0.30000000E+01    -0.10810068E+00     0.73086888E-01     0.43569565E+00     0.10104376E+00     137     0.31237058E-01
 0.15599998E+02     0.11181642E+01     0.10685311E+00     0.30000000E+01    -0.10879651E+00     0.71670666E-01     0.43621585E+00     0.10248040E+00     138     0.34752071E-01
 0.15699999E+02     0.11192318E+01     0.10799134E+00     0.30000000E+01    -0.10931901E+00     0.70471026E-01     0.43665919E+00     0.10362737E+00     138     0.34752071E-01
 0.15800000E+02     0.11190231E+01     0.10938072E+00     0.30000000E+01    -0.11002590E+00     0.69411047E-01     0.43715730E+00     0.10503058E+00     138     0.34752071E-01
 0.15899998E+02     0.11183019E+01     0.11093969E+00     0.30000000E+01    -0.11085419E+00     0.68672910E-01     0.43754607E+00     0.10660677E+00     138     0.34752071E-01
 0.15999998E+02     0.11162878E+01     0.11241178E+00     0.30000000E+01    -0.11165107E+00     0.66464238E-01     0.43776986E+00     0.10807399E+00     138     0.34752071E-01
 0.16099998E+02     0.11181957E+01     0.11347921E+00     0.30000000E+01    -0.11212181E+00     0.66066049E-01     0.43802840E+00     0.10915105E+00     138     0.34752071E-01
 0.16200001E+02     0.11171073E+01     0.11495050E+00     0.30000000E+01    -0.11296807E+00     0.64531304E-01     0.43844011E+00     0.11063071E+00     138     0.34752071E-01
 0.16300001E+02     0.11173579E+01     0.11634137E+00     0.30000000E+01    -0.11378182E+00     0.63640013E-01     0.43899873E+00     0.11203644E+00     138     0.34752071E-01
 0.16399998E+02     0.11191177E+01     0.11744994E+00     0.30000000E+01    -0.11439405E+00     0.62692307E-01     0.43952313E+00     0.11315314E+00     138     0.34752071E-01
 0.16499998E+02     0.11219740E+01     0.11839062E+00     0.30000000E+01    -0.11489075E+00     0.62493801E-01     0.44007516E+00     0.11410361E+00     138     0.34752071E-01
 0.16600000E+02     0.11233548E+01     0.11948950E+00     0.30000000E+01    -0.11546247E+00     0.61290093E-01     0.44043770E+00     0.11520389E+00     138     0.34752071E-01
 0.16700001E+02     0.11225981E+01     0.12095173E+00     0.30000000E+01    -0.11635774E+00     0.60263973E-01     0.44026437E+00     0.11667363E+00     138     0.34752071E-01
 0.16799997E+02     0.11224000E+01     0.12231892E+00     0.30000000E+01    -0.11716470E+00     0.59364215E-01     0.44115868E+00     0.11804523E+00     138     0.34752071E-01
 0.16900000E+02     0.11240476E+01     0.12350934E+00     0.30000000E+01    -0.11790239E+00     0.58069181E-01     0.44120649E+00     0.11924036E+00     138     0.34752071E-01
 0.17000000E+02     0.11270807E+01     0.12434806E+00     0.30000000E+01    -0.11836745E+00     0.57778291E-01     0.44175109E+00     0.12008668E+00     139     0.38545102E-01
 0.17100000E+02     0.11295240E+01     0.12531616E+00     0.30000000E+01    -0.11894572E+00     0.56718919E-01     0.44184831E+00     0.12105788E+00     139     0.38545102E-01
 0.17199997E+02     0.11316004E+01     0.12647426E+00     0.30000000E+01    -0.11967392E+00     0.56408755E-01     0.44280225E+00     0.12223284E+00     139     0.38545102E-01
 0.17299999E+02     0.11320934E+01     0.12776619E+00     0.30000000E+01    -0.12054514E+00     0.55447523E-01     0.44331300E+00     0.12353774E+00     139     0.38545102E-01
 0.17400000E+02     0.11336484E+01     0.12885767E+00     0.30000000E+01    -0.12120122E+00     0.54687478E-01     0.44328776E+00     0.12462959E+00     139     0.38545102E-01
 0.17500000E+02     0.11365886E+01     0.12984249E+00     0.30000000E+01    -0.12186035E+00     0.54306895E-01     0.44447085E+00     0.12562728E+00     139     0.38545102E-01
 0.17599997E+02     0.11381456E+01     0.13089973E+00     0.30000000E+01    -0.12254865E+00     0.53093191E-01     0.44469807E+00     0.12668200E+00     139     0.38545102E-01
 0.17699999E+02     0.11408204E+01     0.13184103E+00     0.30000000E+01    -0.12322968E+00     0.52514050E-01     0.44548976E+00     0.12763262E+00     139     0.38545102E-01
 0.17799999E+02     0.11420670E+01     0.13311154E+00     0.30000000E+01    -0.12410448E+00     0.51626056E-01     0.44611269E+00     0.12892251E+00     139     0.38545102E-01
 0.17900000E+02     0.11441090E+01     0.13424709E+00     0.30000000E+01    -0.12480521E+00     0.51097896E-01     0.44631070E+00     0.13006818E+00     139     0.38545102E-01
 0.18000000E+02     0.11481377E+01     0.13506387E+00     0.30000000E+01    -0.12540612E+00     0.51254652E-01     0.44700870E+00     0.13090147E+00     139     0.38545102E-01
 0.18099998E+02     0.11505477E+01     0.13597585E+00     0.30000000E+01    -0.12606698E+00     0.50067578E-01     0.44717294E+00     0.13181518E+00     139     0.38545102E-01
 0.18199999E+02     0.11538360E+01     0.13679482E+00     0.30000000E+01    -0.12660685E+00     0.49862362E-01     0.44805092E+00     0.13264406E+00     139     0.38545102E-01
 0.18299999E+02     0.11559889E+01     0.13776541E+00     0.30000000E+01    -0.12731041E+00     0.48961189E-01     0.44888633E+00     0.13361676E+00     140     0.42634714E-01
 0.18400000E+02     0.11584321E+01     0.13891312E+00     0.30000000E+01    -0.12814569E+00     0.48936617E-01     0.44883549E+00     0.13478076E+00     140     0.42634714E-01
 0.18499998E+02     0.11588014E+01     0.14016372E+00     0.30000000E+01    -0.12906188E+00     0.47687806E-01     0.44938365E+00     0.13603011E+00     140     0.42634714E-01
 0.18599998E+02     0.11618209E+01     0.14108397E+00     0.30000000E+01    -0.12975465E+00     0.47496039E-01     0.44987449E+00     0.13695875E+00     140     0.42634714E-01
 0.18699999E+02     0.11643807E+01     0.14200372E+00     0.30000000E+01    -0.13045765E+00     0.46693590E-01     0.45057338E+00     0.13787881E+00     140     0.42634714E-01
 0.18800001E+02     0.11680577E+01     0.14277625E+00     0.30000000E+01    -0.13097733E+00     0.46234947E-01     0.45090377E+00     0.13866302E+00     140     0.42634714E-01
 0.18899998E+02     0.11717007E+01     0.14356542E+00     0.30000000E+01    -0.13158830E+00     0.45756914E-01     0.45125923E+00     0.13945746E+00     140     0.42634714E-01
 0.18999998E+02     0.11742884E+01     0.14460021E+00     0.30000000E+01    -0.13239612E+00     0.45362849E-01     0.45192695E+00     0.14050157E+00     140     0.42634714E-01
 0.19099998E+02     0.11765705E+01     0.14565755E+00     0.30000000E+01    -0.13315977E+00     0.45134291E-01     0.45228592E+00     0.14157109E+00     140     0.42634714E-01
 0.19200001E+02     0.11790105E+01     0.14665204E+00     0.30000000E+01    -0.13398296E+00     0.44244699E-01     0.45259771E+00     0.14256890E+00     140     0.42634714E-01
 0.19300001E+02     0.11825229E+01     0.14747991E+00     0.30000000E+01    -0.13461660E+00     0.44262979E-01     0.45282710E+00     0.14340429E+00     140     0.42634714E-01
 0.19399998E+02     0.11857016E+01     0.14836131E+00     0.30000000E+01    -0.13536875E+00     0.43780491E-01     0.45356730E+00     0.14428884E+00     140     0.42634714E-01
 0.19499998E+02     0.11884962E+01     0.14923823E+00     0.30000000E+01    -0.13612415E+00     0.42962879E-01     0.45395324E+00     0.14516625E+00     141     0.47039282E-01
 0.19600000E+02     0.11923817E+01     0.14999090E+00     0.30000000E+01    -0.13670138E+00     0.43039452E-01     0.45509326E+00     0.14593761E+00     141     0.47039282E-01
 0.19700001E+02     0.11935418E+01     0.15112162E+00     0.30000000E+01    -0.13762911E+00     0.42500500E-01     0.45559654E+00     0.14707246E+00     141     0.47039282E-01
 0.19799997E+02     0.11947685E+01     0.15235655E+00     0.30000000E+01    -0.13870709E+00     0.41540094E-01     0.45621669E+00     0.14831874E+00     141     0.47039282E-01
 0.19900000E+02     0.11987938E+01     0.15317369E+00     0.30000000E+01    -0.13939990E+00     0.41201267E-01     0.45720622E+00     0.14915088E+00     141     0.47039282E-01
 0.20000000E+02     0.12022202E+01     0.15395416E+00     0.30000000E+01    -0.14003448E+00     0.41253351E-01     0.45753980E+00     0.14994133E+00     141     0.47039282E-01
 0.20100000E+02     0.12063938E+01     0.15468186E+00     0.30000000E+01    -0.14065389E+00     0.40555846E-01     0.45762354E+00     0.15067606E+00     141     0.47039282E-01
 0.20199997E+02     0.12101923E+01     0.15543768E+00     0.30000000E+01    -0.14130414E+00     0.40515091E-01     0.45823053E+00     0.15144441E+00     141     0.47039282E-01
 0.20299999E+02     0.12136741E+01     0.15623164E+00     0.30000000E+01    -0.14203292E+00     0.39874323E-01     0.45930102E+00     0.15224348E+00     141     0.47039282E-01
 0.20400000E+02     0.12160791E+01     0.15728927E+00     0.30000000E+01    -0.14293678E+00     0.39751295E-01     0.45945609E+00     0.15331528E+00     141     0.47039282E-01
