  
       RFOIL         Version 3.00
  
 Calculated polar for: OSO_2025_WT2_T33                
  
 1  Reynolds number fixed
  
 xtrf =      1.00000000 (suction)     1.00000000 (pressure)
 Rot. Parameters:  f0 =      1.00000000 c/r =      0.00000000
 Mach =      0.00000000     Re =      6.00000000 e 6     Ncrit =      9.00000000
  
             alpha                CL                CD            Re(CL)                CM             S_xtr             P_xtr               CDp            I_stag            X_stag
  ------- -------- --------- --------- -------- ------- ------- -------- 
-0.23300001E+02    -0.91274500E+00     0.16791461E+00     0.60000000E+01     0.18343762E-01     0.99963659E+00     0.71722656E-01     0.16581361E+00      85     0.54956943E-01
-0.23200001E+02    -0.90893322E+00     0.16715674E+00     0.60000000E+01     0.17367281E-01     0.99961513E+00     0.72557472E-01     0.16506568E+00      85     0.54956943E-01
-0.23100000E+02    -0.90280569E+00     0.16650431E+00     0.60000000E+01     0.16388467E-01     0.99957949E+00     0.72560132E-01     0.16440846E+00      85     0.54956943E-01
-0.23000002E+02    -0.89862651E+00     0.16585194E+00     0.60000000E+01     0.15599993E-01     0.99956596E+00     0.73151141E-01     0.16375981E+00      85     0.54956943E-01
-0.22400002E+02    -0.86812276E+00     0.16074325E+00     0.60000000E+01     0.90522114E-02     0.99935353E+00     0.75307101E-01     0.15862505E+00      86     0.49884733E-01
-0.22300001E+02    -0.86003923E+00     0.15999866E+00     0.60000000E+01     0.76869274E-02     0.99928051E+00     0.75380243E-01     0.15787278E+00      86     0.49884733E-01
-0.22200001E+02    -0.85704577E+00     0.15932015E+00     0.60000000E+01     0.70477575E-02     0.99925971E+00     0.76481439E-01     0.15720323E+00      86     0.49884733E-01
-0.22100000E+02    -0.84948128E+00     0.15856405E+00     0.60000000E+01     0.57508326E-02     0.99919641E+00     0.76410666E-01     0.15644068E+00      86     0.49884733E-01
-0.22000000E+02    -0.84442031E+00     0.15779269E+00     0.60000000E+01     0.46910280E-02     0.99914187E+00     0.77132307E-01     0.15567386E+00      86     0.49884733E-01
-0.21900002E+02    -0.83888209E+00     0.15701447E+00     0.60000000E+01     0.36300020E-02     0.99908715E+00     0.77250756E-01     0.15489438E+00      86     0.49884733E-01
-0.21500002E+02    -0.81938040E+00     0.15302078E+00     0.60000000E+01    -0.13172663E-02     0.99875635E+00     0.79460591E-01     0.15089458E+00      87     0.45182135E-01
-0.21400000E+02    -0.81255281E+00     0.15225051E+00     0.60000000E+01    -0.24882175E-02     0.99864006E+00     0.79980984E-01     0.15012550E+00      87     0.45182135E-01
-0.21300001E+02    -0.80493355E+00     0.15138213E+00     0.60000000E+01    -0.40474921E-02     0.99841362E+00     0.80525480E-01     0.14925635E+00      87     0.45182135E-01
-0.21200001E+02    -0.80052233E+00     0.15089571E+00     0.60000000E+01    -0.43786634E-02     0.99844861E+00     0.80574974E-01     0.14876759E+00      87     0.45182135E-01
-0.21100002E+02    -0.79143125E+00     0.15001656E+00     0.60000000E+01    -0.61046816E-02     0.99811602E+00     0.81322089E-01     0.14788695E+00      87     0.45182135E-01
-0.21000000E+02    -0.78627044E+00     0.14919634E+00     0.60000000E+01    -0.71600121E-02     0.99797052E+00     0.82174487E-01     0.14706731E+00      87     0.45182135E-01
-0.20900000E+02    -0.78069240E+00     0.14818549E+00     0.60000000E+01    -0.84890490E-02     0.99771738E+00     0.82906798E-01     0.14605641E+00      87     0.45182135E-01
-0.20700003E+02    -0.77030003E+00     0.14618166E+00     0.60000000E+01    -0.10879396E-01     0.99726039E+00     0.83241887E-01     0.14403445E+00      88     0.40837713E-01
-0.20600000E+02    -0.76540732E+00     0.14509803E+00     0.60000000E+01    -0.12233166E-01     0.99688995E+00     0.84507063E-01     0.14296438E+00      88     0.40837713E-01
-0.20500000E+02    -0.75926328E+00     0.14429985E+00     0.60000000E+01    -0.13424068E-01     0.99652398E+00     0.85284702E-01     0.14216958E+00      88     0.40837713E-01
-0.20400002E+02    -0.75085795E+00     0.14342088E+00     0.60000000E+01    -0.15094214E-01     0.99576408E+00     0.85961394E-01     0.14129138E+00      88     0.40837713E-01
-0.20300001E+02    -0.74334776E+00     0.14262266E+00     0.60000000E+01    -0.16431887E-01     0.99523824E+00     0.86244561E-01     0.14049125E+00      88     0.40837713E-01
-0.20200001E+02    -0.73245203E+00     0.14167225E+00     0.60000000E+01    -0.18648405E-01     0.99359637E+00     0.86460724E-01     0.13953531E+00      88     0.40837713E-01
-0.20100000E+02    -0.72802436E+00     0.14102578E+00     0.60000000E+01    -0.19121455E-01     0.98907059E+00     0.87080322E-01     0.13888876E+00      88     0.40837713E-01
-0.19100000E+02    -0.68500209E+00     0.13333711E+00     0.60000000E+01    -0.24977017E-01     0.58050150E+00     0.94373532E-01     0.12973610E+00      89     0.36834702E-01
-0.19000002E+02    -0.68008065E+00     0.13269980E+00     0.60000000E+01    -0.25570817E-01     0.57519633E+00     0.94857968E-01     0.12907822E+00      89     0.36834702E-01
-0.18900002E+02    -0.67777205E+00     0.13153946E+00     0.60000000E+01    -0.26346296E-01     0.56858104E+00     0.96378706E-01     0.12789203E+00      90     0.33153079E-01
-0.18800001E+02    -0.67539006E+00     0.13065626E+00     0.60000000E+01    -0.26993645E-01     0.56136346E+00     0.97202569E-01     0.12698892E+00      90     0.33153079E-01
-0.18700001E+02    -0.67005181E+00     0.12997824E+00     0.60000000E+01    -0.27622012E-01     0.56071657E+00     0.97542748E-01     0.12630822E+00      90     0.33153079E-01
-0.18600000E+02    -0.66601783E+00     0.12928034E+00     0.60000000E+01    -0.28242517E-01     0.55276203E+00     0.98763585E-01     0.12559021E+00      90     0.33153079E-01
-0.18500002E+02    -0.66134793E+00     0.12866400E+00     0.60000000E+01    -0.28751940E-01     0.54960334E+00     0.99370331E-01     0.12496646E+00      90     0.33153079E-01
-0.18400000E+02    -0.65583366E+00     0.12806459E+00     0.60000000E+01    -0.29310657E-01     0.54630971E+00     0.99679776E-01     0.12435614E+00      90     0.33153079E-01
-0.18300001E+02    -0.65117067E+00     0.12739839E+00     0.60000000E+01    -0.29912626E-01     0.54311925E+00     0.10082635E+00     0.12368288E+00      90     0.33153079E-01
-0.18200001E+02    -0.64669240E+00     0.12673436E+00     0.60000000E+01    -0.30441301E-01     0.53987831E+00     0.10192291E+00     0.12300766E+00      90     0.33153079E-01
-0.18100002E+02    -0.64169401E+00     0.12605561E+00     0.60000000E+01    -0.31033896E-01     0.53545499E+00     0.10267166E+00     0.12231071E+00      90     0.33153079E-01
-0.18000000E+02    -0.64036238E+00     0.12484661E+00     0.60000000E+01    -0.31773787E-01     0.53330469E+00     0.10428620E+00     0.12109771E+00      91     0.29771008E-01
-0.17600000E+02    -0.62430495E+00     0.12187546E+00     0.60000000E+01    -0.34100205E-01     0.52293485E+00     0.10865653E+00     0.11810601E+00      91     0.29771008E-01
-0.17500000E+02    -0.61913818E+00     0.12120324E+00     0.60000000E+01    -0.34697469E-01     0.52027136E+00     0.10961663E+00     0.11742465E+00      91     0.29771008E-01
-0.17400002E+02    -0.61430061E+00     0.12059447E+00     0.60000000E+01    -0.35174511E-01     0.51847982E+00     0.11071903E+00     0.11681241E+00      91     0.29771008E-01
-0.17300001E+02    -0.61196506E+00     0.11972088E+00     0.60000000E+01    -0.35717912E-01     0.51549590E+00     0.11264312E+00     0.11594313E+00      91     0.29771008E-01
-0.17200001E+02    -0.61007279E+00     0.11851866E+00     0.60000000E+01    -0.36460858E-01     0.51371121E+00     0.11358329E+00     0.11473183E+00      92     0.26666561E-01
-0.17100000E+02    -0.60728121E+00     0.11758831E+00     0.60000000E+01    -0.37093949E-01     0.51246727E+00     0.11491669E+00     0.11380029E+00      92     0.26666561E-01
-0.17000002E+02    -0.60353750E+00     0.11685407E+00     0.60000000E+01    -0.37587248E-01     0.50896955E+00     0.11673783E+00     0.11305806E+00      92     0.26666561E-01
-0.16900000E+02    -0.59956050E+00     0.11613599E+00     0.60000000E+01    -0.38123496E-01     0.50529408E+00     0.11902551E+00     0.11233278E+00      92     0.26666561E-01
-0.16800001E+02    -0.59538442E+00     0.11542787E+00     0.60000000E+01    -0.38631842E-01     0.50269175E+00     0.12010457E+00     0.11162386E+00      92     0.26666561E-01
-0.16700001E+02    -0.59108192E+00     0.11475377E+00     0.60000000E+01    -0.39107468E-01     0.50118923E+00     0.12108272E+00     0.11094979E+00      92     0.26666561E-01
-0.16600000E+02    -0.58963454E+00     0.11375654E+00     0.60000000E+01    -0.39707035E-01     0.49959731E+00     0.12421878E+00     0.10996410E+00      92     0.26666561E-01
-0.16500000E+02    -0.58750111E+00     0.11265131E+00     0.60000000E+01    -0.40361922E-01     0.49814934E+00     0.12595125E+00     0.10885235E+00      92     0.26666561E-01
-0.16400002E+02    -0.58655685E+00     0.11149331E+00     0.60000000E+01    -0.40983494E-01     0.49686745E+00     0.12800546E+00     0.10769630E+00      92     0.26666561E-01
-0.16300001E+02    -0.58174759E+00     0.11083138E+00     0.60000000E+01    -0.41465949E-01     0.49507964E+00     0.12879042E+00     0.10702927E+00      92     0.26666561E-01
-0.16200001E+02    -0.58054572E+00     0.10985103E+00     0.60000000E+01    -0.41982286E-01     0.49298733E+00     0.13225789E+00     0.10605825E+00      92     0.26666561E-01
-0.16100000E+02    -0.57693011E+00     0.10910074E+00     0.60000000E+01    -0.42500377E-01     0.49111861E+00     0.13464218E+00     0.10530910E+00      93     0.23817979E-01
-0.16000002E+02    -0.57636601E+00     0.10806143E+00     0.60000000E+01    -0.43028131E-01     0.48877901E+00     0.13771686E+00     0.10427990E+00      93     0.23817979E-01
-0.15900001E+02    -0.58058977E+00     0.10624226E+00     0.60000000E+01    -0.43836374E-01     0.48870263E+00     0.14231928E+00     0.10247076E+00      93     0.23817979E-01
-0.15800000E+02    -0.57570112E+00     0.10555539E+00     0.60000000E+01    -0.44286035E-01     0.48676586E+00     0.14313750E+00     0.10178121E+00      93     0.23817979E-01
-0.15700001E+02    -0.57599473E+00     0.10446389E+00     0.60000000E+01    -0.44833995E-01     0.48559782E+00     0.14712091E+00     0.10071133E+00      93     0.23817979E-01
-0.15600002E+02    -0.57424510E+00     0.10350990E+00     0.60000000E+01    -0.45317877E-01     0.48402941E+00     0.15072435E+00     0.99766552E-01      93     0.23817979E-01
-0.15500001E+02    -0.58374369E+00     0.10117278E+00     0.60000000E+01    -0.46177063E-01     0.48221308E+00     0.15727292E+00     0.97450182E-01      93     0.23817979E-01
-0.15400001E+02    -0.58491164E+00     0.99945113E-01     0.60000000E+01    -0.46715725E-01     0.48252600E+00     0.16166952E+00     0.96249223E-01      93     0.23817979E-01
-0.15300001E+02    -0.58153456E+00     0.99171251E-01     0.60000000E+01    -0.47161300E-01     0.48107493E+00     0.16348307E+00     0.95475644E-01      93     0.23817979E-01
-0.15200001E+02    -0.56937367E+00     0.10060887E+00     0.60000000E+01    -0.49419086E-01     0.47873169E+00     0.17213041E+00     0.96994951E-01      93     0.23817979E-01
-0.15100001E+02    -0.58140916E+00     0.98566189E-01     0.60000000E+01    -0.50082538E-01     0.47815073E+00     0.17853858E+00     0.94968215E-01      93     0.23817979E-01
-0.15000001E+02    -0.58559108E+00     0.97443037E-01     0.60000000E+01    -0.50498959E-01     0.47559142E+00     0.18444237E+00     0.93860596E-01      93     0.23817979E-01
-0.14900000E+02    -0.60048926E+00     0.95129527E-01     0.60000000E+01    -0.51180292E-01     0.47661799E+00     0.19184788E+00     0.91572672E-01      93     0.23817979E-01
-0.14800000E+02    -0.60732311E+00     0.93762197E-01     0.60000000E+01    -0.51605139E-01     0.47573191E+00     0.19794777E+00     0.90229996E-01      93     0.23817979E-01
-0.14700002E+02    -0.62383854E+00     0.91380648E-01     0.60000000E+01    -0.52294560E-01     0.47531974E+00     0.20517433E+00     0.87867871E-01      93     0.23817979E-01
-0.14600000E+02    -0.63088030E+00     0.90031885E-01     0.60000000E+01    -0.52723680E-01     0.47433534E+00     0.21095088E+00     0.86544082E-01      93     0.23817979E-01
-0.14500000E+02    -0.64649731E+00     0.87741017E-01     0.60000000E+01    -0.53383928E-01     0.47387654E+00     0.21727501E+00     0.84265925E-01      93     0.23817979E-01
-0.14400001E+02    -0.64947122E+00     0.86668201E-01     0.60000000E+01    -0.53771876E-01     0.47289217E+00     0.22198257E+00     0.83207011E-01      93     0.23817979E-01
-0.14300001E+02    -0.66456795E+00     0.84462009E-01     0.60000000E+01    -0.54412082E-01     0.47265920E+00     0.22729306E+00     0.81012294E-01      93     0.23817979E-01
-0.14200001E+02    -0.66753960E+00     0.83403409E-01     0.60000000E+01    -0.54798886E-01     0.47166997E+00     0.23130710E+00     0.79965167E-01      93     0.23817979E-01
-0.14100001E+02    -0.67033470E+00     0.82415596E-01     0.60000000E+01    -0.55173341E-01     0.46962452E+00     0.23480158E+00     0.78985974E-01      93     0.23817979E-01
-0.14000001E+02    -0.68148839E+00     0.80615342E-01     0.60000000E+01    -0.55766415E-01     0.46914259E+00     0.23887539E+00     0.77183351E-01      94     0.21205073E-01
-0.13900002E+02    -0.68349910E+00     0.79698704E-01     0.60000000E+01    -0.56125939E-01     0.46813700E+00     0.24181820E+00     0.76275222E-01      94     0.21205073E-01
-0.13800001E+02    -0.68140775E+00     0.79112478E-01     0.60000000E+01    -0.56459889E-01     0.46696275E+00     0.24441810E+00     0.75688817E-01      94     0.21205073E-01
-0.13700001E+02    -0.69475418E+00     0.77245355E-01     0.60000000E+01    -0.57043597E-01     0.46648493E+00     0.24791496E+00     0.73820770E-01      94     0.21205073E-01
-0.13600001E+02    -0.69338650E+00     0.76685302E-01     0.60000000E+01    -0.57368856E-01     0.46527976E+00     0.25017112E+00     0.73260516E-01      94     0.21205073E-01
-0.13500001E+02    -0.69535822E+00     0.75898588E-01     0.60000000E+01    -0.57722840E-01     0.46434405E+00     0.25391027E+00     0.72480142E-01      94     0.21205073E-01
-0.13400001E+02    -0.70232749E+00     0.74667349E-01     0.60000000E+01    -0.58234558E-01     0.46347132E+00     0.25518754E+00     0.71233958E-01      94     0.21205073E-01
-0.13300000E+02    -0.70346069E+00     0.74028969E-01     0.60000000E+01    -0.58563519E-01     0.46230355E+00     0.25831857E+00     0.70599385E-01      94     0.21205073E-01
-0.13200001E+02    -0.69713628E+00     0.73752113E-01     0.60000000E+01    -0.58851320E-01     0.46061793E+00     0.25868854E+00     0.70310891E-01      94     0.21205073E-01
-0.13100000E+02    -0.69823986E+00     0.73109791E-01     0.60000000E+01    -0.59183072E-01     0.45934063E+00     0.26157090E+00     0.69671601E-01      94     0.21205073E-01
-0.13000001E+02    -0.70560396E+00     0.72015405E-01     0.60000000E+01    -0.59672065E-01     0.45854536E+00     0.26283553E+00     0.68565272E-01      94     0.21205073E-01
-0.12900001E+02    -0.70568794E+00     0.71479723E-01     0.60000000E+01    -0.59980433E-01     0.45767128E+00     0.26545674E+00     0.68034969E-01      94     0.21205073E-01
-0.12800001E+02    -0.70036119E+00     0.71212180E-01     0.60000000E+01    -0.60257200E-01     0.45662573E+00     0.26671275E+00     0.67763008E-01      94     0.21205073E-01
-0.12700001E+02    -0.69554424E+00     0.70842072E-01     0.60000000E+01    -0.60534395E-01     0.45545706E+00     0.26796800E+00     0.67386404E-01      95     0.18808823E-01
-0.12600001E+02    -0.70886081E+00     0.69491275E-01     0.60000000E+01    -0.61041757E-01     0.45500290E+00     0.27025950E+00     0.66030957E-01      95     0.18808823E-01
-0.12500001E+02    -0.70633847E+00     0.69034219E-01     0.60000000E+01    -0.61308019E-01     0.45402047E+00     0.27151176E+00     0.65572649E-01      95     0.18808823E-01
-0.12400002E+02    -0.70193315E+00     0.68654522E-01     0.60000000E+01    -0.61573382E-01     0.45285276E+00     0.27268931E+00     0.65188207E-01      95     0.18808823E-01
-0.12300001E+02    -0.69679469E+00     0.68284534E-01     0.60000000E+01    -0.61844703E-01     0.45166585E+00     0.27381000E+00     0.64810924E-01      95     0.18808823E-01
-0.12200001E+02    -0.69070882E+00     0.67961179E-01     0.60000000E+01    -0.62104769E-01     0.45037499E+00     0.27485162E+00     0.64476833E-01      95     0.18808823E-01
-0.12100001E+02    -0.70274508E+00     0.66454224E-01     0.60000000E+01    -0.62547587E-01     0.44881263E+00     0.27686924E+00     0.62953860E-01      95     0.18808823E-01
-0.12000000E+02    -0.70268339E+00     0.65770105E-01     0.60000000E+01    -0.62812686E-01     0.44888821E+00     0.27849793E+00     0.62276140E-01      95     0.18808823E-01
-0.11900001E+02    -0.70023012E+00     0.65125003E-01     0.60000000E+01    -0.63064158E-01     0.44652718E+00     0.27998704E+00     0.61622482E-01      95     0.18808823E-01
-0.11700001E+02    -0.70237625E+00     0.63174173E-01     0.60000000E+01    -0.63712075E-01     0.44446602E+00     0.28323889E+00     0.59647042E-01      95     0.18808823E-01
-0.11600000E+02    -0.70682019E+00     0.62055115E-01     0.60000000E+01    -0.63937709E-01     0.44397542E+00     0.28538319E+00     0.58538217E-01      95     0.18808823E-01
-0.11500001E+02    -0.70302534E+00     0.61444022E-01     0.60000000E+01    -0.64172313E-01     0.44278741E+00     0.28586188E+00     0.57920922E-01      96     0.16611833E-01
-0.11400001E+02    -0.71397221E+00     0.59512015E-01     0.60000000E+01    -0.64516149E-01     0.44232726E+00     0.28839171E+00     0.55979453E-01      96     0.16611833E-01
-0.11300001E+02    -0.70845860E+00     0.58908485E-01     0.60000000E+01    -0.64717531E-01     0.44127727E+00     0.28913295E+00     0.55368673E-01      96     0.16611833E-01
-0.11200001E+02    -0.70119512E+00     0.58484677E-01     0.60000000E+01    -0.64957045E-01     0.44026086E+00     0.28975728E+00     0.54935355E-01      96     0.16611833E-01
-0.11100001E+02    -0.69540274E+00     0.57974342E-01     0.60000000E+01    -0.65178737E-01     0.43930468E+00     0.29049191E+00     0.54414786E-01      96     0.16611833E-01
-0.11000001E+02    -0.70966715E+00     0.55553056E-01     0.60000000E+01    -0.65450519E-01     0.43867323E+00     0.29159126E+00     0.51977739E-01      96     0.16611833E-01
-0.10900001E+02    -0.71610683E+00     0.53825103E-01     0.60000000E+01    -0.65566666E-01     0.43817732E+00     0.29402468E+00     0.50258737E-01      96     0.16611833E-01
-0.10800001E+02    -0.71648657E+00     0.52600082E-01     0.60000000E+01    -0.65749280E-01     0.43718669E+00     0.29494929E+00     0.49024008E-01      96     0.16611833E-01
-0.10700001E+02    -0.72449207E+00     0.50486032E-01     0.60000000E+01    -0.65956883E-01     0.43662232E+00     0.29654524E+00     0.46892308E-01      96     0.16611833E-01
-0.10600001E+02    -0.72034895E+00     0.49728185E-01     0.60000000E+01    -0.66111602E-01     0.43556392E+00     0.29632974E+00     0.46122223E-01      96     0.16611833E-01
-0.10500001E+02    -0.71287841E+00     0.49215510E-01     0.60000000E+01    -0.66325948E-01     0.43344149E+00     0.29761150E+00     0.45594309E-01      96     0.16611833E-01
-0.10400002E+02    -0.77376521E+00     0.41537717E-01     0.60000000E+01    -0.65797523E-01     0.43484080E+00     0.30130869E+00     0.37896708E-01      96     0.16611833E-01
-0.10300000E+02    -0.78026217E+00     0.39654259E-01     0.60000000E+01    -0.65654390E-01     0.43473071E+00     0.30226049E+00     0.36007792E-01      96     0.16611833E-01
-0.10200001E+02    -0.96072465E+00     0.10982001E-01     0.60000000E+01    -0.84664345E-01     0.43909842E+00     0.30931869E+00     0.68535833E-02      95     0.18808823E-01
-0.10100000E+02    -0.94723123E+00     0.10882781E-01     0.60000000E+01    -0.85322686E-01     0.43779564E+00     0.30980882E+00     0.67438539E-02      95     0.18808823E-01
-0.10000001E+02    -0.93377709E+00     0.10793624E-01     0.60000000E+01    -0.85956380E-01     0.43650913E+00     0.31032228E+00     0.66433540E-02      95     0.18808823E-01
-0.99000006E+01    -0.92035580E+00     0.10714145E-01     0.60000000E+01    -0.86565658E-01     0.43516174E+00     0.31079343E+00     0.65516406E-02      95     0.18808823E-01
-0.98000011E+01    -0.90695608E+00     0.10640891E-01     0.60000000E+01    -0.87159954E-01     0.43368134E+00     0.31127414E+00     0.64654774E-02      96     0.16611833E-01
-0.97000008E+01    -0.89359242E+00     0.10575937E-01     0.60000000E+01    -0.87730609E-01     0.43212530E+00     0.31216875E+00     0.63899327E-02      96     0.16611833E-01
-0.96000013E+01    -0.88023663E+00     0.10520952E-01     0.60000000E+01    -0.88278718E-01     0.43073568E+00     0.31257764E+00     0.63252789E-02      96     0.16611833E-01
-0.95000010E+01    -0.86687320E+00     0.10471672E-01     0.60000000E+01    -0.88812426E-01     0.42975059E+00     0.31295678E+00     0.62672477E-02      96     0.16611833E-01
-0.94000006E+01    -0.85334194E+00     0.10389439E-01     0.60000000E+01    -0.89438833E-01     0.42867014E+00     0.31418684E+00     0.61780927E-02      96     0.16611833E-01
-0.93000011E+01    -0.83974785E+00     0.10300061E-01     0.60000000E+01    -0.90089642E-01     0.42755476E+00     0.31473270E+00     0.60824575E-02      97     0.14598641E-01
-0.91999998E+01    -0.82623994E+00     0.10222633E-01     0.60000000E+01    -0.90706684E-01     0.42570314E+00     0.31523609E+00     0.59957174E-02      97     0.14598641E-01
-0.91000013E+01    -0.81273133E+00     0.10150834E-01     0.60000000E+01    -0.91312177E-01     0.42456663E+00     0.31569928E+00     0.59161498E-02      97     0.14598641E-01
-0.90000000E+01    -0.79924923E+00     0.10083468E-01     0.60000000E+01    -0.91903172E-01     0.42339686E+00     0.31613106E+00     0.58400491E-02      97     0.14598641E-01
-0.89000015E+01    -0.78571379E+00     0.10007200E-01     0.60000000E+01    -0.92520729E-01     0.42221367E+00     0.31696433E+00     0.57581160E-02      97     0.14598641E-01
-0.88000002E+01    -0.77229083E+00     0.99535463E-02     0.60000000E+01    -0.93076892E-01     0.42092618E+00     0.31735626E+00     0.56938180E-02      98     0.12755311E-01
-0.87000017E+01    -0.75887328E+00     0.99031823E-02     0.60000000E+01    -0.93624301E-01     0.41957450E+00     0.31774002E+00     0.56334143E-02      98     0.12755311E-01
-0.86000004E+01    -0.74546850E+00     0.98561812E-02     0.60000000E+01    -0.94163209E-01     0.41812769E+00     0.31815013E+00     0.55764527E-02      98     0.12755311E-01
-0.85000019E+01    -0.73199302E+00     0.98052714E-02     0.60000000E+01    -0.94714217E-01     0.41713503E+00     0.31897131E+00     0.55232900E-02      98     0.12755311E-01
-0.84000006E+01    -0.71855474E+00     0.97631700E-02     0.60000000E+01    -0.95241606E-01     0.41624382E+00     0.31934237E+00     0.54745753E-02      98     0.12755311E-01
-0.83000011E+01    -0.70514733E+00     0.97257430E-02     0.60000000E+01    -0.95755227E-01     0.41528320E+00     0.31969890E+00     0.54292274E-02      99     0.11069483E-01
-0.82000008E+01    -0.69182438E+00     0.96991090E-02     0.60000000E+01    -0.96233994E-01     0.41426679E+00     0.32037854E+00     0.53950562E-02      99     0.11069483E-01
-0.81000013E+01    -0.67851073E+00     0.96731326E-02     0.60000000E+01    -0.96715450E-01     0.41262993E+00     0.32067052E+00     0.53569213E-02      99     0.11069483E-01
-0.80000010E+01    -0.66535211E+00     0.96689872E-02     0.60000000E+01    -0.97126380E-01     0.41161162E+00     0.32121980E+00     0.53415978E-02      99     0.11069483E-01
-0.79000001E+01    -0.65193027E+00     0.96299760E-02     0.60000000E+01    -0.97649276E-01     0.41057476E+00     0.32161081E+00     0.52893176E-02     100     0.95301569E-02
-0.78000011E+01    -0.63838154E+00     0.95729344E-02     0.60000000E+01    -0.98227024E-01     0.40951014E+00     0.32211545E+00     0.52244002E-02     100     0.95301569E-02
-0.77000003E+01    -0.62481111E+00     0.95139546E-02     0.60000000E+01    -0.98812513E-01     0.40837672E+00     0.32286233E+00     0.51596663E-02     100     0.95301569E-02
-0.76000009E+01    -0.61123365E+00     0.94546545E-02     0.60000000E+01    -0.99399865E-01     0.40715992E+00     0.32373151E+00     0.50966707E-02     100     0.95301569E-02
-0.75000005E+01    -0.59777629E+00     0.94148135E-02     0.60000000E+01    -0.99928297E-01     0.40588731E+00     0.32411057E+00     0.50486531E-02     101     0.81278561E-02
-0.74000010E+01    -0.58430743E+00     0.93765846E-02     0.60000000E+01    -0.10045192E+00     0.40473995E+00     0.32446644E+00     0.50056386E-02     101     0.81278561E-02
-0.73000002E+01    -0.57074726E+00     0.93297185E-02     0.60000000E+01    -0.10100163E+00     0.40401489E+00     0.32522726E+00     0.49592531E-02     101     0.81278561E-02
-0.72000012E+01    -0.55724549E+00     0.92909029E-02     0.60000000E+01    -0.10152753E+00     0.40317094E+00     0.32591307E+00     0.49185567E-02     101     0.81278561E-02
-0.71000004E+01    -0.54379195E+00     0.92586279E-02     0.60000000E+01    -0.10203332E+00     0.40230319E+00     0.32662773E+00     0.48832558E-02     101     0.81278561E-02
-0.70000014E+01    -0.53037024E+00     0.92321197E-02     0.60000000E+01    -0.10252240E+00     0.40140146E+00     0.32693204E+00     0.48495936E-02     102     0.68541314E-02
-0.69000006E+01    -0.51707023E+00     0.92179710E-02     0.60000000E+01    -0.10296974E+00     0.40048033E+00     0.32788557E+00     0.48306114E-02     102     0.68541314E-02
-0.68000016E+01    -0.50380057E+00     0.92085907E-02     0.60000000E+01    -0.10340261E+00     0.39958358E+00     0.32842591E+00     0.48130522E-02     102     0.68541314E-02
-0.67000008E+01    -0.49048200E+00     0.91943955E-02     0.60000000E+01    -0.10385299E+00     0.39866811E+00     0.32867834E+00     0.47888085E-02     102     0.68541314E-02
-0.66000018E+01    -0.47723281E+00     0.91843223E-02     0.60000000E+01    -0.10429031E+00     0.39711049E+00     0.32888031E+00     0.47641322E-02     103     0.57018539E-02
-0.65000010E+01    -0.46396738E+00     0.91757337E-02     0.60000000E+01    -0.10472174E+00     0.39613169E+00     0.32908472E+00     0.47439211E-02     103     0.57018539E-02
-0.64000001E+01    -0.45071736E+00     0.91692545E-02     0.60000000E+01    -0.10514604E+00     0.39503932E+00     0.32925773E+00     0.47254837E-02     103     0.57018539E-02
-0.63000011E+01    -0.43735734E+00     0.91508338E-02     0.60000000E+01    -0.10561223E+00     0.39387339E+00     0.32955328E+00     0.46936488E-02     103     0.57018539E-02
-0.62000003E+01    -0.42381686E+00     0.91127697E-02     0.60000000E+01    -0.10614524E+00     0.39274177E+00     0.33005431E+00     0.46487642E-02     104     0.46647848E-02
-0.61000009E+01    -0.41022721E+00     0.90739969E-02     0.60000000E+01    -0.10667755E+00     0.39202118E+00     0.33052066E+00     0.46100505E-02     104     0.46647848E-02
-0.60000000E+01    -0.39666089E+00     0.90383627E-02     0.60000000E+01    -0.10720024E+00     0.39129931E+00     0.33095863E+00     0.45721880E-02     104     0.46647848E-02
-0.59000010E+01    -0.38312954E+00     0.90064667E-02     0.60000000E+01    -0.10771094E+00     0.39053950E+00     0.33137780E+00     0.45373533E-02     104     0.46647848E-02
-0.58000002E+01    -0.36959139E+00     0.89735528E-02     0.60000000E+01    -0.10822500E+00     0.38971308E+00     0.33199671E+00     0.45031505E-02     104     0.46647848E-02
-0.57000012E+01    -0.35612246E+00     0.89486325E-02     0.60000000E+01    -0.10871255E+00     0.38891196E+00     0.33235484E+00     0.44739600E-02     105     0.37378250E-02
-0.56000004E+01    -0.34267479E+00     0.89264670E-02     0.60000000E+01    -0.10919253E+00     0.38808525E+00     0.33270320E+00     0.44470024E-02     105     0.37378250E-02
-0.55000014E+01    -0.32924670E+00     0.89065684E-02     0.60000000E+01    -0.10966393E+00     0.38727671E+00     0.33303130E+00     0.44215554E-02     105     0.37378250E-02
-0.54000006E+01    -0.31584227E+00     0.88889720E-02     0.60000000E+01    -0.11012904E+00     0.38643581E+00     0.33334792E+00     0.43976423E-02     105     0.37378250E-02
-0.53000016E+01    -0.30245861E+00     0.88735344E-02     0.60000000E+01    -0.11058672E+00     0.38557652E+00     0.33364600E+00     0.43749334E-02     106     0.29167181E-02
-0.52000008E+01    -0.28914779E+00     0.88633355E-02     0.60000000E+01    -0.11102964E+00     0.38410422E+00     0.33397502E+00     0.43535065E-02     106     0.29167181E-02
-0.51000013E+01    -0.27579507E+00     0.88515570E-02     0.60000000E+01    -0.11147568E+00     0.38316956E+00     0.33428890E+00     0.43340237E-02     106     0.29167181E-02
-0.50000010E+01    -0.26245183E+00     0.88412706E-02     0.60000000E+01    -0.11191709E+00     0.38213876E+00     0.33459285E+00     0.43156738E-02     106     0.29167181E-02
-0.49000015E+01    -0.24911866E+00     0.88320440E-02     0.60000000E+01    -0.11235368E+00     0.38102540E+00     0.33490413E+00     0.42979429E-02     107     0.21980663E-02
-0.48000007E+01    -0.23572804E+00     0.88199284E-02     0.60000000E+01    -0.11279664E+00     0.38026240E+00     0.33520293E+00     0.42833984E-02     107     0.21980663E-02
-0.47000003E+01    -0.22232594E+00     0.88081313E-02     0.60000000E+01    -0.11323752E+00     0.37962952E+00     0.33551040E+00     0.42681308E-02     107     0.21980663E-02
-0.46000009E+01    -0.20895576E+00     0.87987650E-02     0.60000000E+01    -0.11366993E+00     0.37897637E+00     0.33579412E+00     0.42541814E-02     107     0.21980663E-02
-0.45000000E+01    -0.19560243E+00     0.87911217E-02     0.60000000E+01    -0.11409652E+00     0.37826058E+00     0.33608016E+00     0.42411904E-02     108     0.15796433E-02
-0.44000010E+01    -0.18226583E+00     0.87850560E-02     0.60000000E+01    -0.11451774E+00     0.37753135E+00     0.33635163E+00     0.42292583E-02     108     0.15796433E-02
-0.43000002E+01    -0.16895875E+00     0.87815123E-02     0.60000000E+01    -0.11493044E+00     0.37677780E+00     0.33662716E+00     0.42191632E-02     108     0.15796433E-02
-0.42000012E+01    -0.15566760E+00     0.87794280E-02     0.60000000E+01    -0.11533763E+00     0.37603906E+00     0.33687741E+00     0.42099319E-02     108     0.15796433E-02
-0.41000004E+01    -0.14240147E+00     0.87788822E-02     0.60000000E+01    -0.11573796E+00     0.37527138E+00     0.33709043E+00     0.42014187E-02     109     0.10605047E-02
-0.40000014E+01    -0.12916471E+00     0.87810922E-02     0.60000000E+01    -0.11612883E+00     0.37451330E+00     0.33730087E+00     0.41949875E-02     109     0.10605047E-02
-0.39000006E+01    -0.11595620E+00     0.87855225E-02     0.60000000E+01    -0.11651181E+00     0.37372160E+00     0.33748215E+00     0.41900044E-02     109     0.10605047E-02
-0.38000014E+01    -0.10269221E+00     0.87834848E-02     0.60000000E+01    -0.11692469E+00     0.37237719E+00     0.33784422E+00     0.41738008E-02     109     0.10605047E-02
-0.37000005E+01    -0.89132614E-01     0.87578557E-02     0.60000000E+01    -0.11741928E+00     0.37205961E+00     0.33866104E+00     0.41491915E-02     109     0.10605047E-02
-0.36000016E+01    -0.75800076E-01     0.87497644E-02     0.60000000E+01    -0.11785532E+00     0.37052760E+00     0.33914047E+00     0.41323472E-02     110     0.64034248E-03
-0.35000007E+01    -0.62439416E-01     0.87411162E-02     0.60000000E+01    -0.11828992E+00     0.36953741E+00     0.33956653E+00     0.41183638E-02     110     0.64034248E-03
-0.34000015E+01    -0.49026083E-01     0.87296609E-02     0.60000000E+01    -0.11873040E+00     0.36878151E+00     0.33999002E+00     0.41072136E-02     110     0.64034248E-03
-0.33000009E+01    -0.35577152E-01     0.87163253E-02     0.60000000E+01    -0.11917392E+00     0.36824563E+00     0.34038109E+00     0.40941276E-02     110     0.64034248E-03
-0.32000017E+01    -0.22164971E-01     0.87061096E-02     0.60000000E+01    -0.11960686E+00     0.36764011E+00     0.34073657E+00     0.40829335E-02     111     0.32030090E-03
-0.31000009E+01    -0.87776333E-02     0.86979968E-02     0.60000000E+01    -0.12003375E+00     0.36699605E+00     0.34111235E+00     0.40733661E-02     111     0.32030090E-03
-0.30000000E+01     0.45850230E-02     0.86916443E-02     0.60000000E+01    -0.12045255E+00     0.36633232E+00     0.34144396E+00     0.40646750E-02     111     0.32030090E-03
-0.29000010E+01     0.17927036E-01     0.86869923E-02     0.60000000E+01    -0.12086558E+00     0.36564845E+00     0.34178180E+00     0.40571690E-02     111     0.32030090E-03
-0.28000002E+01     0.31246828E-01     0.86842095E-02     0.60000000E+01    -0.12127186E+00     0.36493117E+00     0.34211519E+00     0.40507186E-02     112     0.10796922E-03
-0.27000012E+01     0.44550195E-01     0.86828610E-02     0.60000000E+01    -0.12167280E+00     0.36427441E+00     0.34245500E+00     0.40454809E-02     112     0.10796922E-03
-0.26000004E+01     0.57824880E-01     0.86834626E-02     0.60000000E+01    -0.12206721E+00     0.36357358E+00     0.34276384E+00     0.40411102E-02     112     0.10796922E-03
-0.25000012E+01     0.71079187E-01     0.86857807E-02     0.60000000E+01    -0.12245586E+00     0.36285824E+00     0.34310725E+00     0.40378966E-02     112     0.10796922E-03
-0.24000003E+01     0.84316812E-01     0.86893905E-02     0.60000000E+01    -0.12283799E+00     0.36213666E+00     0.34343967E+00     0.40354668E-02     112     0.10796922E-03
-0.23000014E+01     0.97533055E-01     0.86944113E-02     0.60000000E+01    -0.12321484E+00     0.36137393E+00     0.34375066E+00     0.40337085E-02     113     0.97485645E-05
-0.22000005E+01     0.11066523E+00     0.87049901E-02     0.60000000E+01    -0.12357415E+00     0.36004996E+00     0.34406549E+00     0.40338556E-02     113     0.97485645E-05
-0.21000013E+01     0.12383647E+00     0.87138508E-02     0.60000000E+01    -0.12393750E+00     0.35917285E+00     0.34436628E+00     0.40354547E-02     113     0.97485645E-05
-0.20000007E+01     0.13699597E+00     0.87233139E-02     0.60000000E+01    -0.12429629E+00     0.35824135E+00     0.34465495E+00     0.40373565E-02     113     0.97485645E-05
-0.19000015E+01     0.15022221E+00     0.87283934E-02     0.60000000E+01    -0.12466376E+00     0.35756242E+00     0.34494072E+00     0.40409500E-02     114     0.15062575E-04
-0.18000008E+01     0.16348486E+00     0.87317713E-02     0.60000000E+01    -0.12503508E+00     0.35708016E+00     0.34520227E+00     0.40423349E-02     114     0.15062575E-04
-0.17000016E+01     0.17666109E+00     0.87408675E-02     0.60000000E+01    -0.12538145E+00     0.35653344E+00     0.34558755E+00     0.40481552E-02     114     0.15062575E-04
-0.16000009E+01     0.18984604E+00     0.87493584E-02     0.60000000E+01    -0.12573253E+00     0.35596043E+00     0.34578663E+00     0.40525468E-02     114     0.15062575E-04
-0.15000000E+01     0.20305221E+00     0.87560536E-02     0.60000000E+01    -0.12609230E+00     0.35532004E+00     0.34604007E+00     0.40523969E-02     114     0.15062575E-04
-0.14000009E+01     0.21642101E+00     0.87505588E-02     0.60000000E+01    -0.12650456E+00     0.35472110E+00     0.34661055E+00     0.40467256E-02     115     0.11537309E-03
-0.13000002E+01     0.22974032E+00     0.87490315E-02     0.60000000E+01    -0.12690294E+00     0.35407370E+00     0.34715790E+00     0.40443828E-02     115     0.11537309E-03
-0.12000011E+01     0.24302885E+00     0.87495390E-02     0.60000000E+01    -0.12729216E+00     0.35341799E+00     0.34764689E+00     0.40432988E-02     115     0.11537309E-03
-0.11000003E+01     0.25629094E+00     0.87517397E-02     0.60000000E+01    -0.12767404E+00     0.35281137E+00     0.34810239E+00     0.40437379E-02     115     0.11537309E-03
-0.10000012E+01     0.26952085E+00     0.87560555E-02     0.60000000E+01    -0.12804715E+00     0.35214067E+00     0.34854564E+00     0.40454376E-02     115     0.11537309E-03
-0.90000039E+00     0.28272024E+00     0.87623410E-02     0.60000000E+01    -0.12841257E+00     0.35148060E+00     0.34892741E+00     0.40485272E-02     116     0.30344969E-03
-0.80000126E+00     0.29589808E+00     0.87704156E-02     0.60000000E+01    -0.12877168E+00     0.35080710E+00     0.34931928E+00     0.40531033E-02     116     0.30344969E-03
-0.70000046E+00     0.30898902E+00     0.87835258E-02     0.60000000E+01    -0.12911388E+00     0.34959862E+00     0.34968999E+00     0.40586134E-02     116     0.30344969E-03
-0.60000139E+00     0.32212597E+00     0.87944651E-02     0.60000000E+01    -0.12946095E+00     0.34884214E+00     0.35005519E+00     0.40655318E-02     116     0.30344969E-03
-0.50000060E+00     0.33523971E+00     0.88065946E-02     0.60000000E+01    -0.12980284E+00     0.34801066E+00     0.35041228E+00     0.40731607E-02     116     0.30344969E-03
-0.40000150E+00     0.34833267E+00     0.88202320E-02     0.60000000E+01    -0.13013791E+00     0.34713057E+00     0.35077125E+00     0.40821144E-02     117     0.58610301E-03
-0.30000070E+00     0.36155561E+00     0.88254446E-02     0.60000000E+01    -0.13049306E+00     0.34662837E+00     0.35111409E+00     0.40904530E-02     117     0.58610301E-03
-0.20000160E+00     0.37478134E+00     0.88310819E-02     0.60000000E+01    -0.13084695E+00     0.34616160E+00     0.35147932E+00     0.40970375E-02     117     0.58610301E-03
-0.10000080E+00     0.38797140E+00     0.88387104E-02     0.60000000E+01    -0.13119288E+00     0.34565806E+00     0.35183442E+00     0.41046082E-02     117     0.58610301E-03
 0.00000000E+00     0.40112877E+00     0.88485442E-02     0.60000000E+01    -0.13153040E+00     0.34509251E+00     0.35216588E+00     0.41133496E-02     117     0.58610301E-03
 0.99999093E-01     0.41425970E+00     0.88599492E-02     0.60000000E+01    -0.13186139E+00     0.34452632E+00     0.35252044E+00     0.41231858E-02     118     0.97300706E-03
 0.19999990E+00     0.42735797E+00     0.88730566E-02     0.60000000E+01    -0.13218486E+00     0.34394565E+00     0.35284466E+00     0.41338461E-02     118     0.97300706E-03
 0.29999900E+00     0.44043237E+00     0.88877883E-02     0.60000000E+01    -0.13250133E+00     0.34335640E+00     0.35316151E+00     0.41455422E-02     118     0.97300706E-03
 0.39999980E+00     0.45345333E+00     0.89052618E-02     0.60000000E+01    -0.13280317E+00     0.34277001E+00     0.35364670E+00     0.41597090E-02     118     0.97300706E-03
 0.49999887E+00     0.46646506E+00     0.89234859E-02     0.60000000E+01    -0.13310502E+00     0.34217107E+00     0.35391811E+00     0.41734851E-02     118     0.97300706E-03
 0.59999967E+00     0.47944540E+00     0.89431135E-02     0.60000000E+01    -0.13339786E+00     0.34157813E+00     0.35415468E+00     0.41880561E-02     119     0.14674140E-02
 0.69999880E+00     0.49238792E+00     0.89650229E-02     0.60000000E+01    -0.13368109E+00     0.34095693E+00     0.35436782E+00     0.42039314E-02     119     0.14674140E-02
 0.79999959E+00     0.50531793E+00     0.89873848E-02     0.60000000E+01    -0.13397248E+00     0.33993495E+00     0.35471725E+00     0.42159054E-02     119     0.14674140E-02
 0.89999866E+00     0.51839858E+00     0.90006646E-02     0.60000000E+01    -0.13430184E+00     0.33923075E+00     0.35530403E+00     0.42267605E-02     119     0.14674140E-02
 0.99999946E+00     0.53145748E+00     0.90155927E-02     0.60000000E+01    -0.13462386E+00     0.33851704E+00     0.35585794E+00     0.42395117E-02     119     0.14674140E-02
 0.10999986E+01     0.54448265E+00     0.90323277E-02     0.60000000E+01    -0.13493736E+00     0.33773646E+00     0.35638267E+00     0.42539597E-02     120     0.20708691E-02
 0.11999993E+01     0.55747610E+00     0.90508508E-02     0.60000000E+01    -0.13524254E+00     0.33694932E+00     0.35685784E+00     0.42699729E-02     120     0.20708691E-02
 0.12999984E+01     0.57051766E+00     0.90664150E-02     0.60000000E+01    -0.13555345E+00     0.33629066E+00     0.35729471E+00     0.42884164E-02     120     0.20708691E-02
 0.13999993E+01     0.58367580E+00     0.90752570E-02     0.60000000E+01    -0.13588232E+00     0.33588377E+00     0.35773951E+00     0.43012528E-02     120     0.20708691E-02
 0.14999983E+01     0.59678936E+00     0.90865390E-02     0.60000000E+01    -0.13620117E+00     0.33543715E+00     0.35813576E+00     0.43154443E-02     120     0.20708691E-02
 0.15999992E+01     0.60986513E+00     0.91000246E-02     0.60000000E+01    -0.13651150E+00     0.33492571E+00     0.35853404E+00     0.43310421E-02     120     0.20708691E-02
 0.16999999E+01     0.62290895E+00     0.91153579E-02     0.60000000E+01    -0.13681409E+00     0.33440500E+00     0.35891983E+00     0.43477281E-02     121     0.27848454E-02
 0.17999990E+01     0.63591689E+00     0.91323731E-02     0.60000000E+01    -0.13710983E+00     0.33386225E+00     0.35930553E+00     0.43653045E-02     121     0.27848454E-02
 0.18999999E+01     0.64890224E+00     0.91506364E-02     0.60000000E+01    -0.13739902E+00     0.33332714E+00     0.35968775E+00     0.43836194E-02     121     0.27848454E-02
 0.19999989E+01     0.66185397E+00     0.91706933E-02     0.60000000E+01    -0.13768043E+00     0.33276913E+00     0.36005470E+00     0.44030142E-02     121     0.27848454E-02
 0.20999997E+01     0.67478186E+00     0.91918427E-02     0.60000000E+01    -0.13795656E+00     0.33222041E+00     0.36044267E+00     0.44231038E-02     121     0.27848454E-02
 0.21999989E+01     0.68767607E+00     0.92148110E-02     0.60000000E+01    -0.13822506E+00     0.33163989E+00     0.36080796E+00     0.44442625E-02     122     0.36099148E-02
 0.22999997E+01     0.70054382E+00     0.92390832E-02     0.60000000E+01    -0.13848719E+00     0.33109155E+00     0.36119553E+00     0.44661919E-02     122     0.36099148E-02
 0.23999987E+01     0.71329165E+00     0.92693260E-02     0.60000000E+01    -0.13872756E+00     0.33014446E+00     0.36155418E+00     0.44898549E-02     122     0.36099148E-02
 0.24999995E+01     0.72608221E+00     0.92974352E-02     0.60000000E+01    -0.13897197E+00     0.32953486E+00     0.36189619E+00     0.45139021E-02     122     0.36099148E-02
 0.25999987E+01     0.73882073E+00     0.93273325E-02     0.60000000E+01    -0.13920346E+00     0.32888293E+00     0.36241511E+00     0.45395140E-02     122     0.36099148E-02
 0.26999993E+01     0.75155354E+00     0.93579488E-02     0.60000000E+01    -0.13943386E+00     0.32821682E+00     0.36269873E+00     0.45654979E-02     123     0.45458898E-02
 0.27999985E+01     0.76425046E+00     0.93901921E-02     0.60000000E+01    -0.13965464E+00     0.32748619E+00     0.36295420E+00     0.45922832E-02     123     0.45458898E-02
 0.28999994E+01     0.77690625E+00     0.94240420E-02     0.60000000E+01    -0.13986734E+00     0.32672954E+00     0.36317626E+00     0.46205204E-02     123     0.45458898E-02
 0.29999983E+01     0.78972095E+00     0.94503434E-02     0.60000000E+01    -0.14011724E+00     0.32606700E+00     0.36367294E+00     0.46468782E-02     123     0.45458898E-02
 0.30999992E+01     0.80275989E+00     0.94640851E-02     0.60000000E+01    -0.14041215E+00     0.32569230E+00     0.36428294E+00     0.46663359E-02     123     0.45458898E-02
 0.31999984E+01     0.81574219E+00     0.94810650E-02     0.60000000E+01    -0.14069362E+00     0.32527536E+00     0.36485299E+00     0.46882983E-02     124     0.55926382E-02
 0.32999990E+01     0.82867682E+00     0.95002577E-02     0.60000000E+01    -0.14096427E+00     0.32483685E+00     0.36538562E+00     0.47116452E-02     124     0.55926382E-02
 0.33999999E+01     0.84156942E+00     0.95217610E-02     0.60000000E+01    -0.14122640E+00     0.32432610E+00     0.36589578E+00     0.47365949E-02     124     0.55926382E-02
 0.34999990E+01     0.85441923E+00     0.95452815E-02     0.60000000E+01    -0.14147948E+00     0.32382789E+00     0.36639825E+00     0.47630928E-02     124     0.55926382E-02
 0.35999999E+01     0.86723393E+00     0.95703267E-02     0.60000000E+01    -0.14172380E+00     0.32329583E+00     0.36683309E+00     0.47902567E-02     124     0.55926382E-02
 0.36999989E+01     0.88001764E+00     0.95965955E-02     0.60000000E+01    -0.14196186E+00     0.32278404E+00     0.36724710E+00     0.48182323E-02     124     0.55926382E-02
 0.37999997E+01     0.89270818E+00     0.96276226E-02     0.60000000E+01    -0.14218207E+00     0.32191625E+00     0.36766869E+00     0.48480392E-02     125     0.67499871E-02
 0.38999987E+01     0.90541202E+00     0.96576419E-02     0.60000000E+01    -0.14240330E+00     0.32139587E+00     0.36808369E+00     0.48783431E-02     125     0.67499871E-02
 0.39999995E+01     0.91807652E+00     0.96894465E-02     0.60000000E+01    -0.14261542E+00     0.32085919E+00     0.36849979E+00     0.49096653E-02     125     0.67499871E-02
 0.40999985E+01     0.93070382E+00     0.97229229E-02     0.60000000E+01    -0.14281999E+00     0.32029927E+00     0.36890739E+00     0.49419166E-02     125     0.67499871E-02
 0.41999993E+01     0.94330317E+00     0.97575458E-02     0.60000000E+01    -0.14301729E+00     0.31974441E+00     0.36931783E+00     0.49749841E-02     125     0.67499871E-02
 0.42999988E+01     0.95585966E+00     0.97938227E-02     0.60000000E+01    -0.14320664E+00     0.31913146E+00     0.36971164E+00     0.50090668E-02     126     0.80180895E-02
 0.43999991E+01     0.96839780E+00     0.98309778E-02     0.60000000E+01    -0.14339086E+00     0.31853291E+00     0.37012413E+00     0.50441776E-02     126     0.80180895E-02
 0.44999986E+01     0.98088753E+00     0.98700039E-02     0.60000000E+01    -0.14356467E+00     0.31784856E+00     0.37051302E+00     0.50800694E-02     126     0.80180895E-02
 0.45999994E+01     0.99331832E+00     0.99111842E-02     0.60000000E+01    -0.14372511E+00     0.31712702E+00     0.37110716E+00     0.51181531E-02     126     0.80180895E-02
 0.47000003E+01     0.10057249E+01     0.99536022E-02     0.60000000E+01    -0.14388089E+00     0.31639057E+00     0.37144351E+00     0.51568276E-02     126     0.80180895E-02
 0.47999973E+01     0.10183367E+01     0.99846171E-02     0.60000000E+01    -0.14406908E+00     0.31595519E+00     0.37175891E+00     0.51931283E-02     127     0.93974452E-02
 0.48999982E+01     0.10309894E+01     0.10013619E-01     0.60000000E+01    -0.14426248E+00     0.31558076E+00     0.37202528E+00     0.52248058E-02     127     0.93974452E-02
 0.49999990E+01     0.10435948E+01     0.10044180E-01     0.60000000E+01    -0.14444515E+00     0.31489205E+00     0.37225318E+00     0.52564191E-02     127     0.93974452E-02
 0.50999999E+01     0.10562748E+01     0.10073340E-01     0.60000000E+01    -0.14465569E+00     0.31442800E+00     0.37290674E+00     0.52881073E-02     127     0.93974452E-02
 0.52000008E+01     0.10689068E+01     0.10104605E-01     0.60000000E+01    -0.14485635E+00     0.31393948E+00     0.37354544E+00     0.53236503E-02     127     0.93974452E-02
 0.52999978E+01     0.10814931E+01     0.10137842E-01     0.60000000E+01    -0.14504720E+00     0.31343746E+00     0.37415227E+00     0.53607193E-02     127     0.93974452E-02
 0.53999987E+01     0.10940416E+01     0.10172391E-01     0.60000000E+01    -0.14522979E+00     0.31294701E+00     0.37472203E+00     0.53990902E-02     128     0.10889112E-01
 0.54999995E+01     0.11065390E+01     0.10209069E-01     0.60000000E+01    -0.14540149E+00     0.31243849E+00     0.37524262E+00     0.54386468E-02     128     0.10889112E-01
 0.56000004E+01     0.11190022E+01     0.10247045E-01     0.60000000E+01    -0.14556624E+00     0.31193027E+00     0.37574205E+00     0.54791202E-02     128     0.10889112E-01
 0.56999979E+01     0.11314118E+01     0.10287263E-01     0.60000000E+01    -0.14572011E+00     0.31140792E+00     0.37620547E+00     0.55210027E-02     128     0.10889112E-01
 0.57999988E+01     0.11437848E+01     0.10328712E-01     0.60000000E+01    -0.14586575E+00     0.31089997E+00     0.37667331E+00     0.55638072E-02     128     0.10889112E-01
 0.58999996E+01     0.11561058E+01     0.10372411E-01     0.60000000E+01    -0.14600115E+00     0.31035697E+00     0.37709564E+00     0.56080944E-02     129     0.12494802E-01
 0.60000000E+01     0.11683836E+01     0.10417406E-01     0.60000000E+01    -0.14612849E+00     0.30981871E+00     0.37755865E+00     0.56531914E-02     129     0.12494802E-01
 0.60999975E+01     0.11806149E+01     0.10464568E-01     0.60000000E+01    -0.14624532E+00     0.30924043E+00     0.37799889E+00     0.56997091E-02     129     0.12494802E-01
 0.61999984E+01     0.11928066E+01     0.10512440E-01     0.60000000E+01    -0.14635469E+00     0.30864060E+00     0.37843201E+00     0.57467809E-02     129     0.12494802E-01
 0.62999992E+01     0.12048190E+01     0.10568505E-01     0.60000000E+01    -0.14643104E+00     0.30756232E+00     0.37886393E+00     0.57975235E-02     129     0.12494802E-01
 0.64000001E+01     0.12168871E+01     0.10621300E-01     0.60000000E+01    -0.14651646E+00     0.30683887E+00     0.37931266E+00     0.58486382E-02     130     0.14216917E-01
 0.65000010E+01     0.12291358E+01     0.10665287E-01     0.60000000E+01    -0.14662918E+00     0.30630413E+00     0.37998667E+00     0.58990689E-02     130     0.14216917E-01
 0.65999980E+01     0.12415373E+01     0.10701400E-01     0.60000000E+01    -0.14676681E+00     0.30595541E+00     0.38038164E+00     0.59402408E-02     130     0.14216917E-01
 0.66999989E+01     0.12538704E+01     0.10740556E-01     0.60000000E+01    -0.14688987E+00     0.30556703E+00     0.38075158E+00     0.59834016E-02     130     0.14216917E-01
 0.67999997E+01     0.12661396E+01     0.10781651E-01     0.60000000E+01    -0.14700113E+00     0.30513945E+00     0.38108096E+00     0.60276533E-02     130     0.14216917E-01
 0.69000006E+01     0.12781340E+01     0.10834085E-01     0.60000000E+01    -0.14706464E+00     0.30323794E+00     0.38136193E+00     0.60740588E-02     131     0.16058823E-01
 0.69999981E+01     0.12902269E+01     0.10882197E-01     0.60000000E+01    -0.14714621E+00     0.30271056E+00     0.38172027E+00     0.61207511E-02     131     0.16058823E-01
 0.70999990E+01     0.13022134E+01     0.10937491E-01     0.60000000E+01    -0.14721879E+00     0.30166808E+00     0.38242075E+00     0.61749397E-02     131     0.16058823E-01
 0.71999998E+01     0.13140317E+01     0.10999160E-01     0.60000000E+01    -0.14726083E+00     0.30054447E+00     0.38307488E+00     0.62329122E-02     131     0.16058823E-01
 0.73000002E+01     0.13252724E+01     0.11084685E-01     0.60000000E+01    -0.14720526E+00     0.29822442E+00     0.38371056E+00     0.63025132E-02     131     0.16058823E-01
 0.73999977E+01     0.13371174E+01     0.11143794E-01     0.60000000E+01    -0.14724618E+00     0.29746893E+00     0.38428187E+00     0.63620498E-02     131     0.16058823E-01
 0.74999986E+01     0.13491428E+01     0.11194005E-01     0.60000000E+01    -0.14731845E+00     0.29640484E+00     0.38483256E+00     0.64189169E-02     132     0.18024575E-01
 0.75999994E+01     0.13612243E+01     0.11241246E-01     0.60000000E+01    -0.14739756E+00     0.29533729E+00     0.38534403E+00     0.64704982E-02     132     0.18024575E-01
 0.77000003E+01     0.13732228E+01     0.11292127E-01     0.60000000E+01    -0.14746062E+00     0.29478651E+00     0.38586864E+00     0.65263524E-02     132     0.18024575E-01
 0.77999973E+01     0.13851451E+01     0.11345449E-01     0.60000000E+01    -0.14750974E+00     0.29420060E+00     0.38635278E+00     0.65837190E-02     132     0.18024575E-01
 0.78999982E+01     0.13968191E+01     0.11407911E-01     0.60000000E+01    -0.14751567E+00     0.29303673E+00     0.38682783E+00     0.66454415E-02     132     0.18024575E-01
 0.79999990E+01     0.14085534E+01     0.11467319E-01     0.60000000E+01    -0.14752860E+00     0.29242641E+00     0.38731188E+00     0.67071225E-02     133     0.20119486E-01
 0.81000004E+01     0.14196645E+01     0.11552127E-01     0.60000000E+01    -0.14743485E+00     0.29072720E+00     0.38779294E+00     0.67821806E-02     133     0.20119486E-01
 0.82000008E+01     0.14311643E+01     0.11618811E-01     0.60000000E+01    -0.14740525E+00     0.29003277E+00     0.38826036E+00     0.68480279E-02     133     0.20119486E-01
 0.82999983E+01     0.14422184E+01     0.11703518E-01     0.60000000E+01    -0.14729914E+00     0.28854227E+00     0.38899478E+00     0.69254432E-02     133     0.20119486E-01
 0.83999987E+01     0.14535587E+01     0.11775754E-01     0.60000000E+01    -0.14723775E+00     0.28771517E+00     0.38945159E+00     0.69960612E-02     133     0.20119486E-01
 0.85000000E+01     0.14652944E+01     0.11831219E-01     0.60000000E+01    -0.14724216E+00     0.28715450E+00     0.38988167E+00     0.70587397E-02     133     0.20119486E-01
 0.86000004E+01     0.14766953E+01     0.11899097E-01     0.60000000E+01    -0.14718993E+00     0.28530282E+00     0.39026710E+00     0.71246331E-02     134     0.22349956E-01
 0.86999979E+01     0.14881340E+01     0.11965468E-01     0.60000000E+01    -0.14713979E+00     0.28460065E+00     0.39062557E+00     0.71920762E-02     134     0.22349956E-01
 0.87999983E+01     0.14992541E+01     0.12043236E-01     0.60000000E+01    -0.14703633E+00     0.28338629E+00     0.39093387E+00     0.72660283E-02     134     0.22349956E-01
 0.88999996E+01     0.15104783E+01     0.12117258E-01     0.60000000E+01    -0.14695004E+00     0.28265253E+00     0.39129868E+00     0.73376363E-02     134     0.22349956E-01
 0.90000000E+01     0.15217062E+01     0.12194274E-01     0.60000000E+01    -0.14687194E+00     0.28190449E+00     0.39209259E+00     0.74166534E-02     134     0.22349956E-01
 0.90999975E+01     0.15323398E+01     0.12293057E-01     0.60000000E+01    -0.14669140E+00     0.28043550E+00     0.39274737E+00     0.75091519E-02     135     0.24723656E-01
 0.91999989E+01     0.15427586E+01     0.12399266E-01     0.60000000E+01    -0.14647296E+00     0.27856529E+00     0.39341888E+00     0.76086610E-02     135     0.24723656E-01
 0.92999992E+01     0.15538871E+01     0.12477405E-01     0.60000000E+01    -0.14637402E+00     0.27660996E+00     0.39404070E+00     0.76882038E-02     135     0.24723656E-01
 0.94000006E+01     0.15650154E+01     0.12555202E-01     0.60000000E+01    -0.14627190E+00     0.27573171E+00     0.39463544E+00     0.77701034E-02     135     0.24723656E-01
 0.94999971E+01     0.15760170E+01     0.12637204E-01     0.60000000E+01    -0.14614819E+00     0.27487019E+00     0.39520118E+00     0.78554926E-02     135     0.24723656E-01
 0.95999985E+01     0.15853709E+01     0.12779363E-01     0.60000000E+01    -0.14574346E+00     0.27182779E+00     0.39568493E+00     0.79792216E-02     135     0.24723656E-01
 0.96999989E+01     0.15951885E+01     0.12902854E-01     0.60000000E+01    -0.14541322E+00     0.26992333E+00     0.39618847E+00     0.80933105E-02     136     0.27249757E-01
 0.98000002E+01     0.16059601E+01     0.12990607E-01     0.60000000E+01    -0.14524400E+00     0.26888850E+00     0.39671186E+00     0.81848046E-02     136     0.27249757E-01
 0.99000006E+01     0.16162505E+01     0.13095853E-01     0.60000000E+01    -0.14499205E+00     0.26678962E+00     0.39722478E+00     0.82876403E-02     136     0.27249757E-01
 0.99999981E+01     0.16266545E+01     0.13195761E-01     0.60000000E+01    -0.14475732E+00     0.26567852E+00     0.39771998E+00     0.83883274E-02     136     0.27249757E-01
 0.10099998E+02     0.16368406E+01     0.13303855E-01     0.60000000E+01    -0.14448546E+00     0.26456141E+00     0.39853415E+00     0.84965713E-02     136     0.27249757E-01
 0.10200000E+02     0.16466701E+01     0.13422633E-01     0.60000000E+01    -0.14414649E+00     0.26342845E+00     0.39870039E+00     0.86117750E-02     136     0.27249757E-01
 0.10300000E+02     0.16552480E+01     0.13571600E-01     0.60000000E+01    -0.14356612E+00     0.26222503E+00     0.39945507E+00     0.87577086E-02     137     0.29939037E-01
 0.10399998E+02     0.16623187E+01     0.13752431E-01     0.60000000E+01    -0.14268644E+00     0.26093629E+00     0.39987499E+00     0.89352289E-02     137     0.29939037E-01
 0.10499999E+02     0.16699355E+01     0.13918673E-01     0.60000000E+01    -0.14190088E+00     0.25970957E+00     0.40024152E+00     0.91040786E-02     137     0.29939037E-01
 0.10599999E+02     0.16768970E+01     0.14114552E-01     0.60000000E+01    -0.14101389E+00     0.25715974E+00     0.40060249E+00     0.92938850E-02     137     0.29939037E-01
 0.10700000E+02     0.16854925E+01     0.14268401E-01     0.60000000E+01    -0.14044286E+00     0.25580144E+00     0.40090439E+00     0.94444733E-02     137     0.29939037E-01
 0.10799997E+02     0.16941479E+01     0.14426231E-01     0.60000000E+01    -0.13989849E+00     0.25436363E+00     0.40137830E+00     0.95957825E-02     137     0.29939037E-01
 0.10899999E+02     0.17026057E+01     0.14596677E-01     0.60000000E+01    -0.13933189E+00     0.25277022E+00     0.40215114E+00     0.97612627E-02     137     0.29939037E-01
 0.10999999E+02     0.17117249E+01     0.14747177E-01     0.60000000E+01    -0.13888071E+00     0.25112659E+00     0.40285501E+00     0.99116676E-02     138     0.32803934E-01
 0.11100000E+02     0.17209492E+01     0.14896003E-01     0.60000000E+01    -0.13844913E+00     0.24942636E+00     0.40356323E+00     0.10062031E-01     138     0.32803934E-01
 0.11200001E+02     0.17298614E+01     0.15057780E-01     0.60000000E+01    -0.13796997E+00     0.24768347E+00     0.40416342E+00     0.10222906E-01     138     0.32803934E-01
 0.11299998E+02     0.17383372E+01     0.15236710E-01     0.60000000E+01    -0.13742168E+00     0.24591644E+00     0.40476793E+00     0.10397601E-01     138     0.32803934E-01
 0.11399999E+02     0.17462050E+01     0.15439588E-01     0.60000000E+01    -0.13677731E+00     0.24388196E+00     0.40532234E+00     0.10591663E-01     138     0.32803934E-01
 0.11500000E+02     0.17549045E+01     0.15613594E-01     0.60000000E+01    -0.13626741E+00     0.24179775E+00     0.40586019E+00     0.10762613E-01     138     0.32803934E-01
 0.11600000E+02     0.17631743E+01     0.15806394E-01     0.60000000E+01    -0.13568930E+00     0.23966807E+00     0.40640268E+00     0.10953385E-01     138     0.32803934E-01
 0.11699998E+02     0.17677820E+01     0.16135352E-01     0.60000000E+01    -0.13451497E+00     0.23528108E+00     0.40690193E+00     0.11256150E-01     139     0.35858847E-01
 0.11799999E+02     0.17757853E+01     0.16346574E-01     0.60000000E+01    -0.13390301E+00     0.23270775E+00     0.40738335E+00     0.11460752E-01     139     0.35858847E-01
 0.11900000E+02     0.17830310E+01     0.16586531E-01     0.60000000E+01    -0.13317415E+00     0.23000826E+00     0.40791899E+00     0.11693329E-01     139     0.35858847E-01
 0.12000000E+02     0.17887275E+01     0.16888183E-01     0.60000000E+01    -0.13219392E+00     0.22726145E+00     0.40838081E+00     0.11980809E-01     139     0.35858847E-01
 0.12099998E+02     0.17953243E+01     0.17160283E-01     0.60000000E+01    -0.13136601E+00     0.22414503E+00     0.40885678E+00     0.12241762E-01     139     0.35858847E-01
 0.12199999E+02     0.18012154E+01     0.17465277E-01     0.60000000E+01    -0.13043566E+00     0.22096686E+00     0.40968099E+00     0.12536170E-01     139     0.35858847E-01
 0.12299999E+02     0.18059281E+01     0.17821819E-01     0.60000000E+01    -0.12932560E+00     0.21753146E+00     0.41006827E+00     0.12871855E-01     139     0.35858847E-01
 0.12400001E+02     0.18109319E+01     0.18169386E-01     0.60000000E+01    -0.12826672E+00     0.21381661E+00     0.41047463E+00     0.13208698E-01     140     0.39120480E-01
 0.12499997E+02     0.18140780E+01     0.18604103E-01     0.60000000E+01    -0.12693688E+00     0.20993409E+00     0.41080704E+00     0.13618153E-01     140     0.39120480E-01
 0.12599998E+02     0.18182037E+01     0.19007629E-01     0.60000000E+01    -0.12577094E+00     0.20582341E+00     0.41112727E+00     0.14008211E-01     140     0.39120480E-01
 0.12699999E+02     0.18148894E+01     0.19737933E-01     0.60000000E+01    -0.12349895E+00     0.19766027E+00     0.41132468E+00     0.14692295E-01     140     0.39120480E-01
 0.12800000E+02     0.18154835E+01     0.20329468E-01     0.60000000E+01    -0.12185962E+00     0.19310652E+00     0.41196284E+00     0.15257934E-01     140     0.39120480E-01
 0.12900001E+02     0.18228766E+01     0.20619418E-01     0.60000000E+01    -0.12123846E+00     0.19242300E+00     0.41273618E+00     0.15556898E-01     140     0.39120480E-01
 0.12999998E+02     0.18234710E+01     0.21230077E-01     0.60000000E+01    -0.11964881E+00     0.18761393E+00     0.41328406E+00     0.16152363E-01     140     0.39120480E-01
 0.13099999E+02     0.18141973E+01     0.22333866E-01     0.60000000E+01    -0.11671512E+00     0.17844763E+00     0.41365653E+00     0.17209433E-01     140     0.39120480E-01
 0.13200000E+02     0.18129091E+01     0.23085190E-01     0.60000000E+01    -0.11496634E+00     0.17346294E+00     0.41417757E+00     0.17944457E-01     140     0.39120480E-01
 0.13300000E+02     0.18093328E+01     0.23979876E-01     0.60000000E+01    -0.11297214E+00     0.16875799E+00     0.41459849E+00     0.18819781E-01     140     0.39120480E-01
 0.13399998E+02     0.18064804E+01     0.24851942E-01     0.60000000E+01    -0.11114541E+00     0.16407782E+00     0.41508231E+00     0.19684400E-01     140     0.39120480E-01
 0.13499999E+02     0.18019919E+01     0.25848234E-01     0.60000000E+01    -0.10919434E+00     0.15952702E+00     0.41549346E+00     0.20667182E-01     140     0.39120480E-01
 0.13599999E+02     0.17963808E+01     0.26928985E-01     0.60000000E+01    -0.10721174E+00     0.15526026E+00     0.41583434E+00     0.21744981E-01     141     0.42607810E-01
 0.13700001E+02     0.17909608E+01     0.28038325E-01     0.60000000E+01    -0.10536462E+00     0.15120195E+00     0.41617975E+00     0.22849403E-01     141     0.42607810E-01
 0.13799997E+02     0.17841672E+01     0.29249704E-01     0.60000000E+01    -0.10350426E+00     0.14767998E+00     0.41652167E+00     0.24066843E-01     141     0.42607810E-01
 0.13899999E+02     0.17761959E+01     0.30568341E-01     0.60000000E+01    -0.10168389E+00     0.14432429E+00     0.41683659E+00     0.25389833E-01     141     0.42607810E-01
 0.13999999E+02     0.17680734E+01     0.31911317E-01     0.60000000E+01    -0.10003120E+00     0.14123289E+00     0.41715577E+00     0.26749529E-01     141     0.42607810E-01
 0.14100000E+02     0.17571417E+01     0.33432141E-01     0.60000000E+01    -0.98362155E-01     0.13874982E+00     0.41739714E+00     0.28291229E-01     141     0.42607810E-01
 0.14199998E+02     0.17457186E+01     0.35048652E-01     0.60000000E+01    -0.96928269E-01     0.13631107E+00     0.41764444E+00     0.29933108E-01     141     0.42607810E-01
 0.14299998E+02     0.17339621E+01     0.36674786E-01     0.60000000E+01    -0.95734417E-01     0.13428654E+00     0.41786432E+00     0.31595279E-01     141     0.42607810E-01
 0.14400000E+02     0.17172377E+01     0.38682736E-01     0.60000000E+01    -0.94651125E-01     0.13277487E+00     0.41802698E+00     0.33653244E-01     141     0.42607810E-01
 0.14500000E+02     0.16978292E+01     0.40931329E-01     0.60000000E+01    -0.93909167E-01     0.13177976E+00     0.41812983E+00     0.35963200E-01     141     0.42607810E-01
 0.14600000E+02     0.16751856E+01     0.43474779E-01     0.60000000E+01    -0.93542092E-01     0.13120481E+00     0.41813609E+00     0.38582105E-01     141     0.42607810E-01
 0.14699998E+02     0.16482844E+01     0.46424706E-01     0.60000000E+01    -0.93571477E-01     0.13121635E+00     0.41807374E+00     0.41624483E-01     140     0.39120480E-01
 0.14799999E+02     0.16179463E+01     0.49557734E-01     0.60000000E+01    -0.93864024E-01     0.13167514E+00     0.41794643E+00     0.44861127E-01     140     0.39120480E-01
 0.14900000E+02     0.15839821E+01     0.52629717E-01     0.60000000E+01    -0.94241172E-01     0.13246043E+00     0.41777918E+00     0.48044268E-01     140     0.39120480E-01
 0.15000001E+02     0.15515591E+01     0.54965407E-01     0.60000000E+01    -0.94484538E-01     0.13327914E+00     0.41758090E+00     0.50479129E-01     140     0.39120480E-01
 0.15199999E+02     0.14704700E+01     0.61832622E-01     0.60000000E+01    -0.95140971E-01     0.13633841E+00     0.41691113E+00     0.57570543E-01     140     0.39120480E-01
 0.15299999E+02     0.14254227E+01     0.67321427E-01     0.60000000E+01    -0.95946789E-01     0.13833104E+00     0.41648805E+00     0.63178673E-01     139     0.35858847E-01
 0.15400001E+02     0.14181283E+01     0.69048300E-01     0.60000000E+01    -0.96144021E-01     0.13884638E+00     0.41665512E+00     0.64946048E-01     139     0.35858847E-01
 0.15499998E+02     0.13870850E+01     0.73290132E-01     0.60000000E+01    -0.97063035E-01     0.13828135E+00     0.41647655E+00     0.69254234E-01     139     0.35858847E-01
 0.15599998E+02     0.13437858E+01     0.79299510E-01     0.60000000E+01    -0.98875113E-01     0.13598000E+00     0.41585982E+00     0.75347178E-01     139     0.35858847E-01
 0.15699999E+02     0.13402140E+01     0.80866218E-01     0.60000000E+01    -0.99341854E-01     0.13614608E+00     0.41641438E+00     0.76943018E-01     139     0.35858847E-01
 0.15800000E+02     0.13194559E+01     0.84506527E-01     0.60000000E+01    -0.10062966E+00     0.13425550E+00     0.41632959E+00     0.80628127E-01     139     0.35858847E-01
 0.15899998E+02     0.12897158E+01     0.89237288E-01     0.60000000E+01    -0.10242264E+00     0.13019109E+00     0.41605616E+00     0.85388355E-01     139     0.35858847E-01
 0.15999998E+02     0.12816417E+01     0.91346316E-01     0.60000000E+01    -0.10323077E+00     0.12729457E+00     0.41621763E+00     0.87508015E-01     139     0.35858847E-01
 0.16099998E+02     0.12655853E+01     0.94659224E-01     0.60000000E+01    -0.10470223E+00     0.12511653E+00     0.41630694E+00     0.90853639E-01     139     0.35858847E-01
 0.16200001E+02     0.12667733E+01     0.95811263E-01     0.60000000E+01    -0.10517056E+00     0.12490115E+00     0.41680843E+00     0.92021435E-01     139     0.35858847E-01
 0.16300001E+02     0.12494659E+01     0.99301793E-01     0.60000000E+01    -0.10677323E+00     0.12156929E+00     0.41675761E+00     0.95531188E-01     139     0.35858847E-01
 0.16399998E+02     0.12421981E+01     0.10136265E+00     0.60000000E+01    -0.10769472E+00     0.11804304E+00     0.41682935E+00     0.97592443E-01     139     0.35858847E-01
 0.16499998E+02     0.12298046E+01     0.10433502E+00     0.60000000E+01    -0.10916393E+00     0.11583306E+00     0.41716951E+00     0.10058706E+00     139     0.35858847E-01
 0.16600000E+02     0.12261301E+01     0.10606592E+00     0.60000000E+01    -0.11000626E+00     0.11312926E+00     0.41744730E+00     0.10231892E+00     139     0.35858847E-01
 0.16700001E+02     0.12233782E+01     0.10763153E+00     0.60000000E+01    -0.11074282E+00     0.11072783E+00     0.41740417E+00     0.10388501E+00     139     0.35858847E-01
 0.16799997E+02     0.12199198E+01     0.10958967E+00     0.60000000E+01    -0.11181293E+00     0.11076705E+00     0.41805142E+00     0.10587558E+00     139     0.35858847E-01
 0.16900000E+02     0.12124803E+01     0.11176670E+00     0.60000000E+01    -0.11294677E+00     0.10708679E+00     0.41849366E+00     0.10804435E+00     139     0.35858847E-01
 0.17000000E+02     0.12113777E+01     0.11310970E+00     0.60000000E+01    -0.11362961E+00     0.10479090E+00     0.41844404E+00     0.10938781E+00     139     0.35858847E-01
 0.17100000E+02     0.12077496E+01     0.11514918E+00     0.60000000E+01    -0.11480243E+00     0.10421735E+00     0.41870609E+00     0.11145372E+00     139     0.35858847E-01
 0.17199997E+02     0.12000140E+01     0.11731848E+00     0.60000000E+01    -0.11603559E+00     0.99971764E-01     0.41959381E+00     0.11360936E+00     139     0.35858847E-01
 0.17299999E+02     0.12011422E+01     0.11844230E+00     0.60000000E+01    -0.11664096E+00     0.98539591E-01     0.41944891E+00     0.11473526E+00     139     0.35858847E-01
 0.17400000E+02     0.11976298E+01     0.12043545E+00     0.60000000E+01    -0.11782873E+00     0.97570263E-01     0.42005837E+00     0.11675148E+00     139     0.35858847E-01
 0.17500000E+02     0.11920686E+01     0.12240139E+00     0.60000000E+01    -0.11905617E+00     0.93865439E-01     0.42000955E+00     0.11870500E+00     139     0.35858847E-01
 0.17599997E+02     0.11929750E+01     0.12350472E+00     0.60000000E+01    -0.11963675E+00     0.92469305E-01     0.42111334E+00     0.11980838E+00     139     0.35858847E-01
 0.17699999E+02     0.11942731E+01     0.12461193E+00     0.60000000E+01    -0.12028742E+00     0.90976126E-01     0.42086193E+00     0.12091760E+00     139     0.35858847E-01
 0.17799999E+02     0.11929630E+01     0.12637436E+00     0.60000000E+01    -0.12141018E+00     0.90867959E-01     0.42083511E+00     0.12270512E+00     140     0.39120480E-01
 0.17900000E+02     0.11953295E+01     0.12739639E+00     0.60000000E+01    -0.12203322E+00     0.90346947E-01     0.42104769E+00     0.12373584E+00     140     0.39120480E-01
 0.18000000E+02     0.11952215E+01     0.12864444E+00     0.60000000E+01    -0.12281668E+00     0.88340871E-01     0.42170405E+00     0.12497910E+00     140     0.39120480E-01
 0.18099998E+02     0.11976602E+01     0.12959675E+00     0.60000000E+01    -0.12342195E+00     0.87668329E-01     0.42191413E+00     0.12593310E+00     140     0.39120480E-01
 0.18199999E+02     0.11928457E+01     0.13167559E+00     0.60000000E+01    -0.12481063E+00     0.85377321E-01     0.42245331E+00     0.12801749E+00     140     0.39120480E-01
 0.18400000E+02     0.11962103E+01     0.13392636E+00     0.60000000E+01    -0.12632485E+00     0.83115369E-01     0.42455080E+00     0.13028534E+00     140     0.39120480E-01
 0.18499998E+02     0.11949600E+01     0.13526228E+00     0.60000000E+01    -0.12723692E+00     0.80521427E-01     0.42398059E+00     0.13160583E+00     140     0.39120480E-01
 0.18699999E+02     0.11967398E+01     0.13789470E+00     0.60000000E+01    -0.12913604E+00     0.79226561E-01     0.42517230E+00     0.13426535E+00     140     0.39120480E-01
 0.18800001E+02     0.11983100E+01     0.13904780E+00     0.60000000E+01    -0.12993936E+00     0.77930599E-01     0.42554501E+00     0.13542257E+00     140     0.39120480E-01
 0.18899998E+02     0.12012135E+01     0.13992988E+00     0.60000000E+01    -0.13050970E+00     0.77193469E-01     0.42569014E+00     0.13630922E+00     140     0.39120480E-01
 0.18999998E+02     0.12023184E+01     0.14101534E+00     0.60000000E+01    -0.13133942E+00     0.75308450E-01     0.42674294E+00     0.13739233E+00     140     0.39120480E-01
 0.19099998E+02     0.12074937E+01     0.14166191E+00     0.60000000E+01    -0.13179332E+00     0.75689942E-01     0.42744333E+00     0.13805506E+00     141     0.42607810E-01
