  
       RFOIL         Version 3.00
  
 Calculated polar for: OSO_2025_WT2_T30                
  
 1  Reynolds number fixed
  
 xtrf =      1.00000000 (suction)     1.00000000 (pressure)
 Rot. Parameters:  f0 =      1.00000000 c/r =      0.00000000
 Mach =      0.00000000     Re =     15.00000000 e 6     Ncrit =      9.00000000
  
             alpha                CL                CD            Re(CL)                CM             S_xtr             P_xtr               CDp            I_stag            X_stag
  ------- -------- --------- --------- -------- ------- ------- -------- 
-0.23500000E+02    -0.97395396E+00     0.15672079E+00     0.15000000E+02     0.30813776E-02     0.99808836E+00     0.52377574E-01     0.15488103E+00      87     0.64913616E-01
-0.23400002E+02    -0.96750623E+00     0.15602157E+00     0.15000000E+02     0.18440973E-02     0.99794275E+00     0.52565038E-01     0.15417932E+00      87     0.64913616E-01
-0.23300001E+02    -0.96218860E+00     0.15543717E+00     0.15000000E+02     0.12254629E-02     0.99793470E+00     0.52031096E-01     0.15359102E+00      87     0.64913616E-01
-0.23200001E+02    -0.95922971E+00     0.15460300E+00     0.15000000E+02     0.17176650E-03     0.99786067E+00     0.53876333E-01     0.15277016E+00      87     0.64913616E-01
-0.23100000E+02    -0.95319319E+00     0.15404341E+00     0.15000000E+02    -0.66275336E-03     0.99779624E+00     0.53886257E-01     0.15220487E+00      88     0.58372140E-01
-0.23000002E+02    -0.95040464E+00     0.15329929E+00     0.15000000E+02    -0.14133219E-02     0.99778384E+00     0.54652713E-01     0.15146862E+00      88     0.58372140E-01
-0.22900002E+02    -0.94471121E+00     0.15259379E+00     0.15000000E+02    -0.22836067E-02     0.99770963E+00     0.54596338E-01     0.15075809E+00      88     0.58372140E-01
-0.22400002E+02    -0.92448342E+00     0.14803162E+00     0.15000000E+02    -0.72206790E-02     0.99735647E+00     0.55748824E-01     0.14617373E+00      88     0.58372140E-01
-0.22300001E+02    -0.91767526E+00     0.14718834E+00     0.15000000E+02    -0.86079380E-02     0.99705356E+00     0.56274839E-01     0.14533092E+00      88     0.58372140E-01
-0.22200001E+02    -0.91263384E+00     0.14648873E+00     0.15000000E+02    -0.95435856E-02     0.99693131E+00     0.57382986E-01     0.14463441E+00      88     0.58372140E-01
-0.22100000E+02    -0.90587199E+00     0.14558956E+00     0.15000000E+02    -0.10986217E-01     0.99634659E+00     0.58041506E-01     0.14373650E+00      88     0.58372140E-01
-0.22000000E+02    -0.90258670E+00     0.14507727E+00     0.15000000E+02    -0.11300051E-01     0.99665022E+00     0.58604166E-01     0.14322516E+00      89     0.52287284E-01
-0.21900002E+02    -0.89542121E+00     0.14429453E+00     0.15000000E+02    -0.12616910E-01     0.99611646E+00     0.58339458E-01     0.14243390E+00      89     0.52287284E-01
-0.21700001E+02    -0.89266747E+00     0.14152889E+00     0.15000000E+02    -0.14910826E-01     0.99577695E+00     0.59885971E-01     0.13966204E+00      89     0.52287284E-01
-0.21600000E+02    -0.88866794E+00     0.14096037E+00     0.15000000E+02    -0.15437254E-01     0.99592865E+00     0.60345117E-01     0.13909590E+00      89     0.52287284E-01
-0.21500002E+02    -0.88166499E+00     0.14015672E+00     0.15000000E+02    -0.16820949E-01     0.99480170E+00     0.60864024E-01     0.13829188E+00      89     0.52287284E-01
-0.21400000E+02    -0.87717730E+00     0.13960822E+00     0.15000000E+02    -0.17326631E-01     0.99509138E+00     0.61260235E-01     0.13774446E+00      89     0.52287284E-01
-0.21300001E+02    -0.87184775E+00     0.13899082E+00     0.15000000E+02    -0.18016497E-01     0.99497920E+00     0.61432078E-01     0.13712563E+00      89     0.52287284E-01
-0.21200001E+02    -0.86824375E+00     0.13842250E+00     0.15000000E+02    -0.18116390E-01     0.99026531E+00     0.61525438E-01     0.13655187E+00      89     0.52287284E-01
-0.21100002E+02    -0.86403042E+00     0.13774732E+00     0.15000000E+02    -0.18747024E-01     0.98999894E+00     0.62288210E-01     0.13587788E+00      89     0.52287284E-01
-0.20800001E+02    -0.86085129E+00     0.13484201E+00     0.15000000E+02    -0.18921934E-01     0.65384388E+00     0.63465647E-01     0.13183008E+00      89     0.52287284E-01
-0.20700003E+02    -0.85563225E+00     0.13421141E+00     0.15000000E+02    -0.19548133E-01     0.62382400E+00     0.63652456E-01     0.13111115E+00      90     0.46679072E-01
-0.20600000E+02    -0.85304463E+00     0.13341795E+00     0.15000000E+02    -0.20213291E-01     0.63017386E+00     0.65182872E-01     0.13035105E+00      90     0.46679072E-01
-0.20500000E+02    -0.84792429E+00     0.13285686E+00     0.15000000E+02    -0.20814495E-01     0.60762942E+00     0.65401964E-01     0.12972632E+00      90     0.46679072E-01
-0.20400002E+02    -0.84397513E+00     0.13222522E+00     0.15000000E+02    -0.21377271E-01     0.61124730E+00     0.66229694E-01     0.12911206E+00      90     0.46679072E-01
-0.20300001E+02    -0.83898920E+00     0.13158734E+00     0.15000000E+02    -0.21968024E-01     0.59360683E+00     0.66508591E-01     0.12842257E+00      90     0.46679072E-01
-0.20200001E+02    -0.83472377E+00     0.13085563E+00     0.15000000E+02    -0.22577524E-01     0.59709662E+00     0.67365028E-01     0.12770486E+00      90     0.46679072E-01
-0.20100000E+02    -0.83027697E+00     0.13016702E+00     0.15000000E+02    -0.23176324E-01     0.58222938E+00     0.67855969E-01     0.12697518E+00      90     0.46679072E-01
-0.19900000E+02    -0.82567775E+00     0.12787610E+00     0.15000000E+02    -0.24838038E-01     0.58023518E+00     0.68647712E-01     0.12466234E+00      90     0.46679072E-01
-0.19800001E+02    -0.82093728E+00     0.12725505E+00     0.15000000E+02    -0.25397671E-01     0.56748378E+00     0.69331549E-01     0.12400737E+00      90     0.46679072E-01
-0.19700001E+02    -0.81616366E+00     0.12660229E+00     0.15000000E+02    -0.25971681E-01     0.56424701E+00     0.69900937E-01     0.12334446E+00      90     0.46679072E-01
-0.19600000E+02    -0.81129241E+00     0.12598592E+00     0.15000000E+02    -0.26545366E-01     0.56073725E+00     0.70516601E-01     0.12272211E+00      91     0.41550286E-01
-0.19500000E+02    -0.80805552E+00     0.12526511E+00     0.15000000E+02    -0.27093794E-01     0.55648339E+00     0.71647219E-01     0.12199852E+00      91     0.41550286E-01
-0.19400002E+02    -0.80289704E+00     0.12467088E+00     0.15000000E+02    -0.27611442E-01     0.55307990E+00     0.71799092E-01     0.12139255E+00      91     0.41550286E-01
-0.19300001E+02    -0.79791254E+00     0.12403819E+00     0.15000000E+02    -0.28177105E-01     0.54483008E+00     0.72181702E-01     0.12073866E+00      91     0.41550286E-01
-0.19200001E+02    -0.79416591E+00     0.12325842E+00     0.15000000E+02    -0.28783923E-01     0.54586828E+00     0.73002517E-01     0.11996228E+00      91     0.41550286E-01
-0.19000002E+02    -0.73704332E+00     0.12889659E+00     0.15000000E+02    -0.34378797E-01     0.53018403E+00     0.75083323E-01     0.12565427E+00      91     0.41550286E-01
-0.18700001E+02    -0.77618325E+00     0.11902282E+00     0.15000000E+02    -0.31894922E-01     0.53209430E+00     0.76721445E-01     0.11568279E+00      91     0.41550286E-01
-0.18600000E+02    -0.77245986E+00     0.11828769E+00     0.15000000E+02    -0.32464147E-01     0.52948236E+00     0.78025833E-01     0.11494827E+00      91     0.41550286E-01
-0.18500002E+02    -0.76757187E+00     0.11767664E+00     0.15000000E+02    -0.32929182E-01     0.52227283E+00     0.78288026E-01     0.11431630E+00      91     0.41550286E-01
-0.18400000E+02    -0.76160425E+00     0.11710840E+00     0.15000000E+02    -0.33446327E-01     0.51996052E+00     0.78183100E-01     0.11373598E+00      92     0.36888096E-01
-0.18300001E+02    -0.75947940E+00     0.11613045E+00     0.15000000E+02    -0.34074374E-01     0.51850039E+00     0.79652451E-01     0.11275873E+00      92     0.36888096E-01
-0.18200001E+02    -0.71484470E+00     0.12115857E+00     0.15000000E+02    -0.38011137E-01     0.51243049E+00     0.80381341E-01     0.11784668E+00      92     0.36888096E-01
-0.18100002E+02    -0.71085310E+00     0.12032808E+00     0.15000000E+02    -0.38421318E-01     0.50998127E+00     0.81123918E-01     0.11700847E+00      92     0.36888096E-01
-0.17900000E+02    -0.71190763E+00     0.11731704E+00     0.15000000E+02    -0.39607335E-01     0.50661123E+00     0.83725899E-01     0.11397865E+00      92     0.36888096E-01
-0.17800001E+02    -0.70869398E+00     0.11652169E+00     0.15000000E+02    -0.40005114E-01     0.50498253E+00     0.84568590E-01     0.11318153E+00      92     0.36888096E-01
-0.17700001E+02    -0.70371467E+00     0.11577300E+00     0.15000000E+02    -0.40389929E-01     0.50326073E+00     0.84626876E-01     0.11242433E+00      92     0.36888096E-01
-0.17600000E+02    -0.70110393E+00     0.11494496E+00     0.15000000E+02    -0.40776893E-01     0.50151098E+00     0.86149454E-01     0.11159718E+00      92     0.36888096E-01
-0.17500000E+02    -0.69692236E+00     0.11417142E+00     0.15000000E+02    -0.41167960E-01     0.49968106E+00     0.86933345E-01     0.11081697E+00      93     0.32668442E-01
-0.17400002E+02    -0.69275904E+00     0.11341222E+00     0.15000000E+02    -0.41553263E-01     0.49777198E+00     0.87719001E-01     0.11005165E+00      93     0.32668442E-01
-0.17300001E+02    -0.68902361E+00     0.11258959E+00     0.15000000E+02    -0.41952703E-01     0.49345005E+00     0.88743329E-01     0.10921672E+00      93     0.32668442E-01
-0.17200001E+02    -0.69198173E+00     0.11062777E+00     0.15000000E+02    -0.42690661E-01     0.49427795E+00     0.89753196E-01     0.10724334E+00      93     0.32668442E-01
-0.17100000E+02    -0.68890220E+00     0.10975750E+00     0.15000000E+02    -0.43083243E-01     0.49087647E+00     0.90785183E-01     0.10636672E+00      93     0.32668442E-01
-0.17000002E+02    -0.68549204E+00     0.10897607E+00     0.15000000E+02    -0.43473609E-01     0.48939189E+00     0.91750577E-01     0.10558426E+00      93     0.32668442E-01
-0.16900000E+02    -0.68169945E+00     0.10817539E+00     0.15000000E+02    -0.43845624E-01     0.48790374E+00     0.92630327E-01     0.10478058E+00      93     0.32668442E-01
-0.16800001E+02    -0.67768759E+00     0.10747523E+00     0.15000000E+02    -0.44210281E-01     0.48643655E+00     0.93567573E-01     0.10407661E+00      93     0.32668442E-01
-0.16700001E+02    -0.67346013E+00     0.10673027E+00     0.15000000E+02    -0.44587359E-01     0.48478144E+00     0.94498023E-01     0.10332604E+00      93     0.32668442E-01
-0.16600000E+02    -0.66952354E+00     0.10596663E+00     0.15000000E+02    -0.44962469E-01     0.48316014E+00     0.95653698E-01     0.10255907E+00      93     0.32668442E-01
-0.16500000E+02    -0.66692048E+00     0.10491573E+00     0.15000000E+02    -0.45406997E-01     0.48142305E+00     0.96935898E-01     0.10150333E+00      94     0.28860003E-01
-0.16400002E+02    -0.66970748E+00     0.10304934E+00     0.15000000E+02    -0.46074249E-01     0.48021856E+00     0.98095022E-01     0.99623568E-01      94     0.28860003E-01
-0.16300001E+02    -0.66650027E+00     0.10225271E+00     0.15000000E+02    -0.46442941E-01     0.47907457E+00     0.99195674E-01     0.98827988E-01      94     0.28860003E-01
-0.16200001E+02    -0.66277516E+00     0.10146620E+00     0.15000000E+02    -0.46804193E-01     0.47781804E+00     0.10031410E+00     0.98041087E-01      94     0.28860003E-01
-0.16100000E+02    -0.66028392E+00     0.10056946E+00     0.15000000E+02    -0.47167841E-01     0.47659233E+00     0.10285567E+00     0.97151488E-01      94     0.28860003E-01
-0.16000002E+02    -0.65661705E+00     0.99806026E-01     0.15000000E+02    -0.47533199E-01     0.47528550E+00     0.10441880E+00     0.96387468E-01      94     0.28860003E-01
-0.15900001E+02    -0.65422297E+00     0.98860353E-01     0.15000000E+02    -0.47924705E-01     0.47407448E+00     0.10586812E+00     0.95442295E-01      94     0.28860003E-01
-0.15800000E+02    -0.65796828E+00     0.96887089E-01     0.15000000E+02    -0.48607256E-01     0.47315511E+00     0.10707594E+00     0.93454316E-01      94     0.28860003E-01
-0.15700001E+02    -0.65464753E+00     0.96055880E-01     0.15000000E+02    -0.48975144E-01     0.47183436E+00     0.10846490E+00     0.92621140E-01      94     0.28860003E-01
-0.15600002E+02    -0.65055060E+00     0.95325194E-01     0.15000000E+02    -0.49327631E-01     0.46838763E+00     0.10972229E+00     0.91882437E-01      94     0.28860003E-01
-0.15500001E+02    -0.64696348E+00     0.94575137E-01     0.15000000E+02    -0.49670160E-01     0.46884176E+00     0.11162768E+00     0.91140077E-01      94     0.28860003E-01
-0.15400001E+02    -0.64403468E+00     0.93739256E-01     0.15000000E+02    -0.50031755E-01     0.46596560E+00     0.11334757E+00     0.90303309E-01      95     0.25427796E-01
-0.15300001E+02    -0.64165139E+00     0.92849404E-01     0.15000000E+02    -0.50388440E-01     0.46493235E+00     0.11496185E+00     0.89416578E-01      95     0.25427796E-01
-0.15200001E+02    -0.64551955E+00     0.90851270E-01     0.15000000E+02    -0.51064413E-01     0.46412587E+00     0.11646224E+00     0.87404512E-01      95     0.25427796E-01
-0.15100001E+02    -0.64212728E+00     0.90052664E-01     0.15000000E+02    -0.51415876E-01     0.46311221E+00     0.11817243E+00     0.86609088E-01      95     0.25427796E-01
-0.15000001E+02    -0.64306331E+00     0.88886924E-01     0.15000000E+02    -0.51777028E-01     0.46215737E+00     0.12239309E+00     0.85460171E-01      95     0.25427796E-01
-0.14900000E+02    -0.64016050E+00     0.88059746E-01     0.15000000E+02    -0.52115016E-01     0.46105886E+00     0.12433397E+00     0.84635586E-01      95     0.25427796E-01
-0.14800000E+02    -0.63706648E+00     0.87234609E-01     0.15000000E+02    -0.52457180E-01     0.45995864E+00     0.12648225E+00     0.83814643E-01      95     0.25427796E-01
-0.14700002E+02    -0.64273256E+00     0.85147530E-01     0.15000000E+02    -0.53125713E-01     0.45918280E+00     0.12889728E+00     0.81716716E-01      95     0.25427796E-01
-0.14600000E+02    -0.64139718E+00     0.84142759E-01     0.15000000E+02    -0.53482443E-01     0.45812282E+00     0.13116616E+00     0.80716953E-01      95     0.25427796E-01
-0.14500000E+02    -0.63858759E+00     0.83304651E-01     0.15000000E+02    -0.53811986E-01     0.45679483E+00     0.13338606E+00     0.79880886E-01      95     0.25427796E-01
-0.14400001E+02    -0.63639599E+00     0.82443565E-01     0.15000000E+02    -0.54141812E-01     0.45564440E+00     0.13632369E+00     0.79029799E-01      95     0.25427796E-01
-0.14300001E+02    -0.63593483E+00     0.81388891E-01     0.15000000E+02    -0.54494295E-01     0.45440736E+00     0.13901250E+00     0.77983566E-01      95     0.25427796E-01
-0.14200001E+02    -0.64176899E+00     0.79330847E-01     0.15000000E+02    -0.55137280E-01     0.45378762E+00     0.14150873E+00     0.75915128E-01      95     0.25427796E-01
-0.14100001E+02    -0.64049238E+00     0.78337848E-01     0.15000000E+02    -0.55470414E-01     0.45293683E+00     0.14469372E+00     0.74934117E-01      96     0.22336682E-01
-0.14000001E+02    -0.64041877E+00     0.77291198E-01     0.15000000E+02    -0.55795982E-01     0.45215222E+00     0.14791028E+00     0.73899962E-01      96     0.22336682E-01
-0.13900002E+02    -0.63885969E+00     0.76333076E-01     0.15000000E+02    -0.56134626E-01     0.45117736E+00     0.15115744E+00     0.72953299E-01      96     0.22336682E-01
-0.13800001E+02    -0.64798892E+00     0.74015722E-01     0.15000000E+02    -0.56780796E-01     0.45080921E+00     0.15459061E+00     0.70632510E-01      96     0.22336682E-01
-0.13700001E+02    -0.64745933E+00     0.72988890E-01     0.15000000E+02    -0.57112604E-01     0.44987100E+00     0.15798514E+00     0.69614381E-01      96     0.22336682E-01
-0.13600001E+02    -0.64786685E+00     0.71925998E-01     0.15000000E+02    -0.57431281E-01     0.44907397E+00     0.16195564E+00     0.68569146E-01      96     0.22336682E-01
-0.13400001E+02    -0.66464818E+00     0.67973472E-01     0.15000000E+02    -0.58049694E-01     0.44812497E+00     0.16977148E+00     0.64617053E-01      96     0.22336682E-01
-0.13300000E+02    -0.68583119E+00     0.64696923E-01     0.15000000E+02    -0.58740798E-01     0.44799021E+00     0.17907524E+00     0.61370272E-01      96     0.22336682E-01
-0.13200001E+02    -0.68745267E+00     0.63563168E-01     0.15000000E+02    -0.59056602E-01     0.44725758E+00     0.18337606E+00     0.60247809E-01      96     0.22336682E-01
-0.13100000E+02    -0.69136560E+00     0.62205408E-01     0.15000000E+02    -0.59381224E-01     0.44650936E+00     0.18807422E+00     0.58912009E-01      96     0.22336682E-01
-0.13000001E+02    -0.70317411E+00     0.59789158E-01     0.15000000E+02    -0.59978828E-01     0.44606555E+00     0.19251429E+00     0.56495868E-01      96     0.22336682E-01
-0.12900001E+02    -0.70715380E+00     0.58488943E-01     0.15000000E+02    -0.60273398E-01     0.44527486E+00     0.19691759E+00     0.55211227E-01      96     0.22336682E-01
-0.12800001E+02    -0.72028297E+00     0.56015424E-01     0.15000000E+02    -0.60841449E-01     0.44494987E+00     0.20139202E+00     0.52737739E-01      96     0.22336682E-01
-0.12700001E+02    -0.71096373E+00     0.55785034E-01     0.15000000E+02    -0.61096728E-01     0.44345465E+00     0.20010109E+00     0.52486230E-01      96     0.22336682E-01
-0.12600001E+02    -0.72868317E+00     0.53326685E-01     0.15000000E+02    -0.61433304E-01     0.44315284E+00     0.20990774E+00     0.50076216E-01      96     0.22336682E-01
-0.12500001E+02    -0.74273270E+00     0.50925341E-01     0.15000000E+02    -0.61922655E-01     0.44286218E+00     0.21386981E+00     0.47673263E-01      96     0.22336682E-01
-0.12400002E+02    -0.74584419E+00     0.49711045E-01     0.15000000E+02    -0.62187131E-01     0.44060633E+00     0.21794760E+00     0.46469867E-01      96     0.22336682E-01
-0.12300001E+02    -0.76160896E+00     0.47190841E-01     0.15000000E+02    -0.62665746E-01     0.44151333E+00     0.22156863E+00     0.43947373E-01      96     0.22336682E-01
-0.12200001E+02    -0.76384622E+00     0.46093773E-01     0.15000000E+02    -0.62898770E-01     0.43974301E+00     0.22529669E+00     0.42859849E-01      96     0.22336682E-01
-0.12100001E+02    -0.78064692E+00     0.43558966E-01     0.15000000E+02    -0.63345961E-01     0.43947098E+00     0.22852844E+00     0.40318109E-01      96     0.22336682E-01
-0.12000000E+02    -0.78322852E+00     0.42459913E-01     0.15000000E+02    -0.63558802E-01     0.43875906E+00     0.23200627E+00     0.39224263E-01      96     0.22336682E-01
-0.11900001E+02    -0.80021393E+00     0.40008117E-01     0.15000000E+02    -0.63950539E-01     0.43853834E+00     0.23508634E+00     0.36767792E-01      96     0.22336682E-01
-0.11800000E+02    -0.80545682E+00     0.38713954E-01     0.15000000E+02    -0.64159021E-01     0.43798769E+00     0.23804109E+00     0.35476740E-01      96     0.22336682E-01
-0.11700001E+02    -0.81947446E+00     0.36614157E-01     0.15000000E+02    -0.64484172E-01     0.43759382E+00     0.24080256E+00     0.33367399E-01      96     0.22336682E-01
-0.11500001E+02    -0.84457117E+00     0.32972571E-01     0.15000000E+02    -0.64879976E-01     0.43675676E+00     0.24584104E+00     0.29713344E-01      96     0.22336682E-01
-0.11400001E+02    -0.86446398E+00     0.30642429E-01     0.15000000E+02    -0.65059930E-01     0.43658864E+00     0.24818048E+00     0.27363073E-01      96     0.22336682E-01
-0.11300001E+02    -0.89058340E+00     0.28067844E-01     0.15000000E+02    -0.65061383E-01     0.43654087E+00     0.25012124E+00     0.24770916E-01      96     0.22336682E-01
-0.11200001E+02    -0.93116027E+00     0.24890825E-01     0.15000000E+02    -0.64625472E-01     0.43685639E+00     0.25150016E+00     0.21562640E-01      96     0.22336682E-01
-0.11100001E+02    -0.10211968E+01     0.86222179E-02     0.15000000E+02    -0.91937199E-01     0.43854737E+00     0.25688380E+00     0.48445645E-02      95     0.25427796E-01
-0.11000001E+02    -0.10071435E+01     0.83907172E-02     0.15000000E+02    -0.93056522E-01     0.43730527E+00     0.25996527E+00     0.46146223E-02      95     0.25427796E-01
-0.10900001E+02    -0.99353409E+00     0.82408618E-02     0.15000000E+02    -0.93907163E-01     0.43611482E+00     0.26265547E+00     0.44631264E-02      95     0.25427796E-01
-0.10800001E+02    -0.98004723E+00     0.81149479E-02     0.15000000E+02    -0.94677955E-01     0.43492094E+00     0.26531541E+00     0.43395376E-02      96     0.22336682E-01
-0.10700001E+02    -0.96652871E+00     0.79794722E-02     0.15000000E+02    -0.95468275E-01     0.43360046E+00     0.26752597E+00     0.42034071E-02      96     0.22336682E-01
-0.10600001E+02    -0.95313919E+00     0.78731533E-02     0.15000000E+02    -0.96169502E-01     0.43228659E+00     0.26963702E+00     0.40948088E-02      96     0.22336682E-01
-0.10500001E+02    -0.93987381E+00     0.77958130E-02     0.15000000E+02    -0.96785977E-01     0.43083683E+00     0.27151892E+00     0.40135570E-02      96     0.22336682E-01
-0.10400002E+02    -0.92658937E+00     0.77169817E-02     0.15000000E+02    -0.97404502E-01     0.42947108E+00     0.27338392E+00     0.39360626E-02      96     0.22336682E-01
-0.10300000E+02    -0.91287923E+00     0.75432309E-02     0.15000000E+02    -0.98272666E-01     0.42824751E+00     0.27749261E+00     0.37740953E-02      96     0.22336682E-01
-0.10200001E+02    -0.89967006E+00     0.74857073E-02     0.15000000E+02    -0.98827235E-01     0.42725283E+00     0.27893418E+00     0.37135731E-02      97     0.19552818E-01
-0.10100000E+02    -0.88649637E+00     0.74374229E-02     0.15000000E+02    -0.99355794E-01     0.42623147E+00     0.28024906E+00     0.36641557E-02      97     0.19552818E-01
-0.10000001E+02    -0.87327373E+00     0.73790932E-02     0.15000000E+02    -0.99910744E-01     0.42519021E+00     0.28164086E+00     0.36035189E-02      97     0.19552818E-01
-0.99000006E+01    -0.85990405E+00     0.72795297E-02     0.15000000E+02    -0.10057339E+00     0.42308637E+00     0.28413168E+00     0.35054327E-02      97     0.19552818E-01
-0.98000011E+01    -0.84655225E+00     0.71892617E-02     0.15000000E+02    -0.10120784E+00     0.42197114E+00     0.28735620E+00     0.34184512E-02      97     0.19552818E-01
-0.97000008E+01    -0.83345246E+00     0.71595823E-02     0.15000000E+02    -0.10168646E+00     0.42082366E+00     0.28829589E+00     0.33830169E-02      98     0.17045036E-01
-0.96000013E+01    -0.81997085E+00     0.70432741E-02     0.15000000E+02    -0.10238261E+00     0.41962525E+00     0.29192212E+00     0.32767574E-02      98     0.17045036E-01
-0.95000010E+01    -0.80674964E+00     0.69887242E-02     0.15000000E+02    -0.10292171E+00     0.41826925E+00     0.29351825E+00     0.32210031E-02      98     0.17045036E-01
-0.94000006E+01    -0.79362690E+00     0.69601429E-02     0.15000000E+02    -0.10339480E+00     0.41702941E+00     0.29426143E+00     0.31870620E-02      98     0.17045036E-01
-0.93000011E+01    -0.78045285E+00     0.69222027E-02     0.15000000E+02    -0.10388993E+00     0.41601053E+00     0.29583198E+00     0.31472850E-02      98     0.17045036E-01
-0.91999998E+01    -0.76733106E+00     0.68981037E-02     0.15000000E+02    -0.10435059E+00     0.41514453E+00     0.29654863E+00     0.31186200E-02      99     0.14785348E-01
-0.91000013E+01    -0.75408179E+00     0.68456721E-02     0.15000000E+02    -0.10488107E+00     0.41420436E+00     0.29828867E+00     0.30674564E-02      99     0.14785348E-01
-0.90000000E+01    -0.74072433E+00     0.67689628E-02     0.15000000E+02    -0.10547007E+00     0.41325480E+00     0.30067250E+00     0.29977662E-02      99     0.14785348E-01
-0.89000015E+01    -0.72759825E+00     0.67444723E-02     0.15000000E+02    -0.10593052E+00     0.41229400E+00     0.30127344E+00     0.29682429E-02      99     0.14785348E-01
-0.88000002E+01    -0.71448416E+00     0.67230253E-02     0.15000000E+02    -0.10638323E+00     0.41133109E+00     0.30186120E+00     0.29409355E-02      99     0.14785348E-01
-0.87000017E+01    -0.70134562E+00     0.66949008E-02     0.15000000E+02    -0.10685232E+00     0.41034073E+00     0.30314809E+00     0.29086128E-02     100     0.12748995E-01
-0.86000004E+01    -0.68832046E+00     0.66853785E-02     0.15000000E+02    -0.10727753E+00     0.40829733E+00     0.30368555E+00     0.28873428E-02     100     0.12748995E-01
-0.85000019E+01    -0.67522210E+00     0.66682030E-02     0.15000000E+02    -0.10771821E+00     0.40716323E+00     0.30465111E+00     0.28636972E-02     100     0.12748995E-01
-0.84000006E+01    -0.66205853E+00     0.66394936E-02     0.15000000E+02    -0.10818655E+00     0.40602872E+00     0.30567679E+00     0.28316507E-02     100     0.12748995E-01
-0.83000011E+01    -0.64887071E+00     0.66061537E-02     0.15000000E+02    -0.10866573E+00     0.40480989E+00     0.30681288E+00     0.27967824E-02     100     0.12748995E-01
-0.82000008E+01    -0.63562775E+00     0.65648784E-02     0.15000000E+02    -0.10916230E+00     0.40398493E+00     0.30807212E+00     0.27573607E-02     101     0.10914493E-01
-0.81000013E+01    -0.62247849E+00     0.65439651E-02     0.15000000E+02    -0.10960864E+00     0.40319526E+00     0.30854511E+00     0.27328285E-02     101     0.10914493E-01
-0.80000010E+01    -0.60927612E+00     0.65106926E-02     0.15000000E+02    -0.11008537E+00     0.40236467E+00     0.30980691E+00     0.26995793E-02     101     0.10914493E-01
-0.79000001E+01    -0.59615391E+00     0.64956681E-02     0.15000000E+02    -0.11051635E+00     0.40150625E+00     0.31024733E+00     0.26793433E-02     101     0.10914493E-01
-0.78000011E+01    -0.58301616E+00     0.64761108E-02     0.15000000E+02    -0.11095849E+00     0.40064448E+00     0.31127632E+00     0.26563394E-02     101     0.10914493E-01
-0.77000003E+01    -0.56992239E+00     0.64659761E-02     0.15000000E+02    -0.11137748E+00     0.39976138E+00     0.31170198E+00     0.26394508E-02     102     0.92633720E-02
-0.76000009E+01    -0.55681711E+00     0.64515886E-02     0.15000000E+02    -0.11180614E+00     0.39886877E+00     0.31307429E+00     0.26192106E-02     102     0.92633720E-02
-0.75000005E+01    -0.54364371E+00     0.64247851E-02     0.15000000E+02    -0.11226459E+00     0.39795059E+00     0.31430778E+00     0.25902216E-02     102     0.92633720E-02
-0.74000010E+01    -0.53053010E+00     0.64108530E-02     0.15000000E+02    -0.11269130E+00     0.39702594E+00     0.31479961E+00     0.25705809E-02     102     0.92633720E-02
-0.73000002E+01    -0.51727843E+00     0.63693034E-02     0.15000000E+02    -0.11318419E+00     0.39604315E+00     0.31655306E+00     0.25321166E-02     103     0.77798865E-02
-0.72000012E+01    -0.50426209E+00     0.63725146E-02     0.15000000E+02    -0.11356919E+00     0.39400253E+00     0.31631154E+00     0.25229084E-02     103     0.77798865E-02
-0.71000004E+01    -0.49099597E+00     0.63299905E-02     0.15000000E+02    -0.11406195E+00     0.39293835E+00     0.31845930E+00     0.24862611E-02     103     0.77798865E-02
-0.70000014E+01    -0.47786191E+00     0.63183946E-02     0.15000000E+02    -0.11447838E+00     0.39228565E+00     0.31880555E+00     0.24704784E-02     103     0.77798865E-02
-0.69000006E+01    -0.46472567E+00     0.63049993E-02     0.15000000E+02    -0.11489870E+00     0.39157522E+00     0.31963402E+00     0.24542918E-02     103     0.77798865E-02
-0.68000016E+01    -0.45162821E+00     0.62987893E-02     0.15000000E+02    -0.11530142E+00     0.39078799E+00     0.32037812E+00     0.24432365E-02     104     0.64506866E-02
-0.67000008E+01    -0.43854338E+00     0.62954756E-02     0.15000000E+02    -0.11569607E+00     0.39003891E+00     0.32061720E+00     0.24334705E-02     104     0.64506866E-02
-0.66000018E+01    -0.42547753E+00     0.62947762E-02     0.15000000E+02    -0.11608458E+00     0.38923034E+00     0.32081360E+00     0.24255833E-02     104     0.64506866E-02
-0.65000010E+01    -0.41235650E+00     0.62838546E-02     0.15000000E+02    -0.11649688E+00     0.38844502E+00     0.32126766E+00     0.24071224E-02     104     0.64506866E-02
-0.64000001E+01    -0.39923522E+00     0.62723090E-02     0.15000000E+02    -0.11691028E+00     0.38765982E+00     0.32174978E+00     0.23906708E-02     105     0.52645961E-02
-0.63000011E+01    -0.38609502E+00     0.62567214E-02     0.15000000E+02    -0.11733314E+00     0.38678819E+00     0.32258853E+00     0.23715610E-02     105     0.52645961E-02
-0.62000003E+01    -0.37298524E+00     0.62471488E-02     0.15000000E+02    -0.11774039E+00     0.38596094E+00     0.32307905E+00     0.23568573E-02     105     0.52645961E-02
-0.61000009E+01    -0.35988060E+00     0.62387576E-02     0.15000000E+02    -0.11814407E+00     0.38508087E+00     0.32345775E+00     0.23429608E-02     105     0.52645961E-02
-0.60000000E+01    -0.34676170E+00     0.62287701E-02     0.15000000E+02    -0.11855071E+00     0.38414249E+00     0.32390472E+00     0.23284622E-02     105     0.52645961E-02
-0.59000010E+01    -0.33364141E+00     0.62188935E-02     0.15000000E+02    -0.11895595E+00     0.38317204E+00     0.32432175E+00     0.23141245E-02     106     0.42122267E-02
-0.58000002E+01    -0.32054952E+00     0.62120226E-02     0.15000000E+02    -0.11935363E+00     0.38146755E+00     0.32468599E+00     0.23016632E-02     106     0.42122267E-02
-0.57000012E+01    -0.30740234E+00     0.62005240E-02     0.15000000E+02    -0.11976028E+00     0.38082007E+00     0.32507810E+00     0.22878074E-02     106     0.42122267E-02
-0.56000004E+01    -0.29426426E+00     0.61902660E-02     0.15000000E+02    -0.12016312E+00     0.38018435E+00     0.32547882E+00     0.22747708E-02     106     0.42122267E-02
-0.55000014E+01    -0.28114590E+00     0.61824052E-02     0.15000000E+02    -0.12055942E+00     0.37944719E+00     0.32581508E+00     0.22630165E-02     107     0.32861971E-02
-0.54000006E+01    -0.26803297E+00     0.61756987E-02     0.15000000E+02    -0.12095223E+00     0.37873951E+00     0.32614654E+00     0.22521820E-02     107     0.32861971E-02
-0.53000016E+01    -0.25492498E+00     0.61693960E-02     0.15000000E+02    -0.12134323E+00     0.37804970E+00     0.32651818E+00     0.22417447E-02     107     0.32861971E-02
-0.52000008E+01    -0.24183573E+00     0.61652954E-02     0.15000000E+02    -0.12172869E+00     0.37726390E+00     0.32687080E+00     0.22324896E-02     107     0.32861971E-02
-0.51000013E+01    -0.22875266E+00     0.61620986E-02     0.15000000E+02    -0.12211050E+00     0.37652168E+00     0.32721975E+00     0.22237673E-02     108     0.24803814E-02
-0.50000010E+01    -0.21568064E+00     0.61601787E-02     0.15000000E+02    -0.12248859E+00     0.37577745E+00     0.32756558E+00     0.22160099E-02     108     0.24803814E-02
-0.49000015E+01    -0.20261265E+00     0.61581545E-02     0.15000000E+02    -0.12286671E+00     0.37499559E+00     0.32816267E+00     0.22085444E-02     108     0.24803814E-02
-0.48000007E+01    -0.18955365E+00     0.61585470E-02     0.15000000E+02    -0.12323695E+00     0.37421778E+00     0.32846096E+00     0.22026263E-02     108     0.24803814E-02
-0.47000003E+01    -0.17650037E+00     0.61601149E-02     0.15000000E+02    -0.12360378E+00     0.37337857E+00     0.32873738E+00     0.21975026E-02     109     0.17901587E-02
-0.46000009E+01    -0.16345060E+00     0.61623729E-02     0.15000000E+02    -0.12396741E+00     0.37246957E+00     0.32896128E+00     0.21931999E-02     109     0.17901587E-02
-0.45000000E+01    -0.15040733E+00     0.61658500E-02     0.15000000E+02    -0.12432713E+00     0.37161258E+00     0.32916647E+00     0.21903282E-02     109     0.17901587E-02
-0.44000010E+01    -0.13730317E+00     0.61597493E-02     0.15000000E+02    -0.12470929E+00     0.37074625E+00     0.32966712E+00     0.21782368E-02     109     0.17901587E-02
-0.43000002E+01    -0.12419130E+00     0.61529009E-02     0.15000000E+02    -0.12509201E+00     0.36960438E+00     0.33012649E+00     0.21690447E-02     109     0.17901587E-02
-0.42000012E+01    -0.11107332E+00     0.61456244E-02     0.15000000E+02    -0.12547457E+00     0.36899123E+00     0.33059689E+00     0.21594567E-02     110     0.12126006E-02
-0.41000004E+01    -0.97963452E-01     0.61392756E-02     0.15000000E+02    -0.12585424E+00     0.36832821E+00     0.33109331E+00     0.21507274E-02     110     0.12126006E-02
-0.40000014E+01    -0.84862806E-01     0.61337315E-02     0.15000000E+02    -0.12623081E+00     0.36765632E+00     0.33154526E+00     0.21424610E-02     110     0.12126006E-02
-0.39000006E+01    -0.71765944E-01     0.61285719E-02     0.15000000E+02    -0.12660585E+00     0.36703783E+00     0.33199695E+00     0.21346454E-02     110     0.12126006E-02
-0.38000014E+01    -0.58683988E-01     0.61246497E-02     0.15000000E+02    -0.12697700E+00     0.36632437E+00     0.33240032E+00     0.21272204E-02     111     0.74606086E-03
-0.37000005E+01    -0.45606088E-01     0.61213761E-02     0.15000000E+02    -0.12734553E+00     0.36567110E+00     0.33280468E+00     0.21205815E-02     111     0.74606086E-03
-0.36000016E+01    -0.32542024E-01     0.61188922E-02     0.15000000E+02    -0.12771140E+00     0.36493805E+00     0.33322629E+00     0.21142033E-02     111     0.74606086E-03
-0.35000007E+01    -0.19481990E-01     0.61173029E-02     0.15000000E+02    -0.12807377E+00     0.36426789E+00     0.33356902E+00     0.21085124E-02     111     0.74606086E-03
-0.34000015E+01    -0.64051659E-02     0.61122756E-02     0.15000000E+02    -0.12844416E+00     0.36353031E+00     0.33427265E+00     0.21009762E-02     112     0.38927357E-03
-0.33000009E+01     0.66425898E-02     0.61124382E-02     0.15000000E+02    -0.12880000E+00     0.36277589E+00     0.33462521E+00     0.20967326E-02     112     0.38927357E-03
-0.32000017E+01     0.19693691E-01     0.61120847E-02     0.15000000E+02    -0.12915574E+00     0.36199534E+00     0.33501503E+00     0.20924062E-02     112     0.38927357E-03
-0.31000009E+01     0.32744996E-01     0.61123506E-02     0.15000000E+02    -0.12950879E+00     0.36120179E+00     0.33537555E+00     0.20887502E-02     112     0.38927357E-03
-0.30000000E+01     0.45788962E-01     0.61132968E-02     0.15000000E+02    -0.12985912E+00     0.36035132E+00     0.33571044E+00     0.20855521E-02     113     0.14580940E-03
-0.29000010E+01     0.58843795E-01     0.61135548E-02     0.15000000E+02    -0.13020918E+00     0.35965043E+00     0.33606446E+00     0.20835050E-02     113     0.14580940E-03
-0.28000002E+01     0.71918011E-01     0.61123301E-02     0.15000000E+02    -0.13056098E+00     0.35919634E+00     0.33639425E+00     0.20802235E-02     113     0.14580940E-03
-0.27000012E+01     0.84940612E-01     0.61150892E-02     0.15000000E+02    -0.13090347E+00     0.35807285E+00     0.33673263E+00     0.20784512E-02     113     0.14580940E-03
-0.26000004E+01     0.97977415E-01     0.61175535E-02     0.15000000E+02    -0.13124439E+00     0.35749018E+00     0.33703753E+00     0.20772964E-02     113     0.14580940E-03
-0.25000012E+01     0.11099607E+00     0.61217118E-02     0.15000000E+02    -0.13158023E+00     0.35687470E+00     0.33729711E+00     0.20772642E-02     114     0.22011809E-04
-0.24000003E+01     0.12399706E+00     0.61273864E-02     0.15000000E+02    -0.13191149E+00     0.35624272E+00     0.33752769E+00     0.20781755E-02     114     0.22011809E-04
-0.23000014E+01     0.13700955E+00     0.61308290E-02     0.15000000E+02    -0.13224700E+00     0.35563260E+00     0.33787769E+00     0.20754724E-02     114     0.22011809E-04
-0.22000005E+01     0.15004353E+00     0.61308430E-02     0.15000000E+02    -0.13259089E+00     0.35501930E+00     0.33837056E+00     0.20726174E-02     114     0.22011809E-04
-0.21000013E+01     0.16306484E+00     0.61317235E-02     0.15000000E+02    -0.13293156E+00     0.35436469E+00     0.33886489E+00     0.20702067E-02     115     0.52234973E-05
-0.20000007E+01     0.17610376E+00     0.61294883E-02     0.15000000E+02    -0.13327959E+00     0.35371146E+00     0.33971614E+00     0.20663985E-02     115     0.52234973E-05
-0.19000015E+01     0.18911777E+00     0.61309673E-02     0.15000000E+02    -0.13361618E+00     0.35305610E+00     0.34023622E+00     0.20649373E-02     115     0.52234973E-05
-0.18000008E+01     0.20212477E+00     0.61330660E-02     0.15000000E+02    -0.13395062E+00     0.35232025E+00     0.34065697E+00     0.20638164E-02     115     0.52234973E-05
-0.17000016E+01     0.21513675E+00     0.61342651E-02     0.15000000E+02    -0.13428542E+00     0.35158700E+00     0.34110638E+00     0.20625205E-02     116     0.82350911E-04
-0.16000009E+01     0.22814825E+00     0.61357259E-02     0.15000000E+02    -0.13461825E+00     0.35084060E+00     0.34148926E+00     0.20614821E-02     116     0.82350911E-04
-0.15000000E+01     0.24116348E+00     0.61366851E-02     0.15000000E+02    -0.13495100E+00     0.35009804E+00     0.34191257E+00     0.20605261E-02     116     0.82350911E-04
-0.14000009E+01     0.25416267E+00     0.61390935E-02     0.15000000E+02    -0.13527903E+00     0.34929645E+00     0.34229648E+00     0.20603742E-02     116     0.82350911E-04
-0.13000002E+01     0.26719540E+00     0.61386572E-02     0.15000000E+02    -0.13561177E+00     0.34839851E+00     0.34268534E+00     0.20599342E-02     116     0.82350911E-04
-0.12000011E+01     0.28020903E+00     0.61396640E-02     0.15000000E+02    -0.13593997E+00     0.34786808E+00     0.34305051E+00     0.20597088E-02     117     0.24611084E-03
-0.11000003E+01     0.29321915E+00     0.61415993E-02     0.15000000E+02    -0.13626438E+00     0.34734529E+00     0.34341764E+00     0.20601517E-02     117     0.24611084E-03
-0.10000012E+01     0.30620754E+00     0.61448794E-02     0.15000000E+02    -0.13658452E+00     0.34675360E+00     0.34378517E+00     0.20613302E-02     117     0.24611084E-03
-0.90000039E+00     0.31919494E+00     0.61484198E-02     0.15000000E+02    -0.13690224E+00     0.34623608E+00     0.34417307E+00     0.20629028E-02     117     0.24611084E-03
-0.80000126E+00     0.33215517E+00     0.61538694E-02     0.15000000E+02    -0.13721447E+00     0.34563357E+00     0.34454766E+00     0.20656334E-02     118     0.50025358E-03
-0.70000046E+00     0.34510753E+00     0.61601661E-02     0.15000000E+02    -0.13752337E+00     0.34506807E+00     0.34489617E+00     0.20687985E-02     118     0.50025358E-03
-0.60000139E+00     0.35804054E+00     0.61678463E-02     0.15000000E+02    -0.13782732E+00     0.34446913E+00     0.34522268E+00     0.20728055E-02     118     0.50025358E-03
-0.50000060E+00     0.37096271E+00     0.61766040E-02     0.15000000E+02    -0.13812669E+00     0.34387377E+00     0.34553200E+00     0.20774631E-02     118     0.50025358E-03
-0.40000150E+00     0.38386348E+00     0.61869519E-02     0.15000000E+02    -0.13842151E+00     0.34325263E+00     0.34582809E+00     0.20831223E-02     118     0.50025358E-03
-0.30000070E+00     0.39675638E+00     0.61982707E-02     0.15000000E+02    -0.13871177E+00     0.34260353E+00     0.34608436E+00     0.20896029E-02     119     0.85647090E-03
-0.20000160E+00     0.40966955E+00     0.62068375E-02     0.15000000E+02    -0.13900787E+00     0.34198889E+00     0.34642515E+00     0.20926534E-02     119     0.85647090E-03
-0.10000080E+00     0.42263046E+00     0.62085716E-02     0.15000000E+02    -0.13932084E+00     0.34128168E+00     0.34736115E+00     0.20938581E-02     119     0.85647090E-03
 0.00000000E+00     0.43556628E+00     0.62135160E-02     0.15000000E+02    -0.13962419E+00     0.34058920E+00     0.34788689E+00     0.20971806E-02     119     0.85647090E-03
 0.99999093E-01     0.44849876E+00     0.62187221E-02     0.15000000E+02    -0.13992460E+00     0.33984926E+00     0.34838361E+00     0.21007545E-02     119     0.85647090E-03
 0.19999990E+00     0.46142539E+00     0.62240339E-02     0.15000000E+02    -0.14022374E+00     0.33914816E+00     0.34885290E+00     0.21046209E-02     120     0.13216801E-02
 0.29999900E+00     0.47440261E+00     0.62252996E-02     0.15000000E+02    -0.14053032E+00     0.33869982E+00     0.34930640E+00     0.21080822E-02     120     0.13216801E-02
 0.39999980E+00     0.48737255E+00     0.62266048E-02     0.15000000E+02    -0.14083575E+00     0.33825287E+00     0.34977269E+00     0.21104049E-02     120     0.13216801E-02
 0.49999887E+00     0.50029200E+00     0.62316940E-02     0.15000000E+02    -0.14113104E+00     0.33733052E+00     0.35017458E+00     0.21142750E-02     120     0.13216801E-02
 0.59999967E+00     0.51322091E+00     0.62357583E-02     0.15000000E+02    -0.14142717E+00     0.33680719E+00     0.35061514E+00     0.21183207E-02     120     0.13216801E-02
 0.69999880E+00     0.52613842E+00     0.62409244E-02     0.15000000E+02    -0.14171892E+00     0.33628461E+00     0.35102198E+00     0.21231151E-02     121     0.19007844E-02
 0.79999959E+00     0.53903538E+00     0.62472755E-02     0.15000000E+02    -0.14200650E+00     0.33572626E+00     0.35144338E+00     0.21285126E-02     121     0.19007844E-02
 0.89999866E+00     0.55192405E+00     0.62544523E-02     0.15000000E+02    -0.14229004E+00     0.33523381E+00     0.35181814E+00     0.21345001E-02     121     0.19007844E-02
 0.99999946E+00     0.56478637E+00     0.62632384E-02     0.15000000E+02    -0.14256863E+00     0.33466405E+00     0.35222387E+00     0.21413416E-02     121     0.19007844E-02
 0.10999986E+01     0.57763755E+00     0.62728613E-02     0.15000000E+02    -0.14284329E+00     0.33410975E+00     0.35262957E+00     0.21488112E-02     121     0.19007844E-02
 0.11999993E+01     0.59047323E+00     0.62836413E-02     0.15000000E+02    -0.14311300E+00     0.33355165E+00     0.35297623E+00     0.21569678E-02     122     0.25991555E-02
 0.12999984E+01     0.60329497E+00     0.62952489E-02     0.15000000E+02    -0.14337955E+00     0.33297452E+00     0.35340050E+00     0.21657702E-02     122     0.25991555E-02
 0.13999993E+01     0.61610162E+00     0.63077132E-02     0.15000000E+02    -0.14364251E+00     0.33234823E+00     0.35373548E+00     0.21749744E-02     122     0.25991555E-02
 0.14999983E+01     0.62891477E+00     0.63193254E-02     0.15000000E+02    -0.14390507E+00     0.33175087E+00     0.35437089E+00     0.21843929E-02     122     0.25991555E-02
 0.15999992E+01     0.64171070E+00     0.63326810E-02     0.15000000E+02    -0.14416148E+00     0.33111641E+00     0.35464585E+00     0.21945103E-02     122     0.25991555E-02
 0.16999999E+01     0.65449786E+00     0.63467110E-02     0.15000000E+02    -0.14441393E+00     0.33044392E+00     0.35488161E+00     0.22053868E-02     123     0.34217748E-02
 0.17999990E+01     0.66731924E+00     0.63560242E-02     0.15000000E+02    -0.14467855E+00     0.32979786E+00     0.35537231E+00     0.22117747E-02     123     0.34217748E-02
 0.18999999E+01     0.68012035E+00     0.63662971E-02     0.15000000E+02    -0.14493899E+00     0.32869250E+00     0.35592490E+00     0.22217059E-02     123     0.34217748E-02
 0.19999989E+01     0.69300294E+00     0.63703666E-02     0.15000000E+02    -0.14521298E+00     0.32832429E+00     0.35646942E+00     0.22276924E-02     123     0.34217748E-02
 0.20999997E+01     0.70585930E+00     0.63760825E-02     0.15000000E+02    -0.14548108E+00     0.32785401E+00     0.35699421E+00     0.22345996E-02     123     0.34217748E-02
 0.21999989E+01     0.71869946E+00     0.63826703E-02     0.15000000E+02    -0.14574572E+00     0.32738757E+00     0.35750765E+00     0.22423710E-02     124     0.43732501E-02
 0.22999997E+01     0.73152661E+00     0.63898419E-02     0.15000000E+02    -0.14600717E+00     0.32692710E+00     0.35801673E+00     0.22506122E-02     124     0.43732501E-02
 0.23999987E+01     0.74433881E+00     0.63978285E-02     0.15000000E+02    -0.14626499E+00     0.32643080E+00     0.35848626E+00     0.22593378E-02     124     0.43732501E-02
 0.24999995E+01     0.75713098E+00     0.64069657E-02     0.15000000E+02    -0.14651848E+00     0.32591712E+00     0.35890362E+00     0.22687581E-02     124     0.43732501E-02
 0.25999987E+01     0.76991218E+00     0.64165131E-02     0.15000000E+02    -0.14676875E+00     0.32542607E+00     0.35934967E+00     0.22785710E-02     124     0.43732501E-02
 0.26999993E+01     0.78267306E+00     0.64273244E-02     0.15000000E+02    -0.14701456E+00     0.32490569E+00     0.35979179E+00     0.22893059E-02     125     0.54580495E-02
 0.27999985E+01     0.79541463E+00     0.64392905E-02     0.15000000E+02    -0.14725542E+00     0.32439032E+00     0.36022297E+00     0.23005926E-02     125     0.54580495E-02
 0.28999994E+01     0.80813557E+00     0.64523052E-02     0.15000000E+02    -0.14749216E+00     0.32387999E+00     0.36063272E+00     0.23124763E-02     125     0.54580495E-02
 0.29999983E+01     0.82083398E+00     0.64669140E-02     0.15000000E+02    -0.14772227E+00     0.32331514E+00     0.36104852E+00     0.23253541E-02     125     0.54580495E-02
 0.30999992E+01     0.83353037E+00     0.64812615E-02     0.15000000E+02    -0.14795168E+00     0.32278258E+00     0.36147505E+00     0.23381952E-02     125     0.54580495E-02
 0.31999984E+01     0.84621316E+00     0.64963805E-02     0.15000000E+02    -0.14817674E+00     0.32219514E+00     0.36188135E+00     0.23515732E-02     125     0.54580495E-02
 0.32999990E+01     0.85880995E+00     0.65171537E-02     0.15000000E+02    -0.14838596E+00     0.32103539E+00     0.36227256E+00     0.23677447E-02     126     0.66809705E-02
 0.33999999E+01     0.87148696E+00     0.65321987E-02     0.15000000E+02    -0.14860733E+00     0.32042393E+00     0.36264613E+00     0.23814994E-02     126     0.66809705E-02
 0.34999990E+01     0.88414586E+00     0.65479944E-02     0.15000000E+02    -0.14882471E+00     0.31976008E+00     0.36330536E+00     0.23960657E-02     126     0.66809705E-02
 0.35999999E+01     0.89678395E+00     0.65652840E-02     0.15000000E+02    -0.14903571E+00     0.31911367E+00     0.36358210E+00     0.24112300E-02     126     0.66809705E-02
 0.36999989E+01     0.90948910E+00     0.65767788E-02     0.15000000E+02    -0.14925948E+00     0.31812415E+00     0.36390787E+00     0.24225716E-02     126     0.66809705E-02
 0.37999997E+01     0.92200470E+00     0.66000759E-02     0.15000000E+02    -0.14945324E+00     0.31610286E+00     0.36446729E+00     0.24403166E-02     127     0.80471234E-02
 0.38999987E+01     0.93450326E+00     0.66241915E-02     0.15000000E+02    -0.14964296E+00     0.31469515E+00     0.36505261E+00     0.24592751E-02     127     0.80471234E-02
 0.39999995E+01     0.94691151E+00     0.66541135E-02     0.15000000E+02    -0.14981581E+00     0.31317854E+00     0.36558923E+00     0.24814736E-02     127     0.80471234E-02
 0.40999985E+01     0.95950305E+00     0.66711367E-02     0.15000000E+02    -0.15001929E+00     0.31254804E+00     0.36614013E+00     0.24975310E-02     127     0.80471234E-02
 0.41999993E+01     0.97190636E+00     0.67002862E-02     0.15000000E+02    -0.15018976E+00     0.31072345E+00     0.36667666E+00     0.25196820E-02     127     0.80471234E-02
 0.42999988E+01     0.98440236E+00     0.67225760E-02     0.15000000E+02    -0.15037560E+00     0.30906051E+00     0.36715806E+00     0.25391760E-02     127     0.80471234E-02
 0.43999991E+01     0.99695641E+00     0.67404397E-02     0.15000000E+02    -0.15057099E+00     0.30763811E+00     0.36764902E+00     0.25557717E-02     128     0.95619382E-02
 0.44999986E+01     0.10095556E+01     0.67547965E-02     0.15000000E+02    -0.15077357E+00     0.30700427E+00     0.36813304E+00     0.25712214E-02     128     0.95619382E-02
 0.45999994E+01     0.10221236E+01     0.67709628E-02     0.15000000E+02    -0.15096867E+00     0.30632505E+00     0.36859825E+00     0.25877012E-02     128     0.95619382E-02
 0.47000003E+01     0.10344355E+01     0.68038739E-02     0.15000000E+02    -0.15111829E+00     0.30461755E+00     0.36901382E+00     0.26133149E-02     128     0.95619382E-02
 0.47999973E+01     0.10464959E+01     0.68530263E-02     0.15000000E+02    -0.15122290E+00     0.30202124E+00     0.36945152E+00     0.26478940E-02     128     0.95619382E-02
 0.48999982E+01     0.10589808E+01     0.68733771E-02     0.15000000E+02    -0.15140022E+00     0.30119675E+00     0.36992025E+00     0.26672375E-02     129     0.11231796E-01
 0.49999990E+01     0.10713391E+01     0.69010467E-02     0.15000000E+02    -0.15155624E+00     0.29918385E+00     0.37072727E+00     0.26905234E-02     129     0.11231796E-01
 0.50999999E+01     0.10836768E+01     0.69301035E-02     0.15000000E+02    -0.15170591E+00     0.29735595E+00     0.37112185E+00     0.27144458E-02     129     0.11231796E-01
 0.52000008E+01     0.10963118E+01     0.69395006E-02     0.15000000E+02    -0.15190509E+00     0.29762506E+00     0.37154138E+00     0.27280990E-02     129     0.11231796E-01
 0.52999978E+01     0.11084981E+01     0.69775619E-02     0.15000000E+02    -0.15202577E+00     0.29566452E+00     0.37193480E+00     0.27579125E-02     129     0.11231796E-01
 0.53999987E+01     0.11208208E+01     0.70064347E-02     0.15000000E+02    -0.15216756E+00     0.29471260E+00     0.37228328E+00     0.27827322E-02     129     0.11231796E-01
 0.54999995E+01     0.11331205E+01     0.70362231E-02     0.15000000E+02    -0.15230533E+00     0.29382712E+00     0.37258568E+00     0.28083753E-02     130     0.13063635E-01
 0.56000004E+01     0.11454004E+01     0.70665847E-02     0.15000000E+02    -0.15243858E+00     0.29279652E+00     0.37296319E+00     0.28328490E-02     130     0.13063635E-01
 0.56999979E+01     0.11575153E+01     0.71062301E-02     0.15000000E+02    -0.15254523E+00     0.29040745E+00     0.37357485E+00     0.28635697E-02     130     0.13063635E-01
 0.57999988E+01     0.11694691E+01     0.71550584E-02     0.15000000E+02    -0.15262429E+00     0.28701493E+00     0.37414137E+00     0.29008058E-02     130     0.13063635E-01
 0.58999996E+01     0.11817117E+01     0.71850028E-02     0.15000000E+02    -0.15275200E+00     0.28586990E+00     0.37474009E+00     0.29278188E-02     130     0.13063635E-01
 0.60000000E+01     0.11938699E+01     0.72194929E-02     0.15000000E+02    -0.15286525E+00     0.28468320E+00     0.37526074E+00     0.29582200E-02     131     0.15065445E-01
 0.60999975E+01     0.12060094E+01     0.72547058E-02     0.15000000E+02    -0.15297359E+00     0.28339487E+00     0.37585753E+00     0.29891864E-02     131     0.15065445E-01
 0.61999984E+01     0.12178875E+01     0.73054889E-02     0.15000000E+02    -0.15303610E+00     0.28012961E+00     0.37634298E+00     0.30269879E-02     131     0.15065445E-01
 0.62999992E+01     0.12296741E+01     0.73611503E-02     0.15000000E+02    -0.15308145E+00     0.27701172E+00     0.37686631E+00     0.30711852E-02     131     0.15065445E-01
 0.64000001E+01     0.12416480E+01     0.74042236E-02     0.15000000E+02    -0.15315853E+00     0.27541956E+00     0.37737042E+00     0.31077755E-02     131     0.15065445E-01
 0.65000010E+01     0.12535728E+01     0.74497894E-02     0.15000000E+02    -0.15322627E+00     0.27365896E+00     0.37785316E+00     0.31465208E-02     131     0.15065445E-01
 0.65999980E+01     0.12656088E+01     0.74874680E-02     0.15000000E+02    -0.15331282E+00     0.27177882E+00     0.37831032E+00     0.31770631E-02     132     0.17246265E-01
 0.66999989E+01     0.12772357E+01     0.75497343E-02     0.15000000E+02    -0.15332638E+00     0.26829281E+00     0.37879586E+00     0.32265959E-02     132     0.17246265E-01
 0.67999997E+01     0.12887837E+01     0.76152701E-02     0.15000000E+02    -0.15332703E+00     0.26567161E+00     0.37963095E+00     0.32795547E-02     132     0.17246265E-01
 0.69000006E+01     0.12992921E+01     0.77437772E-02     0.15000000E+02    -0.15314314E+00     0.25823072E+00     0.38011897E+00     0.33698599E-02     132     0.17246265E-01
 0.69999981E+01     0.13106771E+01     0.78173727E-02     0.15000000E+02    -0.15311058E+00     0.25530323E+00     0.38052329E+00     0.34284708E-02     132     0.17246265E-01
 0.70999990E+01     0.13222061E+01     0.78810491E-02     0.15000000E+02    -0.15310284E+00     0.25193557E+00     0.38093689E+00     0.34758891E-02     132     0.17246265E-01
 0.71999998E+01     0.13333327E+01     0.79678260E-02     0.15000000E+02    -0.15302296E+00     0.24836133E+00     0.38133830E+00     0.35452168E-02     133     0.19616185E-01
 0.73000002E+01     0.13432624E+01     0.81243878E-02     0.15000000E+02    -0.15273236E+00     0.24026103E+00     0.38165191E+00     0.36573140E-02     133     0.19616185E-01
 0.73999977E+01     0.13539696E+01     0.82326336E-02     0.15000000E+02    -0.15257689E+00     0.23522574E+00     0.38193464E+00     0.37357425E-02     133     0.19616185E-01
 0.74999986E+01     0.13642082E+01     0.83657848E-02     0.15000000E+02    -0.15234275E+00     0.22938894E+00     0.38252810E+00     0.38394425E-02     133     0.19616185E-01
 0.75999994E+01     0.13699878E+01     0.87529197E-02     0.15000000E+02    -0.15132803E+00     0.20879820E+00     0.38305718E+00     0.41080387E-02     133     0.19616185E-01
 0.77000003E+01     0.13788871E+01     0.89548342E-02     0.15000000E+02    -0.15085882E+00     0.19932114E+00     0.38363922E+00     0.42596767E-02     133     0.19616185E-01
 0.79999990E+01     0.13871568E+01     0.10508527E-01     0.15000000E+02    -0.14621751E+00     0.12358668E+00     0.38501805E+00     0.53940606E-02     134     0.22186713E-01
 0.81000004E+01     0.13955557E+01     0.10703684E-01     0.15000000E+02    -0.14565712E+00     0.11575251E+00     0.38553336E+00     0.55480031E-02     134     0.22186713E-01
 0.82000008E+01     0.14039756E+01     0.10890630E-01     0.15000000E+02    -0.14509834E+00     0.10854752E+00     0.38604003E+00     0.56966371E-02     134     0.22186713E-01
 0.82999983E+01     0.14124043E+01     0.11069253E-01     0.15000000E+02    -0.14453964E+00     0.10216034E+00     0.38654834E+00     0.58403634E-02     134     0.22186713E-01
 0.83999987E+01     0.14212687E+01     0.11220762E-01     0.15000000E+02    -0.14405662E+00     0.97485438E-01     0.38701189E+00     0.59696557E-02     134     0.22186713E-01
 0.85000000E+01     0.14302510E+01     0.11362421E-01     0.15000000E+02    -0.14359164E+00     0.92648104E-01     0.38747835E+00     0.60858265E-02     134     0.22186713E-01
 0.86000004E+01     0.14390787E+01     0.11505599E-01     0.15000000E+02    -0.14310269E+00     0.88993452E-01     0.38837299E+00     0.62108533E-02     134     0.22186713E-01
 0.86999979E+01     0.14482753E+01     0.11628539E-01     0.15000000E+02    -0.14267315E+00     0.85258618E-01     0.38883480E+00     0.63144909E-02     135     0.24970656E-01
 0.87999983E+01     0.14557388E+01     0.11820314E-01     0.15000000E+02    -0.14193736E+00     0.79400107E-01     0.38928118E+00     0.64765145E-02     135     0.24970656E-01
 0.88999996E+01     0.14650273E+01     0.11928828E-01     0.15000000E+02    -0.14152120E+00     0.77041581E-01     0.38970092E+00     0.65705599E-02     135     0.24970656E-01
 0.90000000E+01     0.14738159E+01     0.12054306E-01     0.15000000E+02    -0.14101575E+00     0.74800946E-01     0.39013356E+00     0.66826595E-02     135     0.24970656E-01
 0.90999975E+01     0.14827105E+01     0.12171391E-01     0.15000000E+02    -0.14052898E+00     0.72470777E-01     0.39054033E+00     0.67883865E-02     135     0.24970656E-01
 0.91999989E+01     0.14918085E+01     0.12277202E-01     0.15000000E+02    -0.14007694E+00     0.70455305E-01     0.39091724E+00     0.68823081E-02     135     0.24970656E-01
 0.92999992E+01     0.15006503E+01     0.12390387E-01     0.15000000E+02    -0.13957953E+00     0.68827830E-01     0.39121372E+00     0.69860523E-02     135     0.24970656E-01
 0.94000006E+01     0.15090721E+01     0.12516973E-01     0.15000000E+02    -0.13900994E+00     0.67045830E-01     0.39167467E+00     0.71004070E-02     136     0.27982261E-01
 0.94999971E+01     0.15178914E+01     0.12624846E-01     0.15000000E+02    -0.13851054E+00     0.65275654E-01     0.39226481E+00     0.72019198E-02     136     0.27982261E-01
 0.95999985E+01     0.15267196E+01     0.12726697E-01     0.15000000E+02    -0.13801163E+00     0.63886046E-01     0.39291877E+00     0.72969375E-02     136     0.27982261E-01
 0.96999989E+01     0.15351447E+01     0.12838471E-01     0.15000000E+02    -0.13744126E+00     0.62568858E-01     0.39349052E+00     0.74031120E-02     136     0.27982261E-01
 0.98000002E+01     0.15431448E+01     0.12961830E-01     0.15000000E+02    -0.13679542E+00     0.61246548E-01     0.39407399E+00     0.75195073E-02     136     0.27982261E-01
 0.99000006E+01     0.15510722E+01     0.13085134E-01     0.15000000E+02    -0.13613898E+00     0.59885219E-01     0.39463058E+00     0.76362868E-02     136     0.27982261E-01
 0.99999981E+01     0.15577928E+01     0.13191273E-01     0.15000000E+02    -0.13522978E+00     0.58505964E-01     0.39517868E+00     0.77407770E-02     136     0.27982261E-01
 0.10099998E+02     0.15589561E+01     0.13307458E-01     0.15000000E+02    -0.13322410E+00     0.56960229E-01     0.39560404E+00     0.78552421E-02     136     0.27982261E-01
 0.10200000E+02     0.15648212E+01     0.13440680E-01     0.15000000E+02    -0.13216312E+00     0.56035526E-01     0.39603156E+00     0.79871509E-02     137     0.31237058E-01
 0.10300000E+02     0.15726402E+01     0.13545332E-01     0.15000000E+02    -0.13147423E+00     0.56041747E-01     0.39657614E+00     0.80956202E-02     137     0.31237058E-01
 0.10399998E+02     0.15777806E+01     0.13742302E-01     0.15000000E+02    -0.13032590E+00     0.54143008E-01     0.39698207E+00     0.82824286E-02     137     0.31237058E-01
 0.10499999E+02     0.15847930E+01     0.13888462E-01     0.15000000E+02    -0.12951988E+00     0.53001434E-01     0.39792910E+00     0.84273517E-02     137     0.31237058E-01
 0.10599999E+02     0.15922215E+01     0.14024361E-01     0.15000000E+02    -0.12879471E+00     0.52069794E-01     0.39834300E+00     0.85610179E-02     137     0.31237058E-01
 0.10700000E+02     0.15993595E+01     0.14166893E-01     0.15000000E+02    -0.12802066E+00     0.51364124E-01     0.39884415E+00     0.87029189E-02     137     0.31237058E-01
 0.10799997E+02     0.16062733E+01     0.14316655E-01     0.15000000E+02    -0.12721345E+00     0.50679684E-01     0.39928776E+00     0.88519398E-02     137     0.31237058E-01
 0.10899999E+02     0.16119075E+01     0.14514283E-01     0.15000000E+02    -0.12620285E+00     0.49244471E-01     0.39970362E+00     0.90423785E-02     137     0.31237058E-01
 0.10999999E+02     0.16197033E+01     0.14639582E-01     0.15000000E+02    -0.12556192E+00     0.49278576E-01     0.40012580E+00     0.91706384E-02     137     0.31237058E-01
 0.11100000E+02     0.16258680E+01     0.14815533E-01     0.15000000E+02    -0.12464966E+00     0.48538949E-01     0.40045685E+00     0.93443878E-02     138     0.34752071E-01
 0.11200001E+02     0.16314861E+01     0.15014451E-01     0.15000000E+02    -0.12365748E+00     0.46879657E-01     0.40077892E+00     0.95381383E-02     138     0.34752071E-01
 0.11299998E+02     0.16384604E+01     0.15171033E-01     0.15000000E+02    -0.12290102E+00     0.46373226E-01     0.40120298E+00     0.96938554E-02     138     0.34752071E-01
 0.11399999E+02     0.16447400E+01     0.15346034E-01     0.15000000E+02    -0.12203704E+00     0.45751002E-01     0.40189093E+00     0.98703541E-02     138     0.34752071E-01
 0.11500000E+02     0.16509614E+01     0.15524952E-01     0.15000000E+02    -0.12117027E+00     0.45241594E-01     0.40247387E+00     0.10051254E-01     138     0.34752071E-01
 0.11600000E+02     0.16572875E+01     0.15708208E-01     0.15000000E+02    -0.12033653E+00     0.44754013E-01     0.40301654E+00     0.10235980E-01     138     0.34752071E-01
 0.11699998E+02     0.16629381E+01     0.15910368E-01     0.15000000E+02    -0.11940257E+00     0.44243447E-01     0.40366468E+00     0.10439979E-01     138     0.34752071E-01
 0.11799999E+02     0.16682211E+01     0.16125157E-01     0.15000000E+02    -0.11841857E+00     0.43692250E-01     0.40421617E+00     0.10656351E-01     138     0.34752071E-01
 0.11900000E+02     0.16738700E+01     0.16338006E-01     0.15000000E+02    -0.11751129E+00     0.43134041E-01     0.40470150E+00     0.10871126E-01     139     0.38545102E-01
 0.12000000E+02     0.16791006E+01     0.16561352E-01     0.15000000E+02    -0.11654617E+00     0.42572320E-01     0.40523386E+00     0.11097926E-01     139     0.38545102E-01
 0.12099998E+02     0.16845365E+01     0.16779233E-01     0.15000000E+02    -0.11562660E+00     0.42046681E-01     0.40579298E+00     0.11320524E-01     139     0.38545102E-01
 0.12199999E+02     0.16899977E+01     0.17005861E-01     0.15000000E+02    -0.11472930E+00     0.41406538E-01     0.40678519E+00     0.11552593E-01     139     0.38545102E-01
 0.12299999E+02     0.16949588E+01     0.17245747E-01     0.15000000E+02    -0.11376442E+00     0.41072145E-01     0.40721065E+00     0.11797972E-01     139     0.38545102E-01
 0.12400001E+02     0.17000275E+01     0.17492672E-01     0.15000000E+02    -0.11283710E+00     0.40667500E-01     0.40769684E+00     0.12049709E-01     139     0.38545102E-01
 0.12499997E+02     0.17042505E+01     0.17767403E-01     0.15000000E+02    -0.11180123E+00     0.40259346E-01     0.40815467E+00     0.12330030E-01     139     0.38545102E-01
 0.12599998E+02     0.17086599E+01     0.18048555E-01     0.15000000E+02    -0.11081512E+00     0.39918374E-01     0.40856376E+00     0.12616673E-01     139     0.38545102E-01
 0.12699999E+02     0.17121421E+01     0.18366817E-01     0.15000000E+02    -0.10972146E+00     0.39522447E-01     0.40901127E+00     0.12940797E-01     139     0.38545102E-01
 0.12800000E+02     0.17156419E+01     0.18693799E-01     0.15000000E+02    -0.10866047E+00     0.39146118E-01     0.40944326E+00     0.13273769E-01     139     0.38545102E-01
 0.12900001E+02     0.17182592E+01     0.19062759E-01     0.15000000E+02    -0.10750919E+00     0.38774610E-01     0.40982434E+00     0.13650214E-01     140     0.42634714E-01
 0.12999998E+02     0.17210909E+01     0.19439809E-01     0.15000000E+02    -0.10642436E+00     0.38392622E-01     0.41022077E+00     0.14034202E-01     140     0.42634714E-01
 0.13099999E+02     0.17234008E+01     0.19843141E-01     0.15000000E+02    -0.10530839E+00     0.38054436E-01     0.41047084E+00     0.14446449E-01     140     0.42634714E-01
 0.13200000E+02     0.17251040E+01     0.20287341E-01     0.15000000E+02    -0.10416256E+00     0.37628554E-01     0.41076759E+00     0.14899435E-01     140     0.42634714E-01
 0.13300000E+02     0.17259313E+01     0.20796450E-01     0.15000000E+02    -0.10297790E+00     0.36784001E-01     0.41132718E+00     0.15419970E-01     140     0.42634714E-01
 0.13399998E+02     0.17274783E+01     0.21286821E-01     0.15000000E+02    -0.10192764E+00     0.36581121E-01     0.41188127E+00     0.15924323E-01     140     0.42634714E-01
 0.13499999E+02     0.17279751E+01     0.21851433E-01     0.15000000E+02    -0.10083064E+00     0.36303051E-01     0.41240445E+00     0.16504651E-01     140     0.42634714E-01
 0.13599999E+02     0.17286425E+01     0.22432717E-01     0.15000000E+02    -0.99822447E-01     0.36349200E-01     0.41291186E+00     0.17104365E-01     140     0.42634714E-01
 0.13700001E+02     0.17264317E+01     0.23203520E-01     0.15000000E+02    -0.98640159E-01     0.35866156E-01     0.41339433E+00     0.17895071E-01     140     0.42634714E-01
 0.13799997E+02     0.17238446E+01     0.24042275E-01     0.15000000E+02    -0.97547561E-01     0.35672229E-01     0.41380978E+00     0.18757669E-01     140     0.42634714E-01
 0.13899999E+02     0.17196126E+01     0.25038943E-01     0.15000000E+02    -0.96475109E-01     0.35498880E-01     0.41423082E+00     0.19782741E-01     140     0.42634714E-01
 0.13999999E+02     0.17141365E+01     0.26185788E-01     0.15000000E+02    -0.95478952E-01     0.35284951E-01     0.41457298E+00     0.20960547E-01     140     0.42634714E-01
 0.14100000E+02     0.17057657E+01     0.27630581E-01     0.15000000E+02    -0.94549261E-01     0.35197329E-01     0.41487536E+00     0.22445509E-01     140     0.42634714E-01
 0.14199998E+02     0.16935688E+01     0.29491410E-01     0.15000000E+02    -0.93729913E-01     0.35025965E-01     0.41513073E+00     0.24355078E-01     140     0.42634714E-01
 0.14299998E+02     0.16792088E+01     0.31694207E-01     0.15000000E+02    -0.93179367E-01     0.35026789E-01     0.41526154E+00     0.26615420E-01     140     0.42634714E-01
 0.14400000E+02     0.16586579E+01     0.34666479E-01     0.15000000E+02    -0.92935316E-01     0.35092771E-01     0.41538197E+00     0.29662952E-01     140     0.42634714E-01
 0.14500000E+02     0.16326983E+01     0.38369521E-01     0.15000000E+02    -0.93048669E-01     0.35305552E-01     0.41525084E+00     0.33455536E-01     140     0.42634714E-01
 0.14600000E+02     0.15832087E+01     0.44710487E-01     0.15000000E+02    -0.93739003E-01     0.35722416E-01     0.41476363E+00     0.39942335E-01     140     0.42634714E-01
 0.14699998E+02     0.15235368E+01     0.51913027E-01     0.15000000E+02    -0.94355725E-01     0.36567833E-01     0.41390517E+00     0.47302857E-01     140     0.42634714E-01
 0.14799999E+02     0.14203018E+01     0.62839679E-01     0.15000000E+02    -0.94988436E-01     0.38272910E-01     0.41214448E+00     0.58462553E-01     139     0.38545102E-01
 0.14900000E+02     0.13675123E+01     0.69047198E-01     0.15000000E+02    -0.95770985E-01     0.38930807E-01     0.41142318E+00     0.64794213E-01     139     0.38545102E-01
 0.15000001E+02     0.13417423E+01     0.72791003E-01     0.15000000E+02    -0.96502617E-01     0.39132793E-01     0.41119000E+00     0.68604238E-01     139     0.38545102E-01
 0.15099998E+02     0.13224221E+01     0.76053955E-01     0.15000000E+02    -0.97342014E-01     0.39284892E-01     0.41128331E+00     0.71923591E-01     139     0.38545102E-01
 0.15199999E+02     0.13129762E+01     0.78122348E-01     0.15000000E+02    -0.97787119E-01     0.38577572E-01     0.41138566E+00     0.74012913E-01     139     0.38545102E-01
 0.15299999E+02     0.12976930E+01     0.81173912E-01     0.15000000E+02    -0.98830879E-01     0.38617369E-01     0.41153947E+00     0.77113062E-01     139     0.38545102E-01
 0.15400001E+02     0.12965605E+01     0.82465574E-01     0.15000000E+02    -0.99146858E-01     0.38757481E-01     0.41187513E+00     0.78421719E-01     139     0.38545102E-01
 0.15499998E+02     0.12814018E+01     0.85588895E-01     0.15000000E+02    -0.10032225E+00     0.38155138E-01     0.41195661E+00     0.81585728E-01     139     0.38545102E-01
 0.15599998E+02     0.12821631E+01     0.86712539E-01     0.15000000E+02    -0.10066129E+00     0.38418904E-01     0.41259757E+00     0.82725778E-01     139     0.38545102E-01
 0.15699999E+02     0.12708980E+01     0.89456916E-01     0.15000000E+02    -0.10178041E+00     0.38046096E-01     0.41289860E+00     0.85507229E-01     139     0.38545102E-01
 0.15800000E+02     0.12704414E+01     0.90739913E-01     0.15000000E+02    -0.10221694E+00     0.37894268E-01     0.41314214E+00     0.86803772E-01     139     0.38545102E-01
 0.15899998E+02     0.12703232E+01     0.91963410E-01     0.15000000E+02    -0.10263471E+00     0.37476357E-01     0.41332561E+00     0.88037759E-01     139     0.38545102E-01
 0.15999998E+02     0.12610486E+01     0.94576709E-01     0.15000000E+02    -0.10381906E+00     0.36965210E-01     0.41368017E+00     0.90684913E-01     139     0.38545102E-01
 0.16099998E+02     0.12612021E+01     0.95781207E-01     0.15000000E+02    -0.10424845E+00     0.36587473E-01     0.41472465E+00     0.91903679E-01     139     0.38545102E-01
 0.16200001E+02     0.12631135E+01     0.96802942E-01     0.15000000E+02    -0.10461984E+00     0.36662072E-01     0.41437906E+00     0.92934959E-01     139     0.38545102E-01
 0.16300001E+02     0.12568818E+01     0.99046424E-01     0.15000000E+02    -0.10570973E+00     0.36377132E-01     0.41484585E+00     0.95207833E-01     139     0.38545102E-01
 0.16399998E+02     0.12567079E+01     0.10038205E+00     0.15000000E+02    -0.10629990E+00     0.36095466E-01     0.41511360E+00     0.96557043E-01     139     0.38545102E-01
 0.16499998E+02     0.12589585E+01     0.10136586E+00     0.15000000E+02    -0.10668732E+00     0.36166642E-01     0.41552725E+00     0.97551636E-01     139     0.38545102E-01
 0.16600000E+02     0.12602650E+01     0.10243208E+00     0.15000000E+02    -0.10710794E+00     0.35763290E-01     0.41600031E+00     0.98626427E-01     139     0.38545102E-01
 0.16700001E+02     0.12550102E+01     0.10460706E+00     0.15000000E+02    -0.10822915E+00     0.35612155E-01     0.41667789E+00     0.10083106E+00     139     0.38545102E-01
 0.16799997E+02     0.12550179E+01     0.10591350E+00     0.15000000E+02    -0.10883223E+00     0.35225272E-01     0.41756073E+00     0.10214902E+00     139     0.38545102E-01
 0.16900000E+02     0.12574413E+01     0.10689688E+00     0.15000000E+02    -0.10930089E+00     0.35079505E-01     0.41716194E+00     0.10313882E+00     139     0.38545102E-01
 0.17000000E+02     0.12571337E+01     0.10812590E+00     0.15000000E+02    -0.10983196E+00     0.34219202E-01     0.41720533E+00     0.10436786E+00     139     0.38545102E-01
 0.17100000E+02     0.12549851E+01     0.10993173E+00     0.15000000E+02    -0.11083534E+00     0.34464195E-01     0.41851115E+00     0.10620455E+00     139     0.38545102E-01
 0.17199997E+02     0.12545599E+01     0.11135351E+00     0.15000000E+02    -0.11154369E+00     0.33964854E-01     0.41855264E+00     0.10763580E+00     140     0.42634714E-01
 0.17299999E+02     0.12576526E+01     0.11219832E+00     0.15000000E+02    -0.11194776E+00     0.34130190E-01     0.41849986E+00     0.10848822E+00     140     0.42634714E-01
 0.17400000E+02     0.12591105E+01     0.11325683E+00     0.15000000E+02    -0.11242365E+00     0.33401091E-01     0.41911966E+00     0.10955054E+00     140     0.42634714E-01
 0.17500000E+02     0.12613137E+01     0.11425038E+00     0.15000000E+02    -0.11293359E+00     0.32778781E-01     0.41948819E+00     0.11054790E+00     140     0.42634714E-01
 0.17599997E+02     0.12580773E+01     0.11621317E+00     0.15000000E+02    -0.11411308E+00     0.33076584E-01     0.42026097E+00     0.11253981E+00     140     0.42634714E-01
 0.17699999E+02     0.12606435E+01     0.11725228E+00     0.15000000E+02    -0.11465587E+00     0.32945286E-01     0.42025852E+00     0.11358743E+00     140     0.42634714E-01
 0.17799999E+02     0.12627047E+01     0.11824206E+00     0.15000000E+02    -0.11517604E+00     0.32204591E-01     0.42059326E+00     0.11458118E+00     140     0.42634714E-01
 0.17900000E+02     0.12653536E+01     0.11908659E+00     0.15000000E+02    -0.11560686E+00     0.31862196E-01     0.42065197E+00     0.11542965E+00     140     0.42634714E-01
 0.18000000E+02     0.12684276E+01     0.12002102E+00     0.15000000E+02    -0.11611502E+00     0.31699575E-01     0.42128012E+00     0.11637048E+00     140     0.42634714E-01
