  
       RFOIL         Version 3.00
  
 Calculated polar for: OSO_2025_WT2_T33                
  
 1  Reynolds number fixed
  
 xtrf =      0.05000000 (suction)     0.05000000 (pressure)
 Rot. Parameters:  f0 =      1.00000000 c/r =      0.00000000
 Mach =      0.00000000     Re =     20.00000000 e 6     Ncrit =      3.00000000
  
             alpha                CL                CD            Re(CL)                CM             S_xtr             P_xtr               CDp            I_stag            X_stag
  ------- -------- --------- --------- -------- ------- ------- -------- 
-0.23500000E+02    -0.90705943E+00     0.15886557E+00     0.20000000E+02     0.34761392E-02     0.45123550E+00     0.47339655E-01     0.15540810E+00      85     0.54956943E-01
-0.23400002E+02    -0.90130419E+00     0.15831839E+00     0.20000000E+02     0.26975502E-02     0.44280913E+00     0.47315296E-01     0.15483591E+00      85     0.54956943E-01
-0.23300001E+02    -0.89490676E+00     0.15793267E+00     0.20000000E+02     0.21092608E-02     0.45044595E+00     0.46255544E-01     0.15445623E+00      85     0.54956943E-01
-0.23200001E+02    -0.89252198E+00     0.15711915E+00     0.20000000E+02     0.11960051E-02     0.43583053E+00     0.48307810E-01     0.15362175E+00      85     0.54956943E-01
-0.23100000E+02    -0.88859153E+00     0.15655932E+00     0.20000000E+02     0.44792471E-03     0.43587658E+00     0.48840735E-01     0.15306464E+00      85     0.54956943E-01
-0.23000002E+02    -0.88447422E+00     0.15583764E+00     0.20000000E+02    -0.28451171E-03     0.44050071E+00     0.49229562E-01     0.15235369E+00      85     0.54956943E-01
-0.22900002E+02    -0.87594670E+00     0.15561226E+00     0.20000000E+02    -0.79975475E-03     0.44444147E+00     0.47690503E-01     0.15211865E+00      85     0.54956943E-01
-0.22800001E+02    -0.87914652E+00     0.15367106E+00     0.20000000E+02    -0.23214412E-02     0.43442434E+00     0.49333911E-01     0.15014963E+00      85     0.54956943E-01
-0.22700001E+02    -0.87087744E+00     0.15326378E+00     0.20000000E+02    -0.29376671E-02     0.43225643E+00     0.47845982E-01     0.14972064E+00      85     0.54956943E-01
-0.22600002E+02    -0.86426115E+00     0.15231739E+00     0.20000000E+02    -0.38809623E-02     0.50000001E-01     0.48150245E-01     0.14825150E+00      86     0.49884733E-01
-0.22500000E+02    -0.85870832E+00     0.15175804E+00     0.20000000E+02    -0.45613977E-02     0.50000001E-01     0.47915272E-01     0.14768487E+00      86     0.49884733E-01
-0.22400002E+02    -0.85640180E+00     0.15111974E+00     0.20000000E+02    -0.52601411E-02     0.50000001E-01     0.49604807E-01     0.14705510E+00      86     0.49884733E-01
-0.22300001E+02    -0.85070598E+00     0.15063016E+00     0.20000000E+02    -0.59334235E-02     0.50000001E-01     0.49585909E-01     0.14655811E+00      86     0.49884733E-01
-0.22200001E+02    -0.84554851E+00     0.15011156E+00     0.20000000E+02    -0.66512991E-02     0.50000001E-01     0.50000001E-01     0.14603519E+00      86     0.49884733E-01
-0.22100000E+02    -0.84028894E+00     0.14958359E+00     0.20000000E+02    -0.72817476E-02     0.50000001E-01     0.50000001E-01     0.14549977E+00      86     0.49884733E-01
-0.22000000E+02    -0.83436888E+00     0.14898892E+00     0.20000000E+02    -0.79496121E-02     0.50000001E-01     0.49637295E-01     0.14489423E+00      86     0.49884733E-01
-0.21900002E+02    -0.82744527E+00     0.14848985E+00     0.20000000E+02    -0.85036773E-02     0.50000001E-01     0.48576355E-01     0.14437830E+00      86     0.49884733E-01
-0.21800001E+02    -0.82507473E+00     0.14764367E+00     0.20000000E+02    -0.93787313E-02     0.50000001E-01     0.50000001E-01     0.14353542E+00      86     0.49884733E-01
-0.21600000E+02    -0.81860828E+00     0.14568111E+00     0.20000000E+02    -0.11121257E-01     0.50000001E-01     0.50000001E-01     0.14154710E+00      86     0.49884733E-01
-0.21500002E+02    -0.81327766E+00     0.14510551E+00     0.20000000E+02    -0.11772448E-01     0.50000001E-01     0.50000001E-01     0.14096381E+00      87     0.45182135E-01
-0.21400000E+02    -0.80767471E+00     0.14460403E+00     0.20000000E+02    -0.12394734E-01     0.50000001E-01     0.50000001E-01     0.14045517E+00      87     0.45182135E-01
-0.21300001E+02    -0.80192363E+00     0.14409178E+00     0.20000000E+02    -0.13040062E-01     0.50000001E-01     0.50000001E-01     0.13993622E+00      87     0.45182135E-01
-0.21200001E+02    -0.79637825E+00     0.14356083E+00     0.20000000E+02    -0.13637116E-01     0.50000001E-01     0.50000001E-01     0.13939774E+00      87     0.45182135E-01
-0.21100002E+02    -0.79080206E+00     0.14306204E+00     0.20000000E+02    -0.14232081E-01     0.50000001E-01     0.50000001E-01     0.13889238E+00      87     0.45182135E-01
-0.21000000E+02    -0.78501195E+00     0.14248316E+00     0.20000000E+02    -0.14937947E-01     0.50000001E-01     0.50000001E-01     0.13830577E+00      87     0.45182135E-01
-0.20900000E+02    -0.77934289E+00     0.14197728E+00     0.20000000E+02    -0.15511015E-01     0.50000001E-01     0.50000001E-01     0.13779274E+00      87     0.45182135E-01
-0.20800001E+02    -0.77389568E+00     0.14143056E+00     0.20000000E+02    -0.16129242E-01     0.50000001E-01     0.50000001E-01     0.13723928E+00      87     0.45182135E-01
-0.20700003E+02    -0.76970136E+00     0.14057480E+00     0.20000000E+02    -0.16865941E-01     0.50000001E-01     0.50000001E-01     0.13637258E+00      87     0.45182135E-01
-0.20400002E+02    -0.75714213E+00     0.13812646E+00     0.20000000E+02    -0.19127449E-01     0.50000001E-01     0.50000001E-01     0.13389347E+00      88     0.40837713E-01
-0.20300001E+02    -0.75173235E+00     0.13757682E+00     0.20000000E+02    -0.19693809E-01     0.50000001E-01     0.50000001E-01     0.13333680E+00      88     0.40837713E-01
-0.20200001E+02    -0.74594486E+00     0.13707241E+00     0.20000000E+02    -0.20264927E-01     0.50000001E-01     0.50000001E-01     0.13282548E+00      88     0.40837713E-01
-0.20100000E+02    -0.74023008E+00     0.13653766E+00     0.20000000E+02    -0.20847369E-01     0.50000001E-01     0.50000001E-01     0.13228399E+00      88     0.40837713E-01
-0.20000002E+02    -0.73441315E+00     0.13599907E+00     0.20000000E+02    -0.21461399E-01     0.50000001E-01     0.50000001E-01     0.13173822E+00      88     0.40837713E-01
-0.19900000E+02    -0.72870493E+00     0.13545734E+00     0.20000000E+02    -0.22072444E-01     0.50000001E-01     0.50000001E-01     0.13118973E+00      88     0.40837713E-01
-0.19800001E+02    -0.72333723E+00     0.13493098E+00     0.20000000E+02    -0.22568353E-01     0.50000001E-01     0.50000001E-01     0.13065636E+00      89     0.36834702E-01
-0.19700001E+02    -0.71770072E+00     0.13435875E+00     0.20000000E+02    -0.23171637E-01     0.50000001E-01     0.50000001E-01     0.13007697E+00      89     0.36834702E-01
-0.19600000E+02    -0.71255904E+00     0.13366246E+00     0.20000000E+02    -0.23875890E-01     0.50000001E-01     0.50000001E-01     0.12937190E+00      89     0.36834702E-01
-0.18500002E+02    -0.65450203E+00     0.12673765E+00     0.20000000E+02    -0.30391574E-01     0.50000001E-01     0.50000001E-01     0.12236116E+00      90     0.33153079E-01
-0.18400000E+02    -0.65374488E+00     0.12518387E+00     0.20000000E+02    -0.31338017E-01     0.50000001E-01     0.50000001E-01     0.12079016E+00      90     0.33153079E-01
-0.18300001E+02    -0.64795971E+00     0.12465616E+00     0.20000000E+02    -0.31914026E-01     0.50000001E-01     0.50000001E-01     0.12025468E+00      90     0.33153079E-01
-0.18200001E+02    -0.64244747E+00     0.12410091E+00     0.20000000E+02    -0.32404542E-01     0.50000001E-01     0.50000001E-01     0.11969309E+00      90     0.33153079E-01
-0.18100002E+02    -0.63651752E+00     0.12354988E+00     0.20000000E+02    -0.32944042E-01     0.50000001E-01     0.50000001E-01     0.11913554E+00      90     0.33153079E-01
-0.18000000E+02    -0.63066518E+00     0.12305862E+00     0.20000000E+02    -0.33438168E-01     0.50000001E-01     0.50000001E-01     0.11863789E+00      91     0.29771008E-01
-0.17900000E+02    -0.62465805E+00     0.12248740E+00     0.20000000E+02    -0.33994500E-01     0.50000001E-01     0.50000001E-01     0.11806016E+00      91     0.29771008E-01
-0.17800001E+02    -0.61881101E+00     0.12195773E+00     0.20000000E+02    -0.34502070E-01     0.50000001E-01     0.50000001E-01     0.11752398E+00      91     0.29771008E-01
-0.17700001E+02    -0.61288023E+00     0.12143697E+00     0.20000000E+02    -0.34985799E-01     0.50000001E-01     0.50000001E-01     0.11699699E+00      91     0.29771008E-01
-0.17600000E+02    -0.60698122E+00     0.12088824E+00     0.20000000E+02    -0.35504900E-01     0.50000001E-01     0.50000001E-01     0.11644189E+00      91     0.29771008E-01
-0.17500000E+02    -0.60119987E+00     0.12027375E+00     0.20000000E+02    -0.36095582E-01     0.50000001E-01     0.50000001E-01     0.11582029E+00      91     0.29771008E-01
-0.17400002E+02    -0.59564763E+00     0.11971436E+00     0.20000000E+02    -0.36572475E-01     0.50000001E-01     0.50000001E-01     0.11525397E+00      91     0.29771008E-01
-0.17300001E+02    -0.59149814E+00     0.11891337E+00     0.20000000E+02    -0.37135139E-01     0.50000001E-01     0.50000001E-01     0.11444341E+00      92     0.26666561E-01
-0.16500000E+02    -0.54767686E+00     0.11387333E+00     0.20000000E+02    -0.41303717E-01     0.50000001E-01     0.50000001E-01     0.10934550E+00      93     0.23817979E-01
-0.16400002E+02    -0.54199857E+00     0.11331265E+00     0.20000000E+02    -0.41765708E-01     0.50000001E-01     0.50000001E-01     0.10877843E+00      93     0.23817979E-01
-0.16300001E+02    -0.53629565E+00     0.11271457E+00     0.20000000E+02    -0.42253681E-01     0.50000001E-01     0.50000001E-01     0.10817380E+00      93     0.23817979E-01
-0.16200001E+02    -0.53111875E+00     0.11205240E+00     0.20000000E+02    -0.42758707E-01     0.50000001E-01     0.50000001E-01     0.10750397E+00      93     0.23817979E-01
-0.16100000E+02    -0.48822305E+00     0.11732744E+00     0.20000000E+02    -0.46565909E-01     0.50000001E-01     0.50000001E-01     0.11285805E+00      93     0.23817979E-01
-0.16000002E+02    -0.48304412E+00     0.11662059E+00     0.20000000E+02    -0.46955381E-01     0.50000001E-01     0.50000001E-01     0.11214358E+00      94     0.21205073E-01
-0.15900001E+02    -0.47813475E+00     0.11586906E+00     0.20000000E+02    -0.47342822E-01     0.50000001E-01     0.50000001E-01     0.11138403E+00      94     0.21205073E-01
-0.14500000E+02    -0.43905362E+00     0.10102142E+00     0.20000000E+02    -0.50836131E-01     0.50000001E-01     0.50000001E-01     0.96352018E-01      95     0.18808823E-01
-0.14400001E+02    -0.43285891E+00     0.10045099E+00     0.20000000E+02    -0.51265791E-01     0.50000001E-01     0.50000001E-01     0.95775865E-01      96     0.16611833E-01
-0.14300001E+02    -0.42691663E+00     0.99929973E-01     0.20000000E+02    -0.51637609E-01     0.50000001E-01     0.50000001E-01     0.95249251E-01      96     0.16611833E-01
-0.14200001E+02    -0.42104489E+00     0.99356264E-01     0.20000000E+02    -0.52070152E-01     0.50000001E-01     0.50000001E-01     0.94669394E-01      96     0.16611833E-01
-0.14100001E+02    -0.41534287E+00     0.98764367E-01     0.20000000E+02    -0.52504521E-01     0.50000001E-01     0.50000001E-01     0.94070897E-01      96     0.16611833E-01
-0.14000001E+02    -0.41414177E+00     0.97404227E-01     0.20000000E+02    -0.53179976E-01     0.50000001E-01     0.50000001E-01     0.92695624E-01      96     0.16611833E-01
-0.13900002E+02    -0.40847191E+00     0.96810520E-01     0.20000000E+02    -0.53574946E-01     0.50000001E-01     0.50000001E-01     0.92095725E-01      96     0.16611833E-01
-0.13800001E+02    -0.40241146E+00     0.96239381E-01     0.20000000E+02    -0.53959016E-01     0.50000001E-01     0.50000001E-01     0.91519043E-01      96     0.16611833E-01
-0.13700001E+02    -0.39622453E+00     0.95705241E-01     0.20000000E+02    -0.54363508E-01     0.50000001E-01     0.50000001E-01     0.90979576E-01      96     0.16611833E-01
-0.13600001E+02    -0.39007995E+00     0.95186777E-01     0.20000000E+02    -0.54735709E-01     0.50000001E-01     0.50000001E-01     0.90455621E-01      97     0.14598641E-01
-0.13500001E+02    -0.38393760E+00     0.94655149E-01     0.20000000E+02    -0.55111893E-01     0.50000001E-01     0.50000001E-01     0.89918733E-01      97     0.14598641E-01
-0.13400001E+02    -0.37781018E+00     0.94126940E-01     0.20000000E+02    -0.55484235E-01     0.50000001E-01     0.50000001E-01     0.89385159E-01      97     0.14598641E-01
-0.13300000E+02    -0.37155324E+00     0.93589962E-01     0.20000000E+02    -0.55885300E-01     0.50000001E-01     0.50000001E-01     0.88842928E-01      97     0.14598641E-01
-0.13200001E+02    -0.36552680E+00     0.93066737E-01     0.20000000E+02    -0.56247924E-01     0.50000001E-01     0.50000001E-01     0.88314265E-01      97     0.14598641E-01
-0.13100000E+02    -0.35971197E+00     0.92478007E-01     0.20000000E+02    -0.56625605E-01     0.50000001E-01     0.50000001E-01     0.87719761E-01      97     0.14598641E-01
-0.11100001E+02    -0.24793665E+00     0.80026329E-01     0.20000000E+02    -0.64055897E-01     0.50000001E-01     0.50000001E-01     0.75144045E-01     100     0.95301569E-02
-0.11000001E+02    -0.24251536E+00     0.79380468E-01     0.20000000E+02    -0.64393200E-01     0.50000001E-01     0.50000001E-01     0.74491918E-01     101     0.81278561E-02
-0.10900001E+02    -0.24132571E+00     0.78088418E-01     0.20000000E+02    -0.64921662E-01     0.50000001E-01     0.50000001E-01     0.73185548E-01     101     0.81278561E-02
-0.10800001E+02    -0.23520306E+00     0.77562466E-01     0.20000000E+02    -0.65230750E-01     0.50000001E-01     0.50000001E-01     0.72654769E-01     101     0.81278561E-02
-0.10700001E+02    -0.22900511E+00     0.77039145E-01     0.20000000E+02    -0.65532960E-01     0.50000001E-01     0.50000001E-01     0.72126791E-01     101     0.81278561E-02
-0.10600001E+02    -0.22271843E+00     0.76549597E-01     0.20000000E+02    -0.65834589E-01     0.50000001E-01     0.50000001E-01     0.71632743E-01     101     0.81278561E-02
-0.10500001E+02    -0.21647219E+00     0.76043695E-01     0.20000000E+02    -0.66124953E-01     0.50000001E-01     0.50000001E-01     0.71122333E-01     101     0.81278561E-02
-0.10400002E+02    -0.21015850E+00     0.75521871E-01     0.20000000E+02    -0.66435568E-01     0.50000001E-01     0.50000001E-01     0.70595831E-01     102     0.68541314E-02
-0.10300000E+02    -0.20394826E+00     0.75012736E-01     0.20000000E+02    -0.66727407E-01     0.50000001E-01     0.50000001E-01     0.70082128E-01     102     0.68541314E-02
-0.10200001E+02    -0.19788156E+00     0.74456409E-01     0.20000000E+02    -0.67021929E-01     0.50000001E-01     0.50000001E-01     0.69520913E-01     102     0.68541314E-02
-0.10100000E+02    -0.19199711E+00     0.73899202E-01     0.20000000E+02    -0.67331873E-01     0.50000001E-01     0.50000001E-01     0.68958417E-01     102     0.68541314E-02
-0.10000001E+02    -0.18826585E+00     0.72992697E-01     0.20000000E+02    -0.67717850E-01     0.50000001E-01     0.50000001E-01     0.68042621E-01     102     0.68541314E-02
-0.99000006E+01    -0.18533345E+00     0.72006568E-01     0.20000000E+02    -0.68121791E-01     0.50000001E-01     0.50000001E-01     0.67045927E-01     102     0.68541314E-02
-0.98000011E+01    -0.17918211E+00     0.71510099E-01     0.20000000E+02    -0.68391576E-01     0.50000001E-01     0.50000001E-01     0.66545025E-01     102     0.68541314E-02
-0.97000008E+01    -0.17289530E+00     0.70999481E-01     0.20000000E+02    -0.68677343E-01     0.50000001E-01     0.50000001E-01     0.66029862E-01     103     0.57018539E-02
-0.96000013E+01    -0.16660309E+00     0.70500992E-01     0.20000000E+02    -0.68953671E-01     0.50000001E-01     0.50000001E-01     0.65527096E-01     103     0.57018539E-02
-0.95000010E+01    -0.16030203E+00     0.69997527E-01     0.20000000E+02    -0.69229111E-01     0.50000001E-01     0.50000001E-01     0.65019257E-01     103     0.57018539E-02
-0.94000006E+01    -0.15399215E+00     0.69491133E-01     0.20000000E+02    -0.69508292E-01     0.50000001E-01     0.50000001E-01     0.64508490E-01     103     0.57018539E-02
-0.93000011E+01    -0.14785524E+00     0.68969421E-01     0.20000000E+02    -0.69777429E-01     0.50000001E-01     0.50000001E-01     0.63982286E-01     103     0.57018539E-02
-0.91999998E+01    -0.14210635E+00     0.68392903E-01     0.20000000E+02    -0.70052758E-01     0.50000001E-01     0.50000001E-01     0.63400626E-01     103     0.57018539E-02
-0.91000013E+01    -0.13819465E+00     0.67547508E-01     0.20000000E+02    -0.70397690E-01     0.50000001E-01     0.50000001E-01     0.62546514E-01     104     0.46647848E-02
-0.90000000E+01    -0.13564618E+00     0.66548936E-01     0.20000000E+02    -0.70774637E-01     0.50000001E-01     0.50000001E-01     0.61536994E-01     104     0.46647848E-02
-0.89000015E+01    -0.12944603E+00     0.66038348E-01     0.20000000E+02    -0.71041800E-01     0.50000001E-01     0.50000001E-01     0.61021987E-01     104     0.46647848E-02
-0.88000002E+01    -0.12321986E+00     0.65540962E-01     0.20000000E+02    -0.71291320E-01     0.50000001E-01     0.50000001E-01     0.60520425E-01     104     0.46647848E-02
-0.87000017E+01    -0.11689764E+00     0.65057948E-01     0.20000000E+02    -0.71551658E-01     0.50000001E-01     0.50000001E-01     0.60033269E-01     104     0.46647848E-02
-0.86000004E+01    -0.11061939E+00     0.64554408E-01     0.20000000E+02    -0.71797915E-01     0.50000001E-01     0.50000001E-01     0.59525553E-01     104     0.46647848E-02
-0.85000019E+01    -0.10442224E+00     0.64075351E-01     0.20000000E+02    -0.72043121E-01     0.50000001E-01     0.50000001E-01     0.59042268E-01     105     0.37378250E-02
-0.84000006E+01    -0.98355509E-01     0.63534014E-01     0.20000000E+02    -0.72297223E-01     0.50000001E-01     0.50000001E-01     0.58496378E-01     105     0.37378250E-02
-0.83000011E+01    -0.92736252E-01     0.62968023E-01     0.20000000E+02    -0.72555214E-01     0.50000001E-01     0.50000001E-01     0.57925109E-01     105     0.37378250E-02
-0.82000008E+01    -0.92426553E-01     0.61676726E-01     0.20000000E+02    -0.72968625E-01     0.50000001E-01     0.50000001E-01     0.56619097E-01     105     0.37378250E-02
-0.81000013E+01    -0.86361587E-01     0.61186239E-01     0.20000000E+02    -0.73207818E-01     0.50000001E-01     0.50000001E-01     0.56124229E-01     105     0.37378250E-02
-0.80000010E+01    -0.80185287E-01     0.60670312E-01     0.20000000E+02    -0.73444091E-01     0.50000001E-01     0.50000001E-01     0.55604029E-01     105     0.37378250E-02
-0.79000001E+01    -0.73937818E-01     0.60188565E-01     0.20000000E+02    -0.73675297E-01     0.50000001E-01     0.50000001E-01     0.55118199E-01     106     0.29167181E-02
-0.78000011E+01    -0.67666024E-01     0.59701588E-01     0.20000000E+02    -0.73906586E-01     0.50000001E-01     0.50000001E-01     0.54627225E-01     106     0.29167181E-02
-0.77000003E+01    -0.61452750E-01     0.59227087E-01     0.20000000E+02    -0.74131802E-01     0.50000001E-01     0.50000001E-01     0.54148771E-01     106     0.29167181E-02
-0.76000009E+01    -0.55377670E-01     0.58720626E-01     0.20000000E+02    -0.74363783E-01     0.50000001E-01     0.50000001E-01     0.53638022E-01     106     0.29167181E-02
-0.75000005E+01    -0.49650215E-01     0.58163173E-01     0.20000000E+02    -0.74598417E-01     0.50000001E-01     0.50000001E-01     0.53075619E-01     106     0.29167181E-02
-0.74000010E+01    -0.49833670E-01     0.56877159E-01     0.20000000E+02    -0.74980572E-01     0.50000001E-01     0.50000001E-01     0.51774472E-01     106     0.29167181E-02
-0.73000002E+01    -0.43803904E-01     0.56378022E-01     0.20000000E+02    -0.75200327E-01     0.50000001E-01     0.50000001E-01     0.51271029E-01     106     0.29167181E-02
-0.72000012E+01    -0.37667945E-01     0.55892549E-01     0.20000000E+02    -0.75417593E-01     0.50000001E-01     0.50000001E-01     0.50781466E-01     107     0.21980663E-02
-0.71000004E+01    -0.31498760E-01     0.55544235E-01     0.20000000E+02    -0.75623527E-01     0.50000001E-01     0.50000001E-01     0.50429251E-01     107     0.21980663E-02
-0.70000014E+01    -0.25308801E-01     0.55297282E-01     0.20000000E+02    -0.75829536E-01     0.50000001E-01     0.50000001E-01     0.50178431E-01     107     0.21980663E-02
-0.69000006E+01    -0.19177470E-01     0.55033106E-01     0.20000000E+02    -0.76036416E-01     0.50000001E-01     0.50000001E-01     0.49910236E-01     107     0.21980663E-02
-0.68000016E+01    -0.13228474E-01     0.54744937E-01     0.20000000E+02    -0.76246753E-01     0.50000001E-01     0.50000001E-01     0.49617752E-01     107     0.21980663E-02
-0.67000008E+01    -0.78915628E-02     0.54393787E-01     0.20000000E+02    -0.76467201E-01     0.50000001E-01     0.50000001E-01     0.49261265E-01     108     0.15796433E-02
-0.66000018E+01    -0.81228232E-02     0.53628691E-01     0.20000000E+02    -0.76806307E-01     0.50000001E-01     0.50000001E-01     0.48481431E-01     108     0.15796433E-02
-0.65000010E+01    -0.21465688E-02     0.53304855E-01     0.20000000E+02    -0.76997131E-01     0.50000001E-01     0.50000001E-01     0.48153535E-01     108     0.15796433E-02
-0.64000001E+01     0.39667203E-02     0.52987576E-01     0.20000000E+02    -0.77189825E-01     0.50000001E-01     0.50000001E-01     0.47832407E-01     108     0.15796433E-02
-0.63000011E+01     0.10080764E-01     0.52661963E-01     0.20000000E+02    -0.77377766E-01     0.50000001E-01     0.50000001E-01     0.47503006E-01     108     0.15796433E-02
-0.62000003E+01     0.16152313E-01     0.52325800E-01     0.20000000E+02    -0.77562779E-01     0.50000001E-01     0.50000001E-01     0.47163017E-01     108     0.15796433E-02
-0.61000009E+01     0.22054262E-01     0.51978610E-01     0.20000000E+02    -0.77747189E-01     0.50000001E-01     0.50000001E-01     0.46811763E-01     109     0.10605047E-02
-0.60000000E+01     0.27412428E-01     0.51573049E-01     0.20000000E+02    -0.77939861E-01     0.50000001E-01     0.50000001E-01     0.46401255E-01     109     0.10605047E-02
-0.59000010E+01     0.26555721E-01     0.50650951E-01     0.20000000E+02    -0.78248933E-01     0.50000001E-01     0.50000001E-01     0.45463938E-01     109     0.10605047E-02
-0.58000002E+01     0.32439604E-01     0.50262623E-01     0.20000000E+02    -0.78424409E-01     0.50000001E-01     0.50000001E-01     0.45071624E-01     109     0.10605047E-02
-0.57000012E+01     0.38407620E-01     0.49881116E-01     0.20000000E+02    -0.78592204E-01     0.50000001E-01     0.50000001E-01     0.44686370E-01     109     0.10605047E-02
-0.56000004E+01     0.44369265E-01     0.49528290E-01     0.20000000E+02    -0.78753628E-01     0.50000001E-01     0.50000001E-01     0.44329897E-01     109     0.10605047E-02
-0.55000014E+01     0.50268836E-01     0.49150545E-01     0.20000000E+02    -0.78915864E-01     0.50000001E-01     0.50000001E-01     0.43948401E-01     109     0.10605047E-02
-0.54000006E+01     0.55925451E-01     0.48741776E-01     0.20000000E+02    -0.79082511E-01     0.50000001E-01     0.50000001E-01     0.43535411E-01     110     0.64034248E-03
-0.53000016E+01     0.60295995E-01     0.48228446E-01     0.20000000E+02    -0.79264119E-01     0.50000001E-01     0.50000001E-01     0.43015908E-01     110     0.64034248E-03
-0.52000008E+01     0.59714586E-01     0.47300208E-01     0.20000000E+02    -0.79512618E-01     0.50000001E-01     0.50000001E-01     0.42073756E-01     110     0.64034248E-03
-0.51000013E+01     0.65496072E-01     0.46889022E-01     0.20000000E+02    -0.79660960E-01     0.50000001E-01     0.50000001E-01     0.41658804E-01     110     0.64034248E-03
-0.50000010E+01     0.71302861E-01     0.46502452E-01     0.20000000E+02    -0.79802662E-01     0.50000001E-01     0.50000001E-01     0.41268654E-01     110     0.64034248E-03
-0.49000015E+01     0.77020429E-01     0.46099253E-01     0.20000000E+02    -0.79939321E-01     0.50000001E-01     0.50000001E-01     0.40861785E-01     110     0.64034248E-03
-0.48000007E+01     0.82433902E-01     0.45683380E-01     0.20000000E+02    -0.80073364E-01     0.50000001E-01     0.50000001E-01     0.40441860E-01     110     0.64034248E-03
-0.47000003E+01     0.86580478E-01     0.45137186E-01     0.20000000E+02    -0.80224834E-01     0.50000001E-01     0.50000001E-01     0.39889582E-01     111     0.32030090E-03
-0.46000009E+01     0.85251197E-01     0.44141162E-01     0.20000000E+02    -0.80435313E-01     0.50000001E-01     0.50000001E-01     0.38879227E-01     111     0.32030090E-03
-0.45000000E+01     0.90737835E-01     0.43722186E-01     0.20000000E+02    -0.80551393E-01     0.50000001E-01     0.50000001E-01     0.38456589E-01     111     0.32030090E-03
-0.44000010E+01     0.96222930E-01     0.43312661E-01     0.20000000E+02    -0.80659248E-01     0.50000001E-01     0.50000001E-01     0.38043518E-01     111     0.32030090E-03
-0.43000002E+01     0.10154505E+00     0.42903293E-01     0.20000000E+02    -0.80766059E-01     0.50000001E-01     0.50000001E-01     0.37630361E-01     111     0.32030090E-03
-0.42000012E+01     0.10618383E+00     0.42417265E-01     0.20000000E+02    -0.80875255E-01     0.50000001E-01     0.50000001E-01     0.37139580E-01     111     0.32030090E-03
-0.41000004E+01     0.10282562E+00     0.41295156E-01     0.20000000E+02    -0.81035085E-01     0.50000001E-01     0.50000001E-01     0.36001258E-01     111     0.32030090E-03
-0.40000014E+01     0.10793301E+00     0.40852282E-01     0.20000000E+02    -0.81121258E-01     0.50000001E-01     0.50000001E-01     0.35554618E-01     111     0.32030090E-03
-0.39000006E+01     0.11299327E+00     0.40427387E-01     0.20000000E+02    -0.81195876E-01     0.50000001E-01     0.50000001E-01     0.35126083E-01     112     0.10796922E-03
-0.38000014E+01     0.11778187E+00     0.39978180E-01     0.20000000E+02    -0.81262060E-01     0.50000001E-01     0.50000001E-01     0.34672972E-01     112     0.10796922E-03
-0.37000005E+01     0.12133797E+00     0.39437033E-01     0.20000000E+02    -0.81327915E-01     0.50000001E-01     0.50000001E-01     0.34126293E-01     112     0.10796922E-03
-0.36000016E+01     0.11693014E+00     0.38305368E-01     0.20000000E+02    -0.81392944E-01     0.50000001E-01     0.50000001E-01     0.32978561E-01     112     0.10796922E-03
-0.35000007E+01     0.12139725E+00     0.37835352E-01     0.20000000E+02    -0.81425242E-01     0.50000001E-01     0.50000001E-01     0.32504722E-01     112     0.10796922E-03
-0.34000015E+01     0.12556742E+00     0.37378557E-01     0.20000000E+02    -0.81443302E-01     0.50000001E-01     0.50000001E-01     0.32043956E-01     112     0.10796922E-03
-0.33000009E+01     0.12822506E+00     0.36808230E-01     0.20000000E+02    -0.81443630E-01     0.50000001E-01     0.50000001E-01     0.31467881E-01     112     0.10796922E-03
-0.32000017E+01     0.12133941E+00     0.35590224E-01     0.20000000E+02    -0.81367217E-01     0.50000001E-01     0.50000001E-01     0.30232888E-01     112     0.10796922E-03
-0.31000009E+01     0.12455744E+00     0.35085265E-01     0.20000000E+02    -0.81315964E-01     0.50000001E-01     0.50000001E-01     0.29723752E-01     112     0.10796922E-03
-0.30000000E+01     0.12660526E+00     0.34526978E-01     0.20000000E+02    -0.81231751E-01     0.50000001E-01     0.50000001E-01     0.29160254E-01     113     0.97485645E-05
-0.29000010E+01     0.11468669E+00     0.33090584E-01     0.20000000E+02    -0.80901101E-01     0.50000001E-01     0.50000001E-01     0.27704323E-01     113     0.97485645E-05
-0.28000002E+01     0.11513907E+00     0.32502443E-01     0.20000000E+02    -0.80682479E-01     0.50000001E-01     0.50000001E-01     0.27110998E-01     113     0.97485645E-05
-0.27000012E+01     0.93957089E-01     0.30723562E-01     0.20000000E+02    -0.79820924E-01     0.50000001E-01     0.50000001E-01     0.25308890E-01     113     0.97485645E-05
-0.26000004E+01     0.55410162E-01     0.28229265E-01     0.20000000E+02    -0.77861488E-01     0.50000001E-01     0.50000001E-01     0.22784846E-01     112     0.10796922E-03
-0.25000012E+01    -0.23213094E-01     0.17644558E-01     0.20000000E+02    -0.88222131E-01     0.50000001E-01     0.50000001E-01     0.11986188E-01     112     0.10796922E-03
-0.24000003E+01     0.35325361E-02     0.15757266E-01     0.20000000E+02    -0.95398255E-01     0.50000001E-01     0.50000001E-01     0.10033691E-01     112     0.10796922E-03
-0.23000014E+01     0.44787902E-01     0.13276061E-01     0.20000000E+02    -0.10658038E+00     0.50000001E-01     0.50000001E-01     0.74192192E-02     112     0.10796922E-03
-0.22000005E+01     0.59321575E-01     0.13151112E-01     0.20000000E+02    -0.10752997E+00     0.50000001E-01     0.50000001E-01     0.72864885E-02     113     0.97485645E-05
-0.21000013E+01     0.73628642E-01     0.13045148E-01     0.20000000E+02    -0.10839214E+00     0.50000001E-01     0.50000001E-01     0.71737389E-02     113     0.97485645E-05
-0.20000007E+01     0.87779030E-01     0.12952258E-01     0.20000000E+02    -0.10919195E+00     0.50000001E-01     0.50000001E-01     0.70747603E-02     113     0.97485645E-05
-0.19000015E+01     0.10180389E+00     0.12869821E-01     0.20000000E+02    -0.10994301E+00     0.50000001E-01     0.50000001E-01     0.69867722E-02     113     0.97485645E-05
-0.18000008E+01     0.11573352E+00     0.12795718E-01     0.20000000E+02    -0.11065630E+00     0.50000001E-01     0.50000001E-01     0.69075376E-02     113     0.97485645E-05
-0.17000016E+01     0.12958367E+00     0.12728356E-01     0.20000000E+02    -0.11133718E+00     0.50000001E-01     0.50000001E-01     0.68354001E-02     114     0.15062575E-04
-0.16000009E+01     0.14336465E+00     0.12667019E-01     0.20000000E+02    -0.11199123E+00     0.50000001E-01     0.50000001E-01     0.67695277E-02     114     0.15062575E-04
-0.15000000E+01     0.15708739E+00     0.12611029E-01     0.20000000E+02    -0.11262228E+00     0.50000001E-01     0.50000001E-01     0.67091458E-02     114     0.15062575E-04
-0.14000009E+01     0.17075758E+00     0.12558926E-01     0.20000000E+02    -0.11323178E+00     0.50000001E-01     0.50000001E-01     0.66529950E-02     114     0.15062575E-04
-0.13000002E+01     0.18438092E+00     0.12511138E-01     0.20000000E+02    -0.11382332E+00     0.50000001E-01     0.50000001E-01     0.66013522E-02     115     0.11537309E-03
-0.12000011E+01     0.19796288E+00     0.12466957E-01     0.20000000E+02    -0.11439756E+00     0.50000001E-01     0.50000001E-01     0.65534436E-02     115     0.11537309E-03
-0.11000003E+01     0.21150512E+00     0.12426068E-01     0.20000000E+02    -0.11495730E+00     0.50000001E-01     0.50000001E-01     0.65089446E-02     115     0.11537309E-03
-0.10000012E+01     0.22501262E+00     0.12388113E-01     0.20000000E+02    -0.11550238E+00     0.50000001E-01     0.50000001E-01     0.64675515E-02     115     0.11537309E-03
-0.90000039E+00     0.23848636E+00     0.12353112E-01     0.20000000E+02    -0.11603496E+00     0.50000001E-01     0.50000001E-01     0.64292289E-02     115     0.11537309E-03
-0.80000126E+00     0.25192910E+00     0.12320407E-01     0.20000000E+02    -0.11655547E+00     0.50000001E-01     0.50000001E-01     0.63933716E-02     116     0.30344969E-03
-0.70000046E+00     0.26534408E+00     0.12290557E-01     0.20000000E+02    -0.11706393E+00     0.50000001E-01     0.50000001E-01     0.63604196E-02     116     0.30344969E-03
-0.60000139E+00     0.27872920E+00     0.12262928E-01     0.20000000E+02    -0.11756204E+00     0.50000001E-01     0.50000001E-01     0.63297637E-02     116     0.30344969E-03
-0.50000060E+00     0.29208291E+00     0.12237517E-01     0.20000000E+02    -0.11805038E+00     0.50000001E-01     0.50000001E-01     0.63014328E-02     116     0.30344969E-03
-0.40000150E+00     0.30541548E+00     0.12214123E-01     0.20000000E+02    -0.11852859E+00     0.50000001E-01     0.50000001E-01     0.62752212E-02     116     0.30344969E-03
-0.30000070E+00     0.31872037E+00     0.12192905E-01     0.20000000E+02    -0.11899757E+00     0.50000001E-01     0.50000001E-01     0.62512853E-02     117     0.58610301E-03
-0.20000160E+00     0.33200109E+00     0.12173286E-01     0.20000000E+02    -0.11945757E+00     0.50000001E-01     0.50000001E-01     0.62290030E-02     117     0.58610301E-03
-0.10000080E+00     0.34525651E+00     0.12155733E-01     0.20000000E+02    -0.11990929E+00     0.50000001E-01     0.50000001E-01     0.62088175E-02     117     0.58610301E-03
 0.00000000E+00     0.35849079E+00     0.12139706E-01     0.20000000E+02    -0.12035237E+00     0.50000001E-01     0.50000001E-01     0.61902972E-02     117     0.58610301E-03
 0.99999093E-01     0.37170091E+00     0.12125741E-01     0.20000000E+02    -0.12078750E+00     0.50000001E-01     0.50000001E-01     0.61738589E-02     117     0.58610301E-03
 0.19999990E+00     0.38488680E+00     0.12112846E-01     0.20000000E+02    -0.12121518E+00     0.50000001E-01     0.50000001E-01     0.61586662E-02     118     0.97300706E-03
 0.29999900E+00     0.39805308E+00     0.12102107E-01     0.20000000E+02    -0.12163501E+00     0.50000001E-01     0.50000001E-01     0.61455942E-02     118     0.97300706E-03
 0.39999980E+00     0.41119811E+00     0.12092394E-01     0.20000000E+02    -0.12204736E+00     0.50000001E-01     0.50000001E-01     0.61336220E-02     118     0.97300706E-03
 0.49999887E+00     0.42431629E+00     0.12084387E-01     0.20000000E+02    -0.12245274E+00     0.50000001E-01     0.50000001E-01     0.61234515E-02     118     0.97300706E-03
 0.59999967E+00     0.43741614E+00     0.12077805E-01     0.20000000E+02    -0.12285078E+00     0.50000001E-01     0.50000001E-01     0.61147371E-02     118     0.97300706E-03
 0.69999880E+00     0.45049551E+00     0.12072606E-01     0.20000000E+02    -0.12324177E+00     0.50000001E-01     0.50000001E-01     0.61074565E-02     118     0.97300706E-03
 0.79999959E+00     0.46355024E+00     0.12068909E-01     0.20000000E+02    -0.12362622E+00     0.50000001E-01     0.50000001E-01     0.61018318E-02     119     0.14674140E-02
 0.89999866E+00     0.47658512E+00     0.12066592E-01     0.20000000E+02    -0.12400395E+00     0.50000001E-01     0.50000001E-01     0.60975542E-02     119     0.14674140E-02
 0.99999946E+00     0.48959985E+00     0.12065237E-01     0.20000000E+02    -0.12437490E+00     0.50000001E-01     0.50000001E-01     0.60942853E-02     119     0.14674140E-02
 0.10999986E+01     0.50259221E+00     0.12065653E-01     0.20000000E+02    -0.12473941E+00     0.50000001E-01     0.50000001E-01     0.60928431E-02     119     0.14674140E-02
 0.11999993E+01     0.51556277E+00     0.12067067E-01     0.20000000E+02    -0.12509738E+00     0.50000001E-01     0.50000001E-01     0.60924748E-02     119     0.14674140E-02
 0.12999984E+01     0.52851099E+00     0.12069446E-01     0.20000000E+02    -0.12544897E+00     0.50000001E-01     0.50000001E-01     0.60932115E-02     120     0.20708691E-02
 0.13999993E+01     0.54143912E+00     0.12073372E-01     0.20000000E+02    -0.12579440E+00     0.50000001E-01     0.50000001E-01     0.60954476E-02     120     0.20708691E-02
 0.14999983E+01     0.55434436E+00     0.12078444E-01     0.20000000E+02    -0.12613325E+00     0.50000001E-01     0.50000001E-01     0.60988744E-02     120     0.20708691E-02
 0.15999992E+01     0.56722784E+00     0.12084772E-01     0.20000000E+02    -0.12646586E+00     0.50000001E-01     0.50000001E-01     0.61036176E-02     120     0.20708691E-02
 0.16999999E+01     0.58009386E+00     0.12092181E-01     0.20000000E+02    -0.12679195E+00     0.50000001E-01     0.50000001E-01     0.61094752E-02     120     0.20708691E-02
 0.17999990E+01     0.59293234E+00     0.12100705E-01     0.20000000E+02    -0.12711288E+00     0.50000001E-01     0.50000001E-01     0.61166007E-02     121     0.27848454E-02
 0.18999999E+01     0.60575044E+00     0.12110447E-01     0.20000000E+02    -0.12742686E+00     0.50000001E-01     0.50000001E-01     0.61249123E-02     121     0.27848454E-02
 0.19999989E+01     0.61854750E+00     0.12121297E-01     0.20000000E+02    -0.12773494E+00     0.50000001E-01     0.50000001E-01     0.61343727E-02     121     0.27848454E-02
 0.20999997E+01     0.63131994E+00     0.12133292E-01     0.20000000E+02    -0.12803704E+00     0.50000001E-01     0.50000001E-01     0.61450182E-02     121     0.27848454E-02
 0.21999989E+01     0.64407140E+00     0.12146370E-01     0.20000000E+02    -0.12833282E+00     0.50000001E-01     0.50000001E-01     0.61568329E-02     121     0.27848454E-02
 0.22999997E+01     0.65679914E+00     0.12160535E-01     0.20000000E+02    -0.12862258E+00     0.50000001E-01     0.50000001E-01     0.61698188E-02     122     0.36099148E-02
 0.23999987E+01     0.66950333E+00     0.12175802E-01     0.20000000E+02    -0.12890658E+00     0.50000001E-01     0.50000001E-01     0.61838948E-02     122     0.36099148E-02
 0.24999995E+01     0.68218595E+00     0.12192043E-01     0.20000000E+02    -0.12918390E+00     0.50000001E-01     0.50000001E-01     0.61989808E-02     122     0.36099148E-02
 0.25999987E+01     0.69484365E+00     0.12209460E-01     0.20000000E+02    -0.12945551E+00     0.50000001E-01     0.50000001E-01     0.62153013E-02     122     0.36099148E-02
 0.26999993E+01     0.70747626E+00     0.12227974E-01     0.20000000E+02    -0.12972090E+00     0.50000001E-01     0.50000001E-01     0.62327692E-02     122     0.36099148E-02
 0.27999985E+01     0.72008765E+00     0.12247442E-01     0.20000000E+02    -0.12997946E+00     0.50000001E-01     0.50000001E-01     0.62512048E-02     122     0.36099148E-02
 0.28999994E+01     0.73267144E+00     0.12267992E-01     0.20000000E+02    -0.13023269E+00     0.50000001E-01     0.50000001E-01     0.62709185E-02     123     0.45458898E-02
 0.29999983E+01     0.74523413E+00     0.12289658E-01     0.20000000E+02    -0.13047937E+00     0.50000001E-01     0.50000001E-01     0.62916204E-02     123     0.45458898E-02
 0.30999992E+01     0.75776571E+00     0.12312303E-01     0.20000000E+02    -0.13072008E+00     0.50000001E-01     0.50000001E-01     0.63134246E-02     123     0.45458898E-02
 0.31999984E+01     0.77027595E+00     0.12336002E-01     0.20000000E+02    -0.13095430E+00     0.50000001E-01     0.50000001E-01     0.63362839E-02     123     0.45458898E-02
 0.32999990E+01     0.78275931E+00     0.12360724E-01     0.20000000E+02    -0.13118228E+00     0.50000001E-01     0.50000001E-01     0.63602393E-02     123     0.45458898E-02
 0.33999999E+01     0.79521734E+00     0.12386535E-01     0.20000000E+02    -0.13140388E+00     0.50000001E-01     0.50000001E-01     0.63854358E-02     124     0.55926382E-02
 0.34999990E+01     0.80764604E+00     0.12413346E-01     0.20000000E+02    -0.13161960E+00     0.50000001E-01     0.50000001E-01     0.64115897E-02     124     0.55926382E-02
 0.35999999E+01     0.82005012E+00     0.12441251E-01     0.20000000E+02    -0.13182816E+00     0.50000001E-01     0.50000001E-01     0.64388276E-02     124     0.55926382E-02
 0.36999989E+01     0.83242381E+00     0.12470077E-01     0.20000000E+02    -0.13203073E+00     0.50000001E-01     0.50000001E-01     0.64670434E-02     124     0.55926382E-02
 0.37999997E+01     0.84477258E+00     0.12500023E-01     0.20000000E+02    -0.13222636E+00     0.50000001E-01     0.50000001E-01     0.64964704E-02     124     0.55926382E-02
 0.38999987E+01     0.85708857E+00     0.12531092E-01     0.20000000E+02    -0.13241582E+00     0.50000001E-01     0.50000001E-01     0.65270499E-02     124     0.55926382E-02
 0.39999995E+01     0.86937827E+00     0.12563115E-01     0.20000000E+02    -0.13259833E+00     0.50000001E-01     0.50000001E-01     0.65587386E-02     125     0.67499871E-02
 0.40999985E+01     0.88163799E+00     0.12596169E-01     0.20000000E+02    -0.13277423E+00     0.50000001E-01     0.50000001E-01     0.65913773E-02     125     0.67499871E-02
 0.41999993E+01     0.89386898E+00     0.12630230E-01     0.20000000E+02    -0.13294320E+00     0.50000001E-01     0.50000001E-01     0.66250917E-02     125     0.67499871E-02
 0.42999988E+01     0.90606600E+00     0.12665384E-01     0.20000000E+02    -0.13310540E+00     0.50000001E-01     0.50000001E-01     0.66599380E-02     125     0.67499871E-02
 0.43999991E+01     0.91823292E+00     0.12701614E-01     0.20000000E+02    -0.13326065E+00     0.50000001E-01     0.50000001E-01     0.66959099E-02     125     0.67499871E-02
 0.44999986E+01     0.93036747E+00     0.12738954E-01     0.20000000E+02    -0.13340864E+00     0.50000001E-01     0.50000001E-01     0.67331311E-02     126     0.80180895E-02
 0.45999994E+01     0.94247031E+00     0.12777236E-01     0.20000000E+02    -0.13354938E+00     0.50000001E-01     0.50000001E-01     0.67712558E-02     126     0.80180895E-02
 0.47000003E+01     0.95453817E+00     0.12816712E-01     0.20000000E+02    -0.13368323E+00     0.50000001E-01     0.50000001E-01     0.68106148E-02     126     0.80180895E-02
 0.47999973E+01     0.96657163E+00     0.12857176E-01     0.20000000E+02    -0.13380943E+00     0.50000001E-01     0.50000001E-01     0.68510408E-02     126     0.80180895E-02
 0.48999982E+01     0.97857124E+00     0.12898802E-01     0.20000000E+02    -0.13392833E+00     0.50000001E-01     0.50000001E-01     0.68926448E-02     126     0.80180895E-02
 0.49999990E+01     0.99053609E+00     0.12941532E-01     0.20000000E+02    -0.13403933E+00     0.50000001E-01     0.50000001E-01     0.69355406E-02     127     0.93974452E-02
 0.50999999E+01     0.10024612E+01     0.12985244E-01     0.20000000E+02    -0.13414282E+00     0.50000001E-01     0.50000001E-01     0.69793486E-02     127     0.93974452E-02
 0.52000008E+01     0.10143528E+01     0.13030202E-01     0.20000000E+02    -0.13423821E+00     0.50000001E-01     0.50000001E-01     0.70244437E-02     127     0.93974452E-02
 0.52999978E+01     0.10262018E+01     0.13076299E-01     0.20000000E+02    -0.13432539E+00     0.50000001E-01     0.50000001E-01     0.70707151E-02     127     0.93974452E-02
 0.53999987E+01     0.10380137E+01     0.13123422E-01     0.20000000E+02    -0.13440479E+00     0.50000001E-01     0.50000001E-01     0.71180896E-02     127     0.93974452E-02
 0.54999995E+01     0.10497831E+01     0.13171826E-01     0.20000000E+02    -0.13447551E+00     0.50000001E-01     0.50000001E-01     0.71667968E-02     127     0.93974452E-02
 0.56000004E+01     0.10615126E+01     0.13221261E-01     0.20000000E+02    -0.13453798E+00     0.50000001E-01     0.50000001E-01     0.72167488E-02     128     0.10889112E-01
 0.56999979E+01     0.10731986E+01     0.13272094E-01     0.20000000E+02    -0.13459145E+00     0.50000001E-01     0.50000001E-01     0.72679077E-02     128     0.10889112E-01
 0.57999988E+01     0.10848415E+01     0.13324011E-01     0.20000000E+02    -0.13463588E+00     0.50000001E-01     0.50000001E-01     0.73203724E-02     128     0.10889112E-01
 0.58999996E+01     0.10964383E+01     0.13377245E-01     0.20000000E+02    -0.13467129E+00     0.50000001E-01     0.50000001E-01     0.73740892E-02     128     0.10889112E-01
 0.60000000E+01     0.11079885E+01     0.13431693E-01     0.20000000E+02    -0.13469771E+00     0.50000001E-01     0.50000001E-01     0.74291308E-02     128     0.10889112E-01
 0.60999975E+01     0.11194899E+01     0.13487545E-01     0.20000000E+02    -0.13471414E+00     0.50000001E-01     0.50000001E-01     0.74857231E-02     129     0.12494802E-01
 0.61999984E+01     0.11309396E+01     0.13544251E-01     0.20000000E+02    -0.13472062E+00     0.50000001E-01     0.50000001E-01     0.75431094E-02     129     0.12494802E-01
 0.62999992E+01     0.11423434E+01     0.13602577E-01     0.20000000E+02    -0.13471664E+00     0.50000001E-01     0.50000001E-01     0.76021911E-02     129     0.12494802E-01
 0.64000001E+01     0.11536891E+01     0.13662184E-01     0.20000000E+02    -0.13470297E+00     0.50000001E-01     0.50000001E-01     0.76626190E-02     129     0.12494802E-01
 0.65000010E+01     0.11649826E+01     0.13723522E-01     0.20000000E+02    -0.13467771E+00     0.50000001E-01     0.50000001E-01     0.77248244E-02     129     0.12494802E-01
 0.65999980E+01     0.11762177E+01     0.13785727E-01     0.20000000E+02    -0.13464195E+00     0.50000001E-01     0.50000001E-01     0.77879610E-02     129     0.12494802E-01
 0.66999989E+01     0.11873955E+01     0.13849913E-01     0.20000000E+02    -0.13459402E+00     0.50000001E-01     0.50000001E-01     0.78532752E-02     130     0.14216917E-01
 0.67999997E+01     0.11985098E+01     0.13915429E-01     0.20000000E+02    -0.13453487E+00     0.50000001E-01     0.50000001E-01     0.79198945E-02     130     0.14216917E-01
 0.69000006E+01     0.12095625E+01     0.13982262E-01     0.20000000E+02    -0.13446264E+00     0.50000001E-01     0.50000001E-01     0.79878429E-02     130     0.14216917E-01
 0.69999981E+01     0.12205294E+01     0.14050926E-01     0.20000000E+02    -0.13437568E+00     0.50000001E-01     0.50000001E-01     0.80577303E-02     130     0.14216917E-01
 0.70999990E+01     0.12313951E+01     0.14121244E-01     0.20000000E+02    -0.13426813E+00     0.50000001E-01     0.50000001E-01     0.81293732E-02     130     0.14216917E-01
 0.71999998E+01     0.12421647E+01     0.14193609E-01     0.20000000E+02    -0.13414222E+00     0.50000001E-01     0.50000001E-01     0.82032755E-02     131     0.16058823E-01
 0.73000002E+01     0.12528293E+01     0.14267204E-01     0.20000000E+02    -0.13399789E+00     0.50000001E-01     0.50000001E-01     0.82783597E-02     131     0.16058823E-01
 0.73999977E+01     0.12633513E+01     0.14343397E-01     0.20000000E+02    -0.13382317E+00     0.50000001E-01     0.50000001E-01     0.83561409E-02     131     0.16058823E-01
 0.74999986E+01     0.12737111E+01     0.14421943E-01     0.20000000E+02    -0.13362007E+00     0.50000001E-01     0.50000001E-01     0.84364023E-02     131     0.16058823E-01
 0.75999994E+01     0.12839508E+01     0.14502244E-01     0.20000000E+02    -0.13339244E+00     0.50000001E-01     0.50000001E-01     0.85185487E-02     131     0.16058823E-01
 0.77000003E+01     0.12940971E+01     0.14585587E-01     0.20000000E+02    -0.13314773E+00     0.50000001E-01     0.50000001E-01     0.86038075E-02     131     0.16058823E-01
 0.77999973E+01     0.13041444E+01     0.14670950E-01     0.20000000E+02    -0.13288568E+00     0.50000001E-01     0.50000001E-01     0.86913463E-02     132     0.18024575E-01
 0.78999982E+01     0.13140740E+01     0.14759028E-01     0.20000000E+02    -0.13260134E+00     0.50000001E-01     0.50000001E-01     0.87814983E-02     132     0.18024575E-01
 0.79999990E+01     0.13238956E+01     0.14849548E-01     0.20000000E+02    -0.13229749E+00     0.50000001E-01     0.50000001E-01     0.88742562E-02     132     0.18024575E-01
 0.81000004E+01     0.13335944E+01     0.14943914E-01     0.20000000E+02    -0.13197002E+00     0.50000001E-01     0.50000001E-01     0.89709396E-02     132     0.18024575E-01
 0.82000008E+01     0.13428450E+01     0.15043180E-01     0.20000000E+02    -0.13155702E+00     0.50000001E-01     0.50000001E-01     0.90728328E-02     132     0.18024575E-01
 0.82999983E+01     0.13457483E+01     0.15192201E-01     0.20000000E+02    -0.12989588E+00     0.50000001E-01     0.50000001E-01     0.92283059E-02     132     0.18024575E-01
 0.83999987E+01     0.13474494E+01     0.15364506E-01     0.20000000E+02    -0.12800667E+00     0.50000001E-01     0.50000001E-01     0.94080912E-02     133     0.20119486E-01
 0.85000000E+01     0.13535112E+01     0.15511861E-01     0.20000000E+02    -0.12698330E+00     0.50000001E-01     0.50000001E-01     0.95601836E-02     133     0.20119486E-01
 0.86000004E+01     0.13617095E+01     0.15645877E-01     0.20000000E+02    -0.12638497E+00     0.50000001E-01     0.50000001E-01     0.96977782E-02     133     0.20119486E-01
 0.86999979E+01     0.13705491E+01     0.15777959E-01     0.20000000E+02    -0.12591320E+00     0.50000001E-01     0.50000001E-01     0.98330695E-02     133     0.20119486E-01
 0.87999983E+01     0.13796376E+01     0.15909094E-01     0.20000000E+02    -0.12549612E+00     0.50000001E-01     0.50000001E-01     0.99672452E-02     133     0.20119486E-01
 0.88999996E+01     0.13888656E+01     0.16039750E-01     0.20000000E+02    -0.12510715E+00     0.50000001E-01     0.50000001E-01     0.10100975E-01     133     0.20119486E-01
 0.90000000E+01     0.13981364E+01     0.16172476E-01     0.20000000E+02    -0.12472846E+00     0.50000001E-01     0.50000001E-01     0.10236769E-01     133     0.20119486E-01
 0.90999975E+01     0.14071695E+01     0.16313488E-01     0.20000000E+02    -0.12431071E+00     0.50000001E-01     0.50000001E-01     0.10381231E-01     134     0.22349956E-01
 0.91999989E+01     0.14159865E+01     0.16459219E-01     0.20000000E+02    -0.12385756E+00     0.50000001E-01     0.50000001E-01     0.10530679E-01     134     0.22349956E-01
 0.92999992E+01     0.14247574E+01     0.16611854E-01     0.20000000E+02    -0.12339913E+00     0.50000001E-01     0.50000001E-01     0.10686854E-01     134     0.22349956E-01
 0.94000006E+01     0.14335766E+01     0.16764507E-01     0.20000000E+02    -0.12295290E+00     0.50000001E-01     0.50000001E-01     0.10843170E-01     134     0.22349956E-01
 0.94999971E+01     0.14424378E+01     0.16918885E-01     0.20000000E+02    -0.12251931E+00     0.50000001E-01     0.50000001E-01     0.11001248E-01     134     0.22349956E-01
 0.95999985E+01     0.14510483E+01     0.17081490E-01     0.20000000E+02    -0.12204474E+00     0.50000001E-01     0.50000001E-01     0.11167763E-01     134     0.22349956E-01
 0.96999989E+01     0.14593570E+01     0.17256266E-01     0.20000000E+02    -0.12151974E+00     0.50000001E-01     0.50000001E-01     0.11346999E-01     135     0.24723656E-01
 0.98000002E+01     0.14676534E+01     0.17432889E-01     0.20000000E+02    -0.12099842E+00     0.50000001E-01     0.50000001E-01     0.11528011E-01     135     0.24723656E-01
 0.99000006E+01     0.14760427E+01     0.17613158E-01     0.20000000E+02    -0.12049755E+00     0.50000001E-01     0.50000001E-01     0.11712516E-01     135     0.24723656E-01
 0.99999981E+01     0.14844396E+01     0.17794771E-01     0.20000000E+02    -0.12000368E+00     0.50000001E-01     0.50000001E-01     0.11898546E-01     135     0.24723656E-01
 0.10099998E+02     0.14923726E+01     0.17994391E-01     0.20000000E+02    -0.11943499E+00     0.50000001E-01     0.50000001E-01     0.12102861E-01     135     0.24723656E-01
 0.10200000E+02     0.15001510E+01     0.18200725E-01     0.20000000E+02    -0.11884505E+00     0.50000001E-01     0.50000001E-01     0.12314322E-01     135     0.24723656E-01
 0.10300000E+02     0.15080678E+01     0.18408231E-01     0.20000000E+02    -0.11828666E+00     0.50000001E-01     0.50000001E-01     0.12526853E-01     135     0.24723656E-01
 0.10399998E+02     0.15160965E+01     0.18615516E-01     0.20000000E+02    -0.11775181E+00     0.50000001E-01     0.50000001E-01     0.12739154E-01     136     0.27249757E-01
 0.10499999E+02     0.15236850E+01     0.18845404E-01     0.20000000E+02    -0.11715010E+00     0.50000001E-01     0.50000001E-01     0.12974340E-01     136     0.27249757E-01
 0.10599999E+02     0.15309228E+01     0.19084835E-01     0.20000000E+02    -0.11649749E+00     0.50000001E-01     0.50000001E-01     0.13219723E-01     136     0.27249757E-01
 0.10700000E+02     0.15383924E+01     0.19326059E-01     0.20000000E+02    -0.11589161E+00     0.50000001E-01     0.50000001E-01     0.13466615E-01     136     0.27249757E-01
 0.10799997E+02     0.15457796E+01     0.19576469E-01     0.20000000E+02    -0.11528157E+00     0.49775377E-01     0.50000001E-01     0.13718555E-01     136     0.27249757E-01
 0.10899999E+02     0.15521392E+01     0.19873306E-01     0.20000000E+02    -0.11451972E+00     0.49381979E-01     0.50000001E-01     0.14019907E-01     136     0.27249757E-01
 0.10999999E+02     0.15583998E+01     0.20179724E-01     0.20000000E+02    -0.11375392E+00     0.49044419E-01     0.50000001E-01     0.14331621E-01     137     0.29939037E-01
 0.11100000E+02     0.15650841E+01     0.20472972E-01     0.20000000E+02    -0.11306502E+00     0.48736174E-01     0.50000001E-01     0.14629664E-01     137     0.29939037E-01
 0.11200001E+02     0.15708965E+01     0.20812228E-01     0.20000000E+02    -0.11225650E+00     0.48339315E-01     0.50000001E-01     0.14973953E-01     137     0.29939037E-01
 0.11299998E+02     0.15726478E+01     0.21351693E-01     0.20000000E+02    -0.11088473E+00     0.46323143E-01     0.50000001E-01     0.15510244E-01     137     0.29939037E-01
 0.11399999E+02     0.15785030E+01     0.21705441E-01     0.20000000E+02    -0.11011963E+00     0.46018332E-01     0.50000001E-01     0.15869802E-01     137     0.29939037E-01
 0.11500000E+02     0.15836147E+01     0.22104470E-01     0.20000000E+02    -0.10925804E+00     0.45731120E-01     0.50000001E-01     0.16276054E-01     137     0.29939037E-01
 0.11600000E+02     0.15892960E+01     0.22483388E-01     0.20000000E+02    -0.10849722E+00     0.45384828E-01     0.50000001E-01     0.16661525E-01     137     0.29939037E-01
 0.11699998E+02     0.15939399E+01     0.22924252E-01     0.20000000E+02    -0.10760900E+00     0.44982653E-01     0.50000001E-01     0.17107043E-01     137     0.29939037E-01
 0.11799999E+02     0.15987203E+01     0.23362659E-01     0.20000000E+02    -0.10676093E+00     0.44720791E-01     0.50000001E-01     0.17553499E-01     138     0.32803934E-01
 0.11900000E+02     0.16035683E+01     0.23807256E-01     0.20000000E+02    -0.10594435E+00     0.44503346E-01     0.50000001E-01     0.18006090E-01     138     0.32803934E-01
 0.12000000E+02     0.16072805E+01     0.24327882E-01     0.20000000E+02    -0.10500152E+00     0.44232421E-01     0.50000001E-01     0.18536111E-01     138     0.32803934E-01
 0.12099998E+02     0.16113083E+01     0.24842365E-01     0.20000000E+02    -0.10412992E+00     0.43912038E-01     0.50000001E-01     0.19059084E-01     138     0.32803934E-01
 0.12199999E+02     0.16145895E+01     0.25398703E-01     0.20000000E+02    -0.10319421E+00     0.43773346E-01     0.50000001E-01     0.19626535E-01     138     0.32803934E-01
 0.12299999E+02     0.16175710E+01     0.25992326E-01     0.20000000E+02    -0.10225864E+00     0.43458436E-01     0.50000001E-01     0.20230200E-01     138     0.32803934E-01
 0.12400001E+02     0.16200811E+01     0.26632549E-01     0.20000000E+02    -0.10130537E+00     0.43271694E-01     0.50000001E-01     0.20882424E-01     138     0.32803934E-01
 0.12499997E+02     0.16162751E+01     0.27653500E-01     0.20000000E+02    -0.99741571E-01     0.41578952E-01     0.50000001E-01     0.21912025E-01     138     0.32803934E-01
 0.12599998E+02     0.16171396E+01     0.28422659E-01     0.20000000E+02    -0.98739304E-01     0.41302484E-01     0.50000001E-01     0.22696247E-01     138     0.32803934E-01
 0.12699999E+02     0.16236809E+01     0.28840920E-01     0.20000000E+02    -0.98322570E-01     0.42558018E-01     0.50000001E-01     0.23132272E-01     139     0.35858847E-01
 0.12800000E+02     0.16230135E+01     0.29728327E-01     0.20000000E+02    -0.97278379E-01     0.42331282E-01     0.50000001E-01     0.24037313E-01     139     0.35858847E-01
 0.12900001E+02     0.16174951E+01     0.30940147E-01     0.20000000E+02    -0.95922492E-01     0.40796977E-01     0.50000001E-01     0.25264615E-01     139     0.35858847E-01
 0.12999998E+02     0.16147058E+01     0.32000132E-01     0.20000000E+02    -0.94917484E-01     0.40518794E-01     0.50000001E-01     0.26347097E-01     139     0.35858847E-01
 0.13099999E+02     0.16162602E+01     0.32775231E-01     0.20000000E+02    -0.94313182E-01     0.41739896E-01     0.50000001E-01     0.27149551E-01     139     0.35858847E-01
 0.13200000E+02     0.16062440E+01     0.34346145E-01     0.20000000E+02    -0.93093894E-01     0.40202465E-01     0.50000001E-01     0.28747007E-01     139     0.35858847E-01
 0.13300000E+02     0.15978673E+01     0.35831913E-01     0.20000000E+02    -0.92224039E-01     0.40192209E-01     0.50000001E-01     0.30270178E-01     139     0.35858847E-01
 0.13399998E+02     0.15875142E+01     0.37487537E-01     0.20000000E+02    -0.91489442E-01     0.40082913E-01     0.50000001E-01     0.31967260E-01     139     0.35858847E-01
 0.13499999E+02     0.15711769E+01     0.39629307E-01     0.20000000E+02    -0.90915628E-01     0.40021073E-01     0.50000001E-01     0.34164954E-01     139     0.35858847E-01
 0.13599999E+02     0.15506198E+01     0.42154960E-01     0.20000000E+02    -0.90652592E-01     0.40063143E-01     0.50000001E-01     0.36757529E-01     139     0.35858847E-01
 0.13700001E+02     0.15138912E+01     0.45991268E-01     0.20000000E+02    -0.90848990E-01     0.40238023E-01     0.50000001E-01     0.40697500E-01     139     0.35858847E-01
 0.13799997E+02     0.14591126E+01     0.50850414E-01     0.20000000E+02    -0.91396406E-01     0.40613938E-01     0.50000001E-01     0.45692958E-01     138     0.32803934E-01
 0.13999999E+02     0.12930367E+01     0.63521639E-01     0.20000000E+02    -0.92482224E-01     0.43645144E-01     0.50000001E-01     0.58717985E-01     137     0.29939037E-01
 0.14100000E+02     0.12287654E+01     0.70827186E-01     0.20000000E+02    -0.93812741E-01     0.42708065E-01     0.50000001E-01     0.66136010E-01     137     0.29939037E-01
 0.14199998E+02     0.12318542E+01     0.71609959E-01     0.20000000E+02    -0.93973562E-01     0.43972872E-01     0.50000001E-01     0.66940159E-01     137     0.29939037E-01
 0.14299998E+02     0.12091855E+01     0.75204000E-01     0.20000000E+02    -0.95014475E-01     0.43887015E-01     0.50000001E-01     0.70588343E-01     137     0.29939037E-01
 0.14400000E+02     0.11907561E+01     0.78512371E-01     0.20000000E+02    -0.96129097E-01     0.43889102E-01     0.50000001E-01     0.73945761E-01     137     0.29939037E-01
 0.14500000E+02     0.11890359E+01     0.79827994E-01     0.20000000E+02    -0.96504420E-01     0.43699153E-01     0.50000001E-01     0.75276844E-01     137     0.29939037E-01
 0.14600000E+02     0.11749096E+01     0.82812354E-01     0.20000000E+02    -0.97661026E-01     0.43855429E-01     0.50000001E-01     0.78305162E-01     137     0.29939037E-01
 0.14699998E+02     0.11730359E+01     0.84188074E-01     0.20000000E+02    -0.98110527E-01     0.43363541E-01     0.50000001E-01     0.79693854E-01     137     0.29939037E-01
 0.14799999E+02     0.11727816E+01     0.85401088E-01     0.20000000E+02    -0.98531798E-01     0.43161232E-01     0.50000001E-01     0.80919713E-01     137     0.29939037E-01
 0.14900000E+02     0.11614404E+01     0.88216461E-01     0.20000000E+02    -0.99764220E-01     0.43275569E-01     0.50000001E-01     0.83775528E-01     137     0.29939037E-01
 0.15000001E+02     0.11569166E+01     0.89882798E-01     0.20000000E+02    -0.10037732E+00     0.41617494E-01     0.50000001E-01     0.85446760E-01     137     0.29939037E-01
 0.15099998E+02     0.11628863E+01     0.90475142E-01     0.20000000E+02    -0.10064179E+00     0.42804979E-01     0.50000001E-01     0.86056545E-01     137     0.29939037E-01
 0.15199999E+02     0.11504909E+01     0.93454815E-01     0.20000000E+02    -0.10201222E+00     0.42160373E-01     0.50000001E-01     0.89069992E-01     137     0.29939037E-01
 0.15299999E+02     0.11536769E+01     0.94311155E-01     0.20000000E+02    -0.10234097E+00     0.42491354E-01     0.50000001E-01     0.89938983E-01     137     0.29939037E-01
 0.15400001E+02     0.11549119E+01     0.95400639E-01     0.20000000E+02    -0.10280252E+00     0.42110663E-01     0.50000001E-01     0.91037139E-01     137     0.29939037E-01
 0.15499998E+02     0.11434920E+01     0.98304361E-01     0.20000000E+02    -0.10424269E+00     0.40719941E-01     0.50000001E-01     0.93968533E-01     137     0.29939037E-01
 0.15599998E+02     0.11456728E+01     0.99304989E-01     0.20000000E+02    -0.10469464E+00     0.40503386E-01     0.50000001E-01     0.94978631E-01     137     0.29939037E-01
 0.15699999E+02     0.11484853E+01     0.10021716E+00     0.20000000E+02    -0.10509976E+00     0.40417362E-01     0.50000001E-01     0.95900245E-01     138     0.32803934E-01
 0.15800000E+02     0.11509866E+01     0.10117912E+00     0.20000000E+02    -0.10554004E+00     0.40321682E-01     0.50000001E-01     0.96872114E-01     138     0.32803934E-01
 0.15899998E+02     0.11454788E+01     0.10348022E+00     0.20000000E+02    -0.10677857E+00     0.41040242E-01     0.50000001E-01     0.99210426E-01     138     0.32803934E-01
 0.15999998E+02     0.11439463E+01     0.10486705E+00     0.20000000E+02    -0.10748739E+00     0.39075773E-01     0.50000001E-01     0.10059580E+00     138     0.32803934E-01
 0.16099998E+02     0.11464931E+01     0.10584850E+00     0.20000000E+02    -0.10795503E+00     0.38732018E-01     0.50000001E-01     0.10158520E+00     138     0.32803934E-01
 0.16200001E+02     0.11391249E+01     0.10832524E+00     0.20000000E+02    -0.10935978E+00     0.37995227E-01     0.50000001E-01     0.10408567E+00     138     0.32803934E-01
 0.16300001E+02     0.11465161E+01     0.10880150E+00     0.20000000E+02    -0.10959890E+00     0.39534494E-01     0.50000001E-01     0.10458150E+00     138     0.32803934E-01
 0.16399998E+02     0.11480658E+01     0.10989129E+00     0.20000000E+02    -0.11017480E+00     0.38997091E-01     0.50000001E-01     0.10567900E+00     138     0.32803934E-01
 0.16499998E+02     0.11497874E+01     0.11092331E+00     0.20000000E+02    -0.11068476E+00     0.38423233E-01     0.50000001E-01     0.10671569E+00     138     0.32803934E-01
 0.16600000E+02     0.11537268E+01     0.11173680E+00     0.20000000E+02    -0.11114821E+00     0.38383301E-01     0.50000001E-01     0.10753851E+00     138     0.32803934E-01
 0.16700001E+02     0.11550229E+01     0.11279472E+00     0.20000000E+02    -0.11172322E+00     0.37695304E-01     0.50000001E-01     0.10859996E+00     138     0.32803934E-01
 0.16799997E+02     0.11480631E+01     0.11526762E+00     0.20000000E+02    -0.11320221E+00     0.36514614E-01     0.50000001E-01     0.11109551E+00     138     0.32803934E-01
 0.16900000E+02     0.11518385E+01     0.11612867E+00     0.20000000E+02    -0.11368898E+00     0.36428794E-01     0.50000001E-01     0.11196481E+00     139     0.35858847E-01
 0.17000000E+02     0.11535950E+01     0.11712862E+00     0.20000000E+02    -0.11423237E+00     0.35494950E-01     0.50000001E-01     0.11296808E+00     139     0.35858847E-01
 0.17100000E+02     0.11433073E+01     0.11989116E+00     0.20000000E+02    -0.11596109E+00     0.32470327E-01     0.50000001E-01     0.11573794E+00     139     0.35858847E-01
 0.17199997E+02     0.11633353E+01     0.11853661E+00     0.20000000E+02    -0.11509106E+00     0.36294404E-01     0.50000001E-01     0.11439648E+00     139     0.35858847E-01
 0.17299999E+02     0.11579127E+01     0.12084720E+00     0.20000000E+02    -0.11655829E+00     0.35719886E-01     0.50000001E-01     0.11673263E+00     139     0.35858847E-01
 0.17400000E+02     0.11609317E+01     0.12176644E+00     0.20000000E+02    -0.11709547E+00     0.35405204E-01     0.50000001E-01     0.11765882E+00     139     0.35858847E-01
 0.17500000E+02     0.11598396E+01     0.12308002E+00     0.20000000E+02    -0.11795623E+00     0.32969330E-01     0.50000001E-01     0.11896291E+00     139     0.35858847E-01
 0.17599997E+02     0.11641469E+01     0.12378892E+00     0.20000000E+02    -0.11834483E+00     0.33152811E-01     0.50000001E-01     0.11968006E+00     139     0.35858847E-01
 0.17699999E+02     0.11686937E+01     0.12453958E+00     0.20000000E+02    -0.11878240E+00     0.33676408E-01     0.50000001E-01     0.12044221E+00     139     0.35858847E-01
 0.20199997E+02     0.12483771E+01     0.14993496E+00     0.20000000E+02    -0.13868481E+00     0.29300340E-01     0.37834835E+00     0.14647999E+00     142     0.46341963E-01
 0.20299999E+02     0.12435931E+01     0.15201396E+00     0.20000000E+02    -0.14039066E+00     0.27492816E-01     0.37986937E+00     0.14856470E+00     142     0.46341963E-01
 0.20400000E+02     0.12509001E+01     0.15248498E+00     0.20000000E+02    -0.14079145E+00     0.29059272E-01     0.38052297E+00     0.14905925E+00     142     0.46341963E-01
 0.20500000E+02     0.12543695E+01     0.15341093E+00     0.20000000E+02    -0.14154476E+00     0.28871242E-01     0.38097444E+00     0.14999156E+00     142     0.46341963E-01
 0.20599998E+02     0.12576652E+01     0.15419219E+00     0.20000000E+02    -0.14218645E+00     0.28559526E-01     0.38183007E+00     0.15077659E+00     142     0.46341963E-01
 0.20699999E+02     0.12602305E+01     0.15495597E+00     0.20000000E+02    -0.14287236E+00     0.27828863E-01     0.38326815E+00     0.15154119E+00     142     0.46341963E-01
 0.20799999E+02     0.12629244E+01     0.15579727E+00     0.20000000E+02    -0.14356078E+00     0.27097037E-01     0.38369063E+00     0.15238105E+00     143     0.50346751E-01
 0.20900000E+02     0.12680377E+01     0.15646021E+00     0.20000000E+02    -0.14419636E+00     0.27400916E-01     0.38292745E+00     0.15304869E+00     143     0.50346751E-01
 0.21000000E+02     0.12715360E+01     0.15721843E+00     0.20000000E+02    -0.14487904E+00     0.26742207E-01     0.38224640E+00     0.15380639E+00     142     0.46341963E-01
 0.21099998E+02     0.12694829E+01     0.15920709E+00     0.20000000E+02    -0.14647819E+00     0.26624026E-01     0.38364267E+00     0.15581903E+00     143     0.50346751E-01
 0.21199999E+02     0.12760015E+01     0.15962060E+00     0.20000000E+02    -0.14682080E+00     0.27745152E-01     0.38621050E+00     0.15625337E+00     143     0.50346751E-01
 0.21299999E+02     0.12809023E+01     0.16026379E+00     0.20000000E+02    -0.14742389E+00     0.28204737E-01     0.38367453E+00     0.15689871E+00     143     0.50346751E-01
 0.21400000E+02     0.12830758E+01     0.16117410E+00     0.20000000E+02    -0.14815822E+00     0.27375363E-01     0.38345832E+00     0.15780501E+00     143     0.50346751E-01
 0.21499998E+02     0.12842438E+01     0.16199957E+00     0.20000000E+02    -0.14905353E+00     0.25484100E-01     0.38534385E+00     0.15862504E+00     143     0.50346751E-01
 0.22099998E+02     0.13012955E+01     0.16761476E+00     0.20000000E+02    -0.15422538E+00     0.24400095E-01     0.38622919E+00     0.16427679E+00     143     0.50346751E-01
