  
       RFOIL         Version 3.00
  
 Calculated polar for: OSO_2025_WT2_T33                
  
 1  Reynolds number fixed
  
 xtrf =      0.05000000 (suction)     0.05000000 (pressure)
 Rot. Parameters:  f0 =      1.00000000 c/r =      0.00000000
 Mach =      0.00000000     Re =      2.00000000 e 6     Ncrit =      3.00000000
  
             alpha                CL                CD            Re(CL)                CM             S_xtr             P_xtr               CDp            I_stag            X_stag
  ------- -------- --------- --------- -------- ------- ------- -------- 
-0.15200001E+02    -0.36511046E+00     0.11765478E+00     0.20000000E+01    -0.43396842E-01     0.50000001E-01     0.50000001E-01     0.11103856E+00      96     0.16611833E-01
-0.15100001E+02    -0.35978907E+00     0.11708219E+00     0.20000000E+01    -0.43864995E-01     0.50000001E-01     0.50000001E-01     0.11045896E+00      96     0.16611833E-01
-0.15000001E+02    -0.35406902E+00     0.11649283E+00     0.20000000E+01    -0.44338431E-01     0.50000001E-01     0.50000001E-01     0.10985884E+00      96     0.16611833E-01
-0.14900000E+02    -0.34871644E+00     0.11587295E+00     0.20000000E+01    -0.44815823E-01     0.50000001E-01     0.50000001E-01     0.10923114E+00      96     0.16611833E-01
-0.14800000E+02    -0.34273037E+00     0.11524603E+00     0.20000000E+01    -0.45382973E-01     0.50000001E-01     0.50000001E-01     0.10859166E+00      96     0.16611833E-01
-0.14700002E+02    -0.33798477E+00     0.11453021E+00     0.20000000E+01    -0.45872394E-01     0.50000001E-01     0.50000001E-01     0.10786761E+00      96     0.16611833E-01
-0.14600000E+02    -0.33280334E+00     0.11385729E+00     0.20000000E+01    -0.46360489E-01     0.50000001E-01     0.50000001E-01     0.10718387E+00      96     0.16611833E-01
-0.14500000E+02    -0.32768354E+00     0.11318029E+00     0.20000000E+01    -0.46883255E-01     0.50000001E-01     0.50000001E-01     0.10649915E+00      97     0.14598641E-01
-0.14400001E+02    -0.32184690E+00     0.11259156E+00     0.20000000E+01    -0.47366027E-01     0.50000001E-01     0.50000001E-01     0.10590187E+00      97     0.14598641E-01
-0.14300001E+02    -0.31614816E+00     0.11202638E+00     0.20000000E+01    -0.47778592E-01     0.50000001E-01     0.50000001E-01     0.10532653E+00      97     0.14598641E-01
-0.14200001E+02    -0.31038389E+00     0.11144017E+00     0.20000000E+01    -0.48257168E-01     0.50000001E-01     0.50000001E-01     0.10473204E+00      97     0.14598641E-01
-0.14100001E+02    -0.30428246E+00     0.11088061E+00     0.20000000E+01    -0.48713349E-01     0.50000001E-01     0.50000001E-01     0.10416134E+00      97     0.14598641E-01
-0.14000001E+02    -0.29880226E+00     0.11028387E+00     0.20000000E+01    -0.49173318E-01     0.50000001E-01     0.50000001E-01     0.10355863E+00      97     0.14598641E-01
-0.13900002E+02    -0.29328799E+00     0.10968519E+00     0.20000000E+01    -0.49602754E-01     0.50000001E-01     0.50000001E-01     0.10295233E+00      97     0.14598641E-01
-0.13800001E+02    -0.28773010E+00     0.10907605E+00     0.20000000E+01    -0.50048057E-01     0.50000001E-01     0.50000001E-01     0.10233337E+00      98     0.12755311E-01
-0.13700001E+02    -0.28212041E+00     0.10844622E+00     0.20000000E+01    -0.50525207E-01     0.50000001E-01     0.50000001E-01     0.10169437E+00      98     0.12755311E-01
-0.13600001E+02    -0.27678245E+00     0.10779787E+00     0.20000000E+01    -0.50978158E-01     0.50000001E-01     0.50000001E-01     0.10103620E+00      98     0.12755311E-01
-0.13500001E+02    -0.27186316E+00     0.10706177E+00     0.20000000E+01    -0.51456973E-01     0.50000001E-01     0.50000001E-01     0.10029016E+00      98     0.12755311E-01
-0.13400001E+02    -0.26619673E+00     0.10646312E+00     0.20000000E+01    -0.51890779E-01     0.50000001E-01     0.50000001E-01     0.99681996E-01      98     0.12755311E-01
-0.13300000E+02    -0.26042676E+00     0.10583467E+00     0.20000000E+01    -0.52338138E-01     0.50000001E-01     0.50000001E-01     0.99046163E-01      98     0.12755311E-01
-0.13200001E+02    -0.25455189E+00     0.10526576E+00     0.20000000E+01    -0.52741516E-01     0.50000001E-01     0.50000001E-01     0.98468274E-01      98     0.12755311E-01
-0.13100000E+02    -0.24889986E+00     0.10469272E+00     0.20000000E+01    -0.53142078E-01     0.50000001E-01     0.50000001E-01     0.97888574E-01      99     0.11069483E-01
-0.13000001E+02    -0.24300174E+00     0.10412246E+00     0.20000000E+01    -0.53570282E-01     0.50000001E-01     0.50000001E-01     0.97310230E-01      99     0.11069483E-01
-0.12900001E+02    -0.23721556E+00     0.10354965E+00     0.20000000E+01    -0.53979851E-01     0.50000001E-01     0.50000001E-01     0.96729174E-01      99     0.11069483E-01
-0.12800001E+02    -0.23162676E+00     0.10294486E+00     0.20000000E+01    -0.54390337E-01     0.50000001E-01     0.50000001E-01     0.96116655E-01      99     0.11069483E-01
-0.12700001E+02    -0.22596990E+00     0.10232666E+00     0.20000000E+01    -0.54820016E-01     0.50000001E-01     0.50000001E-01     0.95490098E-01      99     0.11069483E-01
-0.12600001E+02    -0.22054623E+00     0.10174470E+00     0.20000000E+01    -0.55219803E-01     0.50000001E-01     0.50000001E-01     0.94899900E-01      99     0.11069483E-01
-0.12500001E+02    -0.21493848E+00     0.10108829E+00     0.20000000E+01    -0.55674423E-01     0.50000001E-01     0.50000001E-01     0.94232336E-01     100     0.95301569E-02
-0.12400002E+02    -0.20979556E+00     0.10040554E+00     0.20000000E+01    -0.56100097E-01     0.50000001E-01     0.50000001E-01     0.93541279E-01     100     0.95301569E-02
-0.12300001E+02    -0.20418102E+00     0.99773787E-01     0.20000000E+01    -0.56486543E-01     0.50000001E-01     0.50000001E-01     0.92900753E-01     100     0.95301569E-02
-0.12200001E+02    -0.19809814E+00     0.99229448E-01     0.20000000E+01    -0.56888059E-01     0.50000001E-01     0.50000001E-01     0.92348345E-01     100     0.95301569E-02
-0.12100001E+02    -0.19250448E+00     0.98649733E-01     0.20000000E+01    -0.57256807E-01     0.50000001E-01     0.50000001E-01     0.91762878E-01     100     0.95301569E-02
-0.12000000E+02    -0.18663083E+00     0.98090507E-01     0.20000000E+01    -0.57627678E-01     0.50000001E-01     0.50000001E-01     0.91196179E-01     100     0.95301569E-02
-0.11900001E+02    -0.18088678E+00     0.97507857E-01     0.20000000E+01    -0.58009882E-01     0.50000001E-01     0.50000001E-01     0.90606563E-01     100     0.95301569E-02
-0.11800000E+02    -0.17500077E+00     0.96943974E-01     0.20000000E+01    -0.58382381E-01     0.50000001E-01     0.50000001E-01     0.90034924E-01     101     0.81278561E-02
-0.11700001E+02    -0.16928175E+00     0.96359052E-01     0.20000000E+01    -0.58747876E-01     0.50000001E-01     0.50000001E-01     0.89442402E-01     101     0.81278561E-02
-0.11600000E+02    -0.16364680E+00     0.95758632E-01     0.20000000E+01    -0.59136484E-01     0.50000001E-01     0.50000001E-01     0.88834256E-01     101     0.81278561E-02
-0.11500001E+02    -0.15823382E+00     0.95100611E-01     0.20000000E+01    -0.59528098E-01     0.50000001E-01     0.50000001E-01     0.88168092E-01     101     0.81278561E-02
-0.11400001E+02    -0.15291105E+00     0.94419830E-01     0.20000000E+01    -0.59910327E-01     0.50000001E-01     0.50000001E-01     0.87477736E-01     101     0.81278561E-02
-0.11300001E+02    -0.14734101E+00     0.93801543E-01     0.20000000E+01    -0.60316585E-01     0.50000001E-01     0.50000001E-01     0.86850762E-01     101     0.81278561E-02
-0.11200001E+02    -0.14155291E+00     0.93233325E-01     0.20000000E+01    -0.60657781E-01     0.50000001E-01     0.50000001E-01     0.86275376E-01     102     0.68541314E-02
-0.11100001E+02    -0.13573486E+00     0.92674084E-01     0.20000000E+01    -0.61002064E-01     0.50000001E-01     0.50000001E-01     0.85709870E-01     102     0.68541314E-02
-0.11000001E+02    -0.12994489E+00     0.92113480E-01     0.20000000E+01    -0.61332908E-01     0.50000001E-01     0.50000001E-01     0.85143052E-01     102     0.68541314E-02
-0.10900001E+02    -0.12386368E+00     0.91557436E-01     0.20000000E+01    -0.61697569E-01     0.50000001E-01     0.50000001E-01     0.84579840E-01     102     0.68541314E-02
-0.10800001E+02    -0.11801090E+00     0.90993509E-01     0.20000000E+01    -0.62035669E-01     0.50000001E-01     0.50000001E-01     0.84009148E-01     102     0.68541314E-02
-0.10700001E+02    -0.11230558E+00     0.90411857E-01     0.20000000E+01    -0.62368471E-01     0.50000001E-01     0.50000001E-01     0.83421096E-01     102     0.68541314E-02
-0.10600001E+02    -0.10654254E+00     0.89840814E-01     0.20000000E+01    -0.62701188E-01     0.50000001E-01     0.50000001E-01     0.82843244E-01     103     0.57018539E-02
-0.10500001E+02    -0.10092285E+00     0.89228466E-01     0.20000000E+01    -0.63036390E-01     0.50000001E-01     0.50000001E-01     0.82222201E-01     103     0.57018539E-02
-0.10400002E+02    -0.95562920E-01     0.88573389E-01     0.20000000E+01    -0.63413240E-01     0.50000001E-01     0.50000001E-01     0.81559770E-01     103     0.57018539E-02
-0.10300000E+02    -0.90284534E-01     0.87910704E-01     0.20000000E+01    -0.63769832E-01     0.50000001E-01     0.50000001E-01     0.80888554E-01     103     0.57018539E-02
-0.10200001E+02    -0.84502712E-01     0.87330103E-01     0.20000000E+01    -0.64089291E-01     0.50000001E-01     0.50000001E-01     0.80300607E-01     103     0.57018539E-02
-0.10100000E+02    -0.78622714E-01     0.86777508E-01     0.20000000E+01    -0.64406693E-01     0.50000001E-01     0.50000001E-01     0.79742022E-01     103     0.57018539E-02
-0.10000001E+02    -0.72718747E-01     0.86222492E-01     0.20000000E+01    -0.64726122E-01     0.50000001E-01     0.50000001E-01     0.79181135E-01     104     0.46647848E-02
-0.99000006E+01    -0.66738397E-01     0.85675612E-01     0.20000000E+01    -0.65041371E-01     0.50000001E-01     0.50000001E-01     0.78627564E-01     104     0.46647848E-02
-0.98000011E+01    -0.60926266E-01     0.85133545E-01     0.20000000E+01    -0.65320767E-01     0.50000001E-01     0.50000001E-01     0.78080073E-01     104     0.46647848E-02
-0.97000008E+01    -0.54997288E-01     0.84571131E-01     0.20000000E+01    -0.65640934E-01     0.50000001E-01     0.50000001E-01     0.77511258E-01     104     0.46647848E-02
-0.96000013E+01    -0.49184598E-01     0.83999462E-01     0.20000000E+01    -0.65947309E-01     0.50000001E-01     0.50000001E-01     0.76932825E-01     104     0.46647848E-02
-0.95000010E+01    -0.43472085E-01     0.83408572E-01     0.20000000E+01    -0.66258527E-01     0.50000001E-01     0.50000001E-01     0.76334432E-01     104     0.46647848E-02
-0.94000006E+01    -0.38026590E-01     0.82794182E-01     0.20000000E+01    -0.66587090E-01     0.50000001E-01     0.50000001E-01     0.75713493E-01     105     0.37378250E-02
-0.93000011E+01    -0.32807972E-01     0.82131170E-01     0.20000000E+01    -0.66906996E-01     0.50000001E-01     0.50000001E-01     0.75042091E-01     105     0.37378250E-02
-0.91999998E+01    -0.27217612E-01     0.81523210E-01     0.20000000E+01    -0.67196049E-01     0.50000001E-01     0.50000001E-01     0.74427083E-01     105     0.37378250E-02
-0.91000013E+01    -0.21319332E-01     0.80996908E-01     0.20000000E+01    -0.67486390E-01     0.50000001E-01     0.50000001E-01     0.73895641E-01     105     0.37378250E-02
-0.90000000E+01    -0.15300036E-01     0.80460481E-01     0.20000000E+01    -0.67760669E-01     0.50000001E-01     0.50000001E-01     0.73353156E-01     105     0.37378250E-02
-0.89000015E+01    -0.93318438E-02     0.79913944E-01     0.20000000E+01    -0.68052001E-01     0.50000001E-01     0.50000001E-01     0.72800919E-01     105     0.37378250E-02
-0.88000002E+01    -0.34941447E-02     0.79375044E-01     0.20000000E+01    -0.68314001E-01     0.50000001E-01     0.50000001E-01     0.72256744E-01     106     0.29167181E-02
-0.87000017E+01     0.24375822E-02     0.78831799E-01     0.20000000E+01    -0.68600141E-01     0.50000001E-01     0.50000001E-01     0.71707807E-01     106     0.29167181E-02
-0.86000004E+01     0.83404463E-02     0.78280024E-01     0.20000000E+01    -0.68872228E-01     0.50000001E-01     0.50000001E-01     0.71149305E-01     106     0.29167181E-02
-0.85000019E+01     0.13861136E-01     0.77694096E-01     0.20000000E+01    -0.69141679E-01     0.50000001E-01     0.50000001E-01     0.70558012E-01     106     0.29167181E-02
-0.84000006E+01     0.19320542E-01     0.77057816E-01     0.20000000E+01    -0.69427654E-01     0.50000001E-01     0.50000001E-01     0.69914930E-01     106     0.29167181E-02
-0.83000011E+01     0.24552619E-01     0.76404735E-01     0.20000000E+01    -0.69717057E-01     0.50000001E-01     0.50000001E-01     0.69253847E-01     106     0.29167181E-02
-0.82000008E+01     0.30204082E-01     0.75836271E-01     0.20000000E+01    -0.69981113E-01     0.50000001E-01     0.50000001E-01     0.68679236E-01     107     0.21980663E-02
-0.81000013E+01     0.36073413E-01     0.75293504E-01     0.20000000E+01    -0.70233703E-01     0.50000001E-01     0.50000001E-01     0.68131410E-01     107     0.21980663E-02
-0.80000010E+01     0.42096049E-01     0.74768856E-01     0.20000000E+01    -0.70490234E-01     0.50000001E-01     0.50000001E-01     0.67601427E-01     107     0.21980663E-02
-0.79000001E+01     0.47979861E-01     0.74242949E-01     0.20000000E+01    -0.70727721E-01     0.50000001E-01     0.50000001E-01     0.67070812E-01     107     0.21980663E-02
-0.78000011E+01     0.53967353E-01     0.73713280E-01     0.20000000E+01    -0.70977621E-01     0.50000001E-01     0.50000001E-01     0.66535711E-01     107     0.21980663E-02
-0.77000003E+01     0.59804037E-01     0.73176101E-01     0.20000000E+01    -0.71206935E-01     0.50000001E-01     0.50000001E-01     0.65993167E-01     107     0.21980663E-02
-0.76000009E+01     0.65654859E-01     0.72632045E-01     0.20000000E+01    -0.71462527E-01     0.50000001E-01     0.50000001E-01     0.65443538E-01     108     0.15796433E-02
-0.75000005E+01     0.71152031E-01     0.72048180E-01     0.20000000E+01    -0.71708836E-01     0.50000001E-01     0.50000001E-01     0.64854071E-01     108     0.15796433E-02
-0.74000010E+01     0.76415628E-01     0.71430981E-01     0.20000000E+01    -0.71958832E-01     0.50000001E-01     0.50000001E-01     0.64230263E-01     108     0.15796433E-02
-0.73000002E+01     0.81705220E-01     0.70803650E-01     0.20000000E+01    -0.72215542E-01     0.50000001E-01     0.50000001E-01     0.63595757E-01     108     0.15796433E-02
-0.72000012E+01     0.87532341E-01     0.70267454E-01     0.20000000E+01    -0.72451882E-01     0.50000001E-01     0.50000001E-01     0.63054495E-01     108     0.15796433E-02
-0.71000004E+01     0.93414567E-01     0.69749646E-01     0.20000000E+01    -0.72657347E-01     0.50000001E-01     0.50000001E-01     0.62531963E-01     108     0.15796433E-02
-0.70000014E+01     0.99374004E-01     0.69235273E-01     0.20000000E+01    -0.72876342E-01     0.50000001E-01     0.50000001E-01     0.62012833E-01     109     0.10605047E-02
-0.69000006E+01     0.10529770E+00     0.68720706E-01     0.20000000E+01    -0.73090494E-01     0.50000001E-01     0.50000001E-01     0.61493497E-01     109     0.10605047E-02
-0.68000016E+01     0.11113283E+00     0.68192214E-01     0.20000000E+01    -0.73301293E-01     0.50000001E-01     0.50000001E-01     0.60960509E-01     109     0.10605047E-02
-0.67000008E+01     0.11690012E+00     0.67657173E-01     0.20000000E+01    -0.73507458E-01     0.50000001E-01     0.50000001E-01     0.60420427E-01     109     0.10605047E-02
-0.66000018E+01     0.12251519E+00     0.67097858E-01     0.20000000E+01    -0.73729306E-01     0.50000001E-01     0.50000001E-01     0.59856027E-01     109     0.10605047E-02
-0.65000010E+01     0.12779899E+00     0.66521645E-01     0.20000000E+01    -0.73940210E-01     0.50000001E-01     0.50000001E-01     0.59273720E-01     109     0.10605047E-02
-0.64000001E+01     0.13288699E+00     0.65886363E-01     0.20000000E+01    -0.74173070E-01     0.50000001E-01     0.50000001E-01     0.58631461E-01     109     0.10605047E-02
-0.63000011E+01     0.13853556E+00     0.65322898E-01     0.20000000E+01    -0.74372657E-01     0.50000001E-01     0.50000001E-01     0.58063049E-01     110     0.64034248E-03
-0.62000003E+01     0.14443697E+00     0.64831890E-01     0.20000000E+01    -0.74561685E-01     0.50000001E-01     0.50000001E-01     0.57567399E-01     110     0.64034248E-03
-0.61000009E+01     0.15032336E+00     0.64328440E-01     0.20000000E+01    -0.74747369E-01     0.50000001E-01     0.50000001E-01     0.57059593E-01     110     0.64034248E-03
-0.60000000E+01     0.15616497E+00     0.63822627E-01     0.20000000E+01    -0.74929252E-01     0.50000001E-01     0.50000001E-01     0.56549799E-01     110     0.64034248E-03
-0.59000010E+01     0.16195568E+00     0.63312039E-01     0.20000000E+01    -0.75105645E-01     0.50000001E-01     0.50000001E-01     0.56034923E-01     110     0.64034248E-03
-0.58000002E+01     0.16767012E+00     0.62790126E-01     0.20000000E+01    -0.75283863E-01     0.50000001E-01     0.50000001E-01     0.55508338E-01     111     0.32030090E-03
-0.57000012E+01     0.17316152E+00     0.62241990E-01     0.20000000E+01    -0.75464629E-01     0.50000001E-01     0.50000001E-01     0.54955367E-01     111     0.32030090E-03
-0.56000004E+01     0.17831163E+00     0.61645463E-01     0.20000000E+01    -0.75652003E-01     0.50000001E-01     0.50000001E-01     0.54352976E-01     111     0.32030090E-03
-0.55000014E+01     0.18331246E+00     0.61033532E-01     0.20000000E+01    -0.75844854E-01     0.50000001E-01     0.50000001E-01     0.53734519E-01     111     0.32030090E-03
-0.54000006E+01     0.18896838E+00     0.60524676E-01     0.20000000E+01    -0.76011904E-01     0.50000001E-01     0.50000001E-01     0.53221039E-01     111     0.32030090E-03
-0.53000016E+01     0.19473468E+00     0.60026243E-01     0.20000000E+01    -0.76164961E-01     0.50000001E-01     0.50000001E-01     0.52718695E-01     111     0.32030090E-03
-0.52000008E+01     0.20052943E+00     0.59536077E-01     0.20000000E+01    -0.76314904E-01     0.50000001E-01     0.50000001E-01     0.52224804E-01     111     0.32030090E-03
-0.51000013E+01     0.20628065E+00     0.59044216E-01     0.20000000E+01    -0.76464109E-01     0.50000001E-01     0.50000001E-01     0.51729113E-01     112     0.10796922E-03
-0.50000010E+01     0.21196179E+00     0.58535829E-01     0.20000000E+01    -0.76609850E-01     0.50000001E-01     0.50000001E-01     0.51216736E-01     112     0.10796922E-03
-0.49000015E+01     0.21742523E+00     0.58023788E-01     0.20000000E+01    -0.76754071E-01     0.50000001E-01     0.50000001E-01     0.50700348E-01     112     0.10796922E-03
-0.48000007E+01     0.22263537E+00     0.57465810E-01     0.20000000E+01    -0.76902382E-01     0.50000001E-01     0.50000001E-01     0.50137211E-01     112     0.10796922E-03
-0.47000003E+01     0.22738232E+00     0.56850035E-01     0.20000000E+01    -0.77059202E-01     0.50000001E-01     0.50000001E-01     0.49515121E-01     112     0.10796922E-03
-0.46000009E+01     0.23258878E+00     0.56316011E-01     0.20000000E+01    -0.77199839E-01     0.50000001E-01     0.50000001E-01     0.48975982E-01     112     0.10796922E-03
-0.45000000E+01     0.23826793E+00     0.55827703E-01     0.20000000E+01    -0.77324316E-01     0.50000001E-01     0.50000001E-01     0.48483986E-01     112     0.10796922E-03
-0.44000010E+01     0.24389108E+00     0.55347811E-01     0.20000000E+01    -0.77437311E-01     0.50000001E-01     0.50000001E-01     0.48000999E-01     113     0.97485645E-05
-0.43000002E+01     0.24952993E+00     0.54872617E-01     0.20000000E+01    -0.77552184E-01     0.50000001E-01     0.50000001E-01     0.47522124E-01     113     0.97485645E-05
-0.42000012E+01     0.25503105E+00     0.54396603E-01     0.20000000E+01    -0.77658817E-01     0.50000001E-01     0.50000001E-01     0.47042586E-01     113     0.97485645E-05
-0.41000004E+01     0.26036897E+00     0.53889282E-01     0.20000000E+01    -0.77767968E-01     0.50000001E-01     0.50000001E-01     0.46531286E-01     113     0.97485645E-05
-0.40000014E+01     0.26539111E+00     0.53436182E-01     0.20000000E+01    -0.77883564E-01     0.50000001E-01     0.50000001E-01     0.46073113E-01     113     0.97485645E-05
-0.39000006E+01     0.26987380E+00     0.53046957E-01     0.20000000E+01    -0.77999860E-01     0.50000001E-01     0.50000001E-01     0.45677774E-01     113     0.97485645E-05
-0.38000014E+01     0.27493808E+00     0.52701894E-01     0.20000000E+01    -0.78096278E-01     0.50000001E-01     0.50000001E-01     0.45328073E-01     114     0.15062575E-04
-0.37000005E+01     0.28043354E+00     0.52368946E-01     0.20000000E+01    -0.78181073E-01     0.50000001E-01     0.50000001E-01     0.44991944E-01     114     0.15062575E-04
-0.36000016E+01     0.28587595E+00     0.52047320E-01     0.20000000E+01    -0.78256808E-01     0.50000001E-01     0.50000001E-01     0.44667203E-01     114     0.15062575E-04
-0.35000007E+01     0.29127640E+00     0.51706161E-01     0.20000000E+01    -0.78329444E-01     0.50000001E-01     0.50000001E-01     0.44322778E-01     114     0.15062575E-04
-0.34000015E+01     0.29652545E+00     0.51346317E-01     0.20000000E+01    -0.78397222E-01     0.50000001E-01     0.50000001E-01     0.43959625E-01     114     0.15062575E-04
-0.33000009E+01     0.30149779E+00     0.50970655E-01     0.20000000E+01    -0.78464299E-01     0.50000001E-01     0.50000001E-01     0.43579735E-01     114     0.15062575E-04
-0.32000017E+01     0.30591542E+00     0.50520591E-01     0.20000000E+01    -0.78539729E-01     0.50000001E-01     0.50000001E-01     0.43124445E-01     114     0.15062575E-04
-0.31000009E+01     0.31018332E+00     0.50079186E-01     0.20000000E+01    -0.78606024E-01     0.50000001E-01     0.50000001E-01     0.42677201E-01     114     0.15062575E-04
-0.30000000E+01     0.31538013E+00     0.49705312E-01     0.20000000E+01    -0.78648850E-01     0.50000001E-01     0.50000001E-01     0.42300403E-01     115     0.11537309E-03
-0.29000010E+01     0.32054800E+00     0.49335584E-01     0.20000000E+01    -0.78680426E-01     0.50000001E-01     0.50000001E-01     0.41928101E-01     115     0.11537309E-03
-0.28000002E+01     0.32571065E+00     0.48964564E-01     0.20000000E+01    -0.78708038E-01     0.50000001E-01     0.50000001E-01     0.41554190E-01     115     0.11537309E-03
-0.27000012E+01     0.33068424E+00     0.48574653E-01     0.20000000E+01    -0.78731358E-01     0.50000001E-01     0.50000001E-01     0.41161213E-01     115     0.11537309E-03
-0.26000004E+01     0.33533415E+00     0.48163701E-01     0.20000000E+01    -0.78749351E-01     0.50000001E-01     0.50000001E-01     0.40746439E-01     115     0.11537309E-03
-0.25000012E+01     0.33929586E+00     0.47686651E-01     0.20000000E+01    -0.78769393E-01     0.50000001E-01     0.50000001E-01     0.40264092E-01     115     0.11537309E-03
-0.24000003E+01     0.34315321E+00     0.47201589E-01     0.20000000E+01    -0.78781337E-01     0.50000001E-01     0.50000001E-01     0.39773624E-01     115     0.11537309E-03
-0.23000014E+01     0.34804916E+00     0.46813067E-01     0.20000000E+01    -0.78768976E-01     0.50000001E-01     0.50000001E-01     0.39382339E-01     115     0.11537309E-03
-0.22000005E+01     0.35281476E+00     0.46432011E-01     0.20000000E+01    -0.78742653E-01     0.50000001E-01     0.50000001E-01     0.38999122E-01     116     0.30344969E-03
-0.21000013E+01     0.35750693E+00     0.46033930E-01     0.20000000E+01    -0.78713208E-01     0.50000001E-01     0.50000001E-01     0.38598474E-01     116     0.30344969E-03
-0.20000007E+01     0.36192766E+00     0.45615468E-01     0.20000000E+01    -0.78675523E-01     0.50000001E-01     0.50000001E-01     0.38176857E-01     116     0.30344969E-03
-0.19000015E+01     0.36569521E+00     0.45145340E-01     0.20000000E+01    -0.78631617E-01     0.50000001E-01     0.50000001E-01     0.37702549E-01     116     0.30344969E-03
-0.18000008E+01     0.36859709E+00     0.44602625E-01     0.20000000E+01    -0.78581832E-01     0.50000001E-01     0.50000001E-01     0.37153721E-01     116     0.30344969E-03
-0.17000016E+01     0.37273812E+00     0.44186521E-01     0.20000000E+01    -0.78503825E-01     0.50000001E-01     0.50000001E-01     0.36734827E-01     116     0.30344969E-03
-0.16000009E+01     0.37705040E+00     0.43787073E-01     0.20000000E+01    -0.78415677E-01     0.50000001E-01     0.50000001E-01     0.36333099E-01     116     0.30344969E-03
-0.15000000E+01     0.38117412E+00     0.43379374E-01     0.20000000E+01    -0.78314118E-01     0.50000001E-01     0.50000001E-01     0.35922952E-01     116     0.30344969E-03
-0.14000009E+01     0.38488087E+00     0.42947497E-01     0.20000000E+01    -0.78195095E-01     0.50000001E-01     0.50000001E-01     0.35488442E-01     117     0.58610301E-03
-0.13000002E+01     0.38770583E+00     0.42445619E-01     0.20000000E+01    -0.78064561E-01     0.50000001E-01     0.50000001E-01     0.34982078E-01     117     0.58610301E-03
-0.12000011E+01     0.38965726E+00     0.41883700E-01     0.20000000E+01    -0.77913053E-01     0.50000001E-01     0.50000001E-01     0.34414455E-01     117     0.58610301E-03
-0.11000003E+01     0.39320594E+00     0.41470658E-01     0.20000000E+01    -0.77740267E-01     0.50000001E-01     0.50000001E-01     0.33999115E-01     117     0.58610301E-03
-0.10000012E+01     0.39654917E+00     0.41057017E-01     0.20000000E+01    -0.77545539E-01     0.50000001E-01     0.50000001E-01     0.33583485E-01     117     0.58610301E-03
-0.90000039E+00     0.39953321E+00     0.40620338E-01     0.20000000E+01    -0.77333301E-01     0.50000001E-01     0.50000001E-01     0.33144340E-01     117     0.58610301E-03
-0.80000126E+00     0.40146315E+00     0.40113829E-01     0.20000000E+01    -0.77086747E-01     0.50000001E-01     0.50000001E-01     0.32633748E-01     117     0.58610301E-03
-0.70000046E+00     0.40166327E+00     0.39502241E-01     0.20000000E+01    -0.76789290E-01     0.50000001E-01     0.50000001E-01     0.32015838E-01     117     0.58610301E-03
-0.60000139E+00     0.40389198E+00     0.39068777E-01     0.20000000E+01    -0.76478966E-01     0.50000001E-01     0.50000001E-01     0.31580310E-01     117     0.58610301E-03
-0.50000060E+00     0.40578210E+00     0.38627755E-01     0.20000000E+01    -0.76136082E-01     0.50000001E-01     0.50000001E-01     0.31137358E-01     117     0.58610301E-03
-0.40000150E+00     0.40675667E+00     0.38136229E-01     0.20000000E+01    -0.75743549E-01     0.50000001E-01     0.50000001E-01     0.30643111E-01     118     0.97300706E-03
-0.30000070E+00     0.40466887E+00     0.37476581E-01     0.20000000E+01    -0.75232081E-01     0.50000001E-01     0.50000001E-01     0.29976819E-01     118     0.97300706E-03
-0.20000160E+00     0.40401953E+00     0.36952332E-01     0.20000000E+01    -0.74694090E-01     0.50000001E-01     0.50000001E-01     0.29449299E-01     118     0.97300706E-03
-0.10000080E+00     0.40346044E+00     0.36466662E-01     0.20000000E+01    -0.74104071E-01     0.50000001E-01     0.50000001E-01     0.28961558E-01     118     0.97300706E-03
 0.00000000E+00     0.40049919E+00     0.35873339E-01     0.20000000E+01    -0.73366620E-01     0.50000001E-01     0.50000001E-01     0.28364446E-01     118     0.97300706E-03
 0.99999093E-01     0.39289287E+00     0.35093151E-01     0.20000000E+01    -0.72332703E-01     0.50000001E-01     0.50000001E-01     0.27576763E-01     118     0.97300706E-03
 0.19999990E+00     0.38790181E+00     0.34507986E-01     0.20000000E+01    -0.71295574E-01     0.50000001E-01     0.50000001E-01     0.26989602E-01     118     0.97300706E-03
 0.29999900E+00     0.37413767E+00     0.33579726E-01     0.20000000E+01    -0.69615394E-01     0.50000001E-01     0.50000001E-01     0.26053976E-01     118     0.97300706E-03
 0.39999980E+00     0.35864073E+00     0.32700289E-01     0.20000000E+01    -0.67505203E-01     0.50000001E-01     0.50000001E-01     0.25170306E-01     118     0.97300706E-03
 0.49999887E+00     0.29549900E+00     0.30880801E-01     0.20000000E+01    -0.60041234E-01     0.50000001E-01     0.50000001E-01     0.23340907E-01     117     0.58610301E-03
 0.59999967E+00     0.27891076E+00     0.29345917E-01     0.20000000E+01    -0.59419874E-01     0.50000001E-01     0.50000001E-01     0.21779381E-01     117     0.58610301E-03
 0.69999880E+00     0.27593908E+00     0.28058292E-01     0.20000000E+01    -0.60334995E-01     0.50000001E-01     0.50000001E-01     0.20464977E-01     117     0.58610301E-03
 0.79999959E+00     0.28033262E+00     0.27019616E-01     0.20000000E+01    -0.61854195E-01     0.50000001E-01     0.50000001E-01     0.19402670E-01     118     0.97300706E-03
 0.89999866E+00     0.28871056E+00     0.25796805E-01     0.20000000E+01    -0.64456999E-01     0.50000001E-01     0.50000001E-01     0.18145453E-01     118     0.97300706E-03
 0.99999946E+00     0.30047897E+00     0.24987822E-01     0.20000000E+01    -0.66667221E-01     0.50000001E-01     0.50000001E-01     0.17313365E-01     118     0.97300706E-03
 0.10999986E+01     0.31556189E+00     0.23958700E-01     0.20000000E+01    -0.69981813E-01     0.50000001E-01     0.50000001E-01     0.16248528E-01     118     0.97300706E-03
 0.11999993E+01     0.33164188E+00     0.23204343E-01     0.20000000E+01    -0.72829455E-01     0.50000001E-01     0.50000001E-01     0.15466759E-01     118     0.97300706E-03
 0.12999984E+01     0.35033303E+00     0.22362646E-01     0.20000000E+01    -0.76365128E-01     0.50000001E-01     0.50000001E-01     0.14589598E-01     118     0.97300706E-03
 0.13999993E+01     0.37043503E+00     0.21576805E-01     0.20000000E+01    -0.80038100E-01     0.50000001E-01     0.50000001E-01     0.13766872E-01     119     0.14674140E-02
 0.14999983E+01     0.39044541E+00     0.20927478E-01     0.20000000E+01    -0.83378233E-01     0.50000001E-01     0.50000001E-01     0.13083690E-01     119     0.14674140E-02
 0.15999992E+01     0.41163093E+00     0.20278821E-01     0.20000000E+01    -0.86938806E-01     0.50000001E-01     0.50000001E-01     0.12396418E-01     119     0.14674140E-02
 0.16999999E+01     0.43303874E+00     0.19682515E-01     0.20000000E+01    -0.90416275E-01     0.50000001E-01     0.50000001E-01     0.11759046E-01     119     0.14674140E-02
 0.17999990E+01     0.45432556E+00     0.19139374E-01     0.20000000E+01    -0.93742594E-01     0.50000001E-01     0.50000001E-01     0.11172136E-01     120     0.20708691E-02
 0.18999999E+01     0.47523084E+00     0.18649003E-01     0.20000000E+01    -0.96865229E-01     0.50000001E-01     0.50000001E-01     0.10634804E-01     120     0.20708691E-02
 0.19999989E+01     0.49371046E+00     0.18314956E-01     0.20000000E+01    -0.99166527E-01     0.50000001E-01     0.50000001E-01     0.10263423E-01     120     0.20708691E-02
 0.20999997E+01     0.50806189E+00     0.18207081E-01     0.20000000E+01    -0.10015776E+00     0.50000001E-01     0.50000001E-01     0.10142531E-01     120     0.20708691E-02
 0.21999989E+01     0.52154160E+00     0.18145701E-01     0.20000000E+01    -0.10087495E+00     0.50000001E-01     0.50000001E-01     0.10073157E-01     120     0.20708691E-02
 0.22999997E+01     0.53473508E+00     0.18098734E-01     0.20000000E+01    -0.10150403E+00     0.50000001E-01     0.50000001E-01     0.10019788E-01     121     0.27848454E-02
 0.23999987E+01     0.54770857E+00     0.18062694E-01     0.20000000E+01    -0.10206629E+00     0.50000001E-01     0.50000001E-01     0.99781547E-02     121     0.27848454E-02
 0.24999995E+01     0.56048816E+00     0.18036125E-01     0.20000000E+01    -0.10257011E+00     0.50000001E-01     0.50000001E-01     0.99466629E-02     121     0.27848454E-02
 0.25999987E+01     0.57310259E+00     0.18017307E-01     0.20000000E+01    -0.10302667E+00     0.50000001E-01     0.50000001E-01     0.99236546E-02     121     0.27848454E-02
 0.26999993E+01     0.58557117E+00     0.18005023E-01     0.20000000E+01    -0.10344125E+00     0.50000001E-01     0.50000001E-01     0.99078044E-02     121     0.27848454E-02
 0.27999985E+01     0.59789395E+00     0.17999111E-01     0.20000000E+01    -0.10381503E+00     0.50000001E-01     0.50000001E-01     0.98989410E-02     122     0.36099148E-02
 0.28999994E+01     0.61009562E+00     0.17998111E-01     0.20000000E+01    -0.10415687E+00     0.50000001E-01     0.50000001E-01     0.98953191E-02     122     0.36099148E-02
 0.29999983E+01     0.62216139E+00     0.18003061E-01     0.20000000E+01    -0.10446201E+00     0.50000001E-01     0.50000001E-01     0.98977722E-02     122     0.36099148E-02
 0.30999992E+01     0.63412291E+00     0.18011492E-01     0.20000000E+01    -0.10474108E+00     0.50000001E-01     0.50000001E-01     0.99043213E-02     122     0.36099148E-02
 0.31999984E+01     0.64595932E+00     0.18024905E-01     0.20000000E+01    -0.10498869E+00     0.50000001E-01     0.50000001E-01     0.99160559E-02     122     0.36099148E-02
 0.32999990E+01     0.65769261E+00     0.18041806E-01     0.20000000E+01    -0.10521042E+00     0.50000001E-01     0.50000001E-01     0.99317543E-02     122     0.36099148E-02
 0.33999999E+01     0.66930723E+00     0.18063024E-01     0.20000000E+01    -0.10540339E+00     0.50000001E-01     0.50000001E-01     0.99522686E-02     123     0.45458898E-02
 0.34999990E+01     0.68081170E+00     0.18087432E-01     0.20000000E+01    -0.10557172E+00     0.50000001E-01     0.50000001E-01     0.99760396E-02     123     0.45458898E-02
 0.35999999E+01     0.69218570E+00     0.18116420E-01     0.20000000E+01    -0.10570925E+00     0.50000001E-01     0.50000001E-01     0.10004483E-01     123     0.45458898E-02
 0.36999989E+01     0.70344973E+00     0.18148346E-01     0.20000000E+01    -0.10582326E+00     0.50000001E-01     0.50000001E-01     0.10036291E-01     123     0.45458898E-02
 0.37999997E+01     0.71459836E+00     0.18183844E-01     0.20000000E+01    -0.10591028E+00     0.50000001E-01     0.50000001E-01     0.10071925E-01     123     0.45458898E-02
 0.38999987E+01     0.72561836E+00     0.18222857E-01     0.20000000E+01    -0.10597141E+00     0.50000001E-01     0.50000001E-01     0.10111668E-01     124     0.55926382E-02
 0.39999995E+01     0.73651594E+00     0.18264947E-01     0.20000000E+01    -0.10600525E+00     0.50000001E-01     0.50000001E-01     0.10154427E-01     124     0.55926382E-02
 0.40999985E+01     0.74703979E+00     0.18310906E-01     0.20000000E+01    -0.10596490E+00     0.50000001E-01     0.50000001E-01     0.10201337E-01     124     0.55926382E-02
 0.41999993E+01     0.75673914E+00     0.18358896E-01     0.20000000E+01    -0.10576050E+00     0.50000001E-01     0.50000001E-01     0.10251216E-01     124     0.55926382E-02
 0.42999988E+01     0.76546538E+00     0.18410640E-01     0.20000000E+01    -0.10536703E+00     0.50000001E-01     0.50000001E-01     0.10305672E-01     124     0.55926382E-02
 0.43999991E+01     0.77343613E+00     0.18466566E-01     0.20000000E+01    -0.10482737E+00     0.50000001E-01     0.50000001E-01     0.10365054E-01     124     0.55926382E-02
 0.44999986E+01     0.78123790E+00     0.18528428E-01     0.20000000E+01    -0.10425690E+00     0.50000001E-01     0.50000001E-01     0.10430863E-01     125     0.67499871E-02
 0.45999994E+01     0.78904825E+00     0.18596007E-01     0.20000000E+01    -0.10369137E+00     0.50000001E-01     0.50000001E-01     0.10502374E-01     125     0.67499871E-02
 0.47000003E+01     0.79687065E+00     0.18671110E-01     0.20000000E+01    -0.10313264E+00     0.50000001E-01     0.50000001E-01     0.10581405E-01     125     0.67499871E-02
 0.47999973E+01     0.80497491E+00     0.18750397E-01     0.20000000E+01    -0.10263091E+00     0.50000001E-01     0.50000001E-01     0.10664841E-01     125     0.67499871E-02
 0.48999982E+01     0.81333470E+00     0.18835679E-01     0.20000000E+01    -0.10218155E+00     0.50000001E-01     0.50000001E-01     0.10753823E-01     125     0.67499871E-02
 0.49999990E+01     0.82189429E+00     0.18925315E-01     0.20000000E+01    -0.10177242E+00     0.50000001E-01     0.50000001E-01     0.10847496E-01     125     0.67499871E-02
 0.50999999E+01     0.83054239E+00     0.19020984E-01     0.20000000E+01    -0.10138565E+00     0.50000001E-01     0.50000001E-01     0.10947267E-01     125     0.67499871E-02
 0.52000008E+01     0.83975470E+00     0.19122582E-01     0.20000000E+01    -0.10110768E+00     0.50000001E-01     0.50000001E-01     0.11052916E-01     126     0.80180895E-02
 0.52999978E+01     0.84926516E+00     0.19228417E-01     0.20000000E+01    -0.10088938E+00     0.50000001E-01     0.50000001E-01     0.11162268E-01     126     0.80180895E-02
 0.53999987E+01     0.85891414E+00     0.19337092E-01     0.20000000E+01    -0.10069905E+00     0.50000001E-01     0.50000001E-01     0.11274580E-01     126     0.80180895E-02
 0.54999995E+01     0.86851120E+00     0.19451030E-01     0.20000000E+01    -0.10050274E+00     0.50000001E-01     0.50000001E-01     0.11392348E-01     126     0.80180895E-02
 0.56000004E+01     0.87801570E+00     0.19569952E-01     0.20000000E+01    -0.10029269E+00     0.50000001E-01     0.50000001E-01     0.11515356E-01     126     0.80180895E-02
 0.56999979E+01     0.88740605E+00     0.19695228E-01     0.20000000E+01    -0.10006643E+00     0.50000001E-01     0.50000001E-01     0.11644823E-01     126     0.80180895E-02
 0.57999988E+01     0.89681131E+00     0.19821767E-01     0.20000000E+01    -0.99844173E-01     0.50000001E-01     0.50000001E-01     0.11776480E-01     127     0.93974452E-02
 0.58999996E+01     0.90612262E+00     0.19953785E-01     0.20000000E+01    -0.99609666E-01     0.50000001E-01     0.50000001E-01     0.11913136E-01     127     0.93974452E-02
 0.60000000E+01     0.91527307E+00     0.20091433E-01     0.20000000E+01    -0.99351242E-01     0.50000001E-01     0.50000001E-01     0.12055825E-01     127     0.93974452E-02
 0.60999975E+01     0.92422193E+00     0.20237029E-01     0.20000000E+01    -0.99062204E-01     0.50000001E-01     0.50000001E-01     0.12206638E-01     127     0.93974452E-02
 0.61999984E+01     0.93308282E+00     0.20386817E-01     0.20000000E+01    -0.98762713E-01     0.50000001E-01     0.50000001E-01     0.12362008E-01     127     0.93974452E-02
 0.62999992E+01     0.94190085E+00     0.20541336E-01     0.20000000E+01    -0.98458603E-01     0.50000001E-01     0.50000001E-01     0.12522246E-01     127     0.93974452E-02
 0.64000001E+01     0.95059085E+00     0.20701343E-01     0.20000000E+01    -0.98140366E-01     0.50000001E-01     0.50000001E-01     0.12688871E-01     128     0.10889112E-01
 0.65000010E+01     0.95903182E+00     0.20871365E-01     0.20000000E+01    -0.97784393E-01     0.50000001E-01     0.50000001E-01     0.12865431E-01     128     0.10889112E-01
 0.65999980E+01     0.96732539E+00     0.21048538E-01     0.20000000E+01    -0.97412072E-01     0.50000001E-01     0.50000001E-01     0.13049259E-01     128     0.10889112E-01
 0.66999989E+01     0.97560149E+00     0.21230528E-01     0.20000000E+01    -0.97041391E-01     0.50000001E-01     0.50000001E-01     0.13238317E-01     128     0.10889112E-01
 0.67999997E+01     0.98372519E+00     0.21419546E-01     0.20000000E+01    -0.96654393E-01     0.50000001E-01     0.50000001E-01     0.13434744E-01     128     0.10889112E-01
 0.69000006E+01     0.99152112E+00     0.21622708E-01     0.20000000E+01    -0.96222535E-01     0.50000001E-01     0.50000001E-01     0.13645609E-01     128     0.10889112E-01
 0.69999981E+01     0.99926394E+00     0.21832140E-01     0.20000000E+01    -0.95792226E-01     0.50000001E-01     0.50000001E-01     0.13863550E-01     129     0.12494802E-01
 0.70999990E+01     0.10069681E+01     0.22046855E-01     0.20000000E+01    -0.95362686E-01     0.50000001E-01     0.50000001E-01     0.14086655E-01     129     0.12494802E-01
 0.71999998E+01     0.10142903E+01     0.22278864E-01     0.20000000E+01    -0.94886035E-01     0.50000001E-01     0.50000001E-01     0.14327586E-01     129     0.12494802E-01
 0.73000002E+01     0.10214964E+01     0.22520170E-01     0.20000000E+01    -0.94404273E-01     0.50000001E-01     0.50000001E-01     0.14578227E-01     129     0.12494802E-01
 0.73999977E+01     0.10286255E+01     0.22770505E-01     0.20000000E+01    -0.93919456E-01     0.50000001E-01     0.50000001E-01     0.14837981E-01     129     0.12494802E-01
 0.74999986E+01     0.10353873E+01     0.23038680E-01     0.20000000E+01    -0.93397513E-01     0.50000001E-01     0.50000001E-01     0.15116437E-01     129     0.12494802E-01
 0.75999994E+01     0.10420725E+01     0.23317060E-01     0.20000000E+01    -0.92876092E-01     0.50000001E-01     0.50000001E-01     0.15405530E-01     129     0.12494802E-01
 0.77000003E+01     0.10485256E+01     0.23612140E-01     0.20000000E+01    -0.92337526E-01     0.50000001E-01     0.50000001E-01     0.15712138E-01     130     0.14216917E-01
 0.77999973E+01     0.10546713E+01     0.23925742E-01     0.20000000E+01    -0.91775492E-01     0.50000001E-01     0.50000001E-01     0.16037650E-01     130     0.14216917E-01
 0.78999982E+01     0.10606928E+01     0.24254013E-01     0.20000000E+01    -0.91215365E-01     0.50000001E-01     0.50000001E-01     0.16378041E-01     130     0.14216917E-01
 0.79999990E+01     0.10662451E+01     0.24611311E-01     0.20000000E+01    -0.90614699E-01     0.50000001E-01     0.50000001E-01     0.16748518E-01     130     0.14216917E-01
 0.81000004E+01     0.10717535E+01     0.24981430E-01     0.20000000E+01    -0.90029940E-01     0.50000001E-01     0.50000001E-01     0.17132081E-01     130     0.14216917E-01
 0.82000008E+01     0.10767250E+01     0.25387742E-01     0.20000000E+01    -0.89407340E-01     0.50000001E-01     0.50000001E-01     0.17553072E-01     130     0.14216917E-01
 0.82999983E+01     0.10815486E+01     0.25807010E-01     0.20000000E+01    -0.88795178E-01     0.50000001E-01     0.50000001E-01     0.17987687E-01     130     0.14216917E-01
 0.83999987E+01     0.10857617E+01     0.26275195E-01     0.20000000E+01    -0.88146113E-01     0.50000001E-01     0.50000001E-01     0.18472813E-01     131     0.16058823E-01
 0.85000000E+01     0.10897232E+01     0.26772648E-01     0.20000000E+01    -0.87508224E-01     0.50000001E-01     0.50000001E-01     0.18987963E-01     131     0.16058823E-01
 0.86000004E+01     0.10933204E+01     0.27305337E-01     0.20000000E+01    -0.86873636E-01     0.50000001E-01     0.50000001E-01     0.19539354E-01     131     0.16058823E-01
 0.86999979E+01     0.10962316E+01     0.27897047E-01     0.20000000E+01    -0.86219579E-01     0.50000001E-01     0.50000001E-01     0.20151831E-01     131     0.16058823E-01
 0.87999983E+01     0.10984004E+01     0.28550277E-01     0.20000000E+01    -0.85559383E-01     0.50000001E-01     0.50000001E-01     0.20827530E-01     131     0.16058823E-01
 0.88999996E+01     0.11000590E+01     0.29266458E-01     0.20000000E+01    -0.84922597E-01     0.50000001E-01     0.50000001E-01     0.21568289E-01     131     0.16058823E-01
 0.90000000E+01     0.11007911E+01     0.30069074E-01     0.20000000E+01    -0.84295072E-01     0.50000001E-01     0.50000001E-01     0.22398166E-01     131     0.16058823E-01
 0.90999975E+01     0.11005646E+01     0.30975673E-01     0.20000000E+01    -0.83701894E-01     0.50000001E-01     0.50000001E-01     0.23335155E-01     131     0.16058823E-01
 0.91999989E+01     0.10992361E+01     0.32005593E-01     0.20000000E+01    -0.83161071E-01     0.50000001E-01     0.50000001E-01     0.24399724E-01     131     0.16058823E-01
 0.92999992E+01     0.10963724E+01     0.33190496E-01     0.20000000E+01    -0.82692839E-01     0.50000001E-01     0.50000001E-01     0.25624231E-01     131     0.16058823E-01
 0.94000006E+01     0.10912495E+01     0.34628388E-01     0.20000000E+01    -0.82331963E-01     0.50000001E-01     0.50000001E-01     0.27110154E-01     132     0.18024575E-01
 0.94999971E+01     0.10839847E+01     0.36320843E-01     0.20000000E+01    -0.82159936E-01     0.50000001E-01     0.50000001E-01     0.28858626E-01     132     0.18024575E-01
 0.95999985E+01     0.10733138E+01     0.38409740E-01     0.20000000E+01    -0.82235634E-01     0.50000001E-01     0.50000001E-01     0.31015705E-01     132     0.18024575E-01
 0.96999989E+01     0.10588479E+01     0.40921312E-01     0.20000000E+01    -0.82625546E-01     0.50000001E-01     0.50000001E-01     0.33608686E-01     132     0.18024575E-01
 0.98000002E+01     0.10405900E+01     0.43799207E-01     0.20000000E+01    -0.83282180E-01     0.50000001E-01     0.50000001E-01     0.36577888E-01     131     0.16058823E-01
 0.99000006E+01     0.10176959E+01     0.47012571E-01     0.20000000E+01    -0.84120065E-01     0.50000001E-01     0.50000001E-01     0.39892487E-01     131     0.16058823E-01
 0.99999981E+01     0.99232513E+00     0.50170414E-01     0.20000000E+01    -0.84958367E-01     0.50000001E-01     0.50000001E-01     0.43152068E-01     131     0.16058823E-01
 0.10099998E+02     0.96388471E+00     0.53097874E-01     0.20000000E+01    -0.85748799E-01     0.50000001E-01     0.50000001E-01     0.46182226E-01     131     0.16058823E-01
 0.10200000E+02     0.94048798E+00     0.55288035E-01     0.20000000E+01    -0.86267389E-01     0.50000001E-01     0.50000001E-01     0.48453745E-01     131     0.16058823E-01
 0.10300000E+02     0.91726315E+00     0.58665097E-01     0.20000000E+01    -0.86675689E-01     0.50000001E-01     0.50000001E-01     0.51906995E-01     131     0.16058823E-01
 0.10399998E+02     0.89350992E+00     0.61949287E-01     0.20000000E+01    -0.87009259E-01     0.50000001E-01     0.50000001E-01     0.55264022E-01     131     0.16058823E-01
 0.10499999E+02     0.87088716E+00     0.65042965E-01     0.20000000E+01    -0.87324329E-01     0.50000001E-01     0.50000001E-01     0.58425076E-01     131     0.16058823E-01
 0.10599999E+02     0.85159385E+00     0.67823388E-01     0.20000000E+01    -0.87697968E-01     0.50000001E-01     0.50000001E-01     0.61266799E-01     131     0.16058823E-01
 0.10700000E+02     0.83824140E+00     0.70097215E-01     0.20000000E+01    -0.88087752E-01     0.50000001E-01     0.50000001E-01     0.63588850E-01     131     0.16058823E-01
 0.10799997E+02     0.82914454E+00     0.71996689E-01     0.20000000E+01    -0.88462822E-01     0.50000001E-01     0.50000001E-01     0.65525472E-01     131     0.16058823E-01
 0.10899999E+02     0.81974876E+00     0.74044712E-01     0.20000000E+01    -0.88997975E-01     0.50000001E-01     0.50000001E-01     0.67614183E-01     131     0.16058823E-01
 0.10999999E+02     0.81474978E+00     0.75655729E-01     0.20000000E+01    -0.89453861E-01     0.50000001E-01     0.50000001E-01     0.69255479E-01     131     0.16058823E-01
 0.11100000E+02     0.81185770E+00     0.77084333E-01     0.20000000E+01    -0.89887485E-01     0.50000001E-01     0.50000001E-01     0.70709862E-01     131     0.16058823E-01
 0.11200001E+02     0.80620319E+00     0.78909472E-01     0.20000000E+01    -0.90543158E-01     0.50000001E-01     0.50000001E-01     0.72569929E-01     131     0.16058823E-01
 0.11299998E+02     0.80484551E+00     0.80209233E-01     0.20000000E+01    -0.90980381E-01     0.50000001E-01     0.50000001E-01     0.73891930E-01     131     0.16058823E-01
 0.11399999E+02     0.80432665E+00     0.81481308E-01     0.20000000E+01    -0.91466337E-01     0.50000001E-01     0.50000001E-01     0.75185888E-01     131     0.16058823E-01
 0.11500000E+02     0.80090410E+00     0.83173446E-01     0.20000000E+01    -0.92170671E-01     0.50000001E-01     0.50000001E-01     0.76908447E-01     131     0.16058823E-01
 0.11600000E+02     0.80147862E+00     0.84366970E-01     0.20000000E+01    -0.92656508E-01     0.50000001E-01     0.50000001E-01     0.78122981E-01     131     0.16058823E-01
 0.11699998E+02     0.80203164E+00     0.85520126E-01     0.20000000E+01    -0.93124330E-01     0.50000001E-01     0.50000001E-01     0.79293035E-01     131     0.16058823E-01
 0.11799999E+02     0.80104822E+00     0.86951695E-01     0.20000000E+01    -0.93770035E-01     0.50000001E-01     0.50000001E-01     0.80749936E-01     131     0.16058823E-01
 0.11900000E+02     0.80113912E+00     0.88304080E-01     0.20000000E+01    -0.94389915E-01     0.50000001E-01     0.50000001E-01     0.82125105E-01     131     0.16058823E-01
 0.12000000E+02     0.80255616E+00     0.89405522E-01     0.20000000E+01    -0.94876669E-01     0.50000001E-01     0.50000001E-01     0.83243124E-01     131     0.16058823E-01
 0.12099998E+02     0.80489743E+00     0.90418704E-01     0.20000000E+01    -0.95345855E-01     0.50000001E-01     0.50000001E-01     0.84273353E-01     131     0.16058823E-01
 0.12199999E+02     0.80501437E+00     0.91759160E-01     0.20000000E+01    -0.95994972E-01     0.50000001E-01     0.50000001E-01     0.85635662E-01     131     0.16058823E-01
 0.12299999E+02     0.80556607E+00     0.93070753E-01     0.20000000E+01    -0.96649140E-01     0.50000001E-01     0.50000001E-01     0.86968042E-01     132     0.18024575E-01
 0.12400001E+02     0.80791718E+00     0.94106697E-01     0.20000000E+01    -0.97152181E-01     0.50000001E-01     0.50000001E-01     0.88020973E-01     132     0.18024575E-01
 0.12499997E+02     0.81009227E+00     0.95150977E-01     0.20000000E+01    -0.97666971E-01     0.50000001E-01     0.50000001E-01     0.89078106E-01     132     0.18024575E-01
 0.12599998E+02     0.81306016E+00     0.96118532E-01     0.20000000E+01    -0.98155715E-01     0.50000001E-01     0.50000001E-01     0.90062574E-01     132     0.18024575E-01
 0.12699999E+02     0.81384033E+00     0.97466089E-01     0.20000000E+01    -0.98884888E-01     0.50000001E-01     0.50000001E-01     0.91433279E-01     132     0.18024575E-01
 0.12800000E+02     0.81575143E+00     0.98591499E-01     0.20000000E+01    -0.99467590E-01     0.50000001E-01     0.50000001E-01     0.92574917E-01     132     0.18024575E-01
 0.12900001E+02     0.81868863E+00     0.99585801E-01     0.20000000E+01    -0.99998072E-01     0.50000001E-01     0.50000001E-01     0.93585260E-01     132     0.18024575E-01
 0.12999998E+02     0.82182819E+00     0.10054131E+00     0.20000000E+01    -0.10052352E+00     0.50000001E-01     0.50000001E-01     0.94554268E-01     132     0.18024575E-01
 0.13099999E+02     0.82487398E+00     0.10148802E+00     0.20000000E+01    -0.10101998E+00     0.50000001E-01     0.50000001E-01     0.95514812E-01     132     0.18024575E-01
 0.13200000E+02     0.82636756E+00     0.10276704E+00     0.20000000E+01    -0.10175577E+00     0.50000001E-01     0.50000001E-01     0.96815430E-01     133     0.20119486E-01
 0.13300000E+02     0.82888955E+00     0.10384278E+00     0.20000000E+01    -0.10234724E+00     0.50000001E-01     0.50000001E-01     0.97908564E-01     133     0.20119486E-01
 0.13399998E+02     0.83204329E+00     0.10481281E+00     0.20000000E+01    -0.10290913E+00     0.50000001E-01     0.50000001E-01     0.98891117E-01     133     0.20119486E-01
 0.13499999E+02     0.83538920E+00     0.10572810E+00     0.20000000E+01    -0.10340923E+00     0.50000001E-01     0.50000001E-01     0.99820755E-01     133     0.20119486E-01
 0.13599999E+02     0.83971107E+00     0.10657746E+00     0.20000000E+01    -0.10391722E+00     0.50000001E-01     0.50000001E-01     0.10068457E+00     133     0.20119486E-01
 0.13700001E+02     0.84195870E+00     0.10769411E+00     0.20000000E+01    -0.10458995E+00     0.50000001E-01     0.50000001E-01     0.10181616E+00     133     0.20119486E-01
 0.13799997E+02     0.84430796E+00     0.10883379E+00     0.20000000E+01    -0.10526199E+00     0.50000001E-01     0.50000001E-01     0.10297459E+00     133     0.20119486E-01
 0.13899999E+02     0.84787953E+00     0.10979688E+00     0.20000000E+01    -0.10583880E+00     0.50000001E-01     0.50000001E-01     0.10395397E+00     133     0.20119486E-01
 0.13999999E+02     0.85121328E+00     0.11072821E+00     0.20000000E+01    -0.10639942E+00     0.50000001E-01     0.50000001E-01     0.10489852E+00     134     0.22349956E-01
 0.14100000E+02     0.85484147E+00     0.11163697E+00     0.20000000E+01    -0.10695922E+00     0.50000001E-01     0.50000001E-01     0.10581897E+00     134     0.22349956E-01
 0.14199998E+02     0.85893649E+00     0.11247701E+00     0.20000000E+01    -0.10749649E+00     0.50000001E-01     0.50000001E-01     0.10667258E+00     133     0.20119486E-01
 0.14299998E+02     0.86213934E+00     0.11347175E+00     0.20000000E+01    -0.10811558E+00     0.50000001E-01     0.50000001E-01     0.10768019E+00     134     0.22349956E-01
 0.14400000E+02     0.86466753E+00     0.11463035E+00     0.20000000E+01    -0.10884409E+00     0.50000001E-01     0.50000001E-01     0.10885972E+00     134     0.22349956E-01
 0.14500000E+02     0.86766016E+00     0.11563271E+00     0.20000000E+01    -0.10948715E+00     0.50000001E-01     0.50000001E-01     0.10987382E+00     134     0.22349956E-01
 0.14600000E+02     0.87185335E+00     0.11647848E+00     0.20000000E+01    -0.11001927E+00     0.50000001E-01     0.50000001E-01     0.11073397E+00     134     0.22349956E-01
 0.14699998E+02     0.87601882E+00     0.11733257E+00     0.20000000E+01    -0.11057688E+00     0.50000001E-01     0.50000001E-01     0.11160169E+00     134     0.22349956E-01
 0.14799999E+02     0.87996054E+00     0.11817742E+00     0.20000000E+01    -0.11113711E+00     0.50000001E-01     0.50000001E-01     0.11245715E+00     134     0.22349956E-01
 0.14900000E+02     0.88409323E+00     0.11905355E+00     0.20000000E+01    -0.11172660E+00     0.50000001E-01     0.50000001E-01     0.11334855E+00     134     0.22349956E-01
 0.15000001E+02     0.88668793E+00     0.12019305E+00     0.20000000E+01    -0.11249403E+00     0.50000001E-01     0.50000001E-01     0.11450478E+00     135     0.24723656E-01
 0.15099998E+02     0.89009309E+00     0.12119925E+00     0.20000000E+01    -0.11320032E+00     0.50000001E-01     0.50000001E-01     0.11552512E+00     135     0.24723656E-01
 0.15199999E+02     0.89444017E+00     0.12201969E+00     0.20000000E+01    -0.11373954E+00     0.50000001E-01     0.50000001E-01     0.11636031E+00     135     0.24723656E-01
 0.15299999E+02     0.89799100E+00     0.12288489E+00     0.20000000E+01    -0.11429509E+00     0.50000001E-01     0.50000001E-01     0.11723728E+00     135     0.24723656E-01
 0.15400001E+02     0.90225345E+00     0.12372274E+00     0.20000000E+01    -0.11488524E+00     0.50000001E-01     0.50000001E-01     0.11808577E+00     135     0.24723656E-01
 0.15499998E+02     0.90684503E+00     0.12450066E+00     0.20000000E+01    -0.11543654E+00     0.50000001E-01     0.50000001E-01     0.11887795E+00     135     0.24723656E-01
 0.15599998E+02     0.91068900E+00     0.12538891E+00     0.20000000E+01    -0.11606324E+00     0.50000001E-01     0.50000001E-01     0.11977801E+00     135     0.24723656E-01
 0.15699999E+02     0.91378117E+00     0.12647817E+00     0.20000000E+01    -0.11680303E+00     0.50000001E-01     0.50000001E-01     0.12088466E+00     135     0.24723656E-01
 0.15800000E+02     0.91742277E+00     0.12739216E+00     0.20000000E+01    -0.11748172E+00     0.50000001E-01     0.50000001E-01     0.12181374E+00     135     0.24723656E-01
 0.15899998E+02     0.92121845E+00     0.12828942E+00     0.20000000E+01    -0.11811225E+00     0.50000001E-01     0.50000001E-01     0.12272268E+00     136     0.27249757E-01
 0.15999998E+02     0.92557317E+00     0.12913543E+00     0.20000000E+01    -0.11876204E+00     0.50000001E-01     0.50000001E-01     0.12358165E+00     136     0.27249757E-01
 0.16099998E+02     0.93003279E+00     0.12992117E+00     0.20000000E+01    -0.11935284E+00     0.50000001E-01     0.50000001E-01     0.12437970E+00     136     0.27249757E-01
 0.16200001E+02     0.93436474E+00     0.13077331E+00     0.20000000E+01    -0.11999530E+00     0.50000001E-01     0.50000001E-01     0.12524310E+00     136     0.27249757E-01
 0.16300001E+02     0.93946093E+00     0.13146290E+00     0.20000000E+01    -0.12050784E+00     0.50000001E-01     0.50000001E-01     0.12594862E+00     136     0.27249757E-01
 0.16399998E+02     0.94233149E+00     0.13253132E+00     0.20000000E+01    -0.12130766E+00     0.50000001E-01     0.50000001E-01     0.12703158E+00     136     0.27249757E-01
 0.16499998E+02     0.94558018E+00     0.13347068E+00     0.20000000E+01    -0.12200770E+00     0.50000001E-01     0.50000001E-01     0.12798476E+00     136     0.27249757E-01
 0.16600000E+02     0.94979852E+00     0.13440602E+00     0.20000000E+01    -0.12272978E+00     0.50000001E-01     0.50000001E-01     0.12893416E+00     136     0.27249757E-01
 0.16700001E+02     0.95421857E+00     0.13518500E+00     0.20000000E+01    -0.12332888E+00     0.50000001E-01     0.50000001E-01     0.12972669E+00     137     0.29939037E-01
 0.16799997E+02     0.95867753E+00     0.13593742E+00     0.20000000E+01    -0.12391054E+00     0.50000001E-01     0.50000001E-01     0.13049120E+00     137     0.29939037E-01
 0.16900000E+02     0.96311855E+00     0.13676947E+00     0.20000000E+01    -0.12455349E+00     0.50000001E-01     0.50000001E-01     0.13133492E+00     137     0.29939037E-01
 0.17000000E+02     0.96743214E+00     0.13750306E+00     0.20000000E+01    -0.12513067E+00     0.50000001E-01     0.50000001E-01     0.13208029E+00     137     0.29939037E-01
 0.17100000E+02     0.97119164E+00     0.13846701E+00     0.20000000E+01    -0.12590022E+00     0.50000001E-01     0.50000001E-01     0.13305897E+00     137     0.29939037E-01
 0.17199997E+02     0.97490567E+00     0.13944723E+00     0.20000000E+01    -0.12669538E+00     0.50000001E-01     0.50000001E-01     0.13405456E+00     137     0.29939037E-01
 0.17299999E+02     0.97924930E+00     0.14025436E+00     0.20000000E+01    -0.12734427E+00     0.50000001E-01     0.50000001E-01     0.13487749E+00     137     0.29939037E-01
 0.17400000E+02     0.98289460E+00     0.14113946E+00     0.20000000E+01    -0.12804472E+00     0.50000001E-01     0.50000001E-01     0.13577206E+00     137     0.29939037E-01
 0.17500000E+02     0.98766965E+00     0.14194031E+00     0.20000000E+01    -0.12877622E+00     0.50000001E-01     0.50000001E-01     0.13658631E+00     137     0.29939037E-01
 0.17599997E+02     0.99185950E+00     0.14267784E+00     0.20000000E+01    -0.12933366E+00     0.50000001E-01     0.50000001E-01     0.13733476E+00     137     0.29939037E-01
 0.17699999E+02     0.99643576E+00     0.14342870E+00     0.20000000E+01    -0.12992695E+00     0.50000001E-01     0.50000001E-01     0.13809761E+00     138     0.32803934E-01
 0.17799999E+02     0.10005974E+01     0.14423357E+00     0.20000000E+01    -0.13061146E+00     0.50000001E-01     0.50000001E-01     0.13891430E+00     138     0.32803934E-01
 0.17900000E+02     0.10045606E+01     0.14506762E+00     0.20000000E+01    -0.13134585E+00     0.50000001E-01     0.50000001E-01     0.13976377E+00     138     0.32803934E-01
 0.18000000E+02     0.10083706E+01     0.14601682E+00     0.20000000E+01    -0.13214685E+00     0.50000001E-01     0.50000001E-01     0.14072934E+00     138     0.32803934E-01
 0.18099998E+02     0.10124214E+01     0.14694333E+00     0.20000000E+01    -0.13289419E+00     0.50000001E-01     0.50000001E-01     0.14167050E+00     138     0.32803934E-01
 0.18199999E+02     0.10163600E+01     0.14775354E+00     0.20000000E+01    -0.13360459E+00     0.50000001E-01     0.50000001E-01     0.14249180E+00     138     0.32803934E-01
 0.18299999E+02     0.10210754E+01     0.14849171E+00     0.20000000E+01    -0.13426842E+00     0.50000001E-01     0.50000001E-01     0.14324211E+00     138     0.32803934E-01
 0.18400000E+02     0.10255191E+01     0.14921194E+00     0.20000000E+01    -0.13492179E+00     0.50000001E-01     0.50000001E-01     0.14397575E+00     138     0.32803934E-01
 0.18499998E+02     0.10299692E+01     0.14995132E+00     0.20000000E+01    -0.13558608E+00     0.50000001E-01     0.50000001E-01     0.14472550E+00     139     0.35858847E-01
 0.18599998E+02     0.10342388E+01     0.15073392E+00     0.20000000E+01    -0.13631211E+00     0.50000001E-01     0.50000001E-01     0.14551941E+00     139     0.35858847E-01
 0.18699999E+02     0.10385950E+01     0.15160647E+00     0.20000000E+01    -0.13708749E+00     0.50000001E-01     0.50000001E-01     0.14640936E+00     139     0.35858847E-01
 0.18800001E+02     0.10420990E+01     0.15255144E+00     0.20000000E+01    -0.13793156E+00     0.50000001E-01     0.50000001E-01     0.14736898E+00     139     0.35858847E-01
 0.18899998E+02     0.10458516E+01     0.15340073E+00     0.20000000E+01    -0.13864653E+00     0.50000001E-01     0.50000001E-01     0.14823134E+00     139     0.35858847E-01
 0.18999998E+02     0.10498481E+01     0.15424451E+00     0.20000000E+01    -0.13942705E+00     0.50000001E-01     0.50000001E-01     0.14908609E+00     139     0.35858847E-01
 0.19099998E+02     0.10545589E+01     0.15494715E+00     0.20000000E+01    -0.14008453E+00     0.50000001E-01     0.50000001E-01     0.14980172E+00     139     0.35858847E-01
 0.19200001E+02     0.10596305E+01     0.15564866E+00     0.20000000E+01    -0.14076184E+00     0.50000001E-01     0.50000001E-01     0.15051915E+00     140     0.39120480E-01
 0.19300001E+02     0.10640953E+01     0.15642518E+00     0.20000000E+01    -0.14150237E+00     0.50000001E-01     0.50000001E-01     0.15130630E+00     140     0.39120480E-01
 0.19399998E+02     0.10679233E+01     0.15715605E+00     0.20000000E+01    -0.14215690E+00     0.50000001E-01     0.50000001E-01     0.15204471E+00     140     0.39120480E-01
 0.19499998E+02     0.10727358E+01     0.15796377E+00     0.20000000E+01    -0.14298776E+00     0.50000001E-01     0.50000001E-01     0.15287244E+00     140     0.39120480E-01
 0.19600000E+02     0.10760248E+01     0.15892895E+00     0.20000000E+01    -0.14381309E+00     0.50000001E-01     0.50000001E-01     0.15385276E+00     140     0.39120480E-01
 0.19700001E+02     0.10806843E+01     0.15975654E+00     0.20000000E+01    -0.14464706E+00     0.50000001E-01     0.50000001E-01     0.15469633E+00     140     0.39120480E-01
 0.19799997E+02     0.10840522E+01     0.16060156E+00     0.20000000E+01    -0.14541844E+00     0.50000001E-01     0.50000001E-01     0.15555303E+00     140     0.39120480E-01
 0.19900000E+02     0.10884888E+01     0.16136208E+00     0.20000000E+01    -0.14618462E+00     0.50000001E-01     0.50000001E-01     0.15632382E+00     140     0.39120480E-01
 0.20000000E+02     0.10933224E+01     0.16205899E+00     0.20000000E+01    -0.14689767E+00     0.50000001E-01     0.50000001E-01     0.15703820E+00     140     0.39120480E-01
 0.20100000E+02     0.10977753E+01     0.16273963E+00     0.20000000E+01    -0.14751327E+00     0.50000001E-01     0.50000001E-01     0.15773092E+00     140     0.39120480E-01
 0.20199997E+02     0.11011665E+01     0.16356599E+00     0.20000000E+01    -0.14832036E+00     0.50000001E-01     0.50000001E-01     0.15856455E+00     141     0.42607810E-01
 0.20299999E+02     0.11058308E+01     0.16428612E+00     0.20000000E+01    -0.14904425E+00     0.50000001E-01     0.50000001E-01     0.15929896E+00     141     0.42607810E-01
 0.20400000E+02     0.11093847E+01     0.16523749E+00     0.20000000E+01    -0.14997265E+00     0.50000001E-01     0.50000001E-01     0.16026630E+00     141     0.42607810E-01
 0.20500000E+02     0.11135626E+01     0.16610955E+00     0.20000000E+01    -0.15086354E+00     0.50000001E-01     0.50000001E-01     0.16115716E+00     141     0.42607810E-01
 0.20599998E+02     0.11177250E+01     0.16689646E+00     0.20000000E+01    -0.15163457E+00     0.50000001E-01     0.50000001E-01     0.16195758E+00     141     0.42607810E-01
 0.20699999E+02     0.11218584E+01     0.16761266E+00     0.20000000E+01    -0.15235521E+00     0.50000001E-01     0.50000001E-01     0.16268399E+00     141     0.42607810E-01
 0.20799999E+02     0.11255876E+01     0.16841841E+00     0.20000000E+01    -0.15316446E+00     0.50000001E-01     0.50000001E-01     0.16350026E+00     141     0.42607810E-01
 0.20900000E+02     0.11304945E+01     0.16912085E+00     0.20000000E+01    -0.15400860E+00     0.50000001E-01     0.50000001E-01     0.16421603E+00     141     0.42607810E-01
 0.21000000E+02     0.11454040E+01     0.17159005E+00     0.20000000E+01    -0.15777995E+00     0.50000001E-01     0.41910213E+00     0.16722828E+00     142     0.46341963E-01
 0.21099998E+02     0.11502708E+01     0.17219324E+00     0.20000000E+01    -0.15837976E+00     0.50000001E-01     0.42094028E+00     0.16784862E+00     142     0.46341963E-01
 0.21199999E+02     0.11518689E+01     0.17328356E+00     0.20000000E+01    -0.15942188E+00     0.48577316E-01     0.42152274E+00     0.16894209E+00     142     0.46341963E-01
 0.21299999E+02     0.11559612E+01     0.17419982E+00     0.20000000E+01    -0.16039935E+00     0.48738617E-01     0.42348021E+00     0.16988453E+00     142     0.46341963E-01
 0.21400000E+02     0.11590829E+01     0.17502826E+00     0.20000000E+01    -0.16123649E+00     0.48362534E-01     0.42302066E+00     0.17071560E+00     142     0.46341963E-01
 0.21499998E+02     0.11623023E+01     0.17584927E+00     0.20000000E+01    -0.16210225E+00     0.47421847E-01     0.42311162E+00     0.17153609E+00     142     0.46341963E-01
 0.21599998E+02     0.11660216E+01     0.17660382E+00     0.20000000E+01    -0.16289195E+00     0.47012080E-01     0.42519891E+00     0.17230554E+00     142     0.46341963E-01
 0.21699999E+02     0.11704571E+01     0.17736916E+00     0.20000000E+01    -0.16379388E+00     0.46980146E-01     0.42304853E+00     0.17306921E+00     142     0.46341963E-01
 0.21800001E+02     0.11741096E+01     0.17810559E+00     0.20000000E+01    -0.16463168E+00     0.46669245E-01     0.42406696E+00     0.17381716E+00     142     0.46341963E-01
 0.21899998E+02     0.11760139E+01     0.17911971E+00     0.20000000E+01    -0.16575836E+00     0.45456544E-01     0.42463738E+00     0.17482713E+00     142     0.46341963E-01
 0.21999998E+02     0.11808351E+01     0.17992768E+00     0.20000000E+01    -0.16650343E+00     0.46440188E-01     0.42581329E+00     0.17566969E+00     143     0.50346751E-01
 0.22099998E+02     0.11838794E+01     0.18086682E+00     0.20000000E+01    -0.16752346E+00     0.46163019E-01     0.42481416E+00     0.17660764E+00     143     0.50346751E-01
 0.22200001E+02     0.11861972E+01     0.18176700E+00     0.20000000E+01    -0.16861966E+00     0.45018949E-01     0.42595574E+00     0.17751554E+00     143     0.50346751E-01
 0.22299997E+02     0.11896991E+01     0.18247901E+00     0.20000000E+01    -0.16939430E+00     0.45042057E-01     0.42725852E+00     0.17823932E+00     143     0.50346751E-01
 0.22399998E+02     0.11945822E+01     0.18319975E+00     0.20000000E+01    -0.17024130E+00     0.45418393E-01     0.42812735E+00     0.17897186E+00     143     0.50346751E-01
 0.22500000E+02     0.11982950E+01     0.18396528E+00     0.20000000E+01    -0.17116420E+00     0.44105206E-01     0.42777160E+00     0.17973909E+00     143     0.50346751E-01
 0.22600000E+02     0.12011033E+01     0.18468894E+00     0.20000000E+01    -0.17194237E+00     0.43727882E-01     0.42841920E+00     0.18046899E+00     143     0.50346751E-01
 0.22700001E+02     0.12046273E+01     0.18556760E+00     0.20000000E+01    -0.17297715E+00     0.42976264E-01     0.43089956E+00     0.18135621E+00     144     0.54647654E-01
 0.22799997E+02     0.12070407E+01     0.18665139E+00     0.20000000E+01    -0.17410122E+00     0.43023236E-01     0.43053329E+00     0.18245545E+00     143     0.50346751E-01
 0.22900000E+02     0.12101943E+01     0.18751062E+00     0.20000000E+01    -0.17502500E+00     0.42851020E-01     0.43070841E+00     0.18332127E+00     143     0.50346751E-01
 0.23000000E+02     0.12143782E+01     0.18826251E+00     0.20000000E+01    -0.17597215E+00     0.42738460E-01     0.42988250E+00     0.18408021E+00     144     0.54647654E-01
 0.23100000E+02     0.12179313E+01     0.18901519E+00     0.20000000E+01    -0.17693377E+00     0.42207323E-01     0.43064243E+00     0.18483694E+00     144     0.54647654E-01
 0.23199997E+02     0.12225581E+01     0.18966907E+00     0.20000000E+01    -0.17763273E+00     0.42580612E-01     0.43136147E+00     0.18551295E+00     144     0.54647654E-01
 0.23299999E+02     0.12233669E+01     0.19067891E+00     0.20000000E+01    -0.17899154E+00     0.40726207E-01     0.43142942E+00     0.18650664E+00     144     0.54647654E-01
 0.23400000E+02     0.12279642E+01     0.19127290E+00     0.20000000E+01    -0.17960460E+00     0.41734338E-01     0.43344375E+00     0.18711561E+00     144     0.54647654E-01
 0.23500000E+02     0.12330259E+01     0.19195896E+00     0.20000000E+01    -0.18044767E+00     0.41875403E-01     0.43506411E+00     0.18782726E+00     144     0.54647654E-01
 0.23599998E+02     0.12331628E+01     0.19332531E+00     0.20000000E+01    -0.18204537E+00     0.40774293E-01     0.43398055E+00     0.18918774E+00     144     0.54647654E-01
 0.23699999E+02     0.12368708E+01     0.19415547E+00     0.20000000E+01    -0.18304935E+00     0.40114135E-01     0.43604994E+00     0.19003791E+00     144     0.54647654E-01
 0.23799999E+02     0.12408075E+01     0.19489512E+00     0.20000000E+01    -0.18405260E+00     0.40253602E-01     0.43447113E+00     0.19077961E+00     144     0.54647654E-01
 0.23900000E+02     0.12448260E+01     0.19561782E+00     0.20000000E+01    -0.18492901E+00     0.39848603E-01     0.43679005E+00     0.19151981E+00     144     0.54647654E-01
 0.24000000E+02     0.12482033E+01     0.19634159E+00     0.20000000E+01    -0.18581171E+00     0.39845344E-01     0.43797767E+00     0.19225363E+00     145     0.59272032E-01
