  
       RFOIL         Version 3.00
  
 Calculated polar for: OSO_2025_WT2_T24                
  
 1  Reynolds number fixed
  
 xtrf =      1.00000000 (suction)     1.00000000 (pressure)
 Rot. Parameters:  f0 =      1.00000000 c/r =      0.00000000
 Mach =      0.00000000     Re =      6.00000000 e 6     Ncrit =      9.00000000
  
             alpha                CL                CD            Re(CL)                CM             S_xtr             P_xtr               CDp            I_stag            X_stag
  ------- -------- --------- --------- -------- ------- ------- -------- 
-0.23000002E+02    -0.10878525E+01     0.14092506E+00     0.60000000E+01    -0.29718452E-02     0.99883008E+00     0.39239321E-01     0.13878234E+00      88     0.64354502E-01
-0.22900002E+02    -0.10841287E+01     0.14007656E+00     0.60000000E+01    -0.37405933E-02     0.99880534E+00     0.39321274E-01     0.13792604E+00      88     0.64354502E-01
-0.22800001E+02    -0.10822979E+01     0.13902138E+00     0.60000000E+01    -0.46113827E-02     0.99878919E+00     0.39560877E-01     0.13686617E+00      88     0.64354502E-01
-0.22500000E+02    -0.10746253E+01     0.13565357E+00     0.60000000E+01    -0.76073809E-02     0.99870783E+00     0.39948743E-01     0.13346808E+00      88     0.64354502E-01
-0.22400002E+02    -0.10702230E+01     0.13478021E+00     0.60000000E+01    -0.85788295E-02     0.99866843E+00     0.40125657E-01     0.13259023E+00      88     0.64354502E-01
-0.22300001E+02    -0.10666310E+01     0.13397796E+00     0.60000000E+01    -0.92642615E-02     0.99864972E+00     0.40267542E-01     0.13178140E+00      88     0.64354502E-01
-0.22200001E+02    -0.10633734E+01     0.13311596E+00     0.60000000E+01    -0.99576395E-02     0.99863303E+00     0.40389720E-01     0.13091183E+00      88     0.64354502E-01
-0.22100000E+02    -0.10595677E+01     0.13202399E+00     0.60000000E+01    -0.11048672E-01     0.99859107E+00     0.40512893E-01     0.12980942E+00      88     0.64354502E-01
-0.21900002E+02    -0.10538602E+01     0.12988158E+00     0.60000000E+01    -0.12923448E-01     0.99853373E+00     0.40558424E-01     0.12764388E+00      88     0.64354502E-01
-0.21800001E+02    -0.10498332E+01     0.12919495E+00     0.60000000E+01    -0.13429474E-01     0.99851781E+00     0.40787842E-01     0.12695046E+00      89     0.58118239E-01
-0.21700001E+02    -0.10452461E+01     0.12849838E+00     0.60000000E+01    -0.14029451E-01     0.99849504E+00     0.40934533E-01     0.12624925E+00      89     0.58118239E-01
-0.21600000E+02    -0.10403725E+01     0.12754285E+00     0.60000000E+01    -0.15098359E-01     0.99844503E+00     0.40943127E-01     0.12528424E+00      89     0.58118239E-01
-0.21500002E+02    -0.10358242E+01     0.12688316E+00     0.60000000E+01    -0.15612831E-01     0.99842310E+00     0.41140851E-01     0.12461778E+00      89     0.58118239E-01
-0.21400000E+02    -0.10321214E+01     0.12602472E+00     0.60000000E+01    -0.16303958E-01     0.99840105E+00     0.41220918E-01     0.12374802E+00      89     0.58118239E-01
-0.21300001E+02    -0.10276595E+01     0.12500283E+00     0.60000000E+01    -0.17307738E-01     0.99835771E+00     0.41292533E-01     0.12271672E+00      89     0.58118239E-01
-0.21200001E+02    -0.10246260E+01     0.12374447E+00     0.60000000E+01    -0.18533949E-01     0.99830419E+00     0.41307401E-01     0.12144294E+00      89     0.58118239E-01
-0.21100002E+02    -0.10215164E+01     0.12299454E+00     0.60000000E+01    -0.19033678E-01     0.99829441E+00     0.41667968E-01     0.12068880E+00      89     0.58118239E-01
-0.21000000E+02    -0.10166047E+01     0.12214240E+00     0.60000000E+01    -0.19914316E-01     0.99824923E+00     0.41901745E-01     0.11983065E+00      89     0.58118239E-01
-0.20900000E+02    -0.10132407E+01     0.12134232E+00     0.60000000E+01    -0.20485641E-01     0.99823016E+00     0.41995946E-01     0.11902626E+00      89     0.58118239E-01
-0.20800001E+02    -0.10097128E+01     0.12041946E+00     0.60000000E+01    -0.21281375E-01     0.99819654E+00     0.42171620E-01     0.11809725E+00      89     0.58118239E-01
-0.20700003E+02    -0.10068151E+01     0.11940912E+00     0.60000000E+01    -0.22043578E-01     0.99817073E+00     0.42374484E-01     0.11708265E+00      89     0.58118239E-01
-0.20600000E+02    -0.10050981E+01     0.11805655E+00     0.60000000E+01    -0.23181157E-01     0.99812984E+00     0.42566959E-01     0.11571689E+00      89     0.58118239E-01
-0.20500000E+02    -0.10008729E+01     0.11724426E+00     0.60000000E+01    -0.23954641E-01     0.99809355E+00     0.42831533E-01     0.11490053E+00      90     0.52246086E-01
-0.20400002E+02    -0.99791074E+00     0.11647664E+00     0.60000000E+01    -0.24383128E-01     0.99808460E+00     0.43066628E-01     0.11413192E+00      90     0.52246086E-01
-0.20300001E+02    -0.99243861E+00     0.11565638E+00     0.60000000E+01    -0.25318868E-01     0.99802715E+00     0.43201271E-01     0.11330867E+00      90     0.52246086E-01
-0.20200001E+02    -0.98889279E+00     0.11493207E+00     0.60000000E+01    -0.25851689E-01     0.99800688E+00     0.43473218E-01     0.11258306E+00      90     0.52246086E-01
-0.20100000E+02    -0.98477226E+00     0.11409994E+00     0.60000000E+01    -0.26465489E-01     0.99797839E+00     0.43648224E-01     0.11174829E+00      90     0.52246086E-01
-0.20000002E+02    -0.98077822E+00     0.11329411E+00     0.60000000E+01    -0.27035210E-01     0.99795806E+00     0.43732099E-01     0.11093639E+00      90     0.52246086E-01
-0.19900000E+02    -0.97705603E+00     0.11218560E+00     0.60000000E+01    -0.28004549E-01     0.99790782E+00     0.43894302E-01     0.10981847E+00      90     0.52246086E-01
-0.19800001E+02    -0.97559577E+00     0.11124678E+00     0.60000000E+01    -0.28425822E-01     0.99790841E+00     0.44053931E-01     0.10887167E+00      90     0.52246086E-01
-0.19700001E+02    -0.97039527E+00     0.11044428E+00     0.60000000E+01    -0.29237416E-01     0.99786180E+00     0.44237304E-01     0.10806447E+00      90     0.52246086E-01
-0.19600000E+02    -0.96507615E+00     0.10970613E+00     0.60000000E+01    -0.29920729E-01     0.99782228E+00     0.44415705E-01     0.10732318E+00      90     0.52246086E-01
-0.19500000E+02    -0.96040368E+00     0.10900014E+00     0.60000000E+01    -0.30473333E-01     0.99779296E+00     0.44385679E-01     0.10661077E+00      90     0.52246086E-01
-0.19400002E+02    -0.95578468E+00     0.10828813E+00     0.60000000E+01    -0.30987740E-01     0.99776697E+00     0.44643074E-01     0.10589589E+00      90     0.52246086E-01
-0.19300001E+02    -0.94999659E+00     0.10749488E+00     0.60000000E+01    -0.31830836E-01     0.99771065E+00     0.44782389E-01     0.10509598E+00      91     0.46763554E-01
-0.19200001E+02    -0.94668478E+00     0.10681710E+00     0.60000000E+01    -0.32071654E-01     0.99770981E+00     0.44939943E-01     0.10441300E+00      91     0.46763554E-01
-0.19100000E+02    -0.94103503E+00     0.10590224E+00     0.60000000E+01    -0.33012703E-01     0.99765176E+00     0.45101974E-01     0.10348874E+00      91     0.46763554E-01
-0.19000002E+02    -0.93903178E+00     0.10486042E+00     0.60000000E+01    -0.33574071E-01     0.99763727E+00     0.45162924E-01     0.10243523E+00      91     0.46763554E-01
-0.18900002E+02    -0.93413931E+00     0.10413621E+00     0.60000000E+01    -0.34103122E-01     0.99760813E+00     0.45265011E-01     0.10170460E+00      91     0.46763554E-01
-0.18800001E+02    -0.92842716E+00     0.10339895E+00     0.60000000E+01    -0.34801405E-01     0.99756199E+00     0.45338050E-01     0.10096186E+00      91     0.46763554E-01
-0.18700001E+02    -0.92271501E+00     0.10279223E+00     0.60000000E+01    -0.35243001E-01     0.99753380E+00     0.45472071E-01     0.10034710E+00      91     0.46763554E-01
-0.18600000E+02    -0.91773140E+00     0.10204469E+00     0.60000000E+01    -0.35880696E-01     0.99749559E+00     0.45700219E-01     0.99596299E-01      91     0.46763554E-01
-0.18500002E+02    -0.91388285E+00     0.10125654E+00     0.60000000E+01    -0.36429852E-01     0.99746519E+00     0.46039965E-01     0.98806471E-01      91     0.46763554E-01
-0.18400000E+02    -0.90952474E+00     0.10050292E+00     0.60000000E+01    -0.36976792E-01     0.99743438E+00     0.46265215E-01     0.98049983E-01      91     0.46763554E-01
-0.18300001E+02    -0.90529585E+00     0.99632189E-01     0.60000000E+01    -0.37675574E-01     0.99739456E+00     0.46459358E-01     0.97175308E-01      91     0.46763554E-01
-0.18200001E+02    -0.90292740E+00     0.98510183E-01     0.60000000E+01    -0.38435999E-01     0.99736160E+00     0.46778634E-01     0.96046031E-01      91     0.46763554E-01
-0.18100002E+02    -0.89914578E+00     0.97636700E-01     0.60000000E+01    -0.39011043E-01     0.99733275E+00     0.46942588E-01     0.95167302E-01      92     0.41686684E-01
-0.18000000E+02    -0.89380604E+00     0.96854135E-01     0.60000000E+01    -0.39742433E-01     0.99728209E+00     0.47241539E-01     0.94384782E-01      92     0.41686684E-01
-0.17900000E+02    -0.88910031E+00     0.96162133E-01     0.60000000E+01    -0.40213063E-01     0.99725491E+00     0.47436662E-01     0.93691774E-01      92     0.41686684E-01
-0.17800001E+02    -0.88363224E+00     0.95434554E-01     0.60000000E+01    -0.40839992E-01     0.99720967E+00     0.47575392E-01     0.92961922E-01      92     0.41686684E-01
-0.17700001E+02    -0.87857908E+00     0.94744623E-01     0.60000000E+01    -0.41346587E-01     0.99717653E+00     0.47757827E-01     0.92269748E-01      92     0.41686684E-01
-0.17600000E+02    -0.87375730E+00     0.94028473E-01     0.60000000E+01    -0.41863397E-01     0.99714297E+00     0.47956455E-01     0.91551766E-01      92     0.41686684E-01
-0.17500000E+02    -0.86815596E+00     0.93166880E-01     0.60000000E+01    -0.42652473E-01     0.99708599E+00     0.48164394E-01     0.90687543E-01      92     0.41686684E-01
-0.17400002E+02    -0.86428940E+00     0.92319749E-01     0.60000000E+01    -0.43250881E-01     0.99705482E+00     0.48458643E-01     0.89836031E-01      92     0.41686684E-01
-0.17300001E+02    -0.86043477E+00     0.91247663E-01     0.60000000E+01    -0.44098277E-01     0.99700552E+00     0.48660580E-01     0.88754974E-01      92     0.41686684E-01
-0.17200001E+02    -0.85531098E+00     0.90546489E-01     0.60000000E+01    -0.44602990E-01     0.99697024E+00     0.48854910E-01     0.88050857E-01      92     0.41686684E-01
-0.17100000E+02    -0.84983820E+00     0.89881524E-01     0.60000000E+01    -0.45088928E-01     0.99693459E+00     0.49074892E-01     0.87383300E-01      92     0.41686684E-01
-0.17000002E+02    -0.84429234E+00     0.89212336E-01     0.60000000E+01    -0.45596413E-01     0.99689662E+00     0.49211562E-01     0.86710036E-01      93     0.37020490E-01
-0.16900000E+02    -0.83807701E+00     0.88535875E-01     0.60000000E+01    -0.46238162E-01     0.99684560E+00     0.49393397E-01     0.86029634E-01      93     0.37020490E-01
-0.16800001E+02    -0.83227539E+00     0.87881304E-01     0.60000000E+01    -0.46735652E-01     0.99680787E+00     0.49556896E-01     0.85371047E-01      93     0.37020490E-01
-0.16700001E+02    -0.82633394E+00     0.87221026E-01     0.60000000E+01    -0.47255669E-01     0.99676728E+00     0.49725339E-01     0.84705688E-01      93     0.37020490E-01
-0.16600000E+02    -0.82067162E+00     0.86503737E-01     0.60000000E+01    -0.47781359E-01     0.99672788E+00     0.49806725E-01     0.83983146E-01      93     0.37020490E-01
-0.16500000E+02    -0.81477392E+00     0.85722707E-01     0.60000000E+01    -0.48535224E-01     0.99666959E+00     0.49888734E-01     0.83194800E-01      93     0.37020490E-01
-0.16400002E+02    -0.80953753E+00     0.84652945E-01     0.60000000E+01    -0.49570274E-01     0.99659204E+00     0.50150897E-01     0.82113333E-01      93     0.37020490E-01
-0.16300001E+02    -0.80530214E+00     0.83780587E-01     0.60000000E+01    -0.50187241E-01     0.99654925E+00     0.50506357E-01     0.81237361E-01      93     0.37020490E-01
-0.16200001E+02    -0.79991591E+00     0.83099216E-01     0.60000000E+01    -0.50745424E-01     0.99650335E+00     0.50744750E-01     0.80555126E-01      93     0.37020490E-01
-0.16100000E+02    -0.79440892E+00     0.82399838E-01     0.60000000E+01    -0.51303770E-01     0.99645609E+00     0.51092029E-01     0.79855710E-01      93     0.37020490E-01
-0.16000002E+02    -0.78814453E+00     0.81657045E-01     0.60000000E+01    -0.52070878E-01     0.99638462E+00     0.51397011E-01     0.79112485E-01      94     0.32759186E-01
-0.15900001E+02    -0.78256536E+00     0.80948874E-01     0.60000000E+01    -0.52645337E-01     0.99633449E+00     0.51624689E-01     0.78404039E-01      94     0.32759186E-01
-0.15800000E+02    -0.77702534E+00     0.80224551E-01     0.60000000E+01    -0.53244885E-01     0.99628097E+00     0.51960044E-01     0.77680141E-01      94     0.32759186E-01
-0.15700001E+02    -0.77144700E+00     0.79472870E-01     0.60000000E+01    -0.53874604E-01     0.99622595E+00     0.52170340E-01     0.76926507E-01      94     0.32759186E-01
-0.15600002E+02    -0.76418829E+00     0.78444585E-01     0.60000000E+01    -0.55251721E-01     0.99607974E+00     0.52465498E-01     0.75894743E-01      94     0.32759186E-01
-0.15500001E+02    -0.76004744E+00     0.77397242E-01     0.60000000E+01    -0.56057896E-01     0.99601465E+00     0.52680757E-01     0.74839868E-01      94     0.32759186E-01
-0.15400001E+02    -0.75379401E+00     0.76716885E-01     0.60000000E+01    -0.56731019E-01     0.99594349E+00     0.52900121E-01     0.74158087E-01      94     0.32759186E-01
-0.15300001E+02    -0.74738741E+00     0.76012872E-01     0.60000000E+01    -0.57405066E-01     0.99586713E+00     0.53181928E-01     0.73453471E-01      94     0.32759186E-01
-0.15200001E+02    -0.74065483E+00     0.75333215E-01     0.60000000E+01    -0.58107857E-01     0.99578500E+00     0.53386714E-01     0.72772153E-01      94     0.32759186E-01
-0.15100001E+02    -0.73386854E+00     0.74638672E-01     0.60000000E+01    -0.58831859E-01     0.99569744E+00     0.53815782E-01     0.72077081E-01      95     0.28887654E-01
-0.15000001E+02    -0.72685885E+00     0.73949993E-01     0.60000000E+01    -0.59581842E-01     0.99560332E+00     0.54063901E-01     0.71386024E-01      95     0.28887654E-01
-0.14900000E+02    -0.71860558E+00     0.73191330E-01     0.60000000E+01    -0.60658082E-01     0.99544823E+00     0.54267369E-01     0.70623539E-01      95     0.28887654E-01
-0.14800000E+02    -0.71133596E+00     0.72454736E-01     0.60000000E+01    -0.61511721E-01     0.99533021E+00     0.54471210E-01     0.69882669E-01      95     0.28887654E-01
-0.14700002E+02    -0.70482922E+00     0.71687609E-01     0.60000000E+01    -0.62265001E-01     0.99523520E+00     0.54662943E-01     0.69108926E-01      95     0.28887654E-01
-0.14600000E+02    -0.69867802E+00     0.70704557E-01     0.60000000E+01    -0.63317128E-01     0.99510139E+00     0.54805312E-01     0.68115063E-01      95     0.28887654E-01
-0.14500000E+02    -0.69305009E+00     0.69991045E-01     0.60000000E+01    -0.63809723E-01     0.99466240E+00     0.54959502E-01     0.67394204E-01      95     0.28887654E-01
-0.14400001E+02    -0.69057441E+00     0.69423765E-01     0.60000000E+01    -0.63431054E-01     0.99247426E+00     0.55308975E-01     0.66826545E-01      95     0.28887654E-01
-0.14300001E+02    -0.68472153E+00     0.68772122E-01     0.60000000E+01    -0.63946784E-01     0.99175948E+00     0.55632416E-01     0.66174671E-01      95     0.28887654E-01
-0.14200001E+02    -0.67831862E+00     0.68059973E-01     0.60000000E+01    -0.64629510E-01     0.99100238E+00     0.56086987E-01     0.65463513E-01      95     0.28887654E-01
-0.14100001E+02    -0.67124778E+00     0.67334361E-01     0.60000000E+01    -0.65479785E-01     0.99022430E+00     0.56465067E-01     0.64737618E-01      96     0.25384178E-01
-0.14000001E+02    -0.66912162E+00     0.66829510E-01     0.60000000E+01    -0.65025516E-01     0.98739231E+00     0.56691218E-01     0.64232968E-01      96     0.25384178E-01
-0.13900002E+02    -0.66783011E+00     0.66292517E-01     0.60000000E+01    -0.64459026E-01     0.98363948E+00     0.56968667E-01     0.63694961E-01      96     0.25384178E-01
-0.13800001E+02    -0.65078539E+00     0.65641209E-01     0.60000000E+01    -0.67456871E-01     0.72019482E+00     0.57489406E-01     0.62099244E-01      96     0.25384178E-01
-0.13700001E+02    -0.64801586E+00     0.64800359E-01     0.60000000E+01    -0.67812271E-01     0.69823873E+00     0.57731282E-01     0.61179008E-01      96     0.25384178E-01
-0.13600001E+02    -0.64360452E+00     0.64185694E-01     0.60000000E+01    -0.68059459E-01     0.67880857E+00     0.58015265E-01     0.60505241E-01      96     0.25384178E-01
-0.13500001E+02    -0.63849580E+00     0.63844539E-01     0.60000000E+01    -0.68270773E-01     0.66188216E+00     0.58276482E-01     0.60111813E-01      96     0.25384178E-01
-0.13400001E+02    -0.63330352E+00     0.63510604E-01     0.60000000E+01    -0.68483219E-01     0.64725232E+00     0.58568094E-01     0.59732083E-01      96     0.25384178E-01
-0.13300000E+02    -0.62802136E+00     0.63156135E-01     0.60000000E+01    -0.68700679E-01     0.63440055E+00     0.58854315E-01     0.59337389E-01      96     0.25384178E-01
-0.13200001E+02    -0.62277800E+00     0.62807582E-01     0.60000000E+01    -0.68901576E-01     0.61426663E+00     0.59139460E-01     0.58921576E-01      97     0.22222305E-01
-0.13100000E+02    -0.61742896E+00     0.62447898E-01     0.60000000E+01    -0.69136120E-01     0.60484213E+00     0.59386425E-01     0.58532804E-01      97     0.22222305E-01
-0.13000001E+02    -0.61231512E+00     0.62054340E-01     0.60000000E+01    -0.69386676E-01     0.59651572E+00     0.59647713E-01     0.58111437E-01      97     0.22222305E-01
-0.12900001E+02    -0.60763115E+00     0.61593410E-01     0.60000000E+01    -0.69668837E-01     0.58851928E+00     0.59873998E-01     0.57617426E-01      97     0.22222305E-01
-0.12800001E+02    -0.60412884E+00     0.61003584E-01     0.60000000E+01    -0.70052803E-01     0.58202583E+00     0.60080033E-01     0.57002276E-01      97     0.22222305E-01
-0.12700001E+02    -0.59860069E+00     0.60599081E-01     0.60000000E+01    -0.70293076E-01     0.57497036E+00     0.60273033E-01     0.56567125E-01      97     0.22222305E-01
-0.12600001E+02    -0.59352827E+00     0.60186516E-01     0.60000000E+01    -0.70518799E-01     0.56893116E+00     0.60866084E-01     0.56137927E-01      97     0.22222305E-01
-0.12500001E+02    -0.58809769E+00     0.59781533E-01     0.60000000E+01    -0.70732854E-01     0.56287384E+00     0.60973004E-01     0.55709921E-01      97     0.22222305E-01
-0.12400002E+02    -0.58349210E+00     0.59345234E-01     0.60000000E+01    -0.70960268E-01     0.55758524E+00     0.61765783E-01     0.55263031E-01      97     0.22222305E-01
-0.12300001E+02    -0.57850647E+00     0.58910638E-01     0.60000000E+01    -0.71181685E-01     0.55253541E+00     0.62174205E-01     0.54814298E-01      98     0.19374071E-01
-0.12200001E+02    -0.57374936E+00     0.58440272E-01     0.60000000E+01    -0.71413748E-01     0.54735768E+00     0.62577687E-01     0.54324776E-01      98     0.19374071E-01
-0.12100001E+02    -0.56940114E+00     0.57926789E-01     0.60000000E+01    -0.71692415E-01     0.54304421E+00     0.62937170E-01     0.53800412E-01      98     0.19374071E-01
-0.12000000E+02    -0.56682438E+00     0.57204984E-01     0.60000000E+01    -0.72074115E-01     0.53543669E+00     0.63304812E-01     0.53047404E-01      98     0.19374071E-01
-0.11900001E+02    -0.56214362E+00     0.56735549E-01     0.60000000E+01    -0.72317630E-01     0.53147465E+00     0.63610829E-01     0.52565813E-01      98     0.19374071E-01
-0.11800000E+02    -0.55684185E+00     0.56277871E-01     0.60000000E+01    -0.72528131E-01     0.52768594E+00     0.63916832E-01     0.52098341E-01      98     0.19374071E-01
-0.11700001E+02    -0.55147558E+00     0.55848606E-01     0.60000000E+01    -0.72732978E-01     0.52380490E+00     0.64282574E-01     0.51655713E-01      98     0.19374071E-01
-0.11600000E+02    -0.54611236E+00     0.55401776E-01     0.60000000E+01    -0.72939619E-01     0.51992023E+00     0.64649381E-01     0.51194564E-01      98     0.19374071E-01
-0.11500001E+02    -0.54072678E+00     0.54967254E-01     0.60000000E+01    -0.73147163E-01     0.51664990E+00     0.65003179E-01     0.50750911E-01      99     0.16811348E-01
-0.11400001E+02    -0.53544736E+00     0.54501526E-01     0.60000000E+01    -0.73363692E-01     0.51331884E+00     0.65301843E-01     0.50273582E-01      99     0.16811348E-01
-0.11300001E+02    -0.53064746E+00     0.53975131E-01     0.60000000E+01    -0.73615626E-01     0.51011854E+00     0.65625004E-01     0.49731456E-01      99     0.16811348E-01
-0.11200001E+02    -0.52739221E+00     0.53271241E-01     0.60000000E+01    -0.73971920E-01     0.50693268E+00     0.65920256E-01     0.49007021E-01      99     0.16811348E-01
-0.11100001E+02    -0.52207357E+00     0.52786469E-01     0.60000000E+01    -0.74198440E-01     0.50407076E+00     0.66177800E-01     0.48511401E-01      99     0.16811348E-01
-0.11000001E+02    -0.51633251E+00     0.52353181E-01     0.60000000E+01    -0.74388929E-01     0.50119060E+00     0.66538595E-01     0.48065457E-01      99     0.16811348E-01
-0.10900001E+02    -0.51117659E+00     0.51894996E-01     0.60000000E+01    -0.74578606E-01     0.49606684E+00     0.67061625E-01     0.47588974E-01      99     0.16811348E-01
-0.10800001E+02    -0.50605088E+00     0.51445160E-01     0.60000000E+01    -0.74774228E-01     0.49309820E+00     0.67600630E-01     0.47130104E-01      99     0.16811348E-01
-0.10700001E+02    -0.50163645E+00     0.50917525E-01     0.60000000E+01    -0.74988991E-01     0.49074242E+00     0.68476632E-01     0.46601936E-01      99     0.16811348E-01
-0.10600001E+02    -0.49705034E+00     0.50390683E-01     0.60000000E+01    -0.75215399E-01     0.48837024E+00     0.68947114E-01     0.46068661E-01     100     0.14507390E-01
-0.10500001E+02    -0.49400678E+00     0.49682423E-01     0.60000000E+01    -0.75544573E-01     0.48612690E+00     0.69381990E-01     0.45349181E-01     100     0.14507390E-01
-0.10400002E+02    -0.49028689E+00     0.49055848E-01     0.60000000E+01    -0.75822644E-01     0.48379216E+00     0.69739886E-01     0.44710387E-01     100     0.14507390E-01
-0.10300000E+02    -0.48519552E+00     0.48583031E-01     0.60000000E+01    -0.76008901E-01     0.48097852E+00     0.70192479E-01     0.44227943E-01     100     0.14507390E-01
-0.10200001E+02    -0.47991008E+00     0.48117615E-01     0.60000000E+01    -0.76192692E-01     0.47879145E+00     0.70658073E-01     0.43757919E-01     100     0.14507390E-01
-0.10100000E+02    -0.47451568E+00     0.47655646E-01     0.60000000E+01    -0.76378040E-01     0.47668436E+00     0.71036994E-01     0.43290477E-01     100     0.14507390E-01
-0.10000001E+02    -0.46936345E+00     0.47177643E-01     0.60000000E+01    -0.76569594E-01     0.47452593E+00     0.71525618E-01     0.42805914E-01     100     0.14507390E-01
-0.99000006E+01    -0.46447209E+00     0.46657313E-01     0.60000000E+01    -0.76781653E-01     0.47241792E+00     0.71951292E-01     0.42275768E-01     100     0.14507390E-01
-0.98000011E+01    -0.46126246E+00     0.45952071E-01     0.60000000E+01    -0.77101544E-01     0.47028276E+00     0.72280221E-01     0.41553658E-01     101     0.12437641E-01
-0.97000008E+01    -0.45681763E+00     0.45374729E-01     0.60000000E+01    -0.77340886E-01     0.46801668E+00     0.72701439E-01     0.40962636E-01     101     0.12437641E-01
-0.96000013E+01    -0.45101118E+00     0.44947181E-01     0.60000000E+01    -0.77508256E-01     0.46594879E+00     0.73062792E-01     0.40525082E-01     101     0.12437641E-01
-0.95000010E+01    -0.44597295E+00     0.44454727E-01     0.60000000E+01    -0.77686742E-01     0.46412620E+00     0.73799014E-01     0.40029671E-01     101     0.12437641E-01
-0.94000006E+01    -0.44097289E+00     0.43971822E-01     0.60000000E+01    -0.77866957E-01     0.46230716E+00     0.74406549E-01     0.39542805E-01     101     0.12437641E-01
-0.93000011E+01    -0.43637750E+00     0.43452214E-01     0.60000000E+01    -0.78057207E-01     0.45893484E+00     0.75082399E-01     0.39011966E-01     101     0.12437641E-01
-0.91999998E+01    -0.43298513E+00     0.42800959E-01     0.60000000E+01    -0.78325987E-01     0.45867279E+00     0.75636052E-01     0.38357913E-01     101     0.12437641E-01
-0.91000013E+01    -0.43087372E+00     0.42026486E-01     0.60000000E+01    -0.78644358E-01     0.45518726E+00     0.76164752E-01     0.37564222E-01     101     0.12437641E-01
-0.90000000E+01    -0.42606571E+00     0.41526038E-01     0.60000000E+01    -0.78817926E-01     0.45332262E+00     0.76744996E-01     0.37060574E-01     102     0.10580092E-01
-0.89000015E+01    -0.42121205E+00     0.41037083E-01     0.60000000E+01    -0.78990266E-01     0.45173234E+00     0.77314317E-01     0.36569718E-01     102     0.10580092E-01
-0.88000002E+01    -0.41678283E+00     0.40495157E-01     0.60000000E+01    -0.79176672E-01     0.45013410E+00     0.78224227E-01     0.36026515E-01     102     0.10580092E-01
-0.87000017E+01    -0.41231596E+00     0.39950501E-01     0.60000000E+01    -0.79376467E-01     0.44850525E+00     0.78771338E-01     0.35475172E-01     102     0.10580092E-01
-0.86000004E+01    -0.41047350E+00     0.39152443E-01     0.60000000E+01    -0.79714641E-01     0.44704357E+00     0.79213805E-01     0.34662895E-01     102     0.10580092E-01
-0.85000019E+01    -0.40592465E+00     0.38619798E-01     0.60000000E+01    -0.79901703E-01     0.44545367E+00     0.79800069E-01     0.34121092E-01     102     0.10580092E-01
-0.84000006E+01    -0.40051720E+00     0.38157720E-01     0.60000000E+01    -0.80052592E-01     0.44361952E+00     0.80248311E-01     0.33648822E-01     102     0.10580092E-01
-0.83000011E+01    -0.39588010E+00     0.37662182E-01     0.60000000E+01    -0.80212258E-01     0.44164762E+00     0.81072241E-01     0.33143818E-01     102     0.10580092E-01
-0.82000008E+01    -0.39189586E+00     0.37086699E-01     0.60000000E+01    -0.80400281E-01     0.44018754E+00     0.81963070E-01     0.32566480E-01     102     0.10580092E-01
-0.81000013E+01    -0.39038309E+00     0.36284517E-01     0.60000000E+01    -0.80712378E-01     0.43892148E+00     0.82577482E-01     0.31755079E-01     103     0.89153098E-02
-0.80000010E+01    -0.38799927E+00     0.35599481E-01     0.60000000E+01    -0.80946043E-01     0.43645698E+00     0.83301522E-01     0.31061724E-01     103     0.89153098E-02
-0.79000001E+01    -0.38419414E+00     0.35040244E-01     0.60000000E+01    -0.81111491E-01     0.43504623E+00     0.84050283E-01     0.30500391E-01     103     0.89153098E-02
-0.78000011E+01    -0.38045305E+00     0.34464683E-01     0.60000000E+01    -0.81277698E-01     0.43360922E+00     0.84713891E-01     0.29919693E-01     103     0.89153098E-02
-0.77000003E+01    -0.37849090E+00     0.33744834E-01     0.60000000E+01    -0.81515685E-01     0.43227568E+00     0.85333355E-01     0.29190004E-01     103     0.89153098E-02
-0.76000009E+01    -0.37812912E+00     0.32896634E-01     0.60000000E+01    -0.81797488E-01     0.43092945E+00     0.85985675E-01     0.28328648E-01     103     0.89153098E-02
-0.75000005E+01    -0.37433639E+00     0.32348435E-01     0.60000000E+01    -0.81929654E-01     0.42913505E+00     0.86605757E-01     0.27772417E-01     103     0.89153098E-02
-0.74000010E+01    -0.37109566E+00     0.31755444E-01     0.60000000E+01    -0.82076997E-01     0.42786792E+00     0.87359443E-01     0.27175330E-01     103     0.89153098E-02
-0.73000002E+01    -0.37217674E+00     0.30813830E-01     0.60000000E+01    -0.82345076E-01     0.42682630E+00     0.87930530E-01     0.26220828E-01     103     0.89153098E-02
-0.72000012E+01    -0.37074348E+00     0.30115392E-01     0.60000000E+01    -0.82476512E-01     0.42564088E+00     0.88454396E-01     0.25511630E-01     104     0.74266298E-02
-0.71000004E+01    -0.37096116E+00     0.29339662E-01     0.60000000E+01    -0.82532100E-01     0.42459095E+00     0.90130500E-01     0.24734814E-01     104     0.74266298E-02
-0.70000014E+01    -0.37820652E+00     0.28160362E-01     0.60000000E+01    -0.82339801E-01     0.42379704E+00     0.89868613E-01     0.23534337E-01     104     0.74266298E-02
-0.69000006E+01    -0.38527572E+00     0.27342083E-01     0.60000000E+01    -0.81604131E-01     0.42289013E+00     0.90352453E-01     0.22706533E-01     104     0.74266298E-02
-0.68000016E+01    -0.38655323E+00     0.25896540E-01     0.60000000E+01    -0.83597407E-01     0.42186862E+00     0.91196157E-01     0.21235362E-01     104     0.74266298E-02
-0.67000008E+01    -0.38113564E+00     0.24799926E-01     0.60000000E+01    -0.85778147E-01     0.42054325E+00     0.92975363E-01     0.20128414E-01     104     0.74266298E-02
-0.66000018E+01    -0.37317517E+00     0.23381848E-01     0.60000000E+01    -0.89139774E-01     0.41903433E+00     0.94084531E-01     0.18679583E-01     104     0.74266298E-02
-0.65000010E+01    -0.36174896E+00     0.22515072E-01     0.60000000E+01    -0.91514289E-01     0.41722098E+00     0.95384419E-01     0.17794702E-01     104     0.74266298E-02
-0.64000001E+01    -0.34822807E+00     0.21284688E-01     0.60000000E+01    -0.95115922E-01     0.41555119E+00     0.96779697E-01     0.16536810E-01     104     0.74266298E-02
-0.63000011E+01    -0.33334231E+00     0.20342121E-01     0.60000000E+01    -0.98171756E-01     0.41407013E+00     0.99168755E-01     0.15580312E-01     105     0.60997931E-02
-0.62000003E+01    -0.31501222E+00     0.18972995E-01     0.60000000E+01    -0.10284031E+00     0.41157269E+00     0.10161809E+00     0.14185788E-01     105     0.60997931E-02
-0.61000009E+01    -0.29503658E+00     0.17719241E-01     0.60000000E+01    -0.10744329E+00     0.40984696E+00     0.10403457E+00     0.12903376E-01     105     0.60997931E-02
-0.60000000E+01    -0.27683806E+00     0.16929807E-01     0.60000000E+01    -0.11058322E+00     0.40818763E+00     0.10668296E+00     0.12094639E-01     105     0.60997931E-02
-0.59000010E+01    -0.25189242E+00     0.15499391E-01     0.60000000E+01    -0.11644787E+00     0.40612853E+00     0.11114505E+00     0.10632456E-01     106     0.49227113E-02
-0.58000002E+01    -0.22747028E+00     0.14317452E-01     0.60000000E+01    -0.12159225E+00     0.40381607E+00     0.11534353E+00     0.94159264E-02     106     0.49227113E-02
-0.57000012E+01    -0.19185707E+00     0.12316070E-01     0.60000000E+01    -0.13060901E+00     0.40199405E+00     0.12557414E+00     0.73686913E-02     106     0.49227113E-02
-0.56000004E+01    -0.15698102E+00     0.10471376E-01     0.60000000E+01    -0.13894510E+00     0.40000021E+00     0.13891245E+00     0.54572807E-02     107     0.38855695E-02
-0.55000014E+01    -0.13692978E+00     0.98918537E-02     0.60000000E+01    -0.14178279E+00     0.39758039E+00     0.15507215E+00     0.48969523E-02     107     0.38855695E-02
-0.54000006E+01    -0.97885318E-01     0.77480567E-02     0.60000000E+01    -0.15105461E+00     0.39536947E+00     0.28999394E+00     0.31966581E-02     107     0.38855695E-02
-0.53000016E+01    -0.83536632E-01     0.76061171E-02     0.60000000E+01    -0.15185530E+00     0.39383847E+00     0.30445787E+00     0.30959356E-02     108     0.29804131E-02
-0.52000008E+01    -0.70234284E-01     0.75544971E-02     0.60000000E+01    -0.15229468E+00     0.39211339E+00     0.31084523E+00     0.30531837E-02     108     0.29804131E-02
-0.51000013E+01    -0.56962129E-01     0.75052455E-02     0.60000000E+01    -0.15271369E+00     0.39084119E+00     0.31557304E+00     0.30185552E-02     108     0.29804131E-02
-0.50000010E+01    -0.43968469E-01     0.74802623E-02     0.60000000E+01    -0.15303506E+00     0.38963977E+00     0.31953573E+00     0.29973476E-02     108     0.29804131E-02
-0.49000015E+01    -0.30722203E-01     0.74346736E-02     0.60000000E+01    -0.15344444E+00     0.38844395E+00     0.32467410E+00     0.29667472E-02     109     0.22007464E-02
-0.48000007E+01    -0.17885003E-01     0.74230111E-02     0.60000000E+01    -0.15371606E+00     0.38719803E+00     0.32715231E+00     0.29535452E-02     109     0.22007464E-02
-0.47000003E+01    -0.51323101E-02     0.74186944E-02     0.60000000E+01    -0.15395921E+00     0.38597029E+00     0.32943121E+00     0.29440830E-02     109     0.22007464E-02
-0.46000009E+01     0.78421151E-02     0.73972200E-02     0.60000000E+01    -0.15427820E+00     0.38469681E+00     0.33216575E+00     0.29265149E-02     109     0.22007464E-02
-0.45000000E+01     0.20620564E-01     0.73914989E-02     0.60000000E+01    -0.15453377E+00     0.38340652E+00     0.33386758E+00     0.29165489E-02     109     0.22007464E-02
-0.44000010E+01     0.33315316E-01     0.73928791E-02     0.60000000E+01    -0.15477011E+00     0.38107428E+00     0.33636591E+00     0.29086033E-02     110     0.15419117E-02
-0.43000002E+01     0.45967683E-01     0.73977979E-02     0.60000000E+01    -0.15497853E+00     0.37958941E+00     0.33774978E+00     0.29064468E-02     110     0.15419117E-02
-0.42000012E+01     0.58755785E-01     0.73915026E-02     0.60000000E+01    -0.15522328E+00     0.37859559E+00     0.33915406E+00     0.28982684E-02     110     0.15419117E-02
-0.41000004E+01     0.71665630E-01     0.73759090E-02     0.60000000E+01    -0.15551208E+00     0.37748215E+00     0.34141585E+00     0.28885724E-02     110     0.15419117E-02
-0.40000014E+01     0.84406860E-01     0.73736873E-02     0.60000000E+01    -0.15574455E+00     0.37639028E+00     0.34250528E+00     0.28836769E-02     111     0.10009136E-02
-0.39000006E+01     0.97108342E-01     0.73751439E-02     0.60000000E+01    -0.15596382E+00     0.37525898E+00     0.34356490E+00     0.28806855E-02     111     0.10009136E-02
-0.38000014E+01     0.10976910E+00     0.73796441E-02     0.60000000E+01    -0.15617177E+00     0.37410906E+00     0.34454295E+00     0.28788131E-02     111     0.10009136E-02
-0.37000005E+01     0.12239455E+00     0.73869359E-02     0.60000000E+01    -0.15637028E+00     0.37294731E+00     0.34547076E+00     0.28779684E-02     111     0.10009136E-02
-0.36000016E+01     0.13498417E+00     0.73969699E-02     0.60000000E+01    -0.15655804E+00     0.37178224E+00     0.34634554E+00     0.28784098E-02     111     0.10009136E-02
-0.35000007E+01     0.14761865E+00     0.74037933E-02     0.60000000E+01    -0.15676132E+00     0.37050104E+00     0.34793651E+00     0.28766929E-02     112     0.57556073E-03
-0.34000015E+01     0.16029979E+00     0.74074827E-02     0.60000000E+01    -0.15697931E+00     0.36911273E+00     0.34884095E+00     0.28743544E-02     112     0.57556073E-03
-0.33000009E+01     0.17298384E+00     0.74107465E-02     0.60000000E+01    -0.15719447E+00     0.36725065E+00     0.34970593E+00     0.28742370E-02     112     0.57556073E-03
-0.32000017E+01     0.18574631E+00     0.74075097E-02     0.60000000E+01    -0.15742955E+00     0.36624303E+00     0.35124093E+00     0.28736945E-02     112     0.57556073E-03
-0.31000009E+01     0.19841184E+00     0.74120024E-02     0.60000000E+01    -0.15763268E+00     0.36525020E+00     0.35194525E+00     0.28747204E-02     113     0.26492128E-03
-0.30000000E+01     0.21104966E+00     0.74186730E-02     0.60000000E+01    -0.15782851E+00     0.36416540E+00     0.35265124E+00     0.28766040E-02     113     0.26492128E-03
-0.29000010E+01     0.22366576E+00     0.74271201E-02     0.60000000E+01    -0.15801753E+00     0.36311734E+00     0.35332304E+00     0.28792121E-02     113     0.26492128E-03
-0.27000012E+01     0.24877790E+00     0.74520102E-02     0.60000000E+01    -0.15836531E+00     0.36096483E+00     0.35545304E+00     0.28896481E-02     113     0.26492128E-03
-0.26000004E+01     0.26126957E+00     0.74686827E-02     0.60000000E+01    -0.15852159E+00     0.35985804E+00     0.35651916E+00     0.28946898E-02     114     0.74709220E-04
-0.25000012E+01     0.27390039E+00     0.74768686E-02     0.60000000E+01    -0.15872121E+00     0.35858932E+00     0.35730800E+00     0.28965692E-02     114     0.74709220E-04
-0.24000003E+01     0.28651869E+00     0.74860281E-02     0.60000000E+01    -0.15891515E+00     0.35730425E+00     0.35800964E+00     0.28998172E-02     114     0.74709220E-04
-0.23000014E+01     0.29916197E+00     0.74925455E-02     0.60000000E+01    -0.15911108E+00     0.35620087E+00     0.35865924E+00     0.29051206E-02     114     0.74709220E-04
-0.22000005E+01     0.31179941E+00     0.74991020E-02     0.60000000E+01    -0.15930413E+00     0.35475585E+00     0.35925817E+00     0.29090382E-02     115     0.21237647E-05
-0.21000013E+01     0.32442728E+00     0.75066215E-02     0.60000000E+01    -0.15949298E+00     0.35378999E+00     0.35985720E+00     0.29142033E-02     115     0.21237647E-05
-0.20000007E+01     0.33702672E+00     0.75160167E-02     0.60000000E+01    -0.15967591E+00     0.35283080E+00     0.36038798E+00     0.29201037E-02     115     0.21237647E-05
-0.19000015E+01     0.34962884E+00     0.75251530E-02     0.60000000E+01    -0.15985997E+00     0.35185191E+00     0.36149347E+00     0.29277219E-02     115     0.21237647E-05
-0.18000008E+01     0.36218342E+00     0.75378153E-02     0.60000000E+01    -0.16003208E+00     0.35086107E+00     0.36255679E+00     0.29367013E-02     115     0.21237647E-05
-0.17000016E+01     0.37470153E+00     0.75529898E-02     0.60000000E+01    -0.16019370E+00     0.34985259E+00     0.36305523E+00     0.29446059E-02     116     0.28969960E-04
-0.16000009E+01     0.38719368E+00     0.75704004E-02     0.60000000E+01    -0.16034757E+00     0.34879094E+00     0.36354089E+00     0.29534679E-02     116     0.28969960E-04
-0.15000000E+01     0.39963162E+00     0.75905002E-02     0.60000000E+01    -0.16048655E+00     0.34764701E+00     0.36443976E+00     0.29649520E-02     116     0.28969960E-04
-0.14000009E+01     0.41201732E+00     0.76135546E-02     0.60000000E+01    -0.16060980E+00     0.34649149E+00     0.36517367E+00     0.29781307E-02     116     0.28969960E-04
-0.13000002E+01     0.42446029E+00     0.76336525E-02     0.60000000E+01    -0.16074726E+00     0.34528342E+00     0.36545402E+00     0.29885452E-02     117     0.14431638E-03
-0.12000011E+01     0.43711308E+00     0.76392218E-02     0.60000000E+01    -0.16093878E+00     0.34449923E+00     0.36612865E+00     0.29947669E-02     117     0.14431638E-03
-0.11000003E+01     0.44971129E+00     0.76488582E-02     0.60000000E+01    -0.16111960E+00     0.34309989E+00     0.36677328E+00     0.30021756E-02     117     0.14431638E-03
-0.10000012E+01     0.46238789E+00     0.76532247E-02     0.60000000E+01    -0.16132689E+00     0.34218687E+00     0.36861324E+00     0.30129324E-02     117     0.14431638E-03
-0.90000039E+00     0.47495487E+00     0.76647680E-02     0.60000000E+01    -0.16149965E+00     0.34125364E+00     0.36963117E+00     0.30250596E-02     117     0.14431638E-03
-0.80000126E+00     0.48748127E+00     0.76788897E-02     0.60000000E+01    -0.16166149E+00     0.34032413E+00     0.37053859E+00     0.30379621E-02     118     0.34258093E-03
-0.70000046E+00     0.49996564E+00     0.76958528E-02     0.60000000E+01    -0.16181205E+00     0.33938715E+00     0.37116191E+00     0.30505611E-02     118     0.34258093E-03
-0.60000139E+00     0.51242441E+00     0.77149025E-02     0.60000000E+01    -0.16195567E+00     0.33843657E+00     0.37158358E+00     0.30631437E-02     118     0.34258093E-03
-0.50000060E+00     0.52486539E+00     0.77351057E-02     0.60000000E+01    -0.16209498E+00     0.33744758E+00     0.37197605E+00     0.30761887E-02     118     0.34258093E-03
-0.40000150E+00     0.53728598E+00     0.77564330E-02     0.60000000E+01    -0.16222931E+00     0.33633405E+00     0.37235838E+00     0.30895183E-02     118     0.34258093E-03
-0.30000070E+00     0.54969394E+00     0.77784564E-02     0.60000000E+01    -0.16235997E+00     0.33519453E+00     0.37271804E+00     0.31039016E-02     119     0.63133589E-03
-0.20000160E+00     0.56212682E+00     0.77983970E-02     0.60000000E+01    -0.16249293E+00     0.33412099E+00     0.37308764E+00     0.31199530E-02     119     0.63133589E-03
-0.10000080E+00     0.57460725E+00     0.78139827E-02     0.60000000E+01    -0.16263330E+00     0.33338463E+00     0.37343672E+00     0.31334753E-02     119     0.63133589E-03
 0.00000000E+00     0.58706236E+00     0.78312522E-02     0.60000000E+01    -0.16276741E+00     0.33260512E+00     0.37377855E+00     0.31476039E-02     119     0.63133589E-03
 0.99999093E-01     0.59946436E+00     0.78521436E-02     0.60000000E+01    -0.16289163E+00     0.33122671E+00     0.37408406E+00     0.31621861E-02     119     0.63133589E-03
 0.19999990E+00     0.61186171E+00     0.78731747E-02     0.60000000E+01    -0.16301343E+00     0.33032531E+00     0.37436733E+00     0.31777858E-02     120     0.10182067E-02
 0.29999900E+00     0.62423062E+00     0.78959232E-02     0.60000000E+01    -0.16312860E+00     0.32946682E+00     0.37462199E+00     0.31942702E-02     120     0.10182067E-02
 0.39999980E+00     0.63659722E+00     0.79190172E-02     0.60000000E+01    -0.16324465E+00     0.32857803E+00     0.37490785E+00     0.32086694E-02     120     0.10182067E-02
 0.49999887E+00     0.64905995E+00     0.79376139E-02     0.60000000E+01    -0.16339247E+00     0.32766250E+00     0.37560612E+00     0.32239580E-02     120     0.10182067E-02
 0.59999967E+00     0.66149080E+00     0.79579484E-02     0.60000000E+01    -0.16353165E+00     0.32674167E+00     0.37622404E+00     0.32404363E-02     121     0.15063530E-02
 0.69999880E+00     0.67390484E+00     0.79796026E-02     0.60000000E+01    -0.16366541E+00     0.32573369E+00     0.37683704E+00     0.32578572E-02     121     0.15063530E-02
 0.79999959E+00     0.68629378E+00     0.80025448E-02     0.60000000E+01    -0.16379347E+00     0.32462940E+00     0.37737796E+00     0.32763230E-02     121     0.15063530E-02
 0.89999866E+00     0.69866568E+00     0.80261482E-02     0.60000000E+01    -0.16391751E+00     0.32349947E+00     0.37788013E+00     0.32977927E-02     121     0.15063530E-02
 0.99999946E+00     0.71113372E+00     0.80415374E-02     0.60000000E+01    -0.16405600E+00     0.32235423E+00     0.37836337E+00     0.33143871E-02     121     0.15063530E-02
 0.10999986E+01     0.72356546E+00     0.80597894E-02     0.60000000E+01    -0.16418649E+00     0.32157427E+00     0.37882352E+00     0.33330759E-02     122     0.20985133E-02
 0.11999993E+01     0.73597050E+00     0.80796741E-02     0.60000000E+01    -0.16431154E+00     0.32078379E+00     0.37928328E+00     0.33525401E-02     122     0.20985133E-02
 0.12999984E+01     0.74835092E+00     0.81009204E-02     0.60000000E+01    -0.16443145E+00     0.31995714E+00     0.37970421E+00     0.33723270E-02     122     0.20985133E-02
 0.13999993E+01     0.76070786E+00     0.81239352E-02     0.60000000E+01    -0.16454503E+00     0.31910914E+00     0.38013834E+00     0.33930442E-02     122     0.20985133E-02
 0.14999983E+01     0.77304006E+00     0.81481934E-02     0.60000000E+01    -0.16465431E+00     0.31827092E+00     0.38057473E+00     0.34142341E-02     122     0.20985133E-02
 0.15999992E+01     0.78534287E+00     0.81744008E-02     0.60000000E+01    -0.16475752E+00     0.31741136E+00     0.38124996E+00     0.34374492E-02     123     0.27974360E-02
 0.16999999E+01     0.79762161E+00     0.82018385E-02     0.60000000E+01    -0.16485515E+00     0.31654599E+00     0.38166919E+00     0.34598885E-02     123     0.27974360E-02
 0.17999990E+01     0.80987507E+00     0.82310298E-02     0.60000000E+01    -0.16494654E+00     0.31561714E+00     0.38207382E+00     0.34832531E-02     123     0.27974360E-02
 0.18999999E+01     0.82211047E+00     0.82608070E-02     0.60000000E+01    -0.16503344E+00     0.31458199E+00     0.38246092E+00     0.35066037E-02     123     0.27974360E-02
 0.19999989E+01     0.83426595E+00     0.82961190E-02     0.60000000E+01    -0.16510698E+00     0.31285715E+00     0.38284394E+00     0.35339752E-02     123     0.27974360E-02
 0.20999997E+01     0.84660339E+00     0.83171725E-02     0.60000000E+01    -0.16520891E+00     0.31220621E+00     0.38321453E+00     0.35558022E-02     124     0.36052344E-02
 0.21999989E+01     0.85890138E+00     0.83409492E-02     0.60000000E+01    -0.16530326E+00     0.31147528E+00     0.38356158E+00     0.35785753E-02     124     0.36052344E-02
 0.22999997E+01     0.87116748E+00     0.83664991E-02     0.60000000E+01    -0.16539033E+00     0.31072971E+00     0.38387358E+00     0.36021252E-02     124     0.36052344E-02
 0.23999987E+01     0.88340193E+00     0.83934832E-02     0.60000000E+01    -0.16547194E+00     0.30993351E+00     0.38414973E+00     0.36261915E-02     124     0.36052344E-02
 0.24999995E+01     0.89563459E+00     0.84213139E-02     0.60000000E+01    -0.16555342E+00     0.30913380E+00     0.38447222E+00     0.36491374E-02     124     0.36052344E-02
 0.25999987E+01     0.90793896E+00     0.84464680E-02     0.60000000E+01    -0.16565843E+00     0.30832478E+00     0.38518238E+00     0.36743092E-02     124     0.36052344E-02
 0.26999993E+01     0.92021012E+00     0.84734131E-02     0.60000000E+01    -0.16575736E+00     0.30749208E+00     0.38587090E+00     0.37007392E-02     125     0.45235301E-02
 0.27999985E+01     0.93244570E+00     0.85022142E-02     0.60000000E+01    -0.16584708E+00     0.30666998E+00     0.38648531E+00     0.37278468E-02     125     0.45235301E-02
 0.28999994E+01     0.94457072E+00     0.85386625E-02     0.60000000E+01    -0.16591711E+00     0.30521560E+00     0.38706672E+00     0.37571359E-02     125     0.45235301E-02
 0.29999983E+01     0.95674682E+00     0.85705500E-02     0.60000000E+01    -0.16599463E+00     0.30425456E+00     0.38759425E+00     0.37860251E-02     125     0.45235301E-02
 0.30999992E+01     0.96890002E+00     0.86037219E-02     0.60000000E+01    -0.16606683E+00     0.30320546E+00     0.38808599E+00     0.38159275E-02     125     0.45235301E-02
 0.31999984E+01     0.98109674E+00     0.86332858E-02     0.60000000E+01    -0.16614461E+00     0.30226961E+00     0.38857546E+00     0.38476284E-02     126     0.55540195E-02
 0.32999990E+01     0.99336320E+00     0.86571993E-02     0.60000000E+01    -0.16623400E+00     0.30162910E+00     0.38904199E+00     0.38749608E-02     126     0.55540195E-02
 0.33999999E+01     0.10055916E+01     0.86834589E-02     0.60000000E+01    -0.16631567E+00     0.30091536E+00     0.38950691E+00     0.39032474E-02     126     0.55540195E-02
 0.34999990E+01     0.10177926E+01     0.87114135E-02     0.60000000E+01    -0.16639067E+00     0.30018181E+00     0.38996762E+00     0.39324253E-02     126     0.55540195E-02
 0.35999999E+01     0.10299647E+01     0.87408833E-02     0.60000000E+01    -0.16646074E+00     0.29939622E+00     0.39071000E+00     0.39632549E-02     126     0.55540195E-02
 0.36999989E+01     0.10420473E+01     0.87757111E-02     0.60000000E+01    -0.16651569E+00     0.29812011E+00     0.39115947E+00     0.39945883E-02     127     0.66984380E-02
 0.37999997E+01     0.10541434E+01     0.88093989E-02     0.60000000E+01    -0.16657037E+00     0.29730967E+00     0.39161173E+00     0.40260837E-02     127     0.66984380E-02
 0.38999987E+01     0.10662016E+01     0.88450126E-02     0.60000000E+01    -0.16661732E+00     0.29648659E+00     0.39205781E+00     0.40583531E-02     127     0.66984380E-02
 0.39999995E+01     0.10782275E+01     0.88824285E-02     0.60000000E+01    -0.16665906E+00     0.29565284E+00     0.39245817E+00     0.40916177E-02     127     0.66984380E-02
 0.40999985E+01     0.10902300E+01     0.89209955E-02     0.60000000E+01    -0.16669446E+00     0.29477832E+00     0.39286712E+00     0.41255513E-02     127     0.66984380E-02
 0.41999993E+01     0.11022100E+01     0.89604538E-02     0.60000000E+01    -0.16672435E+00     0.29378316E+00     0.39322385E+00     0.41599842E-02     128     0.79589644E-02
 0.42999988E+01     0.11140959E+01     0.90052867E-02     0.60000000E+01    -0.16673906E+00     0.29216450E+00     0.39356408E+00     0.41984487E-02     128     0.79589644E-02
 0.43999991E+01     0.11262046E+01     0.90344213E-02     0.60000000E+01    -0.16678925E+00     0.29153749E+00     0.39386237E+00     0.42293658E-02     128     0.79589644E-02
 0.44999986E+01     0.11382794E+01     0.90656355E-02     0.60000000E+01    -0.16683459E+00     0.29082134E+00     0.39421287E+00     0.42597409E-02     128     0.79589644E-02
 0.45999994E+01     0.11504163E+01     0.90957917E-02     0.60000000E+01    -0.16689998E+00     0.29009035E+00     0.39498332E+00     0.42937384E-02     128     0.79589644E-02
 0.47000003E+01     0.11625086E+01     0.91278749E-02     0.60000000E+01    -0.16695593E+00     0.28931102E+00     0.39568380E+00     0.43289675E-02     129     0.93380893E-02
 0.47999973E+01     0.11744994E+01     0.91659706E-02     0.60000000E+01    -0.16699490E+00     0.28801584E+00     0.39633742E+00     0.43657818E-02     129     0.93380893E-02
 0.48999982E+01     0.11863841E+01     0.92106527E-02     0.60000000E+01    -0.16701423E+00     0.28648704E+00     0.39694870E+00     0.44052787E-02     129     0.93380893E-02
 0.50999999E+01     0.12098043E+01     0.93208645E-02     0.60000000E+01    -0.16699186E+00     0.28125384E+00     0.39802644E+00     0.44928542E-02     129     0.93380893E-02
 0.52000008E+01     0.12217525E+01     0.93589881E-02     0.60000000E+01    -0.16701868E+00     0.27965802E+00     0.39854756E+00     0.45310082E-02     130     0.10838998E-01
 0.52999978E+01     0.12335033E+01     0.94096828E-02     0.60000000E+01    -0.16701192E+00     0.27734497E+00     0.39904153E+00     0.45735831E-02     130     0.10838998E-01
 0.53999987E+01     0.12449914E+01     0.94772764E-02     0.60000000E+01    -0.16696019E+00     0.27449381E+00     0.39953184E+00     0.46228063E-02     130     0.10838998E-01
 0.54999995E+01     0.12566146E+01     0.95353648E-02     0.60000000E+01    -0.16692962E+00     0.27231118E+00     0.40001827E+00     0.46713240E-02     130     0.10838998E-01
 0.56000004E+01     0.12685131E+01     0.95741982E-02     0.60000000E+01    -0.16694547E+00     0.27069882E+00     0.40079710E+00     0.47112149E-02     130     0.10838998E-01
 0.56999979E+01     0.12799789E+01     0.96406499E-02     0.60000000E+01    -0.16688870E+00     0.26692626E+00     0.40128884E+00     0.47608432E-02     130     0.10838998E-01
 0.57999988E+01     0.12912718E+01     0.97181462E-02     0.60000000E+01    -0.16680068E+00     0.26374558E+00     0.40175965E+00     0.48169689E-02     131     0.12465740E-01
 0.58999996E+01     0.13029119E+01     0.97721070E-02     0.60000000E+01    -0.16676936E+00     0.26149422E+00     0.40220714E+00     0.48641921E-02     131     0.12465740E-01
 0.60000000E+01     0.13145283E+01     0.98267226E-02     0.60000000E+01    -0.16673233E+00     0.25900447E+00     0.40263397E+00     0.49110483E-02     131     0.12465740E-01
 0.60999975E+01     0.13261974E+01     0.98769451E-02     0.60000000E+01    -0.16670395E+00     0.25770840E+00     0.40305400E+00     0.49571572E-02     131     0.12465740E-01
 0.61999984E+01     0.13377821E+01     0.99323429E-02     0.60000000E+01    -0.16665961E+00     0.25632682E+00     0.40342069E+00     0.50058356E-02     131     0.12465740E-01
 0.62999992E+01     0.13489518E+01     0.10013715E-01     0.60000000E+01    -0.16654578E+00     0.25334013E+00     0.40374854E+00     0.50666663E-02     132     0.14223367E-01
 0.64000001E+01     0.13606155E+01     0.10062102E-01     0.60000000E+01    -0.16651295E+00     0.25184229E+00     0.40406772E+00     0.51109227E-02     132     0.14223367E-01
 0.65000010E+01     0.13723332E+01     0.10109907E-01     0.60000000E+01    -0.16649872E+00     0.25034973E+00     0.40488315E+00     0.51593832E-02     132     0.14223367E-01
 0.65999980E+01     0.13839680E+01     0.10161979E-01     0.60000000E+01    -0.16647014E+00     0.24883184E+00     0.40563518E+00     0.52105067E-02     132     0.14223367E-01
 0.66999989E+01     0.13954803E+01     0.10221205E-01     0.60000000E+01    -0.16641900E+00     0.24719870E+00     0.40631887E+00     0.52654417E-02     132     0.14223367E-01
 0.67999997E+01     0.14064758E+01     0.10312625E-01     0.60000000E+01    -0.16628066E+00     0.24376321E+00     0.40694806E+00     0.53365561E-02     133     0.16118005E-01
 0.69000006E+01     0.14180552E+01     0.10365572E-01     0.60000000E+01    -0.16623880E+00     0.24197425E+00     0.40752822E+00     0.53886990E-02     133     0.16118005E-01
 0.69999981E+01     0.14295541E+01     0.10422880E-01     0.60000000E+01    -0.16618298E+00     0.24013932E+00     0.40810013E+00     0.54439520E-02     133     0.16118005E-01
 0.70999990E+01     0.14409156E+01     0.10488051E-01     0.60000000E+01    -0.16610360E+00     0.23821408E+00     0.40865612E+00     0.55036573E-02     133     0.16118005E-01
 0.71999998E+01     0.14521066E+01     0.10563454E-01     0.60000000E+01    -0.16599350E+00     0.23618929E+00     0.40918079E+00     0.55690673E-02     133     0.16118005E-01
 0.73000002E+01     0.14632924E+01     0.10638351E-01     0.60000000E+01    -0.16588219E+00     0.23386270E+00     0.40971532E+00     0.56335437E-02     133     0.16118005E-01
 0.73999977E+01     0.14742744E+01     0.10724990E-01     0.60000000E+01    -0.16573769E+00     0.22977641E+00     0.41055667E+00     0.57068551E-02     134     0.18157382E-01
 0.74999986E+01     0.14852850E+01     0.10808446E-01     0.60000000E+01    -0.16559623E+00     0.22738302E+00     0.41106555E+00     0.57779835E-02     134     0.18157382E-01
 0.75999994E+01     0.14962308E+01     0.10895553E-01     0.60000000E+01    -0.16544242E+00     0.22470075E+00     0.41157800E+00     0.58500594E-02     134     0.18157382E-01
 0.77000003E+01     0.15073661E+01     0.10969521E-01     0.60000000E+01    -0.16531952E+00     0.22200398E+00     0.41206357E+00     0.59165969E-02     134     0.18157382E-01
 0.77999973E+01     0.15182348E+01     0.11059122E-01     0.60000000E+01    -0.16515157E+00     0.21914533E+00     0.41254628E+00     0.59928820E-02     134     0.18157382E-01
 0.78999982E+01     0.15288576E+01     0.11163134E-01     0.60000000E+01    -0.16494106E+00     0.21609874E+00     0.41299805E+00     0.60763876E-02     135     0.20350950E-01
 0.79999990E+01     0.15390651E+01     0.11292025E-01     0.60000000E+01    -0.16466065E+00     0.21022546E+00     0.41339967E+00     0.61769770E-02     135     0.20350950E-01
 0.81000004E+01     0.15494455E+01     0.11408436E-01     0.60000000E+01    -0.16440699E+00     0.20656784E+00     0.41376993E+00     0.62684785E-02     135     0.20350950E-01
 0.82000008E+01     0.15600108E+01     0.11511857E-01     0.60000000E+01    -0.16418345E+00     0.20267081E+00     0.41408861E+00     0.63555543E-02     135     0.20350950E-01
 0.82999983E+01     0.15700803E+01     0.11646983E-01     0.60000000E+01    -0.16388349E+00     0.19845799E+00     0.41475132E+00     0.64610690E-02     135     0.20350950E-01
 0.83999987E+01     0.15805093E+01     0.11759756E-01     0.60000000E+01    -0.16364427E+00     0.19407238E+00     0.41555834E+00     0.65588895E-02     135     0.20350950E-01
 0.85000000E+01     0.15902950E+01     0.11910705E-01     0.60000000E+01    -0.16329633E+00     0.18919741E+00     0.41627452E+00     0.66796206E-02     136     0.22710007E-01
 0.86000004E+01     0.16002492E+01     0.12048925E-01     0.60000000E+01    -0.16297674E+00     0.18402453E+00     0.41694042E+00     0.67963013E-02     136     0.22710007E-01
 0.86999979E+01     0.16098056E+01     0.12210388E-01     0.60000000E+01    -0.16258834E+00     0.17851970E+00     0.41757333E+00     0.69257533E-02     136     0.22710007E-01
 0.87999983E+01     0.16190201E+01     0.12390910E-01     0.60000000E+01    -0.16214181E+00     0.17273177E+00     0.41818166E+00     0.70737442E-02     136     0.22710007E-01
 0.88999996E+01     0.16283412E+01     0.12562781E-01     0.60000000E+01    -0.16171175E+00     0.16652347E+00     0.41874236E+00     0.72135702E-02     136     0.22710007E-01
 0.90000000E+01     0.16354132E+01     0.12868840E-01     0.60000000E+01    -0.16090339E+00     0.15526780E+00     0.41923401E+00     0.74441796E-02     136     0.22710007E-01
 0.90999975E+01     0.16439922E+01     0.13080368E-01     0.60000000E+01    -0.16034788E+00     0.14846034E+00     0.41975972E+00     0.76203919E-02     137     0.25248373E-01
 0.91999989E+01     0.16524867E+01     0.13293413E-01     0.60000000E+01    -0.15977590E+00     0.14153573E+00     0.42030877E+00     0.77941841E-02     137     0.25248373E-01
 0.92999992E+01     0.16607153E+01     0.13519243E-01     0.60000000E+01    -0.15916027E+00     0.13460477E+00     0.42114905E+00     0.79795532E-02     137     0.25248373E-01
 0.94000006E+01     0.16687846E+01     0.13750731E-01     0.60000000E+01    -0.15851484E+00     0.12796926E+00     0.42132968E+00     0.81691593E-02     137     0.25248373E-01
 0.94999971E+01     0.16766870E+01     0.13988119E-01     0.60000000E+01    -0.15784204E+00     0.12162770E+00     0.42217976E+00     0.83667785E-02     137     0.25248373E-01
 0.95999985E+01     0.16845144E+01     0.14226239E-01     0.60000000E+01    -0.15715539E+00     0.11560388E+00     0.42269024E+00     0.85697640E-02     137     0.25248373E-01
 0.96999989E+01     0.16927428E+01     0.14436167E-01     0.60000000E+01    -0.15653527E+00     0.11017253E+00     0.42312792E+00     0.87484904E-02     137     0.25248373E-01
 0.98000002E+01     0.16991071E+01     0.14747418E-01     0.60000000E+01    -0.15560007E+00     0.10192332E+00     0.42354593E+00     0.90066288E-02     138     0.27982686E-01
 0.99000006E+01     0.17082579E+01     0.14895343E-01     0.60000000E+01    -0.15513317E+00     0.10011889E+00     0.42398399E+00     0.91441404E-02     138     0.27982686E-01
 0.99999981E+01     0.17147098E+01     0.15186607E-01     0.60000000E+01    -0.15420683E+00     0.93136586E-01     0.42432004E+00     0.93900273E-02     138     0.27982686E-01
 0.10099998E+02     0.17228367E+01     0.15377999E-01     0.60000000E+01    -0.15356198E+00     0.89446887E-01     0.42464864E+00     0.95592290E-02     138     0.27982686E-01
 0.10200000E+02     0.17303971E+01     0.15594387E-01     0.60000000E+01    -0.15282492E+00     0.86016029E-01     0.42545468E+00     0.97563583E-02     138     0.27982686E-01
 0.10300000E+02     0.17384330E+01     0.15780287E-01     0.60000000E+01    -0.15216810E+00     0.82934864E-01     0.42627937E+00     0.99284071E-02     138     0.27982686E-01
 0.10399998E+02     0.17460513E+01     0.15982298E-01     0.60000000E+01    -0.15143928E+00     0.80072634E-01     0.42699349E+00     0.10116863E-01     138     0.27982686E-01
 0.10499999E+02     0.17534676E+01     0.16190292E-01     0.60000000E+01    -0.15067378E+00     0.77237077E-01     0.42762923E+00     0.10309942E-01     139     0.30932982E-01
 0.10599999E+02     0.17613150E+01     0.16373226E-01     0.60000000E+01    -0.14998066E+00     0.74862406E-01     0.42828530E+00     0.10485136E-01     139     0.30932982E-01
 0.10700000E+02     0.17684683E+01     0.16582187E-01     0.60000000E+01    -0.14916831E+00     0.72669633E-01     0.42887595E+00     0.10682720E-01     139     0.30932982E-01
 0.10799997E+02     0.17755784E+01     0.16787263E-01     0.60000000E+01    -0.14834586E+00     0.70326388E-01     0.42943567E+00     0.10877081E-01     139     0.30932982E-01
 0.10899999E+02     0.17830228E+01     0.16973495E-01     0.60000000E+01    -0.14757966E+00     0.68471968E-01     0.42996389E+00     0.11058288E-01     139     0.30932982E-01
 0.10999999E+02     0.17886034E+01     0.17241206E-01     0.60000000E+01    -0.14649922E+00     0.65526098E-01     0.43051654E+00     0.11307774E-01     139     0.30932982E-01
 0.11100000E+02     0.17956161E+01     0.17442925E-01     0.60000000E+01    -0.14566340E+00     0.63748285E-01     0.43141812E+00     0.11504694E-01     139     0.30932982E-01
 0.11200001E+02     0.18024622E+01     0.17638445E-01     0.60000000E+01    -0.14478791E+00     0.62340405E-01     0.43162104E+00     0.11697801E-01     140     0.34123309E-01
 0.11299998E+02     0.18061805E+01     0.17880484E-01     0.60000000E+01    -0.14329579E+00     0.61127882E-01     0.43246150E+00     0.11940653E-01     140     0.34123309E-01
 0.11399999E+02     0.18099883E+01     0.18139377E-01     0.60000000E+01    -0.14184259E+00     0.59907213E-01     0.43294626E+00     0.12196878E-01     140     0.34123309E-01
 0.11500000E+02     0.18150969E+01     0.18396847E-01     0.60000000E+01    -0.14066745E+00     0.58336653E-01     0.43340781E+00     0.12448389E-01     140     0.34123309E-01
 0.11600000E+02     0.18211999E+01     0.18623373E-01     0.60000000E+01    -0.13967475E+00     0.57166062E-01     0.43390393E+00     0.12675032E-01     140     0.34123309E-01
 0.11699998E+02     0.18274035E+01     0.18852063E-01     0.60000000E+01    -0.13871372E+00     0.56184042E-01     0.43435010E+00     0.12903705E-01     140     0.34123309E-01
 0.11799999E+02     0.18333154E+01     0.19100927E-01     0.60000000E+01    -0.13771202E+00     0.55123933E-01     0.43476114E+00     0.13150116E-01     140     0.34123309E-01
 0.11900000E+02     0.18386160E+01     0.19378766E-01     0.60000000E+01    -0.13661648E+00     0.54027792E-01     0.43509045E+00     0.13423507E-01     140     0.34123309E-01
 0.12000000E+02     0.18439429E+01     0.19658612E-01     0.60000000E+01    -0.13553849E+00     0.52928768E-01     0.43552786E+00     0.13699979E-01     141     0.37582316E-01
 0.12099998E+02     0.18498938E+01     0.19919546E-01     0.60000000E+01    -0.13457644E+00     0.51865868E-01     0.43639189E+00     0.13964792E-01     141     0.37582316E-01
 0.12199999E+02     0.18558252E+01     0.20183686E-01     0.60000000E+01    -0.13362060E+00     0.50952286E-01     0.43721199E+00     0.14232993E-01     141     0.37582316E-01
 0.12299999E+02     0.18614368E+01     0.20462133E-01     0.60000000E+01    -0.13261776E+00     0.50148230E-01     0.43787497E+00     0.14515504E-01     141     0.37582316E-01
 0.12400001E+02     0.18656805E+01     0.20811541E-01     0.60000000E+01    -0.13141355E+00     0.48789337E-01     0.43854660E+00     0.14862513E-01     141     0.37582316E-01
 0.12499997E+02     0.18716228E+01     0.21086682E-01     0.60000000E+01    -0.13048193E+00     0.48519552E-01     0.43915635E+00     0.15144856E-01     141     0.37582316E-01
 0.12599998E+02     0.18763130E+01     0.21420944E-01     0.60000000E+01    -0.12936589E+00     0.47739867E-01     0.43977481E+00     0.15482079E-01     141     0.37582316E-01
 0.12699999E+02     0.18805430E+01     0.21785630E-01     0.60000000E+01    -0.12819578E+00     0.46255264E-01     0.44029969E+00     0.15848277E-01     141     0.37582316E-01
 0.12800000E+02     0.18856905E+01     0.22110933E-01     0.60000000E+01    -0.12717517E+00     0.45662522E-01     0.44087005E+00     0.16180428E-01     141     0.37582316E-01
 0.12900001E+02     0.18904819E+01     0.22454286E-01     0.60000000E+01    -0.12611441E+00     0.45076314E-01     0.44144100E+00     0.16531207E-01     142     0.41344337E-01
 0.12999998E+02     0.18949558E+01     0.22824544E-01     0.60000000E+01    -0.12502155E+00     0.44395566E-01     0.44193816E+00     0.16906407E-01     142     0.41344337E-01
 0.13099999E+02     0.18988620E+01     0.23227086E-01     0.60000000E+01    -0.12385580E+00     0.43822557E-01     0.44251111E+00     0.17314676E-01     142     0.41344337E-01
 0.13200000E+02     0.19024086E+01     0.23654168E-01     0.60000000E+01    -0.12266092E+00     0.43141585E-01     0.44301647E+00     0.17746055E-01     142     0.41344337E-01
 0.13300000E+02     0.19057932E+01     0.24098402E-01     0.60000000E+01    -0.12146218E+00     0.42466458E-01     0.44353363E+00     0.18195724E-01     142     0.41344337E-01
 0.13399998E+02     0.19091511E+01     0.24552414E-01     0.60000000E+01    -0.12027781E+00     0.41735660E-01     0.44439715E+00     0.18657066E-01     142     0.41344337E-01
 0.13499999E+02     0.19131188E+01     0.24983015E-01     0.60000000E+01    -0.11920182E+00     0.41316457E-01     0.44454619E+00     0.19098647E-01     142     0.41344337E-01
 0.13599999E+02     0.19165459E+01     0.25445255E-01     0.60000000E+01    -0.11806782E+00     0.40881194E-01     0.44535857E+00     0.19570980E-01     142     0.41344337E-01
 0.13700001E+02     0.19197086E+01     0.25934888E-01     0.60000000E+01    -0.11692947E+00     0.40406905E-01     0.44575948E+00     0.20069852E-01     142     0.41344337E-01
 0.13799997E+02     0.19223434E+01     0.26463587E-01     0.60000000E+01    -0.11574481E+00     0.39968677E-01     0.44606215E+00     0.20609362E-01     143     0.45449886E-01
 0.13899999E+02     0.19246771E+01     0.27026391E-01     0.60000000E+01    -0.11455569E+00     0.39587170E-01     0.44648173E+00     0.21182129E-01     143     0.45449886E-01
 0.13999999E+02     0.19265935E+01     0.27626211E-01     0.60000000E+01    -0.11336257E+00     0.39193776E-01     0.44727758E+00     0.21795616E-01     143     0.45449886E-01
 0.14100000E+02     0.19275746E+01     0.28301109E-01     0.60000000E+01    -0.11209535E+00     0.38743474E-01     0.44802395E+00     0.22484764E-01     143     0.45449886E-01
 0.14199998E+02     0.19282349E+01     0.29010899E-01     0.60000000E+01    -0.11084549E+00     0.38366117E-01     0.44860309E+00     0.23210144E-01     143     0.45449886E-01
 0.14299998E+02     0.19286335E+01     0.29757744E-01     0.60000000E+01    -0.10962397E+00     0.37970055E-01     0.44924238E+00     0.23974393E-01     143     0.45449886E-01
 0.14400000E+02     0.19270074E+01     0.30672062E-01     0.60000000E+01    -0.10826784E+00     0.37104048E-01     0.44977787E+00     0.24905382E-01     143     0.45449886E-01
 0.14500000E+02     0.19269878E+01     0.31497564E-01     0.60000000E+01    -0.10714950E+00     0.36824476E-01     0.45033213E+00     0.25755513E-01     143     0.45449886E-01
 0.14600000E+02     0.19270084E+01     0.32335348E-01     0.60000000E+01    -0.10610368E+00     0.36820322E-01     0.45088276E+00     0.26618285E-01     143     0.45449886E-01
 0.14699998E+02     0.19245881E+01     0.33395436E-01     0.60000000E+01    -0.10495583E+00     0.36261339E-01     0.45130792E+00     0.27703822E-01     143     0.45449886E-01
 0.14799999E+02     0.19229614E+01     0.34404624E-01     0.60000000E+01    -0.10397720E+00     0.36281116E-01     0.45180237E+00     0.28743267E-01     143     0.45449886E-01
 0.14900000E+02     0.19194632E+01     0.35607755E-01     0.60000000E+01    -0.10299660E+00     0.36045548E-01     0.45223013E+00     0.29978354E-01     143     0.45449886E-01
 0.15000001E+02     0.19127039E+01     0.37111443E-01     0.60000000E+01    -0.10201582E+00     0.35572991E-01     0.45255303E+00     0.31519916E-01     143     0.45449886E-01
 0.15099998E+02     0.19077178E+01     0.38495187E-01     0.60000000E+01    -0.10129523E+00     0.35673324E-01     0.45295772E+00     0.32945253E-01     143     0.45449886E-01
 0.15199999E+02     0.18971581E+01     0.40401742E-01     0.60000000E+01    -0.10061884E+00     0.35289794E-01     0.45321050E+00     0.34902144E-01     143     0.45449886E-01
 0.15299999E+02     0.18851513E+01     0.42474672E-01     0.60000000E+01    -0.10020645E+00     0.35174146E-01     0.45344448E+00     0.37033889E-01     143     0.45449886E-01
 0.15400001E+02     0.18705057E+01     0.44835065E-01     0.60000000E+01    -0.10009415E+00     0.35170533E-01     0.45357639E+00     0.39463483E-01     143     0.45449886E-01
 0.15499998E+02     0.18523047E+01     0.47571260E-01     0.60000000E+01    -0.10032825E+00     0.35177708E-01     0.45365790E+00     0.42279739E-01     143     0.45449886E-01
 0.15599998E+02     0.18315717E+01     0.50585013E-01     0.60000000E+01    -0.10094750E+00     0.35562098E-01     0.45367828E+00     0.45386992E-01     143     0.45449886E-01
 0.15699999E+02     0.18012182E+01     0.54465611E-01     0.60000000E+01    -0.10210958E+00     0.35805669E-01     0.45345661E+00     0.49383394E-01     143     0.45449886E-01
 0.15800000E+02     0.17577063E+01     0.59270374E-01     0.60000000E+01    -0.10392064E+00     0.35984393E-01     0.45287645E+00     0.54333881E-01     143     0.45449886E-01
 0.15999998E+02     0.16611276E+01     0.69751337E-01     0.60000000E+01    -0.10773343E+00     0.37131011E-01     0.45149100E+00     0.65104656E-01     142     0.41344337E-01
 0.16099998E+02     0.16232278E+01     0.75207628E-01     0.60000000E+01    -0.10936759E+00     0.38060926E-01     0.45093459E+00     0.70679553E-01     142     0.41344337E-01
 0.16200001E+02     0.15946975E+01     0.79569466E-01     0.60000000E+01    -0.11077956E+00     0.38408358E-01     0.45058346E+00     0.75128615E-01     142     0.41344337E-01
 0.16300001E+02     0.15715046E+01     0.83407670E-01     0.60000000E+01    -0.11220569E+00     0.38647640E-01     0.45055076E+00     0.79042181E-01     142     0.41344337E-01
 0.16399998E+02     0.15513649E+01     0.87044761E-01     0.60000000E+01    -0.11372212E+00     0.38743354E-01     0.45053992E+00     0.82745880E-01     142     0.41344337E-01
 0.16499998E+02     0.15344778E+01     0.90395868E-01     0.60000000E+01    -0.11525775E+00     0.38781788E-01     0.45040026E+00     0.86155057E-01     142     0.41344337E-01
 0.16600000E+02     0.15261456E+01     0.92592023E-01     0.60000000E+01    -0.11617648E+00     0.38588613E-01     0.45065147E+00     0.88384673E-01     142     0.41344337E-01
 0.16700001E+02     0.15120561E+01     0.95758125E-01     0.60000000E+01    -0.11779881E+00     0.38445853E-01     0.45077428E+00     0.91600753E-01     142     0.41344337E-01
 0.16799997E+02     0.15004605E+01     0.98631330E-01     0.60000000E+01    -0.11933745E+00     0.38253367E-01     0.45102689E+00     0.94519608E-01     142     0.41344337E-01
 0.16900000E+02     0.14939054E+01     0.10078436E+00     0.60000000E+01    -0.12042794E+00     0.37660241E-01     0.45124611E+00     0.96696369E-01     142     0.41344337E-01
 0.17000000E+02     0.14853858E+01     0.10334750E+00     0.60000000E+01    -0.12189115E+00     0.37654411E-01     0.45160887E+00     0.99300973E-01     142     0.41344337E-01
 0.17100000E+02     0.14833874E+01     0.10494362E+00     0.60000000E+01    -0.12270489E+00     0.37698459E-01     0.45156637E+00     0.10092164E+00     142     0.41344337E-01
 0.17199997E+02     0.14787325E+01     0.10687964E+00     0.60000000E+01    -0.12377112E+00     0.37290968E-01     0.45184541E+00     0.10288110E+00     142     0.41344337E-01
 0.17299999E+02     0.14721738E+01     0.10926970E+00     0.60000000E+01    -0.12521864E+00     0.37006870E-01     0.45234498E+00     0.10530747E+00     142     0.41344337E-01
 0.17400000E+02     0.14712090E+01     0.11069059E+00     0.60000000E+01    -0.12597911E+00     0.36600508E-01     0.45298108E+00     0.10674699E+00     142     0.41344337E-01
 0.17500000E+02     0.14670318E+01     0.11273624E+00     0.60000000E+01    -0.12725161E+00     0.36608096E-01     0.45295367E+00     0.10882360E+00     142     0.41344337E-01
