  
       RFOIL         Version 3.00
  
 Calculated polar for: OSO_2025_WT2_T24                
  
 1  Reynolds number fixed
  
 xtrf =      1.00000000 (suction)     1.00000000 (pressure)
 Rot. Parameters:  f0 =      1.00000000 c/r =      0.00000000
 Mach =      0.00000000     Re =     12.00000000 e 6     Ncrit =      9.00000000
  
             alpha                CL                CD            Re(CL)                CM             S_xtr             P_xtr               CDp            I_stag            X_stag
  ------- -------- --------- --------- -------- ------- ------- -------- 
-0.23600000E+02    -0.11353266E+01     0.13629639E+00     0.12000000E+02    -0.11707007E-01     0.99845624E+00     0.35643902E-01     0.13435224E+00      87     0.70922226E-01
-0.23500000E+02    -0.11312498E+01     0.13543279E+00     0.12000000E+02    -0.12604990E-01     0.99843603E+00     0.35817381E-01     0.13348472E+00      87     0.70922226E-01
-0.23400002E+02    -0.11276436E+01     0.13440330E+00     0.12000000E+02    -0.13692647E-01     0.99840611E+00     0.35840366E-01     0.13244876E+00      87     0.70922226E-01
-0.23300001E+02    -0.11280768E+01     0.13276634E+00     0.12000000E+02    -0.15075509E-01     0.99837762E+00     0.35912085E-01     0.13079260E+00      87     0.70922226E-01
-0.23200001E+02    -0.11239520E+01     0.13196309E+00     0.12000000E+02    -0.15830852E-01     0.99835593E+00     0.36006663E-01     0.12998384E+00      87     0.70922226E-01
-0.23100000E+02    -0.11203884E+01     0.13111071E+00     0.12000000E+02    -0.16722161E-01     0.99833375E+00     0.36296956E-01     0.12913138E+00      87     0.70922226E-01
-0.23000002E+02    -0.11161488E+01     0.13038906E+00     0.12000000E+02    -0.17342703E-01     0.99830985E+00     0.36225915E-01     0.12840296E+00      87     0.70922226E-01
-0.21000000E+02    -0.10412341E+01     0.11262899E+00     0.12000000E+02    -0.33049453E-01     0.99781191E+00     0.38990077E-01     0.11052036E+00      89     0.58118239E-01
-0.20900000E+02    -0.10365629E+01     0.11190341E+00     0.12000000E+02    -0.33702858E-01     0.99778581E+00     0.39237749E-01     0.10979348E+00      89     0.58118239E-01
-0.20800001E+02    -0.10317888E+01     0.11119995E+00     0.12000000E+02    -0.34324449E-01     0.99775821E+00     0.39293200E-01     0.10908658E+00      89     0.58118239E-01
-0.20700003E+02    -0.10267470E+01     0.11049918E+00     0.12000000E+02    -0.34971923E-01     0.99772906E+00     0.39374512E-01     0.10838284E+00      89     0.58118239E-01
-0.20600000E+02    -0.10226723E+01     0.10983504E+00     0.12000000E+02    -0.35413668E-01     0.99771190E+00     0.39545611E-01     0.10771735E+00      89     0.58118239E-01
-0.20500000E+02    -0.10183067E+01     0.10903592E+00     0.12000000E+02    -0.36112629E-01     0.99768418E+00     0.39824557E-01     0.10691901E+00      89     0.58118239E-01
-0.20400002E+02    -0.10136569E+01     0.10826109E+00     0.12000000E+02    -0.36801912E-01     0.99765426E+00     0.39981209E-01     0.10614090E+00      89     0.58118239E-01
-0.20300001E+02    -0.10103120E+01     0.10740577E+00     0.12000000E+02    -0.37361458E-01     0.99763620E+00     0.40065821E-01     0.10527967E+00      89     0.58118239E-01
-0.20200001E+02    -0.10087795E+01     0.10597814E+00     0.12000000E+02    -0.38502783E-01     0.99759936E+00     0.40252160E-01     0.10383819E+00      90     0.52246086E-01
-0.20100000E+02    -0.10037372E+01     0.10532194E+00     0.12000000E+02    -0.39049633E-01     0.99757230E+00     0.40311173E-01     0.10317848E+00      90     0.52246086E-01
-0.19800001E+02    -0.96148729E+00     0.10648254E+00     0.12000000E+02    -0.42718414E-01     0.99739873E+00     0.40813699E-01     0.10437192E+00      90     0.52246086E-01
-0.19700001E+02    -0.95659184E+00     0.10569206E+00     0.12000000E+02    -0.43299895E-01     0.99736518E+00     0.40957943E-01     0.10357726E+00      90     0.52246086E-01
-0.19500000E+02    -0.97329134E+00     0.10120426E+00     0.12000000E+02    -0.42409804E-01     0.99740803E+00     0.41024271E-01     0.99042200E-01      90     0.52246086E-01
-0.19400002E+02    -0.96844625E+00     0.10031186E+00     0.12000000E+02    -0.43182917E-01     0.99736834E+00     0.41168332E-01     0.98142371E-01      90     0.52246086E-01
-0.19300001E+02    -0.96642679E+00     0.99114940E-01     0.12000000E+02    -0.44023599E-01     0.99734169E+00     0.41245084E-01     0.96931629E-01      90     0.52246086E-01
-0.19200001E+02    -0.96071082E+00     0.98465681E-01     0.12000000E+02    -0.44521891E-01     0.99731439E+00     0.41401464E-01     0.96274644E-01      90     0.52246086E-01
-0.19100000E+02    -0.95496964E+00     0.97739927E-01     0.12000000E+02    -0.45272615E-01     0.99726492E+00     0.41508012E-01     0.95547006E-01      91     0.46763554E-01
-0.19000002E+02    -0.94956625E+00     0.97009636E-01     0.12000000E+02    -0.45956742E-01     0.99721777E+00     0.41845951E-01     0.94815798E-01      91     0.46763554E-01
-0.18900002E+02    -0.94528508E+00     0.96414521E-01     0.12000000E+02    -0.46175618E-01     0.99721968E+00     0.41919682E-01     0.94217718E-01      91     0.46763554E-01
-0.18800001E+02    -0.93953282E+00     0.95682651E-01     0.12000000E+02    -0.46966303E-01     0.99716103E+00     0.42123228E-01     0.93485013E-01      91     0.46763554E-01
-0.18700001E+02    -0.93549734E+00     0.94956435E-01     0.12000000E+02    -0.47372118E-01     0.99714607E+00     0.42503279E-01     0.92759579E-01      91     0.46763554E-01
-0.18600000E+02    -0.93049920E+00     0.94203144E-01     0.12000000E+02    -0.48033636E-01     0.99710447E+00     0.42674605E-01     0.92004009E-01      91     0.46763554E-01
-0.18500002E+02    -0.92818737E+00     0.93148217E-01     0.12000000E+02    -0.48664812E-01     0.99708641E+00     0.42849481E-01     0.90941317E-01      91     0.46763554E-01
-0.18400000E+02    -0.92416352E+00     0.92042834E-01     0.12000000E+02    -0.49658231E-01     0.99702173E+00     0.43055259E-01     0.89828908E-01      91     0.46763554E-01
-0.18300001E+02    -0.91884071E+00     0.91393560E-01     0.12000000E+02    -0.50161615E-01     0.99698806E+00     0.43186530E-01     0.89177683E-01      91     0.46763554E-01
-0.18200001E+02    -0.91346467E+00     0.90735413E-01     0.12000000E+02    -0.50675489E-01     0.99695164E+00     0.43297362E-01     0.88518031E-01      91     0.46763554E-01
-0.18100002E+02    -0.90745300E+00     0.90050556E-01     0.12000000E+02    -0.51344138E-01     0.99689394E+00     0.43403130E-01     0.87831751E-01      91     0.46763554E-01
-0.18000000E+02    -0.90261477E+00     0.89348182E-01     0.12000000E+02    -0.51878374E-01     0.99685693E+00     0.43757413E-01     0.87132007E-01      91     0.46763554E-01
-0.17900000E+02    -0.89607215E+00     0.88621221E-01     0.12000000E+02    -0.52707009E-01     0.99677038E+00     0.43915082E-01     0.86403094E-01      92     0.41686684E-01
-0.17800001E+02    -0.89200073E+00     0.87977879E-01     0.12000000E+02    -0.52908462E-01     0.99678099E+00     0.44036947E-01     0.85757695E-01      92     0.41686684E-01
-0.17700001E+02    -0.88634109E+00     0.87209828E-01     0.12000000E+02    -0.53678323E-01     0.99670911E+00     0.44239786E-01     0.84987022E-01      92     0.41686684E-01
-0.17600000E+02    -0.88234007E+00     0.85974745E-01     0.12000000E+02    -0.54831252E-01     0.99660200E+00     0.44390447E-01     0.83741508E-01      92     0.41686684E-01
-0.17500000E+02    -0.87783527E+00     0.85112572E-01     0.12000000E+02    -0.55491153E-01     0.99655110E+00     0.44527974E-01     0.82873717E-01      92     0.41686684E-01
-0.17400002E+02    -0.87205940E+00     0.84453538E-01     0.12000000E+02    -0.56028221E-01     0.99649882E+00     0.44691492E-01     0.82212895E-01      92     0.41686684E-01
-0.17300001E+02    -0.86538500E+00     0.83795339E-01     0.12000000E+02    -0.56767561E-01     0.99640173E+00     0.44928640E-01     0.81553243E-01      92     0.41686684E-01
-0.17200001E+02    -0.85929942E+00     0.83139367E-01     0.12000000E+02    -0.57319552E-01     0.99633777E+00     0.45014810E-01     0.80895022E-01      92     0.41686684E-01
-0.17100000E+02    -0.85133570E+00     0.82450703E-01     0.12000000E+02    -0.58317147E-01     0.99617171E+00     0.45221891E-01     0.80203690E-01      92     0.41686684E-01
-0.17000002E+02    -0.84507489E+00     0.81793770E-01     0.12000000E+02    -0.58898021E-01     0.99609858E+00     0.45287464E-01     0.79543784E-01      92     0.41686684E-01
-0.16900000E+02    -0.83860117E+00     0.81121832E-01     0.12000000E+02    -0.59520736E-01     0.99601239E+00     0.45385487E-01     0.78867793E-01      93     0.37020490E-01
-0.16800001E+02    -0.83252352E+00     0.80426753E-01     0.12000000E+02    -0.60136523E-01     0.99593198E+00     0.45535214E-01     0.78165852E-01      93     0.37020490E-01
-0.16700001E+02    -0.82700437E+00     0.79491302E-01     0.12000000E+02    -0.61113559E-01     0.99575096E+00     0.45808900E-01     0.77225722E-01      93     0.37020490E-01
-0.16600000E+02    -0.82410175E+00     0.78310579E-01     0.12000000E+02    -0.61969314E-01     0.99562508E+00     0.45980193E-01     0.76034278E-01      93     0.37020490E-01
-0.16500000E+02    -0.81794113E+00     0.77646732E-01     0.12000000E+02    -0.62593885E-01     0.99546450E+00     0.46177313E-01     0.75369157E-01      93     0.37020490E-01
-0.16400002E+02    -0.81194270E+00     0.76978981E-01     0.12000000E+02    -0.63206598E-01     0.99528509E+00     0.46514496E-01     0.74701861E-01      93     0.37020490E-01
-0.16300001E+02    -0.80582511E+00     0.76320402E-01     0.12000000E+02    -0.63819036E-01     0.99507362E+00     0.46810672E-01     0.74043438E-01      93     0.37020490E-01
-0.16200001E+02    -0.80104840E+00     0.75750008E-01     0.12000000E+02    -0.63996680E-01     0.99453908E+00     0.46980187E-01     0.73473170E-01      93     0.37020490E-01
-0.16100000E+02    -0.79715836E+00     0.75185359E-01     0.12000000E+02    -0.64013094E-01     0.99371409E+00     0.47188431E-01     0.72908729E-01      93     0.37020490E-01
-0.16000002E+02    -0.79325992E+00     0.74543700E-01     0.12000000E+02    -0.64180762E-01     0.99239647E+00     0.47610521E-01     0.72268732E-01      93     0.37020490E-01
-0.15900001E+02    -0.78860980E+00     0.73887780E-01     0.12000000E+02    -0.64502485E-01     0.99154860E+00     0.47765631E-01     0.71609609E-01      94     0.32759186E-01
-0.15800000E+02    -0.78552520E+00     0.72921738E-01     0.12000000E+02    -0.65048620E-01     0.99069035E+00     0.48014261E-01     0.70637345E-01      94     0.32759186E-01
-0.15600002E+02    -0.77616787E+00     0.71287669E-01     0.12000000E+02    -0.66193528E-01     0.98448229E+00     0.48398938E-01     0.68989344E-01      94     0.32759186E-01
-0.15500001E+02    -0.77655870E+00     0.71610510E-01     0.12000000E+02    -0.64423755E-01     0.69067502E+00     0.48543308E-01     0.68328381E-01      94     0.32759186E-01
-0.15400001E+02    -0.77130258E+00     0.71064517E-01     0.12000000E+02    -0.64672694E-01     0.67420775E+00     0.48732433E-01     0.67735001E-01      94     0.32759186E-01
-0.15300001E+02    -0.76602304E+00     0.70550568E-01     0.12000000E+02    -0.64925499E-01     0.65944666E+00     0.48946187E-01     0.67178972E-01      94     0.32759186E-01
-0.15200001E+02    -0.76066840E+00     0.70016809E-01     0.12000000E+02    -0.65181449E-01     0.64662415E+00     0.49078900E-01     0.66608302E-01      94     0.32759186E-01
-0.15100001E+02    -0.75547397E+00     0.69449499E-01     0.12000000E+02    -0.65449864E-01     0.63500148E+00     0.49357112E-01     0.66008523E-01      94     0.32759186E-01
-0.15000001E+02    -0.75039649E+00     0.68847753E-01     0.12000000E+02    -0.65725446E-01     0.62455153E+00     0.49529642E-01     0.65374963E-01      94     0.32759186E-01
-0.14900000E+02    -0.74580407E+00     0.68174936E-01     0.12000000E+02    -0.66055797E-01     0.61479163E+00     0.49620055E-01     0.64668000E-01      95     0.28887654E-01
-0.14800000E+02    -0.74391192E+00     0.67111544E-01     0.12000000E+02    -0.66596359E-01     0.60727400E+00     0.49774818E-01     0.63575007E-01      95     0.28887654E-01
-0.14700002E+02    -0.73829728E+00     0.66584148E-01     0.12000000E+02    -0.66853657E-01     0.59879082E+00     0.49909845E-01     0.63020304E-01      95     0.28887654E-01
-0.14600000E+02    -0.73284376E+00     0.66046856E-01     0.12000000E+02    -0.67100532E-01     0.59107143E+00     0.50097659E-01     0.62457565E-01      95     0.28887654E-01
-0.14500000E+02    -0.72764140E+00     0.65527722E-01     0.12000000E+02    -0.67340575E-01     0.57600218E+00     0.50435856E-01     0.61897319E-01      95     0.28887654E-01
-0.14400001E+02    -0.72244972E+00     0.64965367E-01     0.12000000E+02    -0.67588650E-01     0.57037061E+00     0.50730251E-01     0.61320193E-01      95     0.28887654E-01
-0.14300001E+02    -0.71715403E+00     0.64435743E-01     0.12000000E+02    -0.67832112E-01     0.56446922E+00     0.50953604E-01     0.60773287E-01      95     0.28887654E-01
-0.14200001E+02    -0.71247566E+00     0.64054087E-01     0.12000000E+02    -0.68098925E-01     0.55908400E+00     0.51512215E-01     0.60378704E-01      95     0.28887654E-01
-0.14100001E+02    -0.70721722E+00     0.63705415E-01     0.12000000E+02    -0.68363100E-01     0.55417144E+00     0.51524989E-01     0.60014814E-01      95     0.28887654E-01
-0.14000001E+02    -0.70380419E+00     0.63215002E-01     0.12000000E+02    -0.68717949E-01     0.54943573E+00     0.51939253E-01     0.59508465E-01      95     0.28887654E-01
-0.13900002E+02    -0.70205832E+00     0.62519051E-01     0.12000000E+02    -0.69201723E-01     0.54541546E+00     0.52242819E-01     0.58794390E-01      95     0.28887654E-01
-0.13800001E+02    -0.69658458E+00     0.62165111E-01     0.12000000E+02    -0.69436505E-01     0.54124510E+00     0.52302416E-01     0.58428340E-01      96     0.25384178E-01
-0.13700001E+02    -0.69175208E+00     0.61794493E-01     0.12000000E+02    -0.69678038E-01     0.53696203E+00     0.52758612E-01     0.58047816E-01      96     0.25384178E-01
-0.13600001E+02    -0.68647981E+00     0.61414290E-01     0.12000000E+02    -0.69907986E-01     0.53268361E+00     0.53004362E-01     0.57655610E-01      96     0.25384178E-01
-0.13500001E+02    -0.68109399E+00     0.61031129E-01     0.12000000E+02    -0.70137076E-01     0.52902472E+00     0.53200766E-01     0.57263814E-01      96     0.25384178E-01
-0.13400001E+02    -0.67575943E+00     0.60643930E-01     0.12000000E+02    -0.70367076E-01     0.52067918E+00     0.53431503E-01     0.56849934E-01      96     0.25384178E-01
-0.13300000E+02    -0.67065418E+00     0.60225446E-01     0.12000000E+02    -0.70618160E-01     0.51755410E+00     0.53673372E-01     0.56423508E-01      96     0.25384178E-01
-0.13200001E+02    -0.66624826E+00     0.59702639E-01     0.12000000E+02    -0.70908606E-01     0.51456225E+00     0.53921733E-01     0.55890065E-01      96     0.25384178E-01
-0.13100000E+02    -0.66463339E+00     0.58913056E-01     0.12000000E+02    -0.71403921E-01     0.51180798E+00     0.54130696E-01     0.55081457E-01      96     0.25384178E-01
-0.13000001E+02    -0.65913820E+00     0.58511559E-01     0.12000000E+02    -0.71622252E-01     0.50840908E+00     0.54329731E-01     0.54667886E-01      96     0.25384178E-01
-0.12900001E+02    -0.65345055E+00     0.58095593E-01     0.12000000E+02    -0.71836501E-01     0.50528586E+00     0.54528385E-01     0.54241449E-01      97     0.22222305E-01
-0.12800001E+02    -0.64761531E+00     0.57704702E-01     0.12000000E+02    -0.72049670E-01     0.50247937E+00     0.54728091E-01     0.53842179E-01      97     0.22222305E-01
-0.12700001E+02    -0.64170706E+00     0.57312425E-01     0.12000000E+02    -0.72256155E-01     0.49976107E+00     0.54863349E-01     0.53439807E-01      97     0.22222305E-01
-0.12600001E+02    -0.63624924E+00     0.56903314E-01     0.12000000E+02    -0.72471038E-01     0.49683133E+00     0.55197790E-01     0.53017825E-01      97     0.22222305E-01
-0.12500001E+02    -0.63100332E+00     0.56459442E-01     0.12000000E+02    -0.72697952E-01     0.49369955E+00     0.55547070E-01     0.52563552E-01      97     0.22222305E-01
-0.12400002E+02    -0.62636387E+00     0.55938367E-01     0.12000000E+02    -0.72958075E-01     0.49141315E+00     0.55921245E-01     0.52036181E-01      97     0.22222305E-01
-0.12300001E+02    -0.62509328E+00     0.55068683E-01     0.12000000E+02    -0.73438108E-01     0.48678562E+00     0.56179978E-01     0.51144075E-01      97     0.22222305E-01
-0.12200001E+02    -0.62025499E+00     0.54600641E-01     0.12000000E+02    -0.73674753E-01     0.48706901E+00     0.56574766E-01     0.50676782E-01      97     0.22222305E-01
-0.12100001E+02    -0.61487955E+00     0.54142393E-01     0.12000000E+02    -0.73879763E-01     0.48162094E+00     0.56861233E-01     0.50201520E-01      97     0.22222305E-01
-0.12000000E+02    -0.60966140E+00     0.53698581E-01     0.12000000E+02    -0.74084505E-01     0.47926939E+00     0.57245877E-01     0.49752463E-01      98     0.19374071E-01
-0.11900001E+02    -0.60417676E+00     0.53258516E-01     0.12000000E+02    -0.74286364E-01     0.47712213E+00     0.57460524E-01     0.49307495E-01      98     0.19374071E-01
-0.11800000E+02    -0.59890997E+00     0.52818771E-01     0.12000000E+02    -0.74494883E-01     0.47511235E+00     0.57750389E-01     0.48862908E-01      98     0.19374071E-01
-0.11700001E+02    -0.59412187E+00     0.52308861E-01     0.12000000E+02    -0.74726194E-01     0.47302088E+00     0.58113292E-01     0.48346959E-01      98     0.19374071E-01
-0.11600000E+02    -0.59048569E+00     0.51671267E-01     0.12000000E+02    -0.75043678E-01     0.47085232E+00     0.58372024E-01     0.47697529E-01      98     0.19374071E-01
-0.11500001E+02    -0.58841044E+00     0.50883956E-01     0.12000000E+02    -0.75441629E-01     0.46889389E+00     0.58664389E-01     0.46896696E-01      98     0.19374071E-01
-0.11400001E+02    -0.58289915E+00     0.50438803E-01     0.12000000E+02    -0.75635225E-01     0.46656534E+00     0.58953762E-01     0.46444748E-01      98     0.19374071E-01
-0.11300001E+02    -0.57752872E+00     0.49988914E-01     0.12000000E+02    -0.75832121E-01     0.46476972E+00     0.59456378E-01     0.45991909E-01      98     0.19374071E-01
-0.11200001E+02    -0.57180196E+00     0.49556430E-01     0.12000000E+02    -0.76021716E-01     0.46294460E+00     0.59693791E-01     0.45553848E-01      98     0.19374071E-01
-0.11100001E+02    -0.56613040E+00     0.49114611E-01     0.12000000E+02    -0.76212347E-01     0.46111289E+00     0.60047507E-01     0.45105349E-01      99     0.16811348E-01
-0.11000001E+02    -0.56054866E+00     0.48663560E-01     0.12000000E+02    -0.76412968E-01     0.45922604E+00     0.60226284E-01     0.44645119E-01      99     0.16811348E-01
-0.10900001E+02    -0.55555451E+00     0.48136566E-01     0.12000000E+02    -0.76652430E-01     0.45721668E+00     0.60274504E-01     0.44106502E-01      99     0.16811348E-01
-0.10800001E+02    -0.55468196E+00     0.47219250E-01     0.12000000E+02    -0.77103883E-01     0.45544159E+00     0.60845673E-01     0.43172441E-01      99     0.16811348E-01
-0.10700001E+02    -0.54934293E+00     0.46758641E-01     0.12000000E+02    -0.77289492E-01     0.45174143E+00     0.61313495E-01     0.42702541E-01      99     0.16811348E-01
-0.10600001E+02    -0.54389876E+00     0.46307493E-01     0.12000000E+02    -0.77476077E-01     0.45191547E+00     0.61733637E-01     0.42252295E-01      99     0.16811348E-01
-0.10500001E+02    -0.53848982E+00     0.45856129E-01     0.12000000E+02    -0.77657633E-01     0.44852552E+00     0.62084991E-01     0.41792285E-01      99     0.16811348E-01
-0.10400002E+02    -0.53324276E+00     0.45381162E-01     0.12000000E+02    -0.77844836E-01     0.44686416E+00     0.62494341E-01     0.41312009E-01      99     0.16811348E-01
-0.10300000E+02    -0.52844578E+00     0.44871658E-01     0.12000000E+02    -0.78056231E-01     0.44515947E+00     0.62857606E-01     0.40795393E-01     100     0.14507390E-01
-0.10200001E+02    -0.52825356E+00     0.43888841E-01     0.12000000E+02    -0.78519441E-01     0.44359744E+00     0.63262515E-01     0.39798446E-01     100     0.14507390E-01
-0.10100000E+02    -0.52353406E+00     0.43384548E-01     0.12000000E+02    -0.78726240E-01     0.44174063E+00     0.63582592E-01     0.39288808E-01     100     0.14507390E-01
-0.10000001E+02    -0.51823401E+00     0.42923223E-01     0.12000000E+02    -0.78905664E-01     0.44023257E+00     0.63892327E-01     0.38823780E-01     100     0.14507390E-01
-0.99000006E+01    -0.51294172E+00     0.42458557E-01     0.12000000E+02    -0.79084992E-01     0.43881589E+00     0.64255096E-01     0.38356461E-01     100     0.14507390E-01
-0.98000011E+01    -0.50830412E+00     0.41948751E-01     0.12000000E+02    -0.79279885E-01     0.43735635E+00     0.64986221E-01     0.37845340E-01     100     0.14507390E-01
-0.97000008E+01    -0.50304979E+00     0.41446526E-01     0.12000000E+02    -0.79478830E-01     0.43588513E+00     0.65012343E-01     0.37335057E-01     100     0.14507390E-01
-0.96000013E+01    -0.50295126E+00     0.40467110E-01     0.12000000E+02    -0.79937242E-01     0.43473184E+00     0.65318830E-01     0.36339797E-01     100     0.14507390E-01
-0.95000010E+01    -0.49779078E+00     0.39998915E-01     0.12000000E+02    -0.80114089E-01     0.43319631E+00     0.65680124E-01     0.35864666E-01     100     0.14507390E-01
-0.94000006E+01    -0.49239302E+00     0.39548017E-01     0.12000000E+02    -0.80283813E-01     0.43162140E+00     0.66225596E-01     0.35407390E-01     101     0.12437641E-01
-0.93000011E+01    -0.48689324E+00     0.39083060E-01     0.12000000E+02    -0.80453105E-01     0.42985305E+00     0.66579685E-01     0.34934260E-01     101     0.12437641E-01
-0.91999998E+01    -0.48195887E+00     0.38591534E-01     0.12000000E+02    -0.80632985E-01     0.42692626E+00     0.67107297E-01     0.34434862E-01     101     0.12437641E-01
-0.91000013E+01    -0.47815993E+00     0.37987035E-01     0.12000000E+02    -0.80874860E-01     0.42567638E+00     0.67585111E-01     0.33824265E-01     101     0.12437641E-01
-0.90000000E+01    -0.47805426E+00     0.37041437E-01     0.12000000E+02    -0.81289418E-01     0.42465076E+00     0.67954481E-01     0.32865535E-01     101     0.12437641E-01
-0.89000015E+01    -0.47317472E+00     0.36559530E-01     0.12000000E+02    -0.81457585E-01     0.42335978E+00     0.68435237E-01     0.32379866E-01     101     0.12437641E-01
-0.88000002E+01    -0.46849740E+00     0.36048908E-01     0.12000000E+02    -0.81633747E-01     0.42205369E+00     0.68927445E-01     0.31865466E-01     101     0.12437641E-01
-0.87000017E+01    -0.46440464E+00     0.35496101E-01     0.12000000E+02    -0.81824563E-01     0.42074287E+00     0.69398612E-01     0.31307697E-01     101     0.12437641E-01
-0.86000004E+01    -0.46639541E+00     0.34402192E-01     0.12000000E+02    -0.82289726E-01     0.41964889E+00     0.69764517E-01     0.30197425E-01     101     0.12437641E-01
-0.85000019E+01    -0.46229330E+00     0.33853535E-01     0.12000000E+02    -0.82468659E-01     0.41823259E+00     0.70185803E-01     0.29643495E-01     102     0.10580092E-01
-0.84000006E+01    -0.45808515E+00     0.33329722E-01     0.12000000E+02    -0.82636647E-01     0.41674364E+00     0.70626184E-01     0.29115569E-01     102     0.10580092E-01
-0.83000011E+01    -0.45434088E+00     0.32751363E-01     0.12000000E+02    -0.82822151E-01     0.41547906E+00     0.71049213E-01     0.28532840E-01     102     0.10580092E-01
-0.82000008E+01    -0.45771372E+00     0.31578958E-01     0.12000000E+02    -0.83273970E-01     0.41467246E+00     0.71404725E-01     0.27344126E-01     102     0.10580092E-01
-0.81000013E+01    -0.45389560E+00     0.31033883E-01     0.12000000E+02    -0.83429016E-01     0.41357449E+00     0.71769148E-01     0.26794594E-01     102     0.10580092E-01
-0.80000010E+01    -0.45045316E+00     0.30452823E-01     0.12000000E+02    -0.83578378E-01     0.41244361E+00     0.72161861E-01     0.26208244E-01     102     0.10580092E-01
-0.79000001E+01    -0.44952509E+00     0.29686607E-01     0.12000000E+02    -0.83776392E-01     0.41144398E+00     0.72528698E-01     0.25432661E-01     102     0.10580092E-01
-0.78000011E+01    -0.45469049E+00     0.28503681E-01     0.12000000E+02    -0.83992511E-01     0.41071105E+00     0.72789952E-01     0.24232395E-01     102     0.10580092E-01
-0.77000003E+01    -0.45515501E+00     0.27779246E-01     0.12000000E+02    -0.83818480E-01     0.40971258E+00     0.73046155E-01     0.23497425E-01     102     0.10580092E-01
-0.76000009E+01    -0.46991870E+00     0.26156101E-01     0.12000000E+02    -0.83996043E-01     0.40925968E+00     0.73013976E-01     0.21845484E-01     102     0.10580092E-01
-0.75000005E+01    -0.46488708E+00     0.25252398E-01     0.12000000E+02    -0.85529000E-01     0.40657118E+00     0.73647238E-01     0.20920400E-01     102     0.10580092E-01
-0.74000010E+01    -0.45946079E+00     0.23745799E-01     0.12000000E+02    -0.88776715E-01     0.40527058E+00     0.74311726E-01     0.19383840E-01     102     0.10580092E-01
-0.73000002E+01    -0.44933122E+00     0.22177929E-01     0.12000000E+02    -0.92838235E-01     0.40365368E+00     0.75124703E-01     0.17783683E-01     103     0.89153098E-02
-0.72000012E+01    -0.43626225E+00     0.21218924E-01     0.12000000E+02    -0.95699772E-01     0.40242285E+00     0.76550812E-01     0.16816162E-01     103     0.89153098E-02
-0.71000004E+01    -0.42029706E+00     0.19787986E-01     0.12000000E+02    -0.10014718E+00     0.40103796E+00     0.77440374E-01     0.15357183E-01     103     0.89153098E-02
-0.70000014E+01    -0.40490440E+00     0.19017516E-01     0.12000000E+02    -0.10278109E+00     0.39968941E+00     0.78290269E-01     0.14573656E-01     103     0.89153098E-02
-0.69000006E+01    -0.38647726E+00     0.17829422E-01     0.12000000E+02    -0.10690240E+00     0.39817405E+00     0.79209350E-01     0.13356741E-01     103     0.89153098E-02
-0.68000016E+01    -0.36996821E+00     0.17167414E-01     0.12000000E+02    -0.10941026E+00     0.39668682E+00     0.80092996E-01     0.12678043E-01     104     0.74266298E-02
-0.67000008E+01    -0.35014334E+00     0.16130872E-01     0.12000000E+02    -0.11335583E+00     0.39496991E+00     0.81395358E-01     0.11610588E-01     104     0.74266298E-02
-0.66000018E+01    -0.33133978E+00     0.15355834E-01     0.12000000E+02    -0.11651085E+00     0.39174545E+00     0.82829997E-01     0.10811787E-01     104     0.74266298E-02
-0.65000010E+01    -0.30995348E+00     0.14383909E-01     0.12000000E+02    -0.12055004E+00     0.39037064E+00     0.84225364E-01     0.98172035E-02     104     0.74266298E-02
-0.64000001E+01    -0.28785452E+00     0.13429723E-01     0.12000000E+02    -0.12466066E+00     0.38893542E+00     0.85657582E-01     0.88365544E-02     105     0.60997931E-02
-0.63000011E+01    -0.26678452E+00     0.12632016E-01     0.12000000E+02    -0.12821071E+00     0.38750950E+00     0.87080695E-01     0.80119921E-02     105     0.60997931E-02
-0.62000003E+01    -0.24598305E+00     0.11894303E-01     0.12000000E+02    -0.13156235E+00     0.38603711E+00     0.89369498E-01     0.72460985E-02     105     0.60997931E-02
-0.61000009E+01    -0.22528806E+00     0.11184867E-01     0.12000000E+02    -0.13481039E+00     0.38450807E+00     0.91430321E-01     0.65044090E-02     106     0.49227113E-02
-0.60000000E+01    -0.20470324E+00     0.10488111E-01     0.12000000E+02    -0.13797687E+00     0.38289821E+00     0.93339913E-01     0.57713683E-02     106     0.49227113E-02
-0.59000010E+01    -0.18609422E+00     0.99591240E-02     0.12000000E+02    -0.14039485E+00     0.38124949E+00     0.95081657E-01     0.52086338E-02     106     0.49227113E-02
-0.58000002E+01    -0.17181475E+00     0.98208347E-02     0.12000000E+02    -0.14120744E+00     0.37967449E+00     0.96620388E-01     0.50648986E-02     106     0.49227113E-02
-0.57000012E+01    -0.15776372E+00     0.97029004E-02     0.12000000E+02    -0.14192696E+00     0.37865412E+00     0.98790631E-01     0.49460628E-02     107     0.38855695E-02
-0.56000004E+01    -0.14357881E+00     0.95759677E-02     0.12000000E+02    -0.14268905E+00     0.37753835E+00     0.10101267E+00     0.48209773E-02     107     0.38855695E-02
-0.55000014E+01    -0.12951992E+00     0.94592730E-02     0.12000000E+02    -0.14341572E+00     0.37540463E+00     0.10314485E+00     0.47031567E-02     107     0.38855695E-02
-0.54000006E+01    -0.11573863E+00     0.93647521E-02     0.12000000E+02    -0.14403635E+00     0.37428898E+00     0.10518765E+00     0.46082209E-02     107     0.38855695E-02
-0.53000016E+01    -0.10205239E+00     0.92784846E-02     0.12000000E+02    -0.14462301E+00     0.37307298E+00     0.10800572E+00     0.45219222E-02     108     0.29804131E-02
-0.52000008E+01    -0.87525375E-01     0.91280714E-02     0.12000000E+02    -0.14549224E+00     0.37182549E+00     0.11330272E+00     0.43828958E-02     108     0.29804131E-02
-0.51000013E+01    -0.73904343E-01     0.90475818E-02     0.12000000E+02    -0.14605038E+00     0.37045178E+00     0.11628814E+00     0.43050158E-02     108     0.29804131E-02
-0.50000010E+01    -0.59875757E-01     0.89364974E-02     0.12000000E+02    -0.14673933E+00     0.36903784E+00     0.12111520E+00     0.42026090E-02     108     0.29804131E-02
-0.49000015E+01    -0.46018455E-01     0.88389013E-02     0.12000000E+02    -0.14736536E+00     0.36776960E+00     0.12547466E+00     0.41134241E-02     108     0.29804131E-02
-0.48000007E+01    -0.31769976E-01     0.87107485E-02     0.12000000E+02    -0.14811783E+00     0.36678922E+00     0.13232926E+00     0.40046386E-02     109     0.22007464E-02
-0.47000003E+01    -0.17487932E-01     0.85804584E-02     0.12000000E+02    -0.14887796E+00     0.36574319E+00     0.14058229E+00     0.38963668E-02     109     0.22007464E-02
-0.46000009E+01    -0.25705041E-02     0.84011713E-02     0.12000000E+02    -0.14984515E+00     0.36465660E+00     0.15305135E+00     0.37515732E-02     109     0.22007464E-02
-0.45000000E+01     0.27019393E-01     0.70472225E-02     0.12000000E+02    -0.15567462E+00     0.36229315E+00     0.28220060E+00     0.28170291E-02     109     0.22007464E-02
-0.44000010E+01     0.41380659E-01     0.69191116E-02     0.12000000E+02    -0.15644866E+00     0.36115688E+00     0.29872599E+00     0.27393219E-02     110     0.15419117E-02
-0.43000002E+01     0.54526374E-01     0.68875104E-02     0.12000000E+02    -0.15681709E+00     0.35998341E+00     0.30455399E+00     0.27180947E-02     110     0.15419117E-02
-0.42000012E+01     0.67626879E-01     0.68598930E-02     0.12000000E+02    -0.15716897E+00     0.35873091E+00     0.30900443E+00     0.26977053E-02     110     0.15419117E-02
-0.41000004E+01     0.80562726E-01     0.68452065E-02     0.12000000E+02    -0.15746483E+00     0.35738888E+00     0.31287417E+00     0.26876065E-02     110     0.15419117E-02
-0.40000014E+01     0.93561515E-01     0.68258452E-02     0.12000000E+02    -0.15777755E+00     0.35628483E+00     0.31596053E+00     0.26747985E-02     111     0.10009136E-02
-0.39000006E+01     0.10643903E+00     0.68160063E-02     0.12000000E+02    -0.15804636E+00     0.35544893E+00     0.31868345E+00     0.26675933E-02     111     0.10009136E-02
-0.38000014E+01     0.11942950E+00     0.67982767E-02     0.12000000E+02    -0.15835428E+00     0.35448152E+00     0.32291698E+00     0.26589250E-02     111     0.10009136E-02
-0.37000005E+01     0.13227347E+00     0.67914454E-02     0.12000000E+02    -0.15861455E+00     0.35352463E+00     0.32484004E+00     0.26538600E-02     111     0.10009136E-02
-0.36000016E+01     0.14504258E+00     0.67900424E-02     0.12000000E+02    -0.15885049E+00     0.35255381E+00     0.32663870E+00     0.26512574E-02     112     0.57556073E-03
-0.35000007E+01     0.15775691E+00     0.67930697E-02     0.12000000E+02    -0.15906900E+00     0.35158694E+00     0.32826972E+00     0.26509683E-02     112     0.57556073E-03
-0.34000015E+01     0.17052642E+00     0.67929006E-02     0.12000000E+02    -0.15931815E+00     0.34968579E+00     0.33140585E+00     0.26486423E-02     112     0.57556073E-03
-0.33000009E+01     0.18326646E+00     0.67947544E-02     0.12000000E+02    -0.15954663E+00     0.34863478E+00     0.33276576E+00     0.26482921E-02     112     0.57556073E-03
-0.32000017E+01     0.19598034E+00     0.67980927E-02     0.12000000E+02    -0.15976563E+00     0.34749082E+00     0.33395448E+00     0.26484607E-02     112     0.57556073E-03
-0.31000009E+01     0.20870577E+00     0.68009198E-02     0.12000000E+02    -0.15998709E+00     0.34626001E+00     0.33575624E+00     0.26494688E-02     113     0.26492128E-03
-0.30000000E+01     0.22137170E+00     0.68076528E-02     0.12000000E+02    -0.16018620E+00     0.34515974E+00     0.33676019E+00     0.26527820E-02     113     0.26492128E-03
-0.29000010E+01     0.23408410E+00     0.68110079E-02     0.12000000E+02    -0.16039710E+00     0.34438619E+00     0.33870763E+00     0.26554158E-02     113     0.26492128E-03
-0.28000002E+01     0.24679051E+00     0.68151257E-02     0.12000000E+02    -0.16060698E+00     0.34353215E+00     0.33976698E+00     0.26582512E-02     113     0.26492128E-03
-0.27000012E+01     0.25959221E+00     0.68132775E-02     0.12000000E+02    -0.16084838E+00     0.34261349E+00     0.34182000E+00     0.26601944E-02     114     0.74709220E-04
-0.26000004E+01     0.27226698E+00     0.68196626E-02     0.12000000E+02    -0.16105019E+00     0.34173432E+00     0.34262687E+00     0.26641423E-02     114     0.74709220E-04
-0.25000012E+01     0.28491101E+00     0.68282411E-02     0.12000000E+02    -0.16124316E+00     0.34077749E+00     0.34340286E+00     0.26688720E-02     114     0.74709220E-04
-0.24000003E+01     0.29747272E+00     0.68430882E-02     0.12000000E+02    -0.16141957E+00     0.33905101E+00     0.34413338E+00     0.26745484E-02     114     0.74709220E-04
-0.23000014E+01     0.31006515E+00     0.68553663E-02     0.12000000E+02    -0.16159916E+00     0.33801687E+00     0.34488365E+00     0.26805983E-02     114     0.74709220E-04
-0.22000005E+01     0.32265398E+00     0.68676439E-02     0.12000000E+02    -0.16177620E+00     0.33698568E+00     0.34557885E+00     0.26869494E-02     115     0.21237647E-05
-0.21000013E+01     0.33523303E+00     0.68803327E-02     0.12000000E+02    -0.16194908E+00     0.33585685E+00     0.34688747E+00     0.26945584E-02     115     0.21237647E-05
-0.20000007E+01     0.34789333E+00     0.68883225E-02     0.12000000E+02    -0.16214794E+00     0.33470502E+00     0.34854114E+00     0.27001225E-02     115     0.21237647E-05
-0.19000015E+01     0.36054504E+00     0.68963883E-02     0.12000000E+02    -0.16233675E+00     0.33386630E+00     0.34928426E+00     0.27071703E-02     115     0.21237647E-05
-0.18000008E+01     0.37319145E+00     0.69049639E-02     0.12000000E+02    -0.16252485E+00     0.33308598E+00     0.34996316E+00     0.27144570E-02     116     0.28969960E-04
-0.17000016E+01     0.38582122E+00     0.69143563E-02     0.12000000E+02    -0.16270937E+00     0.33226433E+00     0.35060588E+00     0.27220766E-02     116     0.28969960E-04
-0.16000009E+01     0.39844066E+00     0.69246492E-02     0.12000000E+02    -0.16289021E+00     0.33142942E+00     0.35121456E+00     0.27301153E-02     116     0.28969960E-04
-0.15000000E+01     0.41103855E+00     0.69363485E-02     0.12000000E+02    -0.16306548E+00     0.33058253E+00     0.35178691E+00     0.27387482E-02     116     0.28969960E-04
-0.14000009E+01     0.42368963E+00     0.69449553E-02     0.12000000E+02    -0.16326140E+00     0.32972217E+00     0.35388494E+00     0.27490440E-02     116     0.28969960E-04
-0.13000002E+01     0.43616393E+00     0.69652903E-02     0.12000000E+02    -0.16341044E+00     0.32806903E+00     0.35436237E+00     0.27592946E-02     117     0.14431638E-03
-0.12000011E+01     0.44868550E+00     0.69816504E-02     0.12000000E+02    -0.16356687E+00     0.32711700E+00     0.35516641E+00     0.27698409E-02     117     0.14431638E-03
-0.11000003E+01     0.46119049E+00     0.69990545E-02     0.12000000E+02    -0.16371742E+00     0.32612363E+00     0.35558525E+00     0.27805078E-02     117     0.14431638E-03
-0.10000012E+01     0.47368595E+00     0.70165526E-02     0.12000000E+02    -0.16386510E+00     0.32507077E+00     0.35654899E+00     0.27905363E-02     117     0.14431638E-03
-0.90000039E+00     0.48631057E+00     0.70273834E-02     0.12000000E+02    -0.16404991E+00     0.32402575E+00     0.35805297E+00     0.28016656E-02     118     0.34258093E-03
-0.80000126E+00     0.49888799E+00     0.70400680E-02     0.12000000E+02    -0.16421653E+00     0.32318121E+00     0.35858673E+00     0.28130277E-02     118     0.34258093E-03
-0.70000046E+00     0.51147127E+00     0.70522251E-02     0.12000000E+02    -0.16438389E+00     0.32243925E+00     0.35912427E+00     0.28240602E-02     118     0.34258093E-03
-0.60000139E+00     0.52409530E+00     0.70625655E-02     0.12000000E+02    -0.16456580E+00     0.32167557E+00     0.36041903E+00     0.28368142E-02     118     0.34258093E-03
-0.50000060E+00     0.53664142E+00     0.70772232E-02     0.12000000E+02    -0.16472395E+00     0.32087317E+00     0.36085266E+00     0.28490541E-02     118     0.34258093E-03
-0.40000150E+00     0.54923344E+00     0.70894114E-02     0.12000000E+02    -0.16489916E+00     0.32005608E+00     0.36256906E+00     0.28637345E-02     119     0.63133589E-03
-0.30000070E+00     0.56168312E+00     0.71102655E-02     0.12000000E+02    -0.16504051E+00     0.31853348E+00     0.36352524E+00     0.28783223E-02     119     0.63133589E-03
-0.20000160E+00     0.57415086E+00     0.71296860E-02     0.12000000E+02    -0.16517939E+00     0.31767464E+00     0.36389300E+00     0.28919717E-02     119     0.63133589E-03
-0.10000080E+00     0.58660001E+00     0.71502142E-02     0.12000000E+02    -0.16531450E+00     0.31680599E+00     0.36425242E+00     0.29063281E-02     119     0.63133589E-03
 0.00000000E+00     0.59903985E+00     0.71708593E-02     0.12000000E+02    -0.16544600E+00     0.31586492E+00     0.36455369E+00     0.29205196E-02     119     0.63133589E-03
 0.99999093E-01     0.61147672E+00     0.71914927E-02     0.12000000E+02    -0.16557610E+00     0.31485379E+00     0.36483967E+00     0.29350221E-02     120     0.10182067E-02
 0.19999990E+00     0.62390709E+00     0.72123017E-02     0.12000000E+02    -0.16570322E+00     0.31382364E+00     0.36510506E+00     0.29498809E-02     120     0.10182067E-02
 0.29999900E+00     0.63633579E+00     0.72329897E-02     0.12000000E+02    -0.16582936E+00     0.31284317E+00     0.36532110E+00     0.29660258E-02     120     0.10182067E-02
 0.39999980E+00     0.64882576E+00     0.72494750E-02     0.12000000E+02    -0.16596811E+00     0.31220406E+00     0.36567441E+00     0.29784529E-02     120     0.10182067E-02
 0.49999887E+00     0.66134387E+00     0.72651999E-02     0.12000000E+02    -0.16611768E+00     0.31146738E+00     0.36626711E+00     0.29933476E-02     120     0.10182067E-02
 0.59999967E+00     0.67384261E+00     0.72818184E-02     0.12000000E+02    -0.16626252E+00     0.31075379E+00     0.36683351E+00     0.30089808E-02     121     0.15063530E-02
 0.69999880E+00     0.68627399E+00     0.73034256E-02     0.12000000E+02    -0.16639420E+00     0.30930498E+00     0.36740053E+00     0.30258615E-02     121     0.15063530E-02
 0.79999959E+00     0.69874763E+00     0.73222206E-02     0.12000000E+02    -0.16653614E+00     0.30849800E+00     0.36830196E+00     0.30436041E-02     121     0.15063530E-02
 0.89999866E+00     0.71117836E+00     0.73431241E-02     0.12000000E+02    -0.16666706E+00     0.30768853E+00     0.36879045E+00     0.30614226E-02     121     0.15063530E-02
 0.99999946E+00     0.72359139E+00     0.73651448E-02     0.12000000E+02    -0.16679361E+00     0.30683950E+00     0.36927035E+00     0.30796658E-02     121     0.15063530E-02
 0.10999986E+01     0.73599458E+00     0.73874430E-02     0.12000000E+02    -0.16691759E+00     0.30598220E+00     0.36969411E+00     0.30980823E-02     122     0.20985133E-02
 0.11999993E+01     0.74839300E+00     0.74102120E-02     0.12000000E+02    -0.16703999E+00     0.30509877E+00     0.37016630E+00     0.31173006E-02     122     0.20985133E-02
 0.12999984E+01     0.76078498E+00     0.74327588E-02     0.12000000E+02    -0.16716011E+00     0.30413860E+00     0.37056580E+00     0.31361477E-02     122     0.20985133E-02
 0.13999993E+01     0.77317548E+00     0.74554738E-02     0.12000000E+02    -0.16727868E+00     0.30311128E+00     0.37099054E+00     0.31555500E-02     122     0.20985133E-02
 0.14999983E+01     0.78556389E+00     0.74774809E-02     0.12000000E+02    -0.16739669E+00     0.30172628E+00     0.37140644E+00     0.31751366E-02     122     0.20985133E-02
 0.15999992E+01     0.79797703E+00     0.74980189E-02     0.12000000E+02    -0.16751759E+00     0.30101195E+00     0.37181425E+00     0.31946590E-02     123     0.27974360E-02
 0.16999999E+01     0.81036991E+00     0.75193858E-02     0.12000000E+02    -0.16763423E+00     0.30028710E+00     0.37223226E+00     0.32143481E-02     123     0.27974360E-02
 0.17999990E+01     0.82274199E+00     0.75419499E-02     0.12000000E+02    -0.16774577E+00     0.29953378E+00     0.37261036E+00     0.32345867E-02     123     0.27974360E-02
 0.18999999E+01     0.83509511E+00     0.75656483E-02     0.12000000E+02    -0.16785334E+00     0.29876024E+00     0.37301260E+00     0.32554087E-02     123     0.27974360E-02
 0.19999989E+01     0.84742290E+00     0.75905747E-02     0.12000000E+02    -0.16795659E+00     0.29797494E+00     0.37341037E+00     0.32767085E-02     123     0.27974360E-02
 0.20999997E+01     0.85973024E+00     0.76164445E-02     0.12000000E+02    -0.16805440E+00     0.29721171E+00     0.37375587E+00     0.32985122E-02     124     0.36052344E-02
 0.21999989E+01     0.87200856E+00     0.76439139E-02     0.12000000E+02    -0.16814616E+00     0.29639098E+00     0.37410909E+00     0.33207959E-02     124     0.36052344E-02
 0.22999997E+01     0.88427556E+00     0.76717450E-02     0.12000000E+02    -0.16823448E+00     0.29555374E+00     0.37440524E+00     0.33432520E-02     124     0.36052344E-02
 0.23999987E+01     0.89644760E+00     0.77052289E-02     0.12000000E+02    -0.16830678E+00     0.29384318E+00     0.37464705E+00     0.33669393E-02     124     0.36052344E-02
 0.24999995E+01     0.90871936E+00     0.77325921E-02     0.12000000E+02    -0.16839516E+00     0.29286826E+00     0.37495053E+00     0.33881781E-02     124     0.36052344E-02
 0.25999987E+01     0.92106324E+00     0.77561671E-02     0.12000000E+02    -0.16850175E+00     0.29206410E+00     0.37556729E+00     0.34123738E-02     125     0.45235301E-02
 0.26999993E+01     0.93342751E+00     0.77780159E-02     0.12000000E+02    -0.16861166E+00     0.29139987E+00     0.37618965E+00     0.34351824E-02     125     0.45235301E-02
 0.27999985E+01     0.94576669E+00     0.78012166E-02     0.12000000E+02    -0.16871591E+00     0.29069787E+00     0.37676960E+00     0.34587621E-02     125     0.45235301E-02
 0.28999994E+01     0.95808655E+00     0.78257546E-02     0.12000000E+02    -0.16881546E+00     0.28999376E+00     0.37733296E+00     0.34833113E-02     125     0.45235301E-02
 0.29999983E+01     0.97038454E+00     0.78510111E-02     0.12000000E+02    -0.16891210E+00     0.28927922E+00     0.37788638E+00     0.35082619E-02     125     0.45235301E-02
 0.30999992E+01     0.98259783E+00     0.78820474E-02     0.12000000E+02    -0.16899645E+00     0.28785414E+00     0.37873137E+00     0.35360805E-02     126     0.55540195E-02
 0.31999984E+01     0.99483782E+00     0.79106707E-02     0.12000000E+02    -0.16908081E+00     0.28707752E+00     0.37922123E+00     0.35625990E-02     126     0.55540195E-02
 0.32999990E+01     0.10070528E+01     0.79406463E-02     0.12000000E+02    -0.16916083E+00     0.28628963E+00     0.37967414E+00     0.35897987E-02     126     0.55540195E-02
 0.33999999E+01     0.10192516E+01     0.79712514E-02     0.12000000E+02    -0.16923730E+00     0.28544962E+00     0.38012543E+00     0.36173128E-02     126     0.55540195E-02
 0.34999990E+01     0.10314438E+01     0.80020102E-02     0.12000000E+02    -0.16931064E+00     0.28456417E+00     0.38056880E+00     0.36450089E-02     126     0.55540195E-02
 0.35999999E+01     0.10435494E+01     0.80377469E-02     0.12000000E+02    -0.16936843E+00     0.28280210E+00     0.38101101E+00     0.36741165E-02     127     0.66984380E-02
 0.36999989E+01     0.10557678E+01     0.80657555E-02     0.12000000E+02    -0.16944632E+00     0.28198257E+00     0.38143852E+00     0.37021949E-02     127     0.66984380E-02
 0.37999997E+01     0.10680102E+01     0.80919750E-02     0.12000000E+02    -0.16952637E+00     0.28135082E+00     0.38187888E+00     0.37289630E-02     127     0.66984380E-02
 0.38999987E+01     0.10802227E+01     0.81196427E-02     0.12000000E+02    -0.16960065E+00     0.28065938E+00     0.38231438E+00     0.37564212E-02     127     0.66984380E-02
 0.39999995E+01     0.10924085E+01     0.81486646E-02     0.12000000E+02    -0.16967028E+00     0.27992511E+00     0.38273266E+00     0.37845620E-02     127     0.66984380E-02
 0.40999985E+01     0.11044883E+01     0.81837652E-02     0.12000000E+02    -0.16972072E+00     0.27852499E+00     0.38313591E+00     0.38148062E-02     128     0.79589644E-02
 0.41999993E+01     0.11164464E+01     0.82262978E-02     0.12000000E+02    -0.16974869E+00     0.27675512E+00     0.38350263E+00     0.38473802E-02     128     0.79589644E-02
 0.42999988E+01     0.11281794E+01     0.82822610E-02     0.12000000E+02    -0.16973850E+00     0.27359447E+00     0.38383076E+00     0.38841162E-02     128     0.79589644E-02
 0.43999991E+01     0.11400962E+01     0.83262259E-02     0.12000000E+02    -0.16975877E+00     0.27055299E+00     0.38411900E+00     0.39173346E-02     128     0.79589644E-02
 0.44999986E+01     0.11516997E+01     0.83892634E-02     0.12000000E+02    -0.16972475E+00     0.26648664E+00     0.38435709E+00     0.39560841E-02     128     0.79589644E-02
 0.45999994E+01     0.11632929E+01     0.84552029E-02     0.12000000E+02    -0.16969436E+00     0.26177418E+00     0.38502157E+00     0.39992025E-02     128     0.79589644E-02
 0.47000003E+01     0.11752269E+01     0.84983958E-02     0.12000000E+02    -0.16972117E+00     0.25939414E+00     0.38567799E+00     0.40356521E-02     129     0.93380893E-02
 0.47999973E+01     0.11867838E+01     0.85659251E-02     0.12000000E+02    -0.16968386E+00     0.25569579E+00     0.38628572E+00     0.40827086E-02     129     0.93380893E-02
 0.48999982E+01     0.11984429E+01     0.86260894E-02     0.12000000E+02    -0.16966224E+00     0.25159392E+00     0.38688126E+00     0.41251918E-02     129     0.93380893E-02
 0.49999990E+01     0.12102083E+01     0.86798044E-02     0.12000000E+02    -0.16966085E+00     0.24860388E+00     0.38786349E+00     0.41691191E-02     129     0.93380893E-02
 0.50999999E+01     0.12220942E+01     0.87244129E-02     0.12000000E+02    -0.16967766E+00     0.24723952E+00     0.38840479E+00     0.42083664E-02     129     0.93380893E-02
 0.52000008E+01     0.12336305E+01     0.87915333E-02     0.12000000E+02    -0.16963314E+00     0.24360429E+00     0.38889924E+00     0.42562764E-02     130     0.10838998E-01
 0.52999978E+01     0.12455814E+01     0.88308956E-02     0.12000000E+02    -0.16965874E+00     0.24221128E+00     0.38939834E+00     0.42934963E-02     130     0.10838998E-01
 0.53999987E+01     0.12574700E+01     0.88737803E-02     0.12000000E+02    -0.16967312E+00     0.24065271E+00     0.38987276E+00     0.43326956E-02     130     0.10838998E-01
 0.54999995E+01     0.12692893E+01     0.89204172E-02     0.12000000E+02    -0.16967531E+00     0.23909841E+00     0.39034370E+00     0.43740203E-02     130     0.10838998E-01
 0.56000004E+01     0.12805842E+01     0.90009337E-02     0.12000000E+02    -0.16958730E+00     0.23512761E+00     0.39079246E+00     0.44321246E-02     130     0.10838998E-01
 0.56999979E+01     0.12923909E+01     0.90472754E-02     0.12000000E+02    -0.16958608E+00     0.23330970E+00     0.39127156E+00     0.44715032E-02     131     0.12465740E-01
 0.57999988E+01     0.13041637E+01     0.90951454E-02     0.12000000E+02    -0.16957815E+00     0.23151055E+00     0.39173386E+00     0.45141280E-02     131     0.12465740E-01
 0.58999996E+01     0.13158244E+01     0.91499779E-02     0.12000000E+02    -0.16955021E+00     0.22958425E+00     0.39218652E+00     0.45610038E-02     131     0.12465740E-01
 0.60000000E+01     0.13273726E+01     0.92112785E-02     0.12000000E+02    -0.16950135E+00     0.22757515E+00     0.39262545E+00     0.46109832E-02     131     0.12465740E-01
 0.60999975E+01     0.13385649E+01     0.92949001E-02     0.12000000E+02    -0.16939320E+00     0.22263095E+00     0.39304987E+00     0.46698637E-02     131     0.12465740E-01
 0.61999984E+01     0.13500861E+01     0.93566254E-02     0.12000000E+02    -0.16933869E+00     0.22036313E+00     0.39341563E+00     0.47217505E-02     132     0.14223367E-01
 0.62999992E+01     0.13614395E+01     0.94283335E-02     0.12000000E+02    -0.16925550E+00     0.21790712E+00     0.39374226E+00     0.47786972E-02     132     0.14223367E-01
 0.64000001E+01     0.13728904E+01     0.94928965E-02     0.12000000E+02    -0.16918665E+00     0.21518168E+00     0.39401317E+00     0.48281718E-02     132     0.14223367E-01
 0.65000010E+01     0.13843756E+01     0.95559871E-02     0.12000000E+02    -0.16912818E+00     0.21258777E+00     0.39463145E+00     0.48809731E-02     132     0.14223367E-01
 0.65999980E+01     0.13949649E+01     0.96769603E-02     0.12000000E+02    -0.16891776E+00     0.20620492E+00     0.39528030E+00     0.49649989E-02     132     0.14223367E-01
 0.66999989E+01     0.14062692E+01     0.97508160E-02     0.12000000E+02    -0.16882820E+00     0.20303912E+00     0.39592406E+00     0.50274180E-02     132     0.14223367E-01
 0.67999997E+01     0.14172992E+01     0.98425504E-02     0.12000000E+02    -0.16869324E+00     0.19957577E+00     0.39701921E+00     0.51025632E-02     133     0.16118005E-01
 0.69000006E+01     0.14284850E+01     0.99223759E-02     0.12000000E+02    -0.16858278E+00     0.19587882E+00     0.39759785E+00     0.51647914E-02     133     0.16118005E-01
 0.69999981E+01     0.14394101E+01     0.10018529E-01     0.12000000E+02    -0.16842729E+00     0.19216035E+00     0.39814842E+00     0.52428674E-02     133     0.16118005E-01
 0.70999990E+01     0.14503330E+01     0.10114068E-01     0.12000000E+02    -0.16827120E+00     0.18792401E+00     0.39869902E+00     0.53156763E-02     133     0.16118005E-01
 0.71999998E+01     0.14610718E+01     0.10220671E-01     0.12000000E+02    -0.16808212E+00     0.18363500E+00     0.39920348E+00     0.54018651E-02     133     0.16118005E-01
 0.73000002E+01     0.14705231E+01     0.10411189E-01     0.12000000E+02    -0.16767180E+00     0.17397200E+00     0.39968953E+00     0.55375351E-02     134     0.18157382E-01
 0.73999977E+01     0.14810951E+01     0.10526314E-01     0.12000000E+02    -0.16745289E+00     0.16867016E+00     0.40018392E+00     0.56250445E-02     134     0.18157382E-01
 0.74999986E+01     0.14913162E+01     0.10663232E-01     0.12000000E+02    -0.16717356E+00     0.16311762E+00     0.40067473E+00     0.57276781E-02     134     0.18157382E-01
 0.75999994E+01     0.15014600E+01     0.10804300E-01     0.12000000E+02    -0.16688012E+00     0.15752828E+00     0.40113994E+00     0.58404719E-02     134     0.18157382E-01
 0.77000003E+01     0.15116124E+01     0.10943459E-01     0.12000000E+02    -0.16658671E+00     0.15150087E+00     0.40160453E+00     0.59465216E-02     134     0.18157382E-01
 0.77999973E+01     0.15215330E+01     0.11096092E-01     0.12000000E+02    -0.16625392E+00     0.14544779E+00     0.40208817E+00     0.60625202E-02     134     0.18157382E-01
 0.78999982E+01     0.15312396E+01     0.11261488E-01     0.12000000E+02    -0.16588281E+00     0.13919438E+00     0.40252283E+00     0.61894148E-02     135     0.20350950E-01
 0.79999990E+01     0.15410315E+01     0.11419144E-01     0.12000000E+02    -0.16552551E+00     0.13330863E+00     0.40295145E+00     0.63171186E-02     135     0.20350950E-01
 0.81000004E+01     0.15492929E+01     0.11674471E-01     0.12000000E+02    -0.16490246E+00     0.12214107E+00     0.40333900E+00     0.65029464E-02     135     0.20350950E-01
 0.82000008E+01     0.15588604E+01     0.11842737E-01     0.12000000E+02    -0.16450517E+00     0.11661343E+00     0.40367189E+00     0.66406718E-02     135     0.20350950E-01
 0.82999983E+01     0.15687058E+01     0.11990258E-01     0.12000000E+02    -0.16415530E+00     0.11150526E+00     0.40395004E+00     0.67580417E-02     135     0.20350950E-01
 0.83999987E+01     0.15782493E+01     0.12157192E-01     0.12000000E+02    -0.16375518E+00     0.10619004E+00     0.40457192E+00     0.68906406E-02     135     0.20350950E-01
 0.85000000E+01     0.15878882E+01     0.12315846E-01     0.12000000E+02    -0.16337268E+00     0.10173726E+00     0.40526056E+00     0.70259115E-02     136     0.22710007E-01
 0.86000004E+01     0.15977355E+01     0.12458596E-01     0.12000000E+02    -0.16302703E+00     0.97389899E-01     0.40589693E+00     0.71442518E-02     136     0.22710007E-01
 0.86999979E+01     0.16072112E+01     0.12623187E-01     0.12000000E+02    -0.16261567E+00     0.93237951E-01     0.40654874E+00     0.72850394E-02     136     0.22710007E-01
 0.87999983E+01     0.16171451E+01     0.12757478E-01     0.12000000E+02    -0.16228591E+00     0.89545667E-01     0.40770298E+00     0.74007688E-02     136     0.22710007E-01
 0.88999996E+01     0.16258383E+01     0.12965805E-01     0.12000000E+02    -0.16173802E+00     0.83314046E-01     0.40824285E+00     0.75710425E-02     136     0.22710007E-01
 0.90000000E+01     0.16355935E+01     0.13105681E-01     0.12000000E+02    -0.16137505E+00     0.80588222E-01     0.40877077E+00     0.76959422E-02     136     0.22710007E-01
 0.90999975E+01     0.16452637E+01     0.13248620E-01     0.12000000E+02    -0.16099750E+00     0.77525325E-01     0.40931919E+00     0.78201713E-02     137     0.25248373E-01
 0.91999989E+01     0.16551367E+01     0.13377184E-01     0.12000000E+02    -0.16065396E+00     0.75107269E-01     0.40985328E+00     0.79372376E-02     137     0.25248373E-01
 0.92999992E+01     0.16646336E+01     0.13525882E-01     0.12000000E+02    -0.16024573E+00     0.72707362E-01     0.41033882E+00     0.80700703E-02     137     0.25248373E-01
 0.94000006E+01     0.16743927E+01     0.13656806E-01     0.12000000E+02    -0.15988168E+00     0.70221215E-01     0.41086957E+00     0.81867231E-02     137     0.25248373E-01
 0.94999971E+01     0.16841724E+01     0.13784408E-01     0.12000000E+02    -0.15952198E+00     0.68330489E-01     0.41136625E+00     0.83045419E-02     137     0.25248373E-01
 0.95999985E+01     0.16935730E+01     0.13931504E-01     0.12000000E+02    -0.15909657E+00     0.66342846E-01     0.41190833E+00     0.84376978E-02     137     0.25248373E-01
 0.96999989E+01     0.17031828E+01     0.14064830E-01     0.12000000E+02    -0.15870586E+00     0.64261600E-01     0.41237855E+00     0.85585322E-02     137     0.25248373E-01
 0.98000002E+01     0.17128966E+01     0.14189444E-01     0.12000000E+02    -0.15833382E+00     0.62696360E-01     0.41286570E+00     0.86756330E-02     138     0.27982686E-01
 0.99000006E+01     0.17223394E+01     0.14326958E-01     0.12000000E+02    -0.15791568E+00     0.61160758E-01     0.41328749E+00     0.88032000E-02     138     0.27982686E-01
 0.99999981E+01     0.17309525E+01     0.14508952E-01     0.12000000E+02    -0.15735072E+00     0.58047131E-01     0.41369414E+00     0.89634992E-02     138     0.27982686E-01
 0.10099998E+02     0.17405081E+01     0.14635222E-01     0.12000000E+02    -0.15695004E+00     0.56797188E-01     0.41402951E+00     0.90826685E-02     138     0.27982686E-01
 0.10200000E+02     0.17499051E+01     0.14767917E-01     0.12000000E+02    -0.15652291E+00     0.55640824E-01     0.41453251E+00     0.92074899E-02     138     0.27982686E-01
 0.10300000E+02     0.17589846E+01     0.14913814E-01     0.12000000E+02    -0.15604319E+00     0.54394953E-01     0.41529721E+00     0.93452623E-02     138     0.27982686E-01
 0.10399998E+02     0.17680517E+01     0.15057786E-01     0.12000000E+02    -0.15555947E+00     0.53075980E-01     0.41597000E+00     0.94825113E-02     139     0.30932982E-01
 0.10499999E+02     0.17772449E+01     0.15189253E-01     0.12000000E+02    -0.15509526E+00     0.51829591E-01     0.41664588E+00     0.96090082E-02     139     0.30932982E-01
 0.10599999E+02     0.17863452E+01     0.15321248E-01     0.12000000E+02    -0.15461466E+00     0.50877415E-01     0.41786283E+00     0.97395554E-02     139     0.30932982E-01
 0.10700000E+02     0.17951479E+01     0.15461972E-01     0.12000000E+02    -0.15408133E+00     0.49926285E-01     0.41847390E+00     0.98764431E-02     139     0.30932982E-01
 0.10799997E+02     0.18035927E+01     0.15618913E-01     0.12000000E+02    -0.15348375E+00     0.48921794E-01     0.41904506E+00     0.10027406E-01     139     0.30932982E-01
 0.10899999E+02     0.18119876E+01     0.15774602E-01     0.12000000E+02    -0.15287594E+00     0.47900539E-01     0.41957131E+00     0.10177635E-01     139     0.30932982E-01
 0.10999999E+02     0.18205179E+01     0.15920628E-01     0.12000000E+02    -0.15229407E+00     0.46806149E-01     0.42014772E+00     0.10320640E-01     139     0.30932982E-01
 0.11100000E+02     0.18285666E+01     0.16087484E-01     0.12000000E+02    -0.15162875E+00     0.45398384E-01     0.42068785E+00     0.10481338E-01     140     0.34123309E-01
 0.11200001E+02     0.18374192E+01     0.16212054E-01     0.12000000E+02    -0.15110016E+00     0.45320295E-01     0.42125726E+00     0.10608304E-01     140     0.34123309E-01
 0.11299998E+02     0.18445873E+01     0.16408838E-01     0.12000000E+02    -0.15027764E+00     0.43921344E-01     0.42174074E+00     0.10795997E-01     140     0.34123309E-01
 0.11399999E+02     0.18521610E+01     0.16583225E-01     0.12000000E+02    -0.14952470E+00     0.43107867E-01     0.42223862E+00     0.10965653E-01     140     0.34123309E-01
 0.11500000E+02     0.18598914E+01     0.16747948E-01     0.12000000E+02    -0.14880076E+00     0.42360302E-01     0.42273757E+00     0.11127988E-01     140     0.34123309E-01
 0.11600000E+02     0.18676124E+01     0.16912773E-01     0.12000000E+02    -0.14807390E+00     0.41525401E-01     0.42322844E+00     0.11291219E-01     140     0.34123309E-01
 0.11699998E+02     0.18753256E+01     0.17076608E-01     0.12000000E+02    -0.14735058E+00     0.40980667E-01     0.42371884E+00     0.11454407E-01     140     0.34123309E-01
 0.11799999E+02     0.18828270E+01     0.17249541E-01     0.12000000E+02    -0.14658834E+00     0.40422965E-01     0.42413312E+00     0.11626745E-01     141     0.37582316E-01
 0.11900000E+02     0.18891311E+01     0.17445654E-01     0.12000000E+02    -0.14559296E+00     0.39898578E-01     0.42446443E+00     0.11822143E-01     141     0.37582316E-01
 0.12000000E+02     0.18916721E+01     0.17697835E-01     0.12000000E+02    -0.14385441E+00     0.39396420E-01     0.42480308E+00     0.12076337E-01     141     0.37582316E-01
 0.12099998E+02     0.18967892E+01     0.17930187E-01     0.12000000E+02    -0.14264646E+00     0.38829837E-01     0.42559120E+00     0.12309663E-01     141     0.37582316E-01
 0.12199999E+02     0.19026766E+01     0.18155392E-01     0.12000000E+02    -0.14160132E+00     0.38303621E-01     0.42630604E+00     0.12535525E-01     141     0.37582316E-01
 0.12299999E+02     0.19087946E+01     0.18377787E-01     0.12000000E+02    -0.14060783E+00     0.37770811E-01     0.42756626E+00     0.12761446E-01     141     0.37582316E-01
 0.12400001E+02     0.19150617E+01     0.18599898E-01     0.12000000E+02    -0.13964833E+00     0.37222411E-01     0.42763847E+00     0.12984393E-01     141     0.37582316E-01
 0.12499997E+02     0.19215083E+01     0.18823832E-01     0.12000000E+02    -0.13873340E+00     0.36652997E-01     0.42880422E+00     0.13212986E-01     141     0.37582316E-01
 0.12599998E+02     0.19271917E+01     0.19081086E-01     0.12000000E+02    -0.13769335E+00     0.35897635E-01     0.42889166E+00     0.13470307E-01     142     0.41344337E-01
 0.12699999E+02     0.19337835E+01     0.19301277E-01     0.12000000E+02    -0.13681494E+00     0.35834085E-01     0.42996627E+00     0.13697871E-01     142     0.41344337E-01
 0.12800000E+02     0.19389076E+01     0.19593310E-01     0.12000000E+02    -0.13570306E+00     0.35029348E-01     0.43051085E+00     0.13989255E-01     142     0.41344337E-01
 0.12900001E+02     0.19455734E+01     0.19820530E-01     0.12000000E+02    -0.13485454E+00     0.35043675E-01     0.43108532E+00     0.14222653E-01     142     0.41344337E-01
 0.12999998E+02     0.19498003E+01     0.20159524E-01     0.12000000E+02    -0.13361137E+00     0.34167033E-01     0.43154526E+00     0.14559652E-01     142     0.41344337E-01
 0.13099999E+02     0.19551749E+01     0.20453246E-01     0.12000000E+02    -0.13256747E+00     0.33699527E-01     0.43214014E+00     0.14855867E-01     142     0.41344337E-01
 0.13200000E+02     0.19608057E+01     0.20740574E-01     0.12000000E+02    -0.13157652E+00     0.33295725E-01     0.43260103E+00     0.15146816E-01     142     0.41344337E-01
 0.13300000E+02     0.19660476E+01     0.21045959E-01     0.12000000E+02    -0.13053027E+00     0.32850172E-01     0.43314710E+00     0.15456541E-01     142     0.41344337E-01
 0.13399998E+02     0.19713535E+01     0.21354085E-01     0.12000000E+02    -0.12950554E+00     0.32433797E-01     0.43361527E+00     0.15769934E-01     142     0.41344337E-01
 0.13499999E+02     0.19767697E+01     0.21666521E-01     0.12000000E+02    -0.12851240E+00     0.32153107E-01     0.43409979E+00     0.16087746E-01     143     0.45449886E-01
 0.13599999E+02     0.19815964E+01     0.22006206E-01     0.12000000E+02    -0.12743217E+00     0.31853970E-01     0.43461099E+00     0.16432777E-01     143     0.45449886E-01
 0.13700001E+02     0.19861785E+01     0.22366030E-01     0.12000000E+02    -0.12633429E+00     0.31488027E-01     0.43495595E+00     0.16797021E-01     143     0.45449886E-01
 0.13799997E+02     0.19908994E+01     0.22726126E-01     0.12000000E+02    -0.12526675E+00     0.31245202E-01     0.43527842E+00     0.17161986E-01     143     0.45449886E-01
 0.13899999E+02     0.19947597E+01     0.23134768E-01     0.12000000E+02    -0.12408788E+00     0.30904138E-01     0.43593201E+00     0.17575925E-01     143     0.45449886E-01
 0.13999999E+02     0.19989908E+01     0.23537662E-01     0.12000000E+02    -0.12298877E+00     0.30638117E-01     0.43667570E+00     0.17985446E-01     143     0.45449886E-01
 0.14100000E+02     0.20024385E+01     0.23983957E-01     0.12000000E+02    -0.12178482E+00     0.30324183E-01     0.43739340E+00     0.18439204E-01     143     0.45449886E-01
 0.14199998E+02     0.20059698E+01     0.24437046E-01     0.12000000E+02    -0.12062006E+00     0.30020203E-01     0.43803471E+00     0.18899456E-01     143     0.45449886E-01
 0.14299998E+02     0.20091290E+01     0.24917871E-01     0.12000000E+02    -0.11942156E+00     0.29630590E-01     0.43864158E+00     0.19388512E-01     143     0.45449886E-01
 0.14400000E+02     0.20124624E+01     0.25405763E-01     0.12000000E+02    -0.11827087E+00     0.29365091E-01     0.43925199E+00     0.19886663E-01     144     0.49946301E-01
 0.14500000E+02     0.20155470E+01     0.25905170E-01     0.12000000E+02    -0.11711393E+00     0.29050164E-01     0.43983123E+00     0.20396538E-01     144     0.49946301E-01
 0.14600000E+02     0.20185349E+01     0.26425032E-01     0.12000000E+02    -0.11596632E+00     0.28810728E-01     0.44040141E+00     0.20929078E-01     144     0.49946301E-01
 0.14699998E+02     0.20211151E+01     0.26989898E-01     0.12000000E+02    -0.11479963E+00     0.28570134E-01     0.44145757E+00     0.21507349E-01     144     0.49946301E-01
 0.14799999E+02     0.20237060E+01     0.27551070E-01     0.12000000E+02    -0.11366643E+00     0.28400235E-01     0.44199157E+00     0.22080939E-01     144     0.49946301E-01
 0.14900000E+02     0.20241716E+01     0.28268669E-01     0.12000000E+02    -0.11231367E+00     0.27878013E-01     0.44249800E+00     0.22810485E-01     144     0.49946301E-01
 0.15000001E+02     0.20266421E+01     0.28861493E-01     0.12000000E+02    -0.11123788E+00     0.27961945E-01     0.44293699E+00     0.23418693E-01     144     0.49946301E-01
 0.15099998E+02     0.20277719E+01     0.29559620E-01     0.12000000E+02    -0.11005621E+00     0.27782967E-01     0.44345534E+00     0.24131786E-01     144     0.49946301E-01
 0.15199999E+02     0.20278904E+01     0.30346476E-01     0.12000000E+02    -0.10882049E+00     0.27587567E-01     0.44391084E+00     0.24934994E-01     144     0.49946301E-01
 0.15299999E+02     0.20273180E+01     0.31205570E-01     0.12000000E+02    -0.10758070E+00     0.27404090E-01     0.44438162E+00     0.25812175E-01     144     0.49946301E-01
 0.15400001E+02     0.20256422E+01     0.32146398E-01     0.12000000E+02    -0.10632025E+00     0.27174406E-01     0.44476357E+00     0.26772214E-01     144     0.49946301E-01
 0.15499998E+02     0.20240395E+01     0.33124778E-01     0.12000000E+02    -0.10516199E+00     0.27069991E-01     0.44512463E+00     0.27772587E-01     144     0.49946301E-01
 0.15599998E+02     0.20193861E+01     0.34349531E-01     0.12000000E+02    -0.10387825E+00     0.26698437E-01     0.44545352E+00     0.29021893E-01     144     0.49946301E-01
 0.15699999E+02     0.20168078E+01     0.35447109E-01     0.12000000E+02    -0.10287666E+00     0.26785541E-01     0.44580022E+00     0.30148178E-01     145     0.54887790E-01
 0.15800000E+02     0.20112271E+01     0.36797062E-01     0.12000000E+02    -0.10182840E+00     0.26643435E-01     0.44602588E+00     0.31529829E-01     145     0.54887790E-01
 0.15899998E+02     0.20041380E+01     0.38297057E-01     0.12000000E+02    -0.10089339E+00     0.26548242E-01     0.44620875E+00     0.33067204E-01     145     0.54887790E-01
 0.15999998E+02     0.19955037E+01     0.39953351E-01     0.12000000E+02    -0.10010194E+00     0.26438812E-01     0.44652605E+00     0.34764916E-01     145     0.54887790E-01
 0.16099998E+02     0.19804412E+01     0.42184673E-01     0.12000000E+02    -0.99434957E-01     0.26079269E-01     0.44667158E+00     0.37052259E-01     145     0.54887790E-01
 0.16200001E+02     0.19660484E+01     0.44384457E-01     0.12000000E+02    -0.99118501E-01     0.26143327E-01     0.44684455E+00     0.39313588E-01     145     0.54887790E-01
 0.16300001E+02     0.19500194E+01     0.46776280E-01     0.12000000E+02    -0.99095963E-01     0.26363045E-01     0.44711709E+00     0.41774862E-01     145     0.54887790E-01
 0.16399998E+02     0.19248469E+01     0.50025493E-01     0.12000000E+02    -0.99535488E-01     0.26426608E-01     0.44700828E+00     0.45114517E-01     144     0.49946301E-01
 0.16499998E+02     0.18958931E+01     0.53586323E-01     0.12000000E+02    -0.10037638E+00     0.26653163E-01     0.44666284E+00     0.48777200E-01     144     0.49946301E-01
 0.16700001E+02     0.17906808E+01     0.63390449E-01     0.12000000E+02    -0.10408771E+00     0.27198173E-01     0.44547069E+00     0.58895275E-01     144     0.49946301E-01
 0.16900000E+02     0.16793134E+01     0.77373572E-01     0.12000000E+02    -0.10852742E+00     0.28321778E-01     0.44386157E+00     0.73176309E-01     143     0.45449886E-01
 0.17000000E+02     0.16512703E+01     0.81727244E-01     0.12000000E+02    -0.11010624E+00     0.28496291E-01     0.44374520E+00     0.77607982E-01     143     0.45449886E-01
 0.17100000E+02     0.16284510E+01     0.85659638E-01     0.12000000E+02    -0.11174600E+00     0.28730981E-01     0.44338071E+00     0.81608005E-01     143     0.45449886E-01
 0.17199997E+02     0.16082681E+01     0.89410886E-01     0.12000000E+02    -0.11348005E+00     0.28742308E-01     0.44325078E+00     0.85420698E-01     143     0.45449886E-01
 0.17299999E+02     0.15907797E+01     0.92956021E-01     0.12000000E+02    -0.11525670E+00     0.28635193E-01     0.44296712E+00     0.89020640E-01     143     0.45449886E-01
 0.17400000E+02     0.15771470E+01     0.96080132E-01     0.12000000E+02    -0.11687648E+00     0.28562272E-01     0.44292745E+00     0.92192218E-01     143     0.45449886E-01
 0.17500000E+02     0.15719296E+01     0.98000072E-01     0.12000000E+02    -0.11779910E+00     0.28444540E-01     0.44351324E+00     0.94138436E-01     143     0.45449886E-01
 0.17599997E+02     0.15604767E+01     0.10095103E+00     0.12000000E+02    -0.11946030E+00     0.28494526E-01     0.44322085E+00     0.97133510E-01     143     0.45449886E-01
 0.17699999E+02     0.15571887E+01     0.10266469E+00     0.12000000E+02    -0.12033015E+00     0.28304614E-01     0.44407147E+00     0.98869368E-01     143     0.45449886E-01
 0.17799999E+02     0.15466785E+01     0.10552482E+00     0.12000000E+02    -0.12201848E+00     0.28032470E-01     0.44434056E+00     0.10176811E+00     143     0.45449886E-01
 0.17900000E+02     0.15440021E+01     0.10721444E+00     0.12000000E+02    -0.12293767E+00     0.27889024E-01     0.44466656E+00     0.10347801E+00     143     0.45449886E-01
 0.18000000E+02     0.15435047E+01     0.10854089E+00     0.12000000E+02    -0.12361262E+00     0.27934365E-01     0.44484973E+00     0.10482079E+00     143     0.45449886E-01
 0.18099998E+02     0.15332909E+01     0.11150169E+00     0.12000000E+02    -0.12551640E+00     0.27552452E-01     0.44509137E+00     0.10781951E+00     143     0.45449886E-01
 0.18199999E+02     0.15331734E+01     0.11280429E+00     0.12000000E+02    -0.12622114E+00     0.27543768E-01     0.44497734E+00     0.10913683E+00     143     0.45449886E-01
 0.18299999E+02     0.15327684E+01     0.11412200E+00     0.12000000E+02    -0.12694389E+00     0.27534837E-01     0.44584686E+00     0.11047000E+00     143     0.45449886E-01
 0.18400000E+02     0.15230304E+01     0.11706235E+00     0.12000000E+02    -0.12892398E+00     0.27061848E-01     0.44573984E+00     0.11344266E+00     143     0.45449886E-01
 0.18499998E+02     0.15236560E+01     0.11828703E+00     0.12000000E+02    -0.12965477E+00     0.26934318E-01     0.44511551E+00     0.11467972E+00     143     0.45449886E-01
 0.18599998E+02     0.15176975E+01     0.12061427E+00     0.12000000E+02    -0.13122505E+00     0.26737940E-01     0.44621003E+00     0.11703512E+00     143     0.45449886E-01
 0.18699999E+02     0.15182393E+01     0.12194917E+00     0.12000000E+02    -0.13204548E+00     0.26998399E-01     0.44631720E+00     0.11839047E+00     143     0.45449886E-01
 0.18800001E+02     0.15178062E+01     0.12334590E+00     0.12000000E+02    -0.13296321E+00     0.26666043E-01     0.44769710E+00     0.11979889E+00     143     0.45449886E-01
