  
       RFOIL         Version 3.00
  
 Calculated polar for: OSO_2025_WT2_T24                
  
 1  Reynolds number fixed
  
 xtrf =      0.05000000 (suction)     0.05000000 (pressure)
 Rot. Parameters:  f0 =      1.00000000 c/r =      0.00000000
 Mach =      0.00000000     Re =     10.00000000 e 6     Ncrit =      3.00000000
  
             alpha                CL                CD            Re(CL)                CM             S_xtr             P_xtr               CDp            I_stag            X_stag
  ------- -------- --------- --------- -------- ------- ------- -------- 
-0.23700001E+02    -0.10878513E+01     0.14007498E+00     0.10000000E+02    -0.12789028E-01     0.99786538E+00     0.29429205E-01     0.13802139E+00      87     0.70922226E-01
-0.23600000E+02    -0.10842612E+01     0.13925096E+00     0.10000000E+02    -0.13570085E-01     0.99784774E+00     0.29513089E-01     0.13719164E+00      87     0.70922226E-01
-0.23500000E+02    -0.10795794E+01     0.13816722E+00     0.10000000E+02    -0.15038131E-01     0.99768299E+00     0.29822476E-01     0.13610430E+00      87     0.70922226E-01
-0.23400002E+02    -0.10759606E+01     0.13748725E+00     0.10000000E+02    -0.15510152E-01     0.99772948E+00     0.29613385E-01     0.13541479E+00      87     0.70922226E-01
-0.23100000E+02    -0.10666354E+01     0.13360396E+00     0.10000000E+02    -0.19759197E-01     0.99735653E+00     0.30225156E-01     0.13150057E+00      88     0.64354502E-01
-0.23000002E+02    -0.10638527E+01     0.13291207E+00     0.10000000E+02    -0.20175567E-01     0.99743241E+00     0.30395759E-01     0.13080457E+00      88     0.64354502E-01
-0.22900002E+02    -0.10599854E+01     0.13209510E+00     0.10000000E+02    -0.20946469E-01     0.99740219E+00     0.30502127E-01     0.12998247E+00      88     0.64354502E-01
-0.22800001E+02    -0.10541881E+01     0.13116242E+00     0.10000000E+02    -0.22206353E-01     0.99722010E+00     0.30447491E-01     0.12904252E+00      88     0.64354502E-01
-0.22600002E+02    -0.10495657E+01     0.12855132E+00     0.10000000E+02    -0.24653003E-01     0.99705398E+00     0.30575829E-01     0.12640455E+00      88     0.64354502E-01
-0.22500000E+02    -0.10443379E+01     0.12761785E+00     0.10000000E+02    -0.25829308E-01     0.99688041E+00     0.30962393E-01     0.12546512E+00      88     0.64354502E-01
-0.22400002E+02    -0.10420899E+01     0.12691377E+00     0.10000000E+02    -0.26224526E-01     0.99699235E+00     0.31275958E-01     0.12476058E+00      88     0.64354502E-01
-0.22300001E+02    -0.10381154E+01     0.12613119E+00     0.10000000E+02    -0.26913401E-01     0.99696207E+00     0.31373493E-01     0.12397353E+00      88     0.64354502E-01
-0.22200001E+02    -0.10308625E+01     0.12525140E+00     0.10000000E+02    -0.28250238E-01     0.99668401E+00     0.31242082E-01     0.12308454E+00      88     0.64354502E-01
-0.22100000E+02    -0.10274261E+01     0.12433212E+00     0.10000000E+02    -0.29080862E-01     0.99664104E+00     0.31493656E-01     0.12216239E+00      88     0.64354502E-01
-0.22000000E+02    -0.10256838E+01     0.12316251E+00     0.10000000E+02    -0.30057022E-01     0.99660927E+00     0.31785581E-01     0.12098555E+00      88     0.64354502E-01
-0.21800001E+02    -0.10137907E+01     0.12092353E+00     0.10000000E+02    -0.32967120E-01     0.99590462E+00     0.31366494E-01     0.11871965E+00      89     0.58118239E-01
-0.21700001E+02    -0.10104163E+01     0.12009180E+00     0.10000000E+02    -0.33682495E-01     0.99587470E+00     0.31750284E-01     0.11788838E+00      89     0.58118239E-01
-0.21600000E+02    -0.10051708E+01     0.11944082E+00     0.10000000E+02    -0.34308366E-01     0.99581307E+00     0.31615697E-01     0.11722975E+00      89     0.58118239E-01
-0.21500002E+02    -0.10027345E+01     0.11848591E+00     0.10000000E+02    -0.35116233E-01     0.99575377E+00     0.32316454E-01     0.11627902E+00      89     0.58118239E-01
-0.21400000E+02    -0.99686414E+00     0.11784262E+00     0.10000000E+02    -0.35745330E-01     0.99569952E+00     0.31903435E-01     0.11562395E+00      89     0.58118239E-01
-0.21300001E+02    -0.99344498E+00     0.11672070E+00     0.10000000E+02    -0.36935139E-01     0.99538362E+00     0.32340042E-01     0.11450012E+00      89     0.58118239E-01
-0.21200001E+02    -0.99244243E+00     0.11529288E+00     0.10000000E+02    -0.38020279E-01     0.99535084E+00     0.32484066E-01     0.11305757E+00      89     0.58118239E-01
-0.21100002E+02    -0.98771226E+00     0.11457504E+00     0.10000000E+02    -0.38713835E-01     0.99524230E+00     0.32523751E-01     0.11233547E+00      89     0.58118239E-01
-0.21000000E+02    -0.98322523E+00     0.11379520E+00     0.10000000E+02    -0.39442942E-01     0.99462211E+00     0.32777984E-01     0.11155410E+00      89     0.58118239E-01
-0.20900000E+02    -0.97989273E+00     0.11315628E+00     0.10000000E+02    -0.39649349E-01     0.99267817E+00     0.32828730E-01     0.11091105E+00      89     0.58118239E-01
-0.20800001E+02    -0.97532755E+00     0.11246943E+00     0.10000000E+02    -0.40158350E-01     0.99233103E+00     0.32847278E-01     0.11021942E+00      89     0.58118239E-01
-0.20700003E+02    -0.97092074E+00     0.11176533E+00     0.10000000E+02    -0.40710777E-01     0.99212641E+00     0.32925837E-01     0.10951065E+00      90     0.52246086E-01
-0.20600000E+02    -0.96658415E+00     0.11090046E+00     0.10000000E+02    -0.41510262E-01     0.99055314E+00     0.33151239E-01     0.10864045E+00      90     0.52246086E-01
-0.20500000E+02    -0.96302319E+00     0.10991392E+00     0.10000000E+02    -0.42280544E-01     0.99005622E+00     0.33179943E-01     0.10764392E+00      90     0.52246086E-01
-0.20400002E+02    -0.96095014E+00     0.10871006E+00     0.10000000E+02    -0.43181673E-01     0.98989004E+00     0.33210970E-01     0.10642705E+00      90     0.52246086E-01
-0.20300001E+02    -0.95600206E+00     0.10801198E+00     0.10000000E+02    -0.43804497E-01     0.98807561E+00     0.33282857E-01     0.10572295E+00      90     0.52246086E-01
-0.20200001E+02    -0.95580822E+00     0.10784645E+00     0.10000000E+02    -0.42381719E-01     0.57478940E+00     0.33559121E-01     0.10424351E+00      90     0.52246086E-01
-0.20100000E+02    -0.95133466E+00     0.10714599E+00     0.10000000E+02    -0.42934567E-01     0.56984216E+00     0.33850264E-01     0.10353138E+00      90     0.52246086E-01
-0.20000002E+02    -0.94660759E+00     0.10649340E+00     0.10000000E+02    -0.43392800E-01     0.56768811E+00     0.33854287E-01     0.10286947E+00      90     0.52246086E-01
-0.19900000E+02    -0.94225085E+00     0.10582665E+00     0.10000000E+02    -0.43931395E-01     0.56460309E+00     0.34243707E-01     0.10219081E+00      90     0.52246086E-01
-0.19800001E+02    -0.93758160E+00     0.10518873E+00     0.10000000E+02    -0.44415984E-01     0.54480547E+00     0.34130618E-01     0.10149703E+00      90     0.52246086E-01
-0.19700001E+02    -0.93337160E+00     0.10439934E+00     0.10000000E+02    -0.44976458E-01     0.54166174E+00     0.34232792E-01     0.10069522E+00      90     0.52246086E-01
-0.19600000E+02    -0.93078285E+00     0.10329758E+00     0.10000000E+02    -0.45708906E-01     0.55437320E+00     0.34067973E-01     0.99613592E-01      90     0.52246086E-01
-0.19500000E+02    -0.92557973E+00     0.10254724E+00     0.10000000E+02    -0.46577744E-01     0.50000001E-01     0.34306739E-01     0.98052524E-01      91     0.46763554E-01
-0.19400002E+02    -0.92110974E+00     0.10189693E+00     0.10000000E+02    -0.47002278E-01     0.50000001E-01     0.34488779E-01     0.97394735E-01      91     0.46763554E-01
-0.19300001E+02    -0.91687006E+00     0.10122209E+00     0.10000000E+02    -0.47493089E-01     0.50000001E-01     0.34818653E-01     0.96715331E-01      91     0.46763554E-01
-0.19200001E+02    -0.91192621E+00     0.10059334E+00     0.10000000E+02    -0.47938786E-01     0.50000001E-01     0.34799203E-01     0.96077509E-01      91     0.46763554E-01
-0.19100000E+02    -0.90773600E+00     0.99924810E-01     0.10000000E+02    -0.48397560E-01     0.50000001E-01     0.35093509E-01     0.95404357E-01      91     0.46763554E-01
-0.19000002E+02    -0.90271384E+00     0.99305473E-01     0.10000000E+02    -0.48844758E-01     0.50000001E-01     0.35046566E-01     0.94774745E-01      91     0.46763554E-01
-0.18900002E+02    -0.89861667E+00     0.98571852E-01     0.10000000E+02    -0.49334116E-01     0.50000001E-01     0.35203125E-01     0.94034433E-01      91     0.46763554E-01
-0.18800001E+02    -0.89498776E+00     0.97762249E-01     0.10000000E+02    -0.49874760E-01     0.50000001E-01     0.35388250E-01     0.93216345E-01      91     0.46763554E-01
-0.18700001E+02    -0.89308423E+00     0.96593924E-01     0.10000000E+02    -0.50652333E-01     0.50000001E-01     0.35435788E-01     0.92032954E-01      91     0.46763554E-01
-0.18600000E+02    -0.88846409E+00     0.95938317E-01     0.10000000E+02    -0.51081225E-01     0.50000001E-01     0.35549410E-01     0.91369644E-01      91     0.46763554E-01
-0.18500002E+02    -0.88353550E+00     0.95313884E-01     0.10000000E+02    -0.51514063E-01     0.50000001E-01     0.35644263E-01     0.90737529E-01      91     0.46763554E-01
-0.18400000E+02    -0.87918276E+00     0.94669767E-01     0.10000000E+02    -0.51913515E-01     0.50000001E-01     0.35918377E-01     0.90088919E-01      91     0.46763554E-01
-0.18300001E+02    -0.87417638E+00     0.94056867E-01     0.10000000E+02    -0.52329957E-01     0.50000001E-01     0.35989642E-01     0.89467764E-01      92     0.41686684E-01
-0.18200001E+02    -0.86833477E+00     0.93501627E-01     0.10000000E+02    -0.52707467E-01     0.50000001E-01     0.35626955E-01     0.88898532E-01      92     0.41686684E-01
-0.18100002E+02    -0.86457843E+00     0.92794970E-01     0.10000000E+02    -0.53153325E-01     0.50000001E-01     0.36249954E-01     0.88190719E-01      92     0.41686684E-01
-0.18000000E+02    -0.86015850E+00     0.92087023E-01     0.10000000E+02    -0.53595826E-01     0.50000001E-01     0.36368862E-01     0.87474525E-01      92     0.41686684E-01
-0.17900000E+02    -0.85662997E+00     0.91248915E-01     0.10000000E+02    -0.54108065E-01     0.50000001E-01     0.36475800E-01     0.86625837E-01      92     0.41686684E-01
-0.17800001E+02    -0.85400259E+00     0.90203367E-01     0.10000000E+02    -0.54764546E-01     0.50000001E-01     0.36512401E-01     0.85566148E-01      92     0.41686684E-01
-0.17700001E+02    -0.84907699E+00     0.89562446E-01     0.10000000E+02    -0.55132609E-01     0.50000001E-01     0.36653515E-01     0.84918082E-01      92     0.41686684E-01
-0.17600000E+02    -0.84404063E+00     0.88965751E-01     0.10000000E+02    -0.55509474E-01     0.50000001E-01     0.36776822E-01     0.84313974E-01      92     0.41686684E-01
-0.17500000E+02    -0.83904624E+00     0.88364065E-01     0.10000000E+02    -0.55881929E-01     0.50000001E-01     0.36988556E-01     0.83705783E-01      92     0.41686684E-01
-0.17400002E+02    -0.83404094E+00     0.87799333E-01     0.10000000E+02    -0.56221385E-01     0.50000001E-01     0.37121639E-01     0.83133742E-01      92     0.41686684E-01
-0.17300001E+02    -0.82891071E+00     0.87205574E-01     0.10000000E+02    -0.56589689E-01     0.50000001E-01     0.37160855E-01     0.82531847E-01      92     0.41686684E-01
-0.17200001E+02    -0.82398236E+00     0.86585082E-01     0.10000000E+02    -0.56956168E-01     0.50000001E-01     0.37300583E-01     0.81903845E-01      92     0.41686684E-01
-0.17100000E+02    -0.81923556E+00     0.85927144E-01     0.10000000E+02    -0.57349678E-01     0.50000001E-01     0.37466317E-01     0.81237108E-01      93     0.37020490E-01
-0.17000002E+02    -0.81522560E+00     0.85140660E-01     0.10000000E+02    -0.57819605E-01     0.50000001E-01     0.37544854E-01     0.80440328E-01      93     0.37020490E-01
-0.16900000E+02    -0.81295800E+00     0.84082022E-01     0.10000000E+02    -0.58426429E-01     0.50000001E-01     0.37719656E-01     0.79367720E-01      93     0.37020490E-01
-0.16800001E+02    -0.80856341E+00     0.83434857E-01     0.10000000E+02    -0.58782306E-01     0.50000001E-01     0.38220271E-01     0.78717560E-01      93     0.37020490E-01
-0.16700001E+02    -0.80265570E+00     0.82904324E-01     0.10000000E+02    -0.59105869E-01     0.50000001E-01     0.37863053E-01     0.78174867E-01      93     0.37020490E-01
-0.16600000E+02    -0.79854590E+00     0.82259610E-01     0.10000000E+02    -0.59450071E-01     0.50000001E-01     0.38570743E-01     0.77530451E-01      93     0.37020490E-01
-0.16500000E+02    -0.79336125E+00     0.81680827E-01     0.10000000E+02    -0.59772525E-01     0.50000001E-01     0.38630027E-01     0.76944664E-01      93     0.37020490E-01
-0.16400002E+02    -0.78862828E+00     0.81071131E-01     0.10000000E+02    -0.60097817E-01     0.50000001E-01     0.38884088E-01     0.76330259E-01      93     0.37020490E-01
-0.16300001E+02    -0.78352773E+00     0.80470011E-01     0.10000000E+02    -0.60436491E-01     0.50000001E-01     0.38951181E-01     0.75721301E-01      93     0.37020490E-01
-0.16200001E+02    -0.77890515E+00     0.79814479E-01     0.10000000E+02    -0.60793426E-01     0.50000001E-01     0.39081607E-01     0.75058788E-01      93     0.37020490E-01
-0.16100000E+02    -0.77508736E+00     0.79033136E-01     0.10000000E+02    -0.61226439E-01     0.50000001E-01     0.39192438E-01     0.74267633E-01      94     0.32759186E-01
-0.16000002E+02    -0.77260756E+00     0.78005485E-01     0.10000000E+02    -0.61767850E-01     0.50000001E-01     0.39352138E-01     0.73227927E-01      94     0.32759186E-01
-0.15900001E+02    -0.76748461E+00     0.77429071E-01     0.10000000E+02    -0.62075354E-01     0.50000001E-01     0.39462928E-01     0.72644956E-01      94     0.32759186E-01
-0.15800000E+02    -0.76234937E+00     0.76858446E-01     0.10000000E+02    -0.62373586E-01     0.50000001E-01     0.39629675E-01     0.72068147E-01      94     0.32759186E-01
-0.15700001E+02    -0.75722015E+00     0.76287098E-01     0.10000000E+02    -0.62667467E-01     0.50000001E-01     0.39812505E-01     0.71491040E-01      94     0.32759186E-01
-0.15600002E+02    -0.75183880E+00     0.75734727E-01     0.10000000E+02    -0.62953047E-01     0.50000001E-01     0.39885540E-01     0.70931360E-01      94     0.32759186E-01
-0.15500001E+02    -0.74660063E+00     0.75185210E-01     0.10000000E+02    -0.63243181E-01     0.50000001E-01     0.39997663E-01     0.70375063E-01      94     0.32759186E-01
-0.15400001E+02    -0.74148142E+00     0.74582294E-01     0.10000000E+02    -0.63540190E-01     0.50000001E-01     0.40144276E-01     0.69765277E-01      94     0.32759186E-01
-0.15300001E+02    -0.73657960E+00     0.73961072E-01     0.10000000E+02    -0.63853748E-01     0.50000001E-01     0.40263917E-01     0.69136508E-01      94     0.32759186E-01
-0.15200001E+02    -0.73252028E+00     0.73210306E-01     0.10000000E+02    -0.64230949E-01     0.50000001E-01     0.40477537E-01     0.68377182E-01      94     0.32759186E-01
-0.15100001E+02    -0.73006672E+00     0.72204188E-01     0.10000000E+02    -0.64748928E-01     0.50000001E-01     0.40612891E-01     0.67357980E-01      94     0.32759186E-01
-0.15000001E+02    -0.72480392E+00     0.71649492E-01     0.10000000E+02    -0.65023504E-01     0.50000001E-01     0.40701102E-01     0.66795506E-01      95     0.28887654E-01
-0.14900000E+02    -0.71949720E+00     0.71087949E-01     0.10000000E+02    -0.65295979E-01     0.50000001E-01     0.40907279E-01     0.66227801E-01      95     0.28887654E-01
-0.14800000E+02    -0.71407193E+00     0.70547290E-01     0.10000000E+02    -0.65558329E-01     0.50000001E-01     0.41052856E-01     0.65680400E-01      95     0.28887654E-01
-0.14700002E+02    -0.70925361E+00     0.69977947E-01     0.10000000E+02    -0.65822460E-01     0.50000001E-01     0.41689768E-01     0.65107316E-01      95     0.28887654E-01
-0.14600000E+02    -0.70328969E+00     0.69457576E-01     0.10000000E+02    -0.66074118E-01     0.50000001E-01     0.41298911E-01     0.64577103E-01      95     0.28887654E-01
-0.14500000E+02    -0.69805074E+00     0.68906903E-01     0.10000000E+02    -0.66340692E-01     0.50000001E-01     0.41479699E-01     0.64018920E-01      95     0.28887654E-01
-0.14400001E+02    -0.69304967E+00     0.68293139E-01     0.10000000E+02    -0.66622503E-01     0.50000001E-01     0.41661415E-01     0.63398294E-01      95     0.28887654E-01
-0.14300001E+02    -0.68968028E+00     0.67533866E-01     0.10000000E+02    -0.66977710E-01     0.50000001E-01     0.42334825E-01     0.62635429E-01      95     0.28887654E-01
-0.14200001E+02    -0.68722391E+00     0.66532508E-01     0.10000000E+02    -0.67455232E-01     0.50000001E-01     0.42397697E-01     0.61620805E-01      95     0.28887654E-01
-0.14100001E+02    -0.68227148E+00     0.65958135E-01     0.10000000E+02    -0.67709871E-01     0.50000001E-01     0.42655390E-01     0.61041921E-01      95     0.28887654E-01
-0.14000001E+02    -0.67688888E+00     0.65421946E-01     0.10000000E+02    -0.67950934E-01     0.50000001E-01     0.42759236E-01     0.60499195E-01      96     0.25384178E-01
-0.13900002E+02    -0.67145789E+00     0.64911410E-01     0.10000000E+02    -0.68190582E-01     0.50000001E-01     0.42867288E-01     0.59982624E-01      96     0.25384178E-01
-0.13800001E+02    -0.66632986E+00     0.64358748E-01     0.10000000E+02    -0.68426363E-01     0.50000001E-01     0.43119915E-01     0.59425615E-01      96     0.25384178E-01
-0.13700001E+02    -0.66087866E+00     0.63826315E-01     0.10000000E+02    -0.68660945E-01     0.50000001E-01     0.43196909E-01     0.58886509E-01      96     0.25384178E-01
-0.13600001E+02    -0.65569049E+00     0.63267976E-01     0.10000000E+02    -0.68906046E-01     0.50000001E-01     0.43356329E-01     0.58322154E-01      96     0.25384178E-01
-0.13500001E+02    -0.65080053E+00     0.62657990E-01     0.10000000E+02    -0.69170728E-01     0.50000001E-01     0.43538988E-01     0.57705656E-01      96     0.25384178E-01
-0.13400001E+02    -0.64698786E+00     0.61891403E-01     0.10000000E+02    -0.69512613E-01     0.50000001E-01     0.43699570E-01     0.56929886E-01      96     0.25384178E-01
-0.13300000E+02    -0.64415413E+00     0.61006155E-01     0.10000000E+02    -0.69927111E-01     0.50000001E-01     0.43862358E-01     0.56033395E-01      96     0.25384178E-01
-0.13200001E+02    -0.63877159E+00     0.60494676E-01     0.10000000E+02    -0.70143223E-01     0.50000001E-01     0.44012010E-01     0.55515736E-01      96     0.25384178E-01
-0.13100000E+02    -0.63324934E+00     0.59976183E-01     0.10000000E+02    -0.70362806E-01     0.50000001E-01     0.44164512E-01     0.54990757E-01      97     0.22222305E-01
-0.13000001E+02    -0.62775654E+00     0.59456144E-01     0.10000000E+02    -0.70578396E-01     0.50000001E-01     0.44350669E-01     0.54464985E-01      97     0.22222305E-01
-0.12900001E+02    -0.62224185E+00     0.58942597E-01     0.10000000E+02    -0.70789427E-01     0.50000001E-01     0.44527411E-01     0.53945471E-01      97     0.22222305E-01
-0.12800001E+02    -0.61674970E+00     0.58413763E-01     0.10000000E+02    -0.71007103E-01     0.50000001E-01     0.44665318E-01     0.53410232E-01      97     0.22222305E-01
-0.12700001E+02    -0.61150277E+00     0.57860062E-01     0.10000000E+02    -0.71232930E-01     0.50000001E-01     0.44878483E-01     0.52850295E-01      97     0.22222305E-01
-0.12600001E+02    -0.60652137E+00     0.57270523E-01     0.10000000E+02    -0.71487635E-01     0.50000001E-01     0.44996314E-01     0.52252986E-01      97     0.22222305E-01
-0.12500001E+02    -0.60384995E+00     0.56362428E-01     0.10000000E+02    -0.71899004E-01     0.50000001E-01     0.45156736E-01     0.51332746E-01      97     0.22222305E-01
-0.12400002E+02    -0.59936237E+00     0.55734642E-01     0.10000000E+02    -0.72169296E-01     0.50000001E-01     0.45370385E-01     0.50697032E-01      97     0.22222305E-01
-0.12300001E+02    -0.59378707E+00     0.55221967E-01     0.10000000E+02    -0.72367489E-01     0.50000001E-01     0.45538295E-01     0.50177477E-01      97     0.22222305E-01
-0.12200001E+02    -0.58813912E+00     0.54730441E-01     0.10000000E+02    -0.72564892E-01     0.50000001E-01     0.45673292E-01     0.49679503E-01      98     0.19374071E-01
-0.12100001E+02    -0.58263546E+00     0.54231808E-01     0.10000000E+02    -0.72761185E-01     0.50000001E-01     0.45937736E-01     0.49175825E-01      98     0.19374071E-01
-0.12000000E+02    -0.57708472E+00     0.53733964E-01     0.10000000E+02    -0.72954565E-01     0.50000001E-01     0.46093829E-01     0.48672259E-01      98     0.19374071E-01
-0.11900001E+02    -0.57167256E+00     0.53233337E-01     0.10000000E+02    -0.73156573E-01     0.50000001E-01     0.46247106E-01     0.48165973E-01      98     0.19374071E-01
-0.11800000E+02    -0.56680608E+00     0.52662861E-01     0.10000000E+02    -0.73382467E-01     0.50000001E-01     0.46531398E-01     0.47590252E-01      98     0.19374071E-01
-0.11700001E+02    -0.56304967E+00     0.51927347E-01     0.10000000E+02    -0.73691614E-01     0.50000001E-01     0.46698298E-01     0.46845816E-01      98     0.19374071E-01
-0.11600000E+02    -0.56131738E+00     0.51031411E-01     0.10000000E+02    -0.74058883E-01     0.50000001E-01     0.47515076E-01     0.45946352E-01      98     0.19374071E-01
-0.11500001E+02    -0.55581361E+00     0.50542474E-01     0.10000000E+02    -0.74241191E-01     0.50000001E-01     0.47704186E-01     0.45452204E-01      98     0.19374071E-01
-0.11400001E+02    -0.55027974E+00     0.50058737E-01     0.10000000E+02    -0.74422047E-01     0.50000001E-01     0.47899753E-01     0.44963211E-01      99     0.16811348E-01
-0.11300001E+02    -0.54480380E+00     0.49570933E-01     0.10000000E+02    -0.74603245E-01     0.50000001E-01     0.48151184E-01     0.44470727E-01      99     0.16811348E-01
-0.11200001E+02    -0.53927177E+00     0.49082540E-01     0.10000000E+02    -0.74785240E-01     0.50000001E-01     0.48341159E-01     0.43976951E-01      99     0.16811348E-01
-0.11100001E+02    -0.53386837E+00     0.48574451E-01     0.10000000E+02    -0.74975111E-01     0.50000001E-01     0.48495445E-01     0.43462597E-01      99     0.16811348E-01
-0.11000001E+02    -0.52898675E+00     0.48004754E-01     0.10000000E+02    -0.75197615E-01     0.50000001E-01     0.48687626E-01     0.42886056E-01      99     0.16811348E-01
-0.10900001E+02    -0.52707607E+00     0.47072787E-01     0.10000000E+02    -0.75598747E-01     0.50000001E-01     0.48914336E-01     0.41941613E-01      99     0.16811348E-01
-0.10800001E+02    -0.52184635E+00     0.46558138E-01     0.10000000E+02    -0.75791389E-01     0.50000001E-01     0.49052890E-01     0.41420303E-01      99     0.16811348E-01
-0.10700001E+02    -0.51634961E+00     0.46090752E-01     0.10000000E+02    -0.75959623E-01     0.50000001E-01     0.49388416E-01     0.40948238E-01      99     0.16811348E-01
-0.10600001E+02    -0.51063448E+00     0.45633350E-01     0.10000000E+02    -0.76123722E-01     0.50000001E-01     0.49543355E-01     0.40485159E-01      99     0.16811348E-01
-0.10500001E+02    -0.50493020E+00     0.45174353E-01     0.10000000E+02    -0.76287806E-01     0.50000001E-01     0.49687963E-01     0.40020119E-01     100     0.14507390E-01
-0.10400002E+02    -0.49949557E+00     0.44695698E-01     0.10000000E+02    -0.76456413E-01     0.50000001E-01     0.49998704E-01     0.39535515E-01     100     0.14507390E-01
-0.10300000E+02    -0.49404857E+00     0.44200145E-01     0.10000000E+02    -0.76638117E-01     0.50000001E-01     0.50000001E-01     0.39032575E-01     100     0.14507390E-01
-0.10200001E+02    -0.48962796E+00     0.43588880E-01     0.10000000E+02    -0.76878518E-01     0.50000001E-01     0.50000001E-01     0.38412057E-01     100     0.14507390E-01
-0.10100000E+02    -0.48711628E+00     0.42767365E-01     0.10000000E+02    -0.77222332E-01     0.50000001E-01     0.50000001E-01     0.37577942E-01     100     0.14507390E-01
-0.10000001E+02    -0.48130357E+00     0.42323574E-01     0.10000000E+02    -0.77374555E-01     0.50000001E-01     0.50000001E-01     0.37127651E-01     100     0.14507390E-01
-0.99000006E+01    -0.47544861E+00     0.41890807E-01     0.10000000E+02    -0.77520832E-01     0.50000001E-01     0.50000001E-01     0.36688488E-01     100     0.14507390E-01
-0.98000011E+01    -0.46960148E+00     0.41457999E-01     0.10000000E+02    -0.77669300E-01     0.50000001E-01     0.50000001E-01     0.36249351E-01     100     0.14507390E-01
-0.97000008E+01    -0.46386507E+00     0.41012056E-01     0.10000000E+02    -0.77819943E-01     0.50000001E-01     0.50000001E-01     0.35796773E-01     101     0.12437641E-01
-0.96000013E+01    -0.45834205E+00     0.40556025E-01     0.10000000E+02    -0.77978387E-01     0.50000001E-01     0.50000001E-01     0.35333794E-01     101     0.12437641E-01
-0.95000010E+01    -0.45352015E+00     0.40015157E-01     0.10000000E+02    -0.78175209E-01     0.50000001E-01     0.50000001E-01     0.34784846E-01     101     0.12437641E-01
-0.94000006E+01    -0.45180291E+00     0.39136138E-01     0.10000000E+02    -0.78536168E-01     0.50000001E-01     0.50000001E-01     0.33892337E-01     101     0.12437641E-01
-0.93000011E+01    -0.44610491E+00     0.38708821E-01     0.10000000E+02    -0.78673042E-01     0.50000001E-01     0.50000001E-01     0.33458501E-01     101     0.12437641E-01
-0.91999998E+01    -0.44033471E+00     0.38281992E-01     0.10000000E+02    -0.78810900E-01     0.50000001E-01     0.50000001E-01     0.33025689E-01     101     0.12437641E-01
-0.91000013E+01    -0.43458629E+00     0.37867777E-01     0.10000000E+02    -0.78941524E-01     0.50000001E-01     0.50000001E-01     0.32605231E-01     101     0.12437641E-01
-0.90000000E+01    -0.42899629E+00     0.37432302E-01     0.10000000E+02    -0.79077877E-01     0.50000001E-01     0.50000001E-01     0.32163665E-01     101     0.12437641E-01
-0.89000015E+01    -0.42366543E+00     0.36971487E-01     0.10000000E+02    -0.79226054E-01     0.50000001E-01     0.50000001E-01     0.31695649E-01     102     0.10580092E-01
-0.88000002E+01    -0.41983306E+00     0.36352824E-01     0.10000000E+02    -0.79450935E-01     0.50000001E-01     0.50000001E-01     0.31067790E-01     102     0.10580092E-01
-0.87000017E+01    -0.41755229E+00     0.35601672E-01     0.10000000E+02    -0.79736531E-01     0.50000001E-01     0.50000001E-01     0.30304790E-01     102     0.10580092E-01
-0.86000004E+01    -0.41196606E+00     0.35183933E-01     0.10000000E+02    -0.79858877E-01     0.50000001E-01     0.50000001E-01     0.29881028E-01     102     0.10580092E-01
-0.85000019E+01    -0.40640244E+00     0.34767456E-01     0.10000000E+02    -0.79977952E-01     0.50000001E-01     0.50000001E-01     0.29458767E-01     102     0.10580092E-01
-0.84000006E+01    -0.40093234E+00     0.34342229E-01     0.10000000E+02    -0.80098227E-01     0.50000001E-01     0.50000001E-01     0.29027473E-01     102     0.10580092E-01
-0.83000011E+01    -0.39580777E+00     0.33888593E-01     0.10000000E+02    -0.80231965E-01     0.50000001E-01     0.50000001E-01     0.28567234E-01     102     0.10580092E-01
-0.82000008E+01    -0.39230523E+00     0.33285026E-01     0.10000000E+02    -0.80433786E-01     0.50000001E-01     0.50000001E-01     0.27954552E-01     102     0.10580092E-01
-0.81000013E+01    -0.39056051E+00     0.32536130E-01     0.10000000E+02    -0.80700144E-01     0.50000001E-01     0.50000001E-01     0.27193425E-01     103     0.89153098E-02
-0.80000010E+01    -0.38526726E+00     0.32121692E-01     0.10000000E+02    -0.80804497E-01     0.50000001E-01     0.50000001E-01     0.26773164E-01     103     0.89153098E-02
-0.79000001E+01    -0.38004228E+00     0.31703718E-01     0.10000000E+02    -0.80906689E-01     0.50000001E-01     0.50000001E-01     0.26349429E-01     103     0.89153098E-02
-0.78000011E+01    -0.37508482E+00     0.31271107E-01     0.10000000E+02    -0.81013888E-01     0.50000001E-01     0.50000001E-01     0.25910562E-01     103     0.89153098E-02
-0.77000003E+01    -0.37115079E+00     0.30748798E-01     0.10000000E+02    -0.81156887E-01     0.50000001E-01     0.50000001E-01     0.25380645E-01     103     0.89153098E-02
-0.76000009E+01    -0.37135953E+00     0.29888755E-01     0.10000000E+02    -0.81442058E-01     0.50000001E-01     0.50000001E-01     0.24506800E-01     103     0.89153098E-02
-0.75000005E+01    -0.36663717E+00     0.29467635E-01     0.10000000E+02    -0.81521221E-01     0.50000001E-01     0.50000001E-01     0.24079880E-01     103     0.89153098E-02
-0.74000010E+01    -0.36201924E+00     0.29037723E-01     0.10000000E+02    -0.81603348E-01     0.50000001E-01     0.50000001E-01     0.23644103E-01     103     0.89153098E-02
-0.73000002E+01    -0.35801303E+00     0.28569985E-01     0.10000000E+02    -0.81688493E-01     0.50000001E-01     0.50000001E-01     0.23169531E-01     104     0.74266298E-02
-0.72000012E+01    -0.36036205E+00     0.27625822E-01     0.10000000E+02    -0.81942864E-01     0.50000001E-01     0.50000001E-01     0.22210233E-01     104     0.74266298E-02
-0.71000004E+01    -0.35690194E+00     0.27156208E-01     0.10000000E+02    -0.81991300E-01     0.50000001E-01     0.50000001E-01     0.21734200E-01     104     0.74266298E-02
-0.70000014E+01    -0.35349634E+00     0.26691234E-01     0.10000000E+02    -0.82015783E-01     0.50000001E-01     0.50000001E-01     0.21263029E-01     104     0.74266298E-02
-0.69000006E+01    -0.35160848E+00     0.26139583E-01     0.10000000E+02    -0.82025766E-01     0.50000001E-01     0.50000001E-01     0.20703945E-01     104     0.74266298E-02
-0.68000016E+01    -0.35935652E+00     0.25082419E-01     0.10000000E+02    -0.81808358E-01     0.50000001E-01     0.50000001E-01     0.19631518E-01     104     0.74266298E-02
-0.67000008E+01    -0.37096775E+00     0.24481073E-01     0.10000000E+02    -0.80283009E-01     0.50000001E-01     0.50000001E-01     0.19023342E-01     104     0.74266298E-02
-0.66000018E+01    -0.37244651E+00     0.23352111E-01     0.10000000E+02    -0.81982560E-01     0.50000001E-01     0.50000001E-01     0.17869253E-01     104     0.74266298E-02
-0.65000010E+01    -0.36557490E+00     0.22797691E-01     0.10000000E+02    -0.83213776E-01     0.50000001E-01     0.50000001E-01     0.17301792E-01     104     0.74266298E-02
-0.64000001E+01    -0.35911587E+00     0.21670984E-01     0.10000000E+02    -0.86217567E-01     0.50000001E-01     0.50000001E-01     0.16144704E-01     104     0.74266298E-02
-0.63000011E+01    -0.34843934E+00     0.21159001E-01     0.10000000E+02    -0.87889940E-01     0.50000001E-01     0.50000001E-01     0.15618057E-01     105     0.60997931E-02
-0.62000003E+01    -0.33679289E+00     0.20558426E-01     0.10000000E+02    -0.89971729E-01     0.50000001E-01     0.50000001E-01     0.14999636E-01     105     0.60997931E-02
-0.61000009E+01    -0.32329378E+00     0.19666262E-01     0.10000000E+02    -0.93234092E-01     0.50000001E-01     0.50000001E-01     0.14078691E-01     105     0.60997931E-02
-0.60000000E+01    -0.30973676E+00     0.19198913E-01     0.10000000E+02    -0.95153160E-01     0.50000001E-01     0.50000001E-01     0.13595786E-01     105     0.60997931E-02
-0.59000010E+01    -0.29388499E+00     0.18409465E-01     0.10000000E+02    -0.98416910E-01     0.50000001E-01     0.50000001E-01     0.12778204E-01     105     0.60997931E-02
-0.58000002E+01    -0.27869093E+00     0.17922318E-01     0.10000000E+02    -0.10064288E+00     0.50000001E-01     0.50000001E-01     0.12272637E-01     106     0.49227113E-02
-0.57000012E+01    -0.26333186E+00     0.17489109E-01     0.10000000E+02    -0.10272256E+00     0.50000001E-01     0.50000001E-01     0.11822536E-01     106     0.49227113E-02
-0.56000004E+01    -0.24502859E+00     0.16760575E-01     0.10000000E+02    -0.10616634E+00     0.50000001E-01     0.50000001E-01     0.11064172E-01     106     0.49227113E-02
-0.55000014E+01    -0.22913153E+00     0.16387159E-01     0.10000000E+02    -0.10814561E+00     0.50000001E-01     0.50000001E-01     0.10674458E-01     106     0.49227113E-02
-0.54000006E+01    -0.21227467E+00     0.15953725E-01     0.10000000E+02    -0.11045880E+00     0.50000001E-01     0.50000001E-01     0.10221250E-01     107     0.38855695E-02
-0.53000016E+01    -0.19332489E+00     0.15368876E-01     0.10000000E+02    -0.11356889E+00     0.50000001E-01     0.50000001E-01     0.96086841E-02     107     0.38855695E-02
-0.52000008E+01    -0.17648923E+00     0.15010164E-01     0.10000000E+02    -0.11564726E+00     0.50000001E-01     0.50000001E-01     0.92319008E-02     107     0.38855695E-02
-0.51000013E+01    -0.15692091E+00     0.14457825E-01     0.10000000E+02    -0.11875695E+00     0.50000001E-01     0.50000001E-01     0.86504221E-02     107     0.38855695E-02
-0.50000010E+01    -0.13979501E+00     0.14122216E-01     0.10000000E+02    -0.12080362E+00     0.50000001E-01     0.50000001E-01     0.82958117E-02     108     0.29804131E-02
-0.49000015E+01    -0.12051891E+00     0.13644530E-01     0.10000000E+02    -0.12362405E+00     0.50000001E-01     0.50000001E-01     0.77901031E-02     108     0.29804131E-02
-0.48000007E+01    -0.10314225E+00     0.13318151E-01     0.10000000E+02    -0.12567112E+00     0.50000001E-01     0.50000001E-01     0.74431752E-02     108     0.29804131E-02
-0.47000003E+01    -0.84404588E-01     0.12906871E-01     0.10000000E+02    -0.12818220E+00     0.50000001E-01     0.50000001E-01     0.70046331E-02     108     0.29804131E-02
-0.46000009E+01    -0.66664241E-01     0.12569508E-01     0.10000000E+02    -0.13029203E+00     0.50000001E-01     0.50000001E-01     0.66433195E-02     109     0.22007464E-02
-0.45000000E+01    -0.49110509E-01     0.12247907E-01     0.10000000E+02    -0.13231291E+00     0.50000001E-01     0.50000001E-01     0.62972833E-02     109     0.22007464E-02
-0.44000010E+01    -0.31658262E-01     0.11932519E-01     0.10000000E+02    -0.13427822E+00     0.50000001E-01     0.50000001E-01     0.59561264E-02     109     0.22007464E-02
-0.43000002E+01    -0.14573423E-01     0.11639036E-01     0.10000000E+02    -0.13610026E+00     0.50000001E-01     0.50000001E-01     0.56365361E-02     109     0.22007464E-02
-0.42000012E+01     0.22790087E-02     0.11355955E-01     0.10000000E+02    -0.13783300E+00     0.50000001E-01     0.50000001E-01     0.53258943E-02     110     0.15419117E-02
-0.41000004E+01     0.19042859E-01     0.11072446E-01     0.10000000E+02    -0.13953133E+00     0.50000001E-01     0.50000001E-01     0.50124829E-02     110     0.15419117E-02
-0.40000014E+01     0.34255400E-01     0.10897350E-01     0.10000000E+02    -0.14067516E+00     0.50000001E-01     0.50000001E-01     0.48168311E-02     110     0.15419117E-02
-0.39000006E+01     0.48017003E-01     0.10826330E-01     0.10000000E+02    -0.14130141E+00     0.50000001E-01     0.50000001E-01     0.47358470E-02     110     0.15419117E-02
-0.38000014E+01     0.61560471E-01     0.10769510E-01     0.10000000E+02    -0.14185140E+00     0.50000001E-01     0.50000001E-01     0.46706442E-02     111     0.10009136E-02
-0.37000005E+01     0.75015202E-01     0.10718420E-01     0.10000000E+02    -0.14236993E+00     0.50000001E-01     0.50000001E-01     0.46116593E-02     111     0.10009136E-02
-0.36000016E+01     0.88396408E-01     0.10672058E-01     0.10000000E+02    -0.14286196E+00     0.50000001E-01     0.50000001E-01     0.45577609E-02     111     0.10009136E-02
-0.35000007E+01     0.10171954E+00     0.10629446E-01     0.10000000E+02    -0.14333178E+00     0.50000001E-01     0.50000001E-01     0.45079812E-02     111     0.10009136E-02
-0.34000015E+01     0.11498307E+00     0.10590396E-01     0.10000000E+02    -0.14378197E+00     0.50000001E-01     0.50000001E-01     0.44619096E-02     112     0.57556073E-03
-0.33000009E+01     0.12820166E+00     0.10554277E-01     0.10000000E+02    -0.14421488E+00     0.50000001E-01     0.50000001E-01     0.44191796E-02     112     0.57556073E-03
-0.32000017E+01     0.14137755E+00     0.10520787E-01     0.10000000E+02    -0.14463297E+00     0.50000001E-01     0.50000001E-01     0.43792333E-02     112     0.57556073E-03
-0.31000009E+01     0.15451537E+00     0.10489628E-01     0.10000000E+02    -0.14503717E+00     0.50000001E-01     0.50000001E-01     0.43418962E-02     112     0.57556073E-03
-0.30000000E+01     0.16761471E+00     0.10460868E-01     0.10000000E+02    -0.14542791E+00     0.50000001E-01     0.50000001E-01     0.43070633E-02     112     0.57556073E-03
-0.29000010E+01     0.18068697E+00     0.10433995E-01     0.10000000E+02    -0.14580767E+00     0.50000001E-01     0.50000001E-01     0.42743022E-02     113     0.26492128E-03
-0.28000002E+01     0.19372578E+00     0.10408979E-01     0.10000000E+02    -0.14617714E+00     0.50000001E-01     0.50000001E-01     0.42436128E-02     113     0.26492128E-03
-0.27000012E+01     0.20673761E+00     0.10385760E-01     0.10000000E+02    -0.14653601E+00     0.50000001E-01     0.50000001E-01     0.42148326E-02     113     0.26492128E-03
-0.26000004E+01     0.21972117E+00     0.10364166E-01     0.10000000E+02    -0.14688616E+00     0.50000001E-01     0.50000001E-01     0.41878293E-02     113     0.26492128E-03
-0.25000012E+01     0.23268123E+00     0.10344069E-01     0.10000000E+02    -0.14722748E+00     0.50000001E-01     0.50000001E-01     0.41624894E-02     114     0.74709220E-04
-0.24000003E+01     0.24561743E+00     0.10325599E-01     0.10000000E+02    -0.14755981E+00     0.50000001E-01     0.50000001E-01     0.41388590E-02     114     0.74709220E-04
-0.23000014E+01     0.25852835E+00     0.10308524E-01     0.10000000E+02    -0.14788392E+00     0.50000001E-01     0.50000001E-01     0.41167089E-02     114     0.74709220E-04
-0.22000005E+01     0.27141780E+00     0.10292658E-01     0.10000000E+02    -0.14820154E+00     0.50000001E-01     0.50000001E-01     0.40959553E-02     114     0.74709220E-04
-0.21000013E+01     0.28429088E+00     0.10278042E-01     0.10000000E+02    -0.14851159E+00     0.50000001E-01     0.50000001E-01     0.40765596E-02     114     0.74709220E-04
-0.20000007E+01     0.29713777E+00     0.10264745E-01     0.10000000E+02    -0.14881560E+00     0.50000001E-01     0.50000001E-01     0.40585659E-02     115     0.21237647E-05
-0.19000015E+01     0.30997044E+00     0.10252583E-01     0.10000000E+02    -0.14911149E+00     0.50000001E-01     0.50000001E-01     0.40418082E-02     115     0.21237647E-05
-0.18000008E+01     0.32278237E+00     0.10241512E-01     0.10000000E+02    -0.14940251E+00     0.50000001E-01     0.50000001E-01     0.40262793E-02     115     0.21237647E-05
-0.17000016E+01     0.33557397E+00     0.10231580E-01     0.10000000E+02    -0.14968692E+00     0.50000001E-01     0.50000001E-01     0.40119644E-02     115     0.21237647E-05
-0.16000009E+01     0.34835100E+00     0.10222698E-01     0.10000000E+02    -0.14996505E+00     0.50000001E-01     0.50000001E-01     0.39988067E-02     116     0.28969960E-04
-0.15000000E+01     0.36110994E+00     0.10214848E-01     0.10000000E+02    -0.15023753E+00     0.50000001E-01     0.50000001E-01     0.39867545E-02     116     0.28969960E-04
-0.14000009E+01     0.37384933E+00     0.10207980E-01     0.10000000E+02    -0.15050463E+00     0.50000001E-01     0.50000001E-01     0.39757863E-02     116     0.28969960E-04
-0.13000002E+01     0.38657641E+00     0.10202037E-01     0.10000000E+02    -0.15076651E+00     0.50000001E-01     0.50000001E-01     0.39658411E-02     116     0.28969960E-04
-0.12000011E+01     0.39928344E+00     0.10197110E-01     0.10000000E+02    -0.15102266E+00     0.50000001E-01     0.50000001E-01     0.39569796E-02     116     0.28969960E-04
-0.11000003E+01     0.41197503E+00     0.10193093E-01     0.10000000E+02    -0.15127392E+00     0.50000001E-01     0.50000001E-01     0.39491756E-02     117     0.14431638E-03
-0.10000012E+01     0.42465127E+00     0.10189919E-01     0.10000000E+02    -0.15152080E+00     0.50000001E-01     0.50000001E-01     0.39422726E-02     117     0.14431638E-03
-0.90000039E+00     0.43731117E+00     0.10187767E-01     0.10000000E+02    -0.15176138E+00     0.50000001E-01     0.50000001E-01     0.39363904E-02     117     0.14431638E-03
-0.80000126E+00     0.44995919E+00     0.10186278E-01     0.10000000E+02    -0.15199836E+00     0.50000001E-01     0.50000001E-01     0.39313459E-02     117     0.14431638E-03
-0.70000046E+00     0.46258855E+00     0.10185722E-01     0.10000000E+02    -0.15223056E+00     0.50000001E-01     0.50000001E-01     0.39273887E-02     118     0.34258093E-03
-0.60000139E+00     0.47520345E+00     0.10186027E-01     0.10000000E+02    -0.15245765E+00     0.50000001E-01     0.50000001E-01     0.39242595E-02     118     0.34258093E-03
-0.50000060E+00     0.48780280E+00     0.10187151E-01     0.10000000E+02    -0.15267994E+00     0.50000001E-01     0.50000001E-01     0.39220201E-02     118     0.34258093E-03
-0.40000150E+00     0.50038767E+00     0.10189055E-01     0.10000000E+02    -0.15289834E+00     0.50000001E-01     0.50000001E-01     0.39206678E-02     118     0.34258093E-03
-0.30000070E+00     0.51295590E+00     0.10191750E-01     0.10000000E+02    -0.15311229E+00     0.50000001E-01     0.50000001E-01     0.39201849E-02     118     0.34258093E-03
-0.20000160E+00     0.52551317E+00     0.10195145E-01     0.10000000E+02    -0.15332142E+00     0.50000001E-01     0.50000001E-01     0.39205579E-02     119     0.63133589E-03
-0.10000080E+00     0.53805250E+00     0.10199457E-01     0.10000000E+02    -0.15352695E+00     0.50000001E-01     0.50000001E-01     0.39217994E-02     119     0.63133589E-03
 0.00000000E+00     0.55058044E+00     0.10204410E-01     0.10000000E+02    -0.15372786E+00     0.50000001E-01     0.50000001E-01     0.39238269E-02     119     0.63133589E-03
 0.99999093E-01     0.56309235E+00     0.10210133E-01     0.10000000E+02    -0.15392445E+00     0.50000001E-01     0.50000001E-01     0.39266627E-02     119     0.63133589E-03
 0.19999990E+00     0.57559007E+00     0.10216617E-01     0.10000000E+02    -0.15411691E+00     0.50000001E-01     0.50000001E-01     0.39303275E-02     119     0.63133589E-03
 0.29999900E+00     0.58807141E+00     0.10223686E-01     0.10000000E+02    -0.15430538E+00     0.50000001E-01     0.50000001E-01     0.39348234E-02     120     0.10182067E-02
 0.39999980E+00     0.60054141E+00     0.10231679E-01     0.10000000E+02    -0.15448974E+00     0.50000001E-01     0.50000001E-01     0.39401189E-02     120     0.10182067E-02
 0.49999887E+00     0.61299336E+00     0.10240224E-01     0.10000000E+02    -0.15467049E+00     0.50000001E-01     0.50000001E-01     0.39461004E-02     120     0.10182067E-02
 0.59999967E+00     0.62543195E+00     0.10249651E-01     0.10000000E+02    -0.15484694E+00     0.50000001E-01     0.50000001E-01     0.39529824E-02     120     0.10182067E-02
 0.69999880E+00     0.63786066E+00     0.10259616E-01     0.10000000E+02    -0.15501906E+00     0.50000001E-01     0.50000001E-01     0.39605214E-02     120     0.10182067E-02
 0.79999959E+00     0.65027010E+00     0.10270217E-01     0.10000000E+02    -0.15518768E+00     0.50000001E-01     0.50000001E-01     0.39689057E-02     121     0.15063530E-02
 0.89999866E+00     0.66266155E+00     0.10281778E-01     0.10000000E+02    -0.15535253E+00     0.50000001E-01     0.50000001E-01     0.39781267E-02     121     0.15063530E-02
 0.99999946E+00     0.67504323E+00     0.10293853E-01     0.10000000E+02    -0.15551317E+00     0.50000001E-01     0.50000001E-01     0.39879726E-02     121     0.15063530E-02
 0.10999986E+01     0.68741101E+00     0.10306492E-01     0.10000000E+02    -0.15567005E+00     0.50000001E-01     0.50000001E-01     0.39984793E-02     121     0.15063530E-02
 0.11999993E+01     0.69976246E+00     0.10319886E-01     0.10000000E+02    -0.15582295E+00     0.50000001E-01     0.50000001E-01     0.40097693E-02     121     0.15063530E-02
 0.12999984E+01     0.71209824E+00     0.10333818E-01     0.10000000E+02    -0.15597241E+00     0.50000001E-01     0.50000001E-01     0.40218639E-02     122     0.20985133E-02
 0.13999993E+01     0.72442198E+00     0.10348674E-01     0.10000000E+02    -0.15611745E+00     0.50000001E-01     0.50000001E-01     0.40347665E-02     122     0.20985133E-02
 0.14999983E+01     0.73672980E+00     0.10364053E-01     0.10000000E+02    -0.15625902E+00     0.50000001E-01     0.50000001E-01     0.40482567E-02     122     0.20985133E-02
 0.15999992E+01     0.74902338E+00     0.10379920E-01     0.10000000E+02    -0.15639670E+00     0.50000001E-01     0.50000001E-01     0.40623448E-02     122     0.20985133E-02
 0.16999999E+01     0.76129913E+00     0.10396764E-01     0.10000000E+02    -0.15653060E+00     0.50000001E-01     0.50000001E-01     0.40774019E-02     122     0.20985133E-02
 0.17999990E+01     0.77356261E+00     0.10413891E-01     0.10000000E+02    -0.15666038E+00     0.50000001E-01     0.50000001E-01     0.40930733E-02     123     0.27974360E-02
 0.18999999E+01     0.78581154E+00     0.10431943E-01     0.10000000E+02    -0.15678655E+00     0.50000001E-01     0.50000001E-01     0.41094986E-02     123     0.27974360E-02
 0.19999989E+01     0.79804271E+00     0.10450567E-01     0.10000000E+02    -0.15690960E+00     0.50000001E-01     0.50000001E-01     0.41265679E-02     123     0.27974360E-02
 0.20999997E+01     0.81025922E+00     0.10469808E-01     0.10000000E+02    -0.15702811E+00     0.50000001E-01     0.50000001E-01     0.41443533E-02     123     0.27974360E-02
 0.21999989E+01     0.82246053E+00     0.10489544E-01     0.10000000E+02    -0.15714334E+00     0.50000001E-01     0.50000001E-01     0.41627153E-02     123     0.27974360E-02
 0.22999997E+01     0.83464766E+00     0.10509855E-01     0.10000000E+02    -0.15725438E+00     0.50000001E-01     0.50000001E-01     0.41819070E-02     124     0.36052344E-02
 0.23999987E+01     0.84681398E+00     0.10531105E-01     0.10000000E+02    -0.15736236E+00     0.50000001E-01     0.50000001E-01     0.42018867E-02     124     0.36052344E-02
 0.24999995E+01     0.85897022E+00     0.10552795E-01     0.10000000E+02    -0.15746582E+00     0.50000001E-01     0.50000001E-01     0.42223856E-02     124     0.36052344E-02
 0.25999987E+01     0.87110776E+00     0.10575145E-01     0.10000000E+02    -0.15756565E+00     0.50000001E-01     0.50000001E-01     0.42436095E-02     124     0.36052344E-02
 0.26999993E+01     0.88322932E+00     0.10598075E-01     0.10000000E+02    -0.15766233E+00     0.50000001E-01     0.50000001E-01     0.42654788E-02     124     0.36052344E-02
 0.27999985E+01     0.89533430E+00     0.10621490E-01     0.10000000E+02    -0.15775453E+00     0.50000001E-01     0.50000001E-01     0.42881048E-02     125     0.45235301E-02
 0.28999994E+01     0.90742582E+00     0.10645883E-01     0.10000000E+02    -0.15784243E+00     0.50000001E-01     0.50000001E-01     0.43115658E-02     125     0.45235301E-02
 0.29999983E+01     0.91949654E+00     0.10670652E-01     0.10000000E+02    -0.15792792E+00     0.50000001E-01     0.50000001E-01     0.43354831E-02     125     0.45235301E-02
 0.30999992E+01     0.93155253E+00     0.10695765E-01     0.10000000E+02    -0.15800899E+00     0.50000001E-01     0.50000001E-01     0.43598618E-02     125     0.45235301E-02
 0.31999984E+01     0.94359297E+00     0.10721792E-01     0.10000000E+02    -0.15808591E+00     0.50000001E-01     0.50000001E-01     0.43851510E-02     125     0.45235301E-02
 0.32999990E+01     0.95561475E+00     0.10748357E-01     0.10000000E+02    -0.15815970E+00     0.50000001E-01     0.50000001E-01     0.44113318E-02     126     0.55540195E-02
 0.33999999E+01     0.96761900E+00     0.10775805E-01     0.10000000E+02    -0.15822935E+00     0.50000001E-01     0.50000001E-01     0.44381819E-02     126     0.55540195E-02
 0.34999990E+01     0.97961015E+00     0.10803411E-01     0.10000000E+02    -0.15829460E+00     0.50000001E-01     0.50000001E-01     0.44652978E-02     126     0.55540195E-02
 0.35999999E+01     0.99158227E+00     0.10831872E-01     0.10000000E+02    -0.15835619E+00     0.50000001E-01     0.50000001E-01     0.44933190E-02     126     0.55540195E-02
 0.36999989E+01     0.10035323E+01     0.10860911E-01     0.10000000E+02    -0.15841451E+00     0.50000001E-01     0.50000001E-01     0.45219804E-02     126     0.55540195E-02
 0.37999997E+01     0.10154688E+01     0.10890585E-01     0.10000000E+02    -0.15846810E+00     0.50000001E-01     0.50000001E-01     0.45516016E-02     127     0.66984380E-02
 0.38999987E+01     0.10273861E+01     0.10920812E-01     0.10000000E+02    -0.15851809E+00     0.50000001E-01     0.50000001E-01     0.45815995E-02     127     0.66984380E-02
 0.39999995E+01     0.10392822E+01     0.10951666E-01     0.10000000E+02    -0.15856479E+00     0.50000001E-01     0.50000001E-01     0.46122870E-02     127     0.66984380E-02
 0.40999985E+01     0.10511633E+01     0.10983138E-01     0.10000000E+02    -0.15860659E+00     0.50000001E-01     0.50000001E-01     0.46436582E-02     127     0.66984380E-02
 0.41999993E+01     0.10630273E+01     0.11015234E-01     0.10000000E+02    -0.15864407E+00     0.50000001E-01     0.50000001E-01     0.46757087E-02     127     0.66984380E-02
 0.42999988E+01     0.10748672E+01     0.11047873E-01     0.10000000E+02    -0.15867847E+00     0.50000001E-01     0.50000001E-01     0.47086622E-02     128     0.79589644E-02
 0.43999991E+01     0.10866907E+01     0.11081226E-01     0.10000000E+02    -0.15870872E+00     0.50000001E-01     0.50000001E-01     0.47421255E-02     128     0.79589644E-02
 0.44999986E+01     0.10984949E+01     0.11115211E-01     0.10000000E+02    -0.15873399E+00     0.50000001E-01     0.50000001E-01     0.47762422E-02     128     0.79589644E-02
 0.45999994E+01     0.11102794E+01     0.11149680E-01     0.10000000E+02    -0.15875591E+00     0.50000001E-01     0.50000001E-01     0.48109647E-02     128     0.79589644E-02
 0.47000003E+01     0.11220453E+01     0.11184774E-01     0.10000000E+02    -0.15877330E+00     0.50000001E-01     0.50000001E-01     0.48463908E-02     128     0.79589644E-02
 0.47999973E+01     0.11337887E+01     0.11220490E-01     0.10000000E+02    -0.15878735E+00     0.50000001E-01     0.50000001E-01     0.48824754E-02     128     0.79589644E-02
 0.48999982E+01     0.11455128E+01     0.11256867E-01     0.10000000E+02    -0.15879633E+00     0.50000001E-01     0.50000001E-01     0.49195834E-02     129     0.93380893E-02
 0.49999990E+01     0.11572194E+01     0.11293803E-01     0.10000000E+02    -0.15880117E+00     0.50000001E-01     0.50000001E-01     0.49570673E-02     129     0.93380893E-02
 0.50999999E+01     0.11688977E+01     0.11331497E-01     0.10000000E+02    -0.15880214E+00     0.50000001E-01     0.50000001E-01     0.49952916E-02     129     0.93380893E-02
 0.52000008E+01     0.11805613E+01     0.11369696E-01     0.10000000E+02    -0.15879828E+00     0.50000001E-01     0.50000001E-01     0.50341515E-02     129     0.93380893E-02
 0.52999978E+01     0.11922004E+01     0.11408495E-01     0.10000000E+02    -0.15879010E+00     0.50000001E-01     0.50000001E-01     0.50736861E-02     129     0.93380893E-02
 0.53999987E+01     0.12038211E+01     0.11447944E-01     0.10000000E+02    -0.15877764E+00     0.50000001E-01     0.50000001E-01     0.51142271E-02     130     0.10838998E-01
 0.54999995E+01     0.12154171E+01     0.11488019E-01     0.10000000E+02    -0.15876108E+00     0.50000001E-01     0.50000001E-01     0.51551899E-02     130     0.10838998E-01
 0.56000004E+01     0.12269888E+01     0.11528772E-01     0.10000000E+02    -0.15873973E+00     0.50000001E-01     0.50000001E-01     0.51968428E-02     130     0.10838998E-01
 0.56999979E+01     0.12385402E+01     0.11570021E-01     0.10000000E+02    -0.15871449E+00     0.50000001E-01     0.50000001E-01     0.52391239E-02     130     0.10838998E-01
 0.57999988E+01     0.12500676E+01     0.11612059E-01     0.10000000E+02    -0.15868382E+00     0.50000001E-01     0.50000001E-01     0.52822204E-02     130     0.10838998E-01
 0.58999996E+01     0.12615720E+01     0.11654663E-01     0.10000000E+02    -0.15864898E+00     0.50000001E-01     0.50000001E-01     0.53262915E-02     131     0.12465740E-01
 0.60000000E+01     0.12730573E+01     0.11697914E-01     0.10000000E+02    -0.15860876E+00     0.50000001E-01     0.50000001E-01     0.53707706E-02     131     0.12465740E-01
 0.60999975E+01     0.12845105E+01     0.11741719E-01     0.10000000E+02    -0.15856490E+00     0.50000001E-01     0.50000001E-01     0.54158750E-02     131     0.12465740E-01
 0.61999984E+01     0.12959427E+01     0.11786362E-01     0.10000000E+02    -0.15851520E+00     0.50000001E-01     0.50000001E-01     0.54618497E-02     131     0.12465740E-01
 0.62999992E+01     0.13073490E+01     0.11831501E-01     0.10000000E+02    -0.15846162E+00     0.50000001E-01     0.50000001E-01     0.55084415E-02     131     0.12465740E-01
 0.64000001E+01     0.13187343E+01     0.11877264E-01     0.10000000E+02    -0.15840252E+00     0.50000001E-01     0.50000001E-01     0.55557233E-02     131     0.12465740E-01
 0.65000010E+01     0.13300903E+01     0.11923783E-01     0.10000000E+02    -0.15833823E+00     0.50000001E-01     0.50000001E-01     0.56041367E-02     132     0.14223367E-01
 0.65999980E+01     0.13414158E+01     0.11971026E-01     0.10000000E+02    -0.15826902E+00     0.50000001E-01     0.50000001E-01     0.56530060E-02     132     0.14223367E-01
 0.66999989E+01     0.13527224E+01     0.12018741E-01     0.10000000E+02    -0.15819548E+00     0.50000001E-01     0.50000001E-01     0.57024709E-02     132     0.14223367E-01
 0.67999997E+01     0.13639978E+01     0.12067323E-01     0.10000000E+02    -0.15811583E+00     0.50000001E-01     0.50000001E-01     0.57527996E-02     132     0.14223367E-01
 0.69000006E+01     0.13752463E+01     0.12116402E-01     0.10000000E+02    -0.15803143E+00     0.50000001E-01     0.50000001E-01     0.58037960E-02     132     0.14223367E-01
 0.69999981E+01     0.13864651E+01     0.12166290E-01     0.10000000E+02    -0.15794143E+00     0.50000001E-01     0.50000001E-01     0.58559706E-02     133     0.16118005E-01
 0.70999990E+01     0.13976556E+01     0.12216815E-01     0.10000000E+02    -0.15784647E+00     0.50000001E-01     0.50000001E-01     0.59085051E-02     133     0.16118005E-01
 0.71999998E+01     0.14088203E+01     0.12268017E-01     0.10000000E+02    -0.15774541E+00     0.50000001E-01     0.50000001E-01     0.59618060E-02     133     0.16118005E-01
 0.73000002E+01     0.14199568E+01     0.12319769E-01     0.10000000E+02    -0.15763949E+00     0.50000001E-01     0.50000001E-01     0.60157906E-02     133     0.16118005E-01
 0.73999977E+01     0.14310567E+01     0.12372497E-01     0.10000000E+02    -0.15752696E+00     0.50000001E-01     0.50000001E-01     0.60707396E-02     133     0.16118005E-01
 0.74999986E+01     0.14421264E+01     0.12425802E-01     0.10000000E+02    -0.15740956E+00     0.50000001E-01     0.50000001E-01     0.61267330E-02     134     0.18157382E-01
 0.75999994E+01     0.14528898E+01     0.12498534E-01     0.10000000E+02    -0.15723757E+00     0.49253587E-01     0.50000001E-01     0.61972761E-02     134     0.18157382E-01
 0.77000003E+01     0.14627869E+01     0.12627750E-01     0.10000000E+02    -0.15691243E+00     0.45982860E-01     0.50000001E-01     0.63087349E-02     134     0.18157382E-01
 0.77999973E+01     0.14734883E+01     0.12700524E-01     0.10000000E+02    -0.15672992E+00     0.45199797E-01     0.50000001E-01     0.63798586E-02     134     0.18157382E-01
 0.78999982E+01     0.14841309E+01     0.12775200E-01     0.10000000E+02    -0.15653615E+00     0.44483732E-01     0.50000001E-01     0.64528976E-02     134     0.18157382E-01
 0.79999990E+01     0.14946705E+01     0.12855282E-01     0.10000000E+02    -0.15632337E+00     0.43753982E-01     0.50000001E-01     0.65304730E-02     134     0.18157382E-01
 0.81000004E+01     0.15051508E+01     0.12937233E-01     0.10000000E+02    -0.15609992E+00     0.43072347E-01     0.50000001E-01     0.66101728E-02     135     0.20350950E-01
 0.82000008E+01     0.15156058E+01     0.13018806E-01     0.10000000E+02    -0.15587191E+00     0.42334665E-01     0.50000001E-01     0.66894558E-02     135     0.20350950E-01
 0.82999983E+01     0.15260646E+01     0.13097648E-01     0.10000000E+02    -0.15564558E+00     0.41502319E-01     0.50000001E-01     0.67660538E-02     135     0.20350950E-01
 0.83999987E+01     0.15358793E+01     0.13215224E-01     0.10000000E+02    -0.15530542E+00     0.39309636E-01     0.50000001E-01     0.68738069E-02     135     0.20350950E-01
 0.85000000E+01     0.15461808E+01     0.13299447E-01     0.10000000E+02    -0.15505059E+00     0.38738064E-01     0.50000001E-01     0.69564288E-02     135     0.20350950E-01
 0.86000004E+01     0.15572662E+01     0.13333576E-01     0.10000000E+02    -0.15493380E+00     0.39748911E-01     0.50000001E-01     0.70002722E-02     135     0.20350950E-01
 0.86999979E+01     0.15666015E+01     0.13473029E-01     0.10000000E+02    -0.15450953E+00     0.37524298E-01     0.50000001E-01     0.71269735E-02     136     0.22710007E-01
 0.87999983E+01     0.15768353E+01     0.13555061E-01     0.10000000E+02    -0.15424232E+00     0.36938354E-01     0.50000001E-01     0.72083548E-02     136     0.22710007E-01
 0.88999996E+01     0.15870464E+01     0.13636499E-01     0.10000000E+02    -0.15397042E+00     0.36467887E-01     0.50000001E-01     0.72900262E-02     136     0.22710007E-01
 0.90000000E+01     0.15971606E+01     0.13721159E-01     0.10000000E+02    -0.15368243E+00     0.35943881E-01     0.50000001E-01     0.73747141E-02     136     0.22710007E-01
 0.90999975E+01     0.16072193E+01     0.13806568E-01     0.10000000E+02    -0.15338530E+00     0.35497323E-01     0.50000001E-01     0.74603963E-02     136     0.22710007E-01
 0.91999989E+01     0.16171581E+01     0.13896897E-01     0.10000000E+02    -0.15306559E+00     0.34998819E-01     0.50000001E-01     0.75505418E-02     136     0.22710007E-01
 0.92999992E+01     0.16261015E+01     0.14040993E-01     0.10000000E+02    -0.15257402E+00     0.33175305E-01     0.50000001E-01     0.76842848E-02     137     0.25248373E-01
 0.94000006E+01     0.16359494E+01     0.14130563E-01     0.10000000E+02    -0.15223892E+00     0.32706000E-01     0.50000001E-01     0.77742031E-02     137     0.25248373E-01
 0.94999971E+01     0.16457419E+01     0.14220661E-01     0.10000000E+02    -0.15189464E+00     0.32287963E-01     0.50000001E-01     0.78651030E-02     137     0.25248373E-01
 0.95999985E+01     0.16554497E+01     0.14312821E-01     0.10000000E+02    -0.15153547E+00     0.31871628E-01     0.50000001E-01     0.79581197E-02     137     0.25248373E-01
 0.96999989E+01     0.16650794E+01     0.14406480E-01     0.10000000E+02    -0.15116245E+00     0.31495355E-01     0.50000001E-01     0.80528669E-02     137     0.25248373E-01
 0.98000002E+01     0.16745695E+01     0.14504542E-01     0.10000000E+02    -0.15076488E+00     0.31079134E-01     0.50000001E-01     0.81516132E-02     137     0.25248373E-01
 0.99000006E+01     0.16839844E+01     0.14602119E-01     0.10000000E+02    -0.15035452E+00     0.30767299E-01     0.50000001E-01     0.82508121E-02     138     0.27982686E-01
 0.99999981E+01     0.16931571E+01     0.14707113E-01     0.10000000E+02    -0.14989859E+00     0.30360760E-01     0.50000001E-01     0.83561037E-02     138     0.27982686E-01
 0.10099998E+02     0.17021569E+01     0.14813370E-01     0.10000000E+02    -0.14941186E+00     0.29976333E-01     0.50000001E-01     0.84627159E-02     138     0.27982686E-01
 0.10200000E+02     0.17110081E+01     0.14919126E-01     0.10000000E+02    -0.14889614E+00     0.29606998E-01     0.50000001E-01     0.85692471E-02     138     0.27982686E-01
 0.10300000E+02     0.17190397E+01     0.15056442E-01     0.10000000E+02    -0.14823745E+00     0.28197702E-01     0.50000001E-01     0.87022446E-02     138     0.27982686E-01
 0.10399998E+02     0.17284149E+01     0.15126914E-01     0.10000000E+02    -0.14781263E+00     0.28843973E-01     0.50000001E-01     0.87805949E-02     138     0.27982686E-01
 0.10499999E+02     0.17362205E+01     0.15263849E-01     0.10000000E+02    -0.14711320E+00     0.27639354E-01     0.50000001E-01     0.89146644E-02     138     0.27982686E-01
 0.10599999E+02     0.17445717E+01     0.15372891E-01     0.10000000E+02    -0.14650756E+00     0.27345343E-01     0.50000001E-01     0.90264920E-02     139     0.30932982E-01
 0.10700000E+02     0.17527018E+01     0.15484182E-01     0.10000000E+02    -0.14586380E+00     0.27082505E-01     0.50000001E-01     0.91403397E-02     139     0.30932982E-01
 0.10799997E+02     0.17604551E+01     0.15604307E-01     0.10000000E+02    -0.14515182E+00     0.26728587E-01     0.50000001E-01     0.92622191E-02     139     0.30932982E-01
 0.10899999E+02     0.17682008E+01     0.15719624E-01     0.10000000E+02    -0.14443769E+00     0.26509218E-01     0.50000001E-01     0.93805250E-02     139     0.30932982E-01
 0.10999999E+02     0.17755990E+01     0.15845360E-01     0.10000000E+02    -0.14366564E+00     0.26164209E-01     0.50000001E-01     0.95083090E-02     139     0.30932982E-01
 0.11100000E+02     0.17827080E+01     0.15965715E-01     0.10000000E+02    -0.14283460E+00     0.25914790E-01     0.50000001E-01     0.96321870E-02     139     0.30932982E-01
 0.11200001E+02     0.17856747E+01     0.16076574E-01     0.10000000E+02    -0.14117262E+00     0.25714047E-01     0.50000001E-01     0.97506111E-02     139     0.30932982E-01
 0.11299998E+02     0.17886215E+01     0.16197329E-01     0.10000000E+02    -0.13951811E+00     0.25512388E-01     0.50000001E-01     0.98795872E-02     140     0.34123309E-01
 0.11399999E+02     0.17948543E+01     0.16338781E-01     0.10000000E+02    -0.13853385E+00     0.25221083E-01     0.50000001E-01     0.10026107E-01     140     0.34123309E-01
 0.11500000E+02     0.18015479E+01     0.16483435E-01     0.10000000E+02    -0.13764969E+00     0.25043558E-01     0.50000001E-01     0.10175962E-01     140     0.34123309E-01
 0.11600000E+02     0.18082302E+01     0.16638730E-01     0.10000000E+02    -0.13677363E+00     0.24724521E-01     0.50000001E-01     0.10335561E-01     140     0.34123309E-01
 0.11699998E+02     0.18152226E+01     0.16788168E-01     0.10000000E+02    -0.13596390E+00     0.24583165E-01     0.50000001E-01     0.10490341E-01     140     0.34123309E-01
 0.11799999E+02     0.18205892E+01     0.17002428E-01     0.10000000E+02    -0.13488442E+00     0.23598885E-01     0.50000001E-01     0.10704088E-01     140     0.34123309E-01
 0.11900000E+02     0.18270688E+01     0.17167980E-01     0.10000000E+02    -0.13399735E+00     0.23452632E-01     0.50000001E-01     0.10875033E-01     140     0.34123309E-01
 0.12000000E+02     0.18333317E+01     0.17346105E-01     0.10000000E+02    -0.13308643E+00     0.23202967E-01     0.50000001E-01     0.11057674E-01     140     0.34123309E-01
 0.12099998E+02     0.18396829E+01     0.17522756E-01     0.10000000E+02    -0.13219643E+00     0.23012597E-01     0.50000001E-01     0.11239838E-01     141     0.37582316E-01
 0.12199999E+02     0.18455529E+01     0.17713269E-01     0.10000000E+02    -0.13123299E+00     0.22722946E-01     0.50000001E-01     0.11435473E-01     141     0.37582316E-01
 0.12299999E+02     0.18515252E+01     0.17901231E-01     0.10000000E+02    -0.13029471E+00     0.22500282E-01     0.50000001E-01     0.11629401E-01     141     0.37582316E-01
 0.12400001E+02     0.18576232E+01     0.18088507E-01     0.10000000E+02    -0.12938851E+00     0.22297377E-01     0.50000001E-01     0.11822935E-01     141     0.37582316E-01
 0.12499997E+02     0.18635207E+01     0.18280694E-01     0.10000000E+02    -0.12845285E+00     0.22162357E-01     0.50000001E-01     0.12022778E-01     141     0.37582316E-01
 0.12599998E+02     0.18690472E+01     0.18486848E-01     0.10000000E+02    -0.12746952E+00     0.21930985E-01     0.50000001E-01     0.12235781E-01     141     0.37582316E-01
 0.12699999E+02     0.18748358E+01     0.18688371E-01     0.10000000E+02    -0.12654004E+00     0.21822689E-01     0.50000001E-01     0.12444850E-01     141     0.37582316E-01
 0.12800000E+02     0.18801303E+01     0.18909413E-01     0.10000000E+02    -0.12554175E+00     0.21598183E-01     0.50000001E-01     0.12673300E-01     141     0.37582316E-01
 0.12900001E+02     0.18852167E+01     0.19136626E-01     0.10000000E+02    -0.12452376E+00     0.21435393E-01     0.50000001E-01     0.12909254E-01     142     0.41344337E-01
 0.12999998E+02     0.18906525E+01     0.19357432E-01     0.10000000E+02    -0.12357212E+00     0.21384327E-01     0.50000001E-01     0.13138810E-01     142     0.41344337E-01
 0.13099999E+02     0.18951728E+01     0.19615913E-01     0.10000000E+02    -0.12249273E+00     0.21121390E-01     0.50000001E-01     0.13405206E-01     142     0.41344337E-01
 0.13200000E+02     0.18996224E+01     0.19877262E-01     0.10000000E+02    -0.12141969E+00     0.20938855E-01     0.50000001E-01     0.13675492E-01     142     0.41344337E-01
 0.13300000E+02     0.19043175E+01     0.20137791E-01     0.10000000E+02    -0.12040225E+00     0.20822570E-01     0.50000001E-01     0.13945128E-01     142     0.41344337E-01
 0.13399998E+02     0.19083807E+01     0.20420384E-01     0.10000000E+02    -0.11930233E+00     0.20715578E-01     0.50000001E-01     0.14237946E-01     142     0.41344337E-01
 0.13499999E+02     0.19123929E+01     0.20717716E-01     0.10000000E+02    -0.11822173E+00     0.20564778E-01     0.50000001E-01     0.14544906E-01     142     0.41344337E-01
 0.13599999E+02     0.19155674E+01     0.21049082E-01     0.10000000E+02    -0.11703990E+00     0.20349883E-01     0.50000001E-01     0.14886463E-01     142     0.41344337E-01
 0.13799997E+02     0.19221585E+01     0.21725867E-01     0.10000000E+02    -0.11478925E+00     0.20117875E-01     0.50000001E-01     0.15586659E-01     143     0.45449886E-01
 0.13899999E+02     0.19231846E+01     0.22186598E-01     0.10000000E+02    -0.11341593E+00     0.19427015E-01     0.50000001E-01     0.16056094E-01     143     0.45449886E-01
 0.13999999E+02     0.19256409E+01     0.22580283E-01     0.10000000E+02    -0.11226092E+00     0.19302657E-01     0.50000001E-01     0.16464209E-01     143     0.45449886E-01
 0.14100000E+02     0.19278917E+01     0.23002125E-01     0.10000000E+02    -0.11111461E+00     0.19149175E-01     0.50000001E-01     0.16899943E-01     143     0.45449886E-01
 0.14199998E+02     0.19297788E+01     0.23449445E-01     0.10000000E+02    -0.10996607E+00     0.19011013E-01     0.50000001E-01     0.17362164E-01     143     0.45449886E-01
 0.14299998E+02     0.19311725E+01     0.23934755E-01     0.10000000E+02    -0.10880320E+00     0.18950010E-01     0.50000001E-01     0.17864041E-01     143     0.45449886E-01
 0.14400000E+02     0.19318581E+01     0.24473323E-01     0.10000000E+02    -0.10761753E+00     0.18779337E-01     0.50000001E-01     0.18419728E-01     143     0.45449886E-01
 0.14500000E+02     0.19323992E+01     0.25040559E-01     0.10000000E+02    -0.10647783E+00     0.18709688E-01     0.50000001E-01     0.19005656E-01     143     0.45449886E-01
 0.14600000E+02     0.19324110E+01     0.25660666E-01     0.10000000E+02    -0.10534956E+00     0.18657966E-01     0.50000001E-01     0.19646075E-01     143     0.45449886E-01
 0.14699998E+02     0.19315237E+01     0.26361106E-01     0.10000000E+02    -0.10422126E+00     0.18581137E-01     0.50000001E-01     0.20368792E-01     143     0.45449886E-01
 0.14799999E+02     0.19292637E+01     0.27182357E-01     0.10000000E+02    -0.10307769E+00     0.18437183E-01     0.50000001E-01     0.21214683E-01     143     0.45449886E-01
 0.14900000E+02     0.19265964E+01     0.28072495E-01     0.10000000E+02    -0.10202091E+00     0.18397667E-01     0.50000001E-01     0.22132237E-01     143     0.45449886E-01
 0.15000001E+02     0.19377711E+01     0.28503288E-01     0.10000000E+02    -0.10324416E+00     0.18212143E-01     0.41234761E+00     0.22931391E-01     144     0.49946301E-01
 0.15099998E+02     0.19329264E+01     0.29646553E-01     0.10000000E+02    -0.10226546E+00     0.18159170E-01     0.41255879E+00     0.24107739E-01     144     0.49946301E-01
 0.15199999E+02     0.19269189E+01     0.30948117E-01     0.10000000E+02    -0.10140876E+00     0.18136483E-01     0.41279525E+00     0.25446869E-01     144     0.49946301E-01
 0.15299999E+02     0.19182570E+01     0.32555263E-01     0.10000000E+02    -0.10065687E+00     0.18063582E-01     0.41291529E+00     0.27098075E-01     144     0.49946301E-01
 0.15400001E+02     0.19077585E+01     0.34436990E-01     0.10000000E+02    -0.10011663E+00     0.18069366E-01     0.41326234E+00     0.29031340E-01     144     0.49946301E-01
 0.15499998E+02     0.18933319E+01     0.36826991E-01     0.10000000E+02    -0.99834114E-01     0.18063653E-01     0.41336572E+00     0.31484272E-01     144     0.49946301E-01
 0.15599998E+02     0.18748697E+01     0.39805852E-01     0.10000000E+02    -0.99906169E-01     0.18060084E-01     0.41333079E+00     0.34538165E-01     144     0.49946301E-01
 0.15699999E+02     0.18258593E+01     0.45461487E-01     0.10000000E+02    -0.99022970E-01     0.18243197E-01     0.50000001E-01     0.39966982E-01     143     0.45449886E-01
 0.15800000E+02     0.17903219E+01     0.50808445E-01     0.10000000E+02    -0.10032768E+00     0.18343523E-01     0.50000001E-01     0.45429979E-01     143     0.45449886E-01
 0.16200001E+02     0.15854454E+01     0.78897029E-01     0.10000000E+02    -0.10849945E+00     0.19871393E-01     0.50000001E-01     0.74067757E-01     142     0.41344337E-01
 0.16300001E+02     0.15551298E+01     0.83506972E-01     0.10000000E+02    -0.11027519E+00     0.19487565E-01     0.50000001E-01     0.78750782E-01     142     0.41344337E-01
 0.16399998E+02     0.15341469E+01     0.87252073E-01     0.10000000E+02    -0.11191551E+00     0.19379312E-01     0.50000001E-01     0.82556546E-01     142     0.41344337E-01
 0.16499998E+02     0.15169514E+01     0.90665318E-01     0.10000000E+02    -0.11355796E+00     0.19361753E-01     0.50000001E-01     0.86024232E-01     142     0.41344337E-01
 0.16600000E+02     0.15115236E+01     0.92498116E-01     0.10000000E+02    -0.11431226E+00     0.19360676E-01     0.50000001E-01     0.87883450E-01     142     0.41344337E-01
 0.16700001E+02     0.14987555E+01     0.95503375E-01     0.10000000E+02    -0.11591282E+00     0.19526292E-01     0.50000001E-01     0.90935990E-01     142     0.41344337E-01
 0.16799997E+02     0.14881912E+01     0.98264769E-01     0.10000000E+02    -0.11740284E+00     0.19383810E-01     0.50000001E-01     0.93736768E-01     142     0.41344337E-01
 0.16900000E+02     0.14836595E+01     0.10014940E+00     0.10000000E+02    -0.11838197E+00     0.19332288E-01     0.50000001E-01     0.95648788E-01     142     0.41344337E-01
 0.17000000E+02     0.14794389E+01     0.10199122E+00     0.10000000E+02    -0.11933406E+00     0.19081576E-01     0.50000001E-01     0.97513489E-01     142     0.41344337E-01
