  
       RFOIL         Version 3.00
  
 Calculated polar for: OSO_2025_WT2_T30                
  
 1  Reynolds number fixed
  
 xtrf =      0.05000000 (suction)     0.05000000 (pressure)
 Rot. Parameters:  f0 =      1.00000000 c/r =      0.00000000
 Mach =      0.00000000     Re =      6.00000000 e 6     Ncrit =      3.00000000
  
             alpha                CL                CD            Re(CL)                CM             S_xtr             P_xtr               CDp            I_stag            X_stag
  ------- -------- --------- --------- -------- ------- ------- -------- 
-0.23900000E+02    -0.90904701E+00     0.16731437E+00     0.60000000E+01     0.11071903E-01     0.59356707E+00     0.43176085E-01     0.16367884E+00      87     0.64913616E-01
-0.23300001E+02    -0.88855535E+00     0.16215825E+00     0.60000000E+01     0.54286928E-02     0.56821799E+00     0.44881538E-01     0.15842827E+00      88     0.58372140E-01
-0.23200001E+02    -0.88527602E+00     0.16147259E+00     0.60000000E+01     0.46661692E-02     0.56825083E+00     0.45747645E-01     0.15774502E+00      88     0.58372140E-01
-0.23100000E+02    -0.87964934E+00     0.16081883E+00     0.60000000E+01     0.38257623E-02     0.53938884E+00     0.45349691E-01     0.15700218E+00      88     0.58372140E-01
-0.23000002E+02    -0.87576491E+00     0.16019504E+00     0.60000000E+01     0.32048444E-02     0.54746139E+00     0.45637235E-01     0.15639547E+00      88     0.58372140E-01
-0.22900002E+02    -0.87208152E+00     0.15942495E+00     0.60000000E+01     0.23052357E-02     0.53634858E+00     0.46780586E-01     0.15559547E+00      88     0.58372140E-01
-0.22800001E+02    -0.86714393E+00     0.15874672E+00     0.60000000E+01     0.15452992E-02     0.53500158E+00     0.46220645E-01     0.15490273E+00      88     0.58372140E-01
-0.22700001E+02    -0.86454260E+00     0.15770529E+00     0.60000000E+01     0.51722385E-03     0.53135788E+00     0.47112089E-01     0.15384749E+00      88     0.58372140E-01
-0.22600002E+02    -0.86309707E+00     0.15647873E+00     0.60000000E+01    -0.55317336E-03     0.53049046E+00     0.47918301E-01     0.15261327E+00      88     0.58372140E-01
-0.22500000E+02    -0.85701185E+00     0.15594050E+00     0.60000000E+01    -0.12800065E-02     0.53588539E+00     0.46987653E-01     0.15207331E+00      89     0.52287284E-01
-0.22400002E+02    -0.85398489E+00     0.15515700E+00     0.60000000E+01    -0.21004924E-02     0.52455354E+00     0.48087426E-01     0.15126581E+00      89     0.52287284E-01
-0.22300001E+02    -0.85036904E+00     0.15444374E+00     0.60000000E+01    -0.28533693E-02     0.52330959E+00     0.48721157E-01     0.15055057E+00      89     0.52287284E-01
-0.22200001E+02    -0.84524536E+00     0.15388089E+00     0.60000000E+01    -0.35770978E-02     0.52959770E+00     0.48511993E-01     0.15000042E+00      89     0.52287284E-01
-0.22100000E+02    -0.84075207E+00     0.15323333E+00     0.60000000E+01    -0.43372628E-02     0.52003002E+00     0.48772004E-01     0.14932090E+00      89     0.52287284E-01
-0.22000000E+02    -0.83540636E+00     0.15255609E+00     0.60000000E+01    -0.50381594E-02     0.51807088E+00     0.48568141E-01     0.14862774E+00      89     0.52287284E-01
-0.21900002E+02    -0.83219010E+00     0.15176398E+00     0.60000000E+01    -0.58149681E-02     0.52110851E+00     0.49098175E-01     0.14784381E+00      89     0.52287284E-01
-0.21800001E+02    -0.82775879E+00     0.15101396E+00     0.60000000E+01    -0.65825554E-02     0.51491529E+00     0.49084753E-01     0.14707047E+00      89     0.52287284E-01
-0.21600000E+02    -0.82211047E+00     0.14897311E+00     0.60000000E+01    -0.83755096E-02     0.50533921E+00     0.50000001E-01     0.14498900E+00      89     0.52287284E-01
-0.21500002E+02    -0.81723499E+00     0.14846666E+00     0.60000000E+01    -0.90196580E-02     0.50746959E+00     0.50000001E-01     0.14448231E+00      89     0.52287284E-01
-0.21400000E+02    -0.81223488E+00     0.14779310E+00     0.60000000E+01    -0.97470032E-02     0.50718504E+00     0.50000001E-01     0.14380221E+00      89     0.52287284E-01
-0.21300001E+02    -0.80533069E+00     0.14678802E+00     0.60000000E+01    -0.10705626E-01     0.50000001E-01     0.50000001E-01     0.14202923E+00      90     0.46679072E-01
-0.21200001E+02    -0.80027038E+00     0.14619856E+00     0.60000000E+01    -0.11397583E-01     0.50000001E-01     0.50000001E-01     0.14142975E+00      90     0.46679072E-01
-0.21100002E+02    -0.79535508E+00     0.14558223E+00     0.60000000E+01    -0.12038255E-01     0.50000001E-01     0.50000001E-01     0.14080301E+00      90     0.46679072E-01
-0.21000000E+02    -0.79062408E+00     0.14493622E+00     0.60000000E+01    -0.12670830E-01     0.50000001E-01     0.50000001E-01     0.14014727E+00      90     0.46679072E-01
-0.20900000E+02    -0.78576136E+00     0.14422530E+00     0.60000000E+01    -0.13383931E-01     0.50000001E-01     0.50000001E-01     0.13942428E+00      90     0.46679072E-01
-0.20800001E+02    -0.78217095E+00     0.14332461E+00     0.60000000E+01    -0.14185082E-01     0.50000001E-01     0.50000001E-01     0.13851039E+00      90     0.46679072E-01
-0.20700003E+02    -0.77892554E+00     0.14229342E+00     0.60000000E+01    -0.15090477E-01     0.50000001E-01     0.50000001E-01     0.13746351E+00      90     0.46679072E-01
-0.20600000E+02    -0.77415860E+00     0.14160191E+00     0.60000000E+01    -0.15763920E-01     0.50000001E-01     0.50000001E-01     0.13676067E+00      90     0.46679072E-01
-0.20500000E+02    -0.76903003E+00     0.14098150E+00     0.60000000E+01    -0.16429622E-01     0.50000001E-01     0.50000001E-01     0.13613035E+00      90     0.46679072E-01
-0.20400002E+02    -0.76388663E+00     0.14040597E+00     0.60000000E+01    -0.17010037E-01     0.50000001E-01     0.50000001E-01     0.13554515E+00      90     0.46679072E-01
-0.20300001E+02    -0.75887752E+00     0.13981141E+00     0.60000000E+01    -0.17650647E-01     0.50000001E-01     0.50000001E-01     0.13494113E+00      90     0.46679072E-01
-0.20200001E+02    -0.75374514E+00     0.13919167E+00     0.60000000E+01    -0.18275641E-01     0.50000001E-01     0.50000001E-01     0.13431133E+00      90     0.46679072E-01
-0.20100000E+02    -0.74869603E+00     0.13856460E+00     0.60000000E+01    -0.18887719E-01     0.50000001E-01     0.50000001E-01     0.13367423E+00      91     0.41550286E-01
-0.20000002E+02    -0.74349600E+00     0.13792081E+00     0.60000000E+01    -0.19560676E-01     0.50000001E-01     0.50000001E-01     0.13302004E+00      91     0.41550286E-01
-0.19900000E+02    -0.73875910E+00     0.13724259E+00     0.60000000E+01    -0.20178305E-01     0.50000001E-01     0.50000001E-01     0.13233106E+00      91     0.41550286E-01
-0.19800001E+02    -0.73422849E+00     0.13649406E+00     0.60000000E+01    -0.20852111E-01     0.50000001E-01     0.50000001E-01     0.13157110E+00      91     0.41550286E-01
-0.19700001E+02    -0.73126274E+00     0.13542356E+00     0.60000000E+01    -0.21710632E-01     0.50000001E-01     0.50000001E-01     0.13048461E+00      91     0.41550286E-01
-0.19600000E+02    -0.72650540E+00     0.13468345E+00     0.60000000E+01    -0.22402458E-01     0.50000001E-01     0.50000001E-01     0.12973325E+00      91     0.41550286E-01
-0.19500000E+02    -0.72154820E+00     0.13408275E+00     0.60000000E+01    -0.22961589E-01     0.50000001E-01     0.50000001E-01     0.12912288E+00      91     0.41550286E-01
-0.19400002E+02    -0.71637291E+00     0.13347723E+00     0.60000000E+01    -0.23531310E-01     0.50000001E-01     0.50000001E-01     0.12850805E+00      91     0.41550286E-01
-0.19300001E+02    -0.71108401E+00     0.13287553E+00     0.60000000E+01    -0.24138678E-01     0.50000001E-01     0.50000001E-01     0.12789641E+00      91     0.41550286E-01
-0.19200001E+02    -0.70587653E+00     0.13226292E+00     0.60000000E+01    -0.24714541E-01     0.50000001E-01     0.50000001E-01     0.12727465E+00      92     0.36888096E-01
-0.19100000E+02    -0.70059490E+00     0.13165365E+00     0.60000000E+01    -0.25320901E-01     0.50000001E-01     0.50000001E-01     0.12665582E+00      92     0.36888096E-01
-0.19000002E+02    -0.69541496E+00     0.13103950E+00     0.60000000E+01    -0.25872869E-01     0.50000001E-01     0.50000001E-01     0.12603213E+00      92     0.36888096E-01
-0.18900002E+02    -0.69053066E+00     0.13035285E+00     0.60000000E+01    -0.26477106E-01     0.50000001E-01     0.50000001E-01     0.12533541E+00      92     0.36888096E-01
-0.18800001E+02    -0.68571323E+00     0.12971002E+00     0.60000000E+01    -0.27084751E-01     0.50000001E-01     0.50000001E-01     0.12468185E+00      92     0.36888096E-01
-0.18700001E+02    -0.68147469E+00     0.12884082E+00     0.60000000E+01    -0.27756136E-01     0.50000001E-01     0.50000001E-01     0.12380101E+00      92     0.36888096E-01
-0.18600000E+02    -0.67799896E+00     0.12784553E+00     0.60000000E+01    -0.28551186E-01     0.50000001E-01     0.50000001E-01     0.12279062E+00      92     0.36888096E-01
-0.18500002E+02    -0.67300826E+00     0.12726466E+00     0.60000000E+01    -0.29058067E-01     0.50000001E-01     0.50000001E-01     0.12220046E+00      92     0.36888096E-01
-0.18400000E+02    -0.66748369E+00     0.12662296E+00     0.60000000E+01    -0.29643955E-01     0.50000001E-01     0.50000001E-01     0.12154900E+00      92     0.36888096E-01
-0.18300001E+02    -0.66230226E+00     0.12600107E+00     0.60000000E+01    -0.30178796E-01     0.50000001E-01     0.50000001E-01     0.12091845E+00      92     0.36888096E-01
-0.18200001E+02    -0.65683651E+00     0.12541211E+00     0.60000000E+01    -0.30750688E-01     0.50000001E-01     0.50000001E-01     0.12031972E+00      93     0.32668442E-01
-0.18100002E+02    -0.65164495E+00     0.12479310E+00     0.60000000E+01    -0.31266920E-01     0.50000001E-01     0.50000001E-01     0.11969179E+00      93     0.32668442E-01
-0.18000000E+02    -0.64641041E+00     0.12420820E+00     0.60000000E+01    -0.31762011E-01     0.50000001E-01     0.50000001E-01     0.11909798E+00      93     0.32668442E-01
-0.17900000E+02    -0.64116508E+00     0.12356651E+00     0.60000000E+01    -0.32320898E-01     0.50000001E-01     0.50000001E-01     0.11844712E+00      93     0.32668442E-01
-0.17800001E+02    -0.63597685E+00     0.12291229E+00     0.60000000E+01    -0.32891791E-01     0.50000001E-01     0.50000001E-01     0.11778282E+00      93     0.32668442E-01
-0.17700001E+02    -0.63134199E+00     0.12214953E+00     0.60000000E+01    -0.33469938E-01     0.50000001E-01     0.50000001E-01     0.11700971E+00      93     0.32668442E-01
-0.17600000E+02    -0.62808645E+00     0.12109377E+00     0.60000000E+01    -0.34215640E-01     0.50000001E-01     0.50000001E-01     0.11593907E+00      93     0.32668442E-01
-0.17500000E+02    -0.62341845E+00     0.12040638E+00     0.60000000E+01    -0.34753911E-01     0.50000001E-01     0.50000001E-01     0.11524165E+00      93     0.32668442E-01
-0.17400002E+02    -0.61804903E+00     0.11979914E+00     0.60000000E+01    -0.35258185E-01     0.50000001E-01     0.50000001E-01     0.11462516E+00      93     0.32668442E-01
-0.17300001E+02    -0.61254817E+00     0.11920334E+00     0.60000000E+01    -0.35783306E-01     0.50000001E-01     0.50000001E-01     0.11402026E+00      94     0.28860003E-01
-0.17200001E+02    -0.60716659E+00     0.11860706E+00     0.60000000E+01    -0.36273614E-01     0.50000001E-01     0.50000001E-01     0.11341526E+00      94     0.28860003E-01
-0.17100000E+02    -0.60165387E+00     0.11800514E+00     0.60000000E+01    -0.36789078E-01     0.50000001E-01     0.50000001E-01     0.11280444E+00      94     0.28860003E-01
-0.17000002E+02    -0.59633535E+00     0.11740357E+00     0.60000000E+01    -0.37265133E-01     0.50000001E-01     0.50000001E-01     0.11219443E+00      94     0.28860003E-01
-0.16900000E+02    -0.59094441E+00     0.11678487E+00     0.60000000E+01    -0.37773382E-01     0.50000001E-01     0.50000001E-01     0.11156724E+00      94     0.28860003E-01
-0.16800001E+02    -0.58564359E+00     0.11613873E+00     0.60000000E+01    -0.38301717E-01     0.50000001E-01     0.50000001E-01     0.11091176E+00      94     0.28860003E-01
-0.16700001E+02    -0.58090472E+00     0.11542809E+00     0.60000000E+01    -0.38818143E-01     0.50000001E-01     0.50000001E-01     0.11019114E+00      94     0.28860003E-01
-0.16600000E+02    -0.57702607E+00     0.11447298E+00     0.60000000E+01    -0.39466448E-01     0.50000001E-01     0.50000001E-01     0.10922264E+00      94     0.28860003E-01
-0.16500000E+02    -0.57281750E+00     0.11366160E+00     0.60000000E+01    -0.40027902E-01     0.50000001E-01     0.50000001E-01     0.10839977E+00      94     0.28860003E-01
-0.16400002E+02    -0.56735772E+00     0.11304868E+00     0.60000000E+01    -0.40519297E-01     0.50000001E-01     0.50000001E-01     0.10777797E+00      95     0.25427796E-01
-0.16300001E+02    -0.56187379E+00     0.11244529E+00     0.60000000E+01    -0.40994175E-01     0.50000001E-01     0.50000001E-01     0.10716598E+00      95     0.25427796E-01
-0.16200001E+02    -0.55639887E+00     0.11185759E+00     0.60000000E+01    -0.41440710E-01     0.50000001E-01     0.50000001E-01     0.10657014E+00      95     0.25427796E-01
-0.16100000E+02    -0.55088902E+00     0.11125158E+00     0.60000000E+01    -0.41916847E-01     0.50000001E-01     0.50000001E-01     0.10595608E+00      95     0.25427796E-01
-0.16000002E+02    -0.54541433E+00     0.11067455E+00     0.60000000E+01    -0.42346232E-01     0.50000001E-01     0.50000001E-01     0.10537068E+00      95     0.25427796E-01
-0.15900001E+02    -0.54003298E+00     0.11005636E+00     0.60000000E+01    -0.42800505E-01     0.50000001E-01     0.50000001E-01     0.10474438E+00      95     0.25427796E-01
-0.15800000E+02    -0.53448290E+00     0.10942794E+00     0.60000000E+01    -0.43301966E-01     0.50000001E-01     0.50000001E-01     0.10410728E+00      95     0.25427796E-01
-0.15700001E+02    -0.52938151E+00     0.10878905E+00     0.60000000E+01    -0.43740731E-01     0.50000001E-01     0.50000001E-01     0.10345960E+00      95     0.25427796E-01
-0.15600002E+02    -0.52492487E+00     0.10799427E+00     0.60000000E+01    -0.44268358E-01     0.50000001E-01     0.50000001E-01     0.10265385E+00      95     0.25427796E-01
-0.15500001E+02    -0.52138883E+00     0.10698954E+00     0.60000000E+01    -0.44899318E-01     0.50000001E-01     0.50000001E-01     0.10163487E+00      96     0.22336682E-01
-0.15400001E+02    -0.51609123E+00     0.10636392E+00     0.60000000E+01    -0.45326516E-01     0.50000001E-01     0.50000001E-01     0.10100122E+00      96     0.22336682E-01
-0.15300001E+02    -0.51052082E+00     0.10576803E+00     0.60000000E+01    -0.45770172E-01     0.50000001E-01     0.50000001E-01     0.10039718E+00      96     0.22336682E-01
-0.15200001E+02    -0.50496638E+00     0.10517528E+00     0.60000000E+01    -0.46192411E-01     0.50000001E-01     0.50000001E-01     0.99796571E-01      96     0.22336682E-01
-0.15100001E+02    -0.49932322E+00     0.10458146E+00     0.60000000E+01    -0.46625167E-01     0.50000001E-01     0.50000001E-01     0.99194661E-01      96     0.22336682E-01
-0.15000001E+02    -0.49372503E+00     0.10396754E+00     0.60000000E+01    -0.47059458E-01     0.50000001E-01     0.50000001E-01     0.98573096E-01      96     0.22336682E-01
-0.14900000E+02    -0.48824945E+00     0.10339546E+00     0.60000000E+01    -0.47465689E-01     0.50000001E-01     0.50000001E-01     0.97993076E-01      96     0.22336682E-01
-0.14800000E+02    -0.48266652E+00     0.10275340E+00     0.60000000E+01    -0.47897093E-01     0.50000001E-01     0.50000001E-01     0.97343095E-01      96     0.22336682E-01
-0.14700002E+02    -0.47741050E+00     0.10215047E+00     0.60000000E+01    -0.48320048E-01     0.50000001E-01     0.50000001E-01     0.96731097E-01      97     0.19552818E-01
-0.14600000E+02    -0.47259039E+00     0.10142238E+00     0.60000000E+01    -0.48780650E-01     0.50000001E-01     0.50000001E-01     0.95993482E-01      97     0.19552818E-01
-0.14500000E+02    -0.46840259E+00     0.10056937E+00     0.60000000E+01    -0.49300179E-01     0.50000001E-01     0.50000001E-01     0.95129080E-01      97     0.19552818E-01
-0.14400001E+02    -0.46394390E+00     0.99763408E-01     0.60000000E+01    -0.49788620E-01     0.50000001E-01     0.50000001E-01     0.94312415E-01      97     0.19552818E-01
-0.14300001E+02    -0.45845246E+00     0.99116012E-01     0.60000000E+01    -0.50188426E-01     0.50000001E-01     0.50000001E-01     0.93657300E-01      97     0.19552818E-01
-0.14200001E+02    -0.45266807E+00     0.98542765E-01     0.60000000E+01    -0.50599311E-01     0.50000001E-01     0.50000001E-01     0.93076512E-01      97     0.19552818E-01
-0.14100001E+02    -0.44703978E+00     0.97987257E-01     0.60000000E+01    -0.50974499E-01     0.50000001E-01     0.50000001E-01     0.92513673E-01      97     0.19552818E-01
-0.14000001E+02    -0.44141597E+00     0.97384840E-01     0.60000000E+01    -0.51361829E-01     0.50000001E-01     0.50000001E-01     0.91903828E-01      97     0.19552818E-01
-0.13900002E+02    -0.43580750E+00     0.96794933E-01     0.60000000E+01    -0.51742814E-01     0.50000001E-01     0.50000001E-01     0.91306053E-01      98     0.17045036E-01
-0.13800001E+02    -0.43021825E+00     0.96189961E-01     0.60000000E+01    -0.52139070E-01     0.50000001E-01     0.50000001E-01     0.90693593E-01      98     0.17045036E-01
-0.13700001E+02    -0.42483974E+00     0.95580727E-01     0.60000000E+01    -0.52503347E-01     0.50000001E-01     0.50000001E-01     0.90076603E-01      98     0.17045036E-01
-0.13600001E+02    -0.41973004E+00     0.94918139E-01     0.60000000E+01    -0.52929252E-01     0.50000001E-01     0.50000001E-01     0.89404978E-01      98     0.17045036E-01
-0.13500001E+02    -0.41589499E+00     0.94004288E-01     0.60000000E+01    -0.53432286E-01     0.50000001E-01     0.50000001E-01     0.88479258E-01      98     0.17045036E-01
-0.13400001E+02    -0.41129735E+00     0.93217030E-01     0.60000000E+01    -0.53865258E-01     0.50000001E-01     0.50000001E-01     0.87682150E-01      98     0.17045036E-01
-0.13300000E+02    -0.40562192E+00     0.92643388E-01     0.60000000E+01    -0.54234788E-01     0.50000001E-01     0.50000001E-01     0.87101348E-01      98     0.17045036E-01
-0.13200001E+02    -0.39992550E+00     0.92066363E-01     0.60000000E+01    -0.54598100E-01     0.50000001E-01     0.50000001E-01     0.86516656E-01      99     0.14785348E-01
-0.13100000E+02    -0.39421809E+00     0.91490254E-01     0.60000000E+01    -0.54956023E-01     0.50000001E-01     0.50000001E-01     0.85933581E-01      99     0.14785348E-01
-0.13000001E+02    -0.38852417E+00     0.90920471E-01     0.60000000E+01    -0.55295773E-01     0.50000001E-01     0.50000001E-01     0.85356802E-01      99     0.14785348E-01
-0.12900001E+02    -0.38280857E+00     0.90338722E-01     0.60000000E+01    -0.55662464E-01     0.50000001E-01     0.50000001E-01     0.84767863E-01      99     0.14785348E-01
-0.12800001E+02    -0.37712950E+00     0.89753233E-01     0.60000000E+01    -0.56017775E-01     0.50000001E-01     0.50000001E-01     0.84175311E-01      99     0.14785348E-01
-0.12700001E+02    -0.37172213E+00     0.89134552E-01     0.60000000E+01    -0.56368813E-01     0.50000001E-01     0.50000001E-01     0.83549067E-01      99     0.14785348E-01
-0.12600001E+02    -0.36650220E+00     0.88457391E-01     0.60000000E+01    -0.56760516E-01     0.50000001E-01     0.50000001E-01     0.82863592E-01      99     0.14785348E-01
-0.12500001E+02    -0.36235383E+00     0.87612964E-01     0.60000000E+01    -0.57191942E-01     0.50000001E-01     0.50000001E-01     0.82008436E-01      99     0.14785348E-01
-0.12400002E+02    -0.35793981E+00     0.86808108E-01     0.60000000E+01    -0.57619784E-01     0.50000001E-01     0.50000001E-01     0.81193015E-01     100     0.12748995E-01
-0.12300001E+02    -0.35228449E+00     0.86240709E-01     0.60000000E+01    -0.57937432E-01     0.50000001E-01     0.50000001E-01     0.80618843E-01     100     0.12748995E-01
-0.12200001E+02    -0.34658751E+00     0.85665055E-01     0.60000000E+01    -0.58265232E-01     0.50000001E-01     0.50000001E-01     0.80036387E-01     100     0.12748995E-01
-0.12100001E+02    -0.34072915E+00     0.85108764E-01     0.60000000E+01    -0.58613598E-01     0.50000001E-01     0.50000001E-01     0.79473354E-01     100     0.12748995E-01
-0.12000000E+02    -0.33499581E+00     0.84536605E-01     0.60000000E+01    -0.58920894E-01     0.50000001E-01     0.50000001E-01     0.78894630E-01     100     0.12748995E-01
-0.11900001E+02    -0.32928216E+00     0.83967946E-01     0.60000000E+01    -0.59235882E-01     0.50000001E-01     0.50000001E-01     0.78319281E-01     100     0.12748995E-01
-0.11800000E+02    -0.32363069E+00     0.83385825E-01     0.60000000E+01    -0.59554338E-01     0.50000001E-01     0.50000001E-01     0.77730387E-01     100     0.12748995E-01
-0.11700001E+02    -0.31806323E+00     0.82773454E-01     0.60000000E+01    -0.59896816E-01     0.50000001E-01     0.50000001E-01     0.77110484E-01     101     0.10914493E-01
-0.11600000E+02    -0.31301376E+00     0.82092248E-01     0.60000000E+01    -0.60240466E-01     0.50000001E-01     0.50000001E-01     0.76421022E-01     101     0.10914493E-01
-0.11500001E+02    -0.30933210E+00     0.81181698E-01     0.60000000E+01    -0.60666353E-01     0.50000001E-01     0.50000001E-01     0.75498983E-01     101     0.10914493E-01
-0.11400001E+02    -0.30424431E+00     0.80499239E-01     0.60000000E+01    -0.61013360E-01     0.50000001E-01     0.50000001E-01     0.74808232E-01     101     0.10914493E-01
-0.11300001E+02    -0.29851434E+00     0.79936162E-01     0.60000000E+01    -0.61313778E-01     0.50000001E-01     0.50000001E-01     0.74238755E-01     101     0.10914493E-01
-0.11200001E+02    -0.29274577E+00     0.79379171E-01     0.60000000E+01    -0.61605215E-01     0.50000001E-01     0.50000001E-01     0.73675469E-01     101     0.10914493E-01
-0.11100001E+02    -0.28690377E+00     0.78825675E-01     0.60000000E+01    -0.61905898E-01     0.50000001E-01     0.50000001E-01     0.73115639E-01     101     0.10914493E-01
-0.11000001E+02    -0.28108701E+00     0.78269944E-01     0.60000000E+01    -0.62201936E-01     0.50000001E-01     0.50000001E-01     0.72553374E-01     102     0.92633720E-02
-0.10900001E+02    -0.27532929E+00     0.77716298E-01     0.60000000E+01    -0.62492184E-01     0.50000001E-01     0.50000001E-01     0.71993478E-01     102     0.92633720E-02
-0.10800001E+02    -0.26968515E+00     0.77139378E-01     0.60000000E+01    -0.62788509E-01     0.50000001E-01     0.50000001E-01     0.71409874E-01     102     0.92633720E-02
-0.10700001E+02    -0.26425019E+00     0.76507874E-01     0.60000000E+01    -0.63096397E-01     0.50000001E-01     0.50000001E-01     0.70771247E-01     102     0.92633720E-02
-0.10600001E+02    -0.25955650E+00     0.75775623E-01     0.60000000E+01    -0.63432068E-01     0.50000001E-01     0.50000001E-01     0.70030175E-01     102     0.92633720E-02
-0.10500001E+02    -0.25588381E+00     0.74893691E-01     0.60000000E+01    -0.63822418E-01     0.50000001E-01     0.50000001E-01     0.69136925E-01     102     0.92633720E-02
-0.10400002E+02    -0.25019228E+00     0.74317455E-01     0.60000000E+01    -0.64094864E-01     0.50000001E-01     0.50000001E-01     0.68554409E-01     102     0.92633720E-02
-0.10300000E+02    -0.24438316E+00     0.73767029E-01     0.60000000E+01    -0.64368621E-01     0.50000001E-01     0.50000001E-01     0.67997694E-01     103     0.77798865E-02
-0.10200001E+02    -0.23852064E+00     0.73222689E-01     0.60000000E+01    -0.64643107E-01     0.50000001E-01     0.50000001E-01     0.67447394E-01     103     0.77798865E-02
-0.10100000E+02    -0.23268014E+00     0.72677612E-01     0.60000000E+01    -0.64906955E-01     0.50000001E-01     0.50000001E-01     0.66896394E-01     103     0.77798865E-02
-0.10000001E+02    -0.22690380E+00     0.72131298E-01     0.60000000E+01    -0.65168478E-01     0.50000001E-01     0.50000001E-01     0.66344053E-01     103     0.77798865E-02
-0.99000006E+01    -0.22117759E+00     0.71566917E-01     0.60000000E+01    -0.65435365E-01     0.50000001E-01     0.50000001E-01     0.65773524E-01     103     0.77798865E-02
-0.98000011E+01    -0.21565044E+00     0.70992514E-01     0.60000000E+01    -0.65708734E-01     0.50000001E-01     0.50000001E-01     0.65192565E-01     103     0.77798865E-02
-0.97000008E+01    -0.21072169E+00     0.70298173E-01     0.60000000E+01    -0.66005409E-01     0.50000001E-01     0.50000001E-01     0.64490020E-01     104     0.64506866E-02
-0.96000013E+01    -0.20722935E+00     0.69394328E-01     0.60000000E+01    -0.66370144E-01     0.50000001E-01     0.50000001E-01     0.63574672E-01     104     0.64506866E-02
-0.95000010E+01    -0.20172924E+00     0.68820119E-01     0.60000000E+01    -0.66631682E-01     0.50000001E-01     0.50000001E-01     0.62994033E-01     104     0.64506866E-02
-0.94000006E+01    -0.19591159E+00     0.68280451E-01     0.60000000E+01    -0.66876121E-01     0.50000001E-01     0.50000001E-01     0.62448584E-01     104     0.64506866E-02
-0.93000011E+01    -0.19007523E+00     0.67745864E-01     0.60000000E+01    -0.67116775E-01     0.50000001E-01     0.50000001E-01     0.61908346E-01     104     0.64506866E-02
-0.91999998E+01    -0.18419902E+00     0.67216277E-01     0.60000000E+01    -0.67361340E-01     0.50000001E-01     0.50000001E-01     0.61373167E-01     104     0.64506866E-02
-0.91000013E+01    -0.17836811E+00     0.66678375E-01     0.60000000E+01    -0.67603298E-01     0.50000001E-01     0.50000001E-01     0.60829557E-01     104     0.64506866E-02
-0.90000000E+01    -0.17267707E+00     0.66125542E-01     0.60000000E+01    -0.67839190E-01     0.50000001E-01     0.50000001E-01     0.60270693E-01     105     0.52645961E-02
-0.89000015E+01    -0.16721940E+00     0.65538980E-01     0.60000000E+01    -0.68083957E-01     0.50000001E-01     0.50000001E-01     0.59677515E-01     105     0.52645961E-02
-0.88000002E+01    -0.16240688E+00     0.64861603E-01     0.60000000E+01    -0.68359703E-01     0.50000001E-01     0.50000001E-01     0.58992177E-01     105     0.52645961E-02
-0.87000017E+01    -0.15903015E+00     0.63992180E-01     0.60000000E+01    -0.68683930E-01     0.50000001E-01     0.50000001E-01     0.58111537E-01     105     0.52645961E-02
-0.86000004E+01    -0.15332511E+00     0.63454464E-01     0.60000000E+01    -0.68910830E-01     0.50000001E-01     0.50000001E-01     0.57568137E-01     105     0.52645961E-02
-0.85000019E+01    -0.14750011E+00     0.62925927E-01     0.60000000E+01    -0.69133282E-01     0.50000001E-01     0.50000001E-01     0.57034086E-01     105     0.52645961E-02
-0.84000006E+01    -0.14162920E+00     0.62394932E-01     0.60000000E+01    -0.69352642E-01     0.50000001E-01     0.50000001E-01     0.56497589E-01     106     0.42122267E-02
-0.83000011E+01    -0.13579325E+00     0.61873559E-01     0.60000000E+01    -0.69565140E-01     0.50000001E-01     0.50000001E-01     0.55970855E-01     106     0.42122267E-02
-0.82000008E+01    -0.13000534E+00     0.61340429E-01     0.60000000E+01    -0.69779880E-01     0.50000001E-01     0.50000001E-01     0.55432238E-01     106     0.42122267E-02
-0.81000013E+01    -0.12436198E+00     0.60788322E-01     0.60000000E+01    -0.69998801E-01     0.50000001E-01     0.50000001E-01     0.54874361E-01     106     0.42122267E-02
-0.80000010E+01    -0.11911206E+00     0.60196351E-01     0.60000000E+01    -0.70229784E-01     0.50000001E-01     0.50000001E-01     0.54275833E-01     106     0.42122267E-02
-0.79000001E+01    -0.11530413E+00     0.59405230E-01     0.60000000E+01    -0.70508987E-01     0.50000001E-01     0.50000001E-01     0.53474825E-01     106     0.42122267E-02
-0.78000011E+01    -0.11082698E+00     0.58710281E-01     0.60000000E+01    -0.70756257E-01     0.50000001E-01     0.50000001E-01     0.52771568E-01     106     0.42122267E-02
-0.77000003E+01    -0.10503600E+00     0.58195435E-01     0.60000000E+01    -0.70956297E-01     0.50000001E-01     0.50000001E-01     0.52251339E-01     107     0.32861971E-02
-0.76000009E+01    -0.99203154E-01     0.57690691E-01     0.60000000E+01    -0.71149036E-01     0.50000001E-01     0.50000001E-01     0.51741526E-01     107     0.32861971E-02
-0.75000005E+01    -0.93368985E-01     0.57189371E-01     0.60000000E+01    -0.71340621E-01     0.50000001E-01     0.50000001E-01     0.51235139E-01     107     0.32861971E-02
-0.74000010E+01    -0.87592430E-01     0.56693394E-01     0.60000000E+01    -0.71532026E-01     0.50000001E-01     0.50000001E-01     0.50734106E-01     107     0.32861971E-02
-0.73000002E+01    -0.81938364E-01     0.56170862E-01     0.60000000E+01    -0.71725123E-01     0.50000001E-01     0.50000001E-01     0.50206181E-01     107     0.32861971E-02
-0.72000012E+01    -0.76658852E-01     0.55597521E-01     0.60000000E+01    -0.71926586E-01     0.50000001E-01     0.50000001E-01     0.49626697E-01     107     0.32861971E-02
-0.71000004E+01    -0.72643816E-01     0.54856610E-01     0.60000000E+01    -0.72170697E-01     0.50000001E-01     0.50000001E-01     0.48876628E-01     108     0.24803814E-02
-0.70000014E+01    -0.68620503E-01     0.54136410E-01     0.60000000E+01    -0.72404429E-01     0.50000001E-01     0.50000001E-01     0.48147567E-01     108     0.24803814E-02
-0.69000006E+01    -0.62879421E-01     0.53631559E-01     0.60000000E+01    -0.72577991E-01     0.50000001E-01     0.50000001E-01     0.47637753E-01     108     0.24803814E-02
-0.68000016E+01    -0.57083715E-01     0.53143762E-01     0.60000000E+01    -0.72749048E-01     0.50000001E-01     0.50000001E-01     0.47145169E-01     108     0.24803814E-02
-0.67000008E+01    -0.51293612E-01     0.52655712E-01     0.60000000E+01    -0.72916746E-01     0.50000001E-01     0.50000001E-01     0.46652365E-01     108     0.24803814E-02
-0.66000018E+01    -0.45563955E-01     0.52174084E-01     0.60000000E+01    -0.73083259E-01     0.50000001E-01     0.50000001E-01     0.46165936E-01     108     0.24803814E-02
-0.65000010E+01    -0.40039260E-01     0.51656470E-01     0.60000000E+01    -0.73250681E-01     0.50000001E-01     0.50000001E-01     0.45643002E-01     109     0.17901587E-02
-0.64000001E+01    -0.35009224E-01     0.51074423E-01     0.60000000E+01    -0.73433653E-01     0.50000001E-01     0.50000001E-01     0.45054685E-01     109     0.17901587E-02
-0.63000011E+01    -0.32089304E-01     0.50240740E-01     0.60000000E+01    -0.73678061E-01     0.50000001E-01     0.50000001E-01     0.44210114E-01     109     0.17901587E-02
-0.62000003E+01    -0.26953710E-01     0.49696621E-01     0.60000000E+01    -0.73844194E-01     0.50000001E-01     0.50000001E-01     0.43660164E-01     109     0.17901587E-02
-0.61000009E+01    -0.21251492E-01     0.49228158E-01     0.60000000E+01    -0.73990047E-01     0.50000001E-01     0.50000001E-01     0.43187167E-01     109     0.17901587E-02
-0.60000000E+01    -0.15542896E-01     0.48756272E-01     0.60000000E+01    -0.74133217E-01     0.50000001E-01     0.50000001E-01     0.42710848E-01     109     0.17901587E-02
-0.59000010E+01    -0.98662795E-02     0.48281960E-01     0.60000000E+01    -0.74273564E-01     0.50000001E-01     0.50000001E-01     0.42232037E-01     109     0.17901587E-02
-0.58000002E+01    -0.43189088E-02     0.47786109E-01     0.60000000E+01    -0.74417472E-01     0.50000001E-01     0.50000001E-01     0.41731324E-01     110     0.12126006E-02
-0.57000012E+01     0.76831272E-03     0.47257662E-01     0.60000000E+01    -0.74563712E-01     0.50000001E-01     0.50000001E-01     0.41197341E-01     110     0.12126006E-02
-0.56000004E+01     0.40973001E-02     0.46508834E-01     0.60000000E+01    -0.74759893E-01     0.50000001E-01     0.50000001E-01     0.40439177E-01     110     0.12126006E-02
-0.55000014E+01     0.82051661E-02     0.45875158E-01     0.60000000E+01    -0.74920624E-01     0.50000001E-01     0.50000001E-01     0.39798044E-01     110     0.12126006E-02
-0.54000006E+01     0.13776357E-01     0.45415424E-01     0.60000000E+01    -0.75041175E-01     0.50000001E-01     0.50000001E-01     0.39333977E-01     110     0.12126006E-02
-0.53000016E+01     0.19373393E-01     0.44958446E-01     0.60000000E+01    -0.75157262E-01     0.50000001E-01     0.50000001E-01     0.38872816E-01     110     0.12126006E-02
-0.52000008E+01     0.24896080E-01     0.44497196E-01     0.60000000E+01    -0.75269431E-01     0.50000001E-01     0.50000001E-01     0.38407281E-01     111     0.74606086E-03
-0.51000013E+01     0.30206133E-01     0.44019882E-01     0.60000000E+01    -0.75381376E-01     0.50000001E-01     0.50000001E-01     0.37925366E-01     111     0.74606086E-03
-0.50000010E+01     0.34945037E-01     0.43476228E-01     0.60000000E+01    -0.75505190E-01     0.50000001E-01     0.50000001E-01     0.37375964E-01     111     0.74606086E-03
-0.49000015E+01     0.37036452E-01     0.42654254E-01     0.60000000E+01    -0.75680234E-01     0.50000001E-01     0.50000001E-01     0.36542971E-01     111     0.74606086E-03
-0.48000007E+01     0.42094577E-01     0.42160623E-01     0.60000000E+01    -0.75780481E-01     0.50000001E-01     0.50000001E-01     0.36044572E-01     111     0.74606086E-03
-0.47000003E+01     0.47509644E-01     0.41710276E-01     0.60000000E+01    -0.75868890E-01     0.50000001E-01     0.50000001E-01     0.35590205E-01     111     0.74606086E-03
-0.46000009E+01     0.52843597E-01     0.41269168E-01     0.60000000E+01    -0.75949334E-01     0.50000001E-01     0.50000001E-01     0.35145119E-01     112     0.38927357E-03
-0.45000000E+01     0.58046307E-01     0.40809348E-01     0.60000000E+01    -0.76028302E-01     0.50000001E-01     0.50000001E-01     0.34681104E-01     112     0.38927357E-03
-0.44000010E+01     0.62772721E-01     0.40302932E-01     0.60000000E+01    -0.76110952E-01     0.50000001E-01     0.50000001E-01     0.34169637E-01     112     0.38927357E-03
-0.43000002E+01     0.65019928E-01     0.39551400E-01     0.60000000E+01    -0.76231122E-01     0.50000001E-01     0.50000001E-01     0.33408385E-01     112     0.38927357E-03
-0.42000012E+01     0.68830736E-01     0.38981691E-01     0.60000000E+01    -0.76307781E-01     0.50000001E-01     0.50000001E-01     0.32832265E-01     112     0.38927357E-03
-0.41000004E+01     0.73913388E-01     0.38539875E-01     0.60000000E+01    -0.76356903E-01     0.50000001E-01     0.50000001E-01     0.32386616E-01     112     0.38927357E-03
-0.40000014E+01     0.78958288E-01     0.38096599E-01     0.60000000E+01    -0.76402374E-01     0.50000001E-01     0.50000001E-01     0.31939566E-01     112     0.38927357E-03
-0.39000006E+01     0.83751537E-01     0.37636608E-01     0.60000000E+01    -0.76441661E-01     0.50000001E-01     0.50000001E-01     0.31475388E-01     113     0.14580940E-03
-0.38000014E+01     0.87744266E-01     0.37113730E-01     0.60000000E+01    -0.76479927E-01     0.50000001E-01     0.50000001E-01     0.30947113E-01     113     0.14580940E-03
-0.37000005E+01     0.88402539E-01     0.36287099E-01     0.60000000E+01    -0.76546915E-01     0.50000001E-01     0.50000001E-01     0.30109154E-01     113     0.14580940E-03
-0.36000016E+01     0.92981473E-01     0.35841551E-01     0.60000000E+01    -0.76552518E-01     0.50000001E-01     0.50000001E-01     0.29659776E-01     113     0.14580940E-03
-0.35000007E+01     0.97597674E-01     0.35405032E-01     0.60000000E+01    -0.76549366E-01     0.50000001E-01     0.50000001E-01     0.29219605E-01     113     0.14580940E-03
-0.34000015E+01     0.10193541E+00     0.34955136E-01     0.60000000E+01    -0.76536126E-01     0.50000001E-01     0.50000001E-01     0.28765786E-01     113     0.14580940E-03
-0.33000009E+01     0.10546323E+00     0.34440268E-01     0.60000000E+01    -0.76516524E-01     0.50000001E-01     0.50000001E-01     0.28245805E-01     113     0.14580940E-03
-0.32000017E+01     0.10486140E+00     0.33598892E-01     0.60000000E+01    -0.76492839E-01     0.50000001E-01     0.50000001E-01     0.27392762E-01     113     0.14580940E-03
-0.31000009E+01     0.10874385E+00     0.33151276E-01     0.60000000E+01    -0.76429985E-01     0.50000001E-01     0.50000001E-01     0.26941374E-01     114     0.22011809E-04
-0.30000000E+01     0.11254375E+00     0.32705165E-01     0.60000000E+01    -0.76354437E-01     0.50000001E-01     0.50000001E-01     0.26491614E-01     114     0.22011809E-04
-0.29000010E+01     0.11575003E+00     0.32226458E-01     0.60000000E+01    -0.76259732E-01     0.50000001E-01     0.50000001E-01     0.26008608E-01     114     0.22011809E-04
-0.28000002E+01     0.11485028E+00     0.31455912E-01     0.60000000E+01    -0.76119542E-01     0.50000001E-01     0.50000001E-01     0.25228130E-01     114     0.22011809E-04
-0.27000012E+01     0.11566722E+00     0.30850444E-01     0.60000000E+01    -0.75946093E-01     0.50000001E-01     0.50000001E-01     0.24615970E-01     114     0.22011809E-04
-0.26000004E+01     0.11817760E+00     0.30384019E-01     0.60000000E+01    -0.75757734E-01     0.50000001E-01     0.50000001E-01     0.24145769E-01     114     0.22011809E-04
-0.25000012E+01     0.11950298E+00     0.29856276E-01     0.60000000E+01    -0.75523339E-01     0.50000001E-01     0.50000001E-01     0.23613203E-01     114     0.22011809E-04
-0.24000003E+01     0.11348058E+00     0.28895460E-01     0.60000000E+01    -0.75091802E-01     0.50000001E-01     0.50000001E-01     0.22639394E-01     114     0.22011809E-04
-0.23000014E+01     0.11373521E+00     0.28376423E-01     0.60000000E+01    -0.74711926E-01     0.50000001E-01     0.50000001E-01     0.22116296E-01     114     0.22011809E-04
-0.22000005E+01     0.11151256E+00     0.27751781E-01     0.60000000E+01    -0.74183695E-01     0.50000001E-01     0.50000001E-01     0.21485994E-01     114     0.22011809E-04
-0.21000013E+01     0.97428389E-01     0.26607538E-01     0.60000000E+01    -0.72949551E-01     0.50000001E-01     0.50000001E-01     0.20328227E-01     114     0.22011809E-04
-0.20000007E+01     0.53568676E-01     0.24982663E-01     0.60000000E+01    -0.68954751E-01     0.50000001E-01     0.50000001E-01     0.18681124E-01     114     0.22011809E-04
-0.19000015E+01     0.48071422E-01     0.23581708E-01     0.60000000E+01    -0.70594564E-01     0.50000001E-01     0.50000001E-01     0.17247105E-01     114     0.22011809E-04
-0.18000008E+01     0.54555245E-01     0.22881508E-01     0.60000000E+01    -0.72073773E-01     0.50000001E-01     0.50000001E-01     0.16530281E-01     114     0.22011809E-04
-0.17000016E+01     0.62570542E-01     0.21748137E-01     0.60000000E+01    -0.74995942E-01     0.50000001E-01     0.50000001E-01     0.15363859E-01     114     0.22011809E-04
-0.16000009E+01     0.74053742E-01     0.21150354E-01     0.60000000E+01    -0.76925009E-01     0.50000001E-01     0.50000001E-01     0.14749024E-01     115     0.52234973E-05
-0.15000000E+01     0.87748036E-01     0.20208014E-01     0.60000000E+01    -0.80170467E-01     0.50000001E-01     0.50000001E-01     0.13774868E-01     115     0.52234973E-05
-0.14000009E+01     0.10173292E+00     0.19702449E-01     0.60000000E+01    -0.82233652E-01     0.50000001E-01     0.50000001E-01     0.13252448E-01     115     0.52234973E-05
-0.13000002E+01     0.11832406E+00     0.18895939E-01     0.60000000E+01    -0.85560143E-01     0.50000001E-01     0.50000001E-01     0.12414908E-01     115     0.52234973E-05
-0.12000011E+01     0.13380145E+00     0.18444492E-01     0.60000000E+01    -0.87711230E-01     0.50000001E-01     0.50000001E-01     0.11946168E-01     116     0.82350911E-04
-0.11000003E+01     0.15101792E+00     0.17855287E-01     0.60000000E+01    -0.90530001E-01     0.50000001E-01     0.50000001E-01     0.11331887E-01     116     0.82350911E-04
-0.10000012E+01     0.16833577E+00     0.17340915E-01     0.60000000E+01    -0.93157977E-01     0.50000001E-01     0.50000001E-01     0.10794273E-01     116     0.82350911E-04
-0.90000039E+00     0.18581326E+00     0.16870040E-01     0.60000000E+01    -0.95688440E-01     0.50000001E-01     0.50000001E-01     0.10300756E-01     116     0.82350911E-04
-0.80000126E+00     0.20406856E+00     0.16373204E-01     0.60000000E+01    -0.98416768E-01     0.50000001E-01     0.50000001E-01     0.97782966E-02     117     0.24611084E-03
-0.70000046E+00     0.22203368E+00     0.15935909E-01     0.60000000E+01    -0.10091925E+00     0.50000001E-01     0.50000001E-01     0.93170060E-02     117     0.24611084E-03
-0.60000139E+00     0.23992309E+00     0.15530006E-01     0.60000000E+01    -0.10331407E+00     0.50000001E-01     0.50000001E-01     0.88871541E-02     117     0.24611084E-03
-0.50000060E+00     0.25822917E+00     0.15109307E-01     0.60000000E+01    -0.10580397E+00     0.50000001E-01     0.50000001E-01     0.84396675E-02     117     0.24611084E-03
-0.40000150E+00     0.27542105E+00     0.14782370E-01     0.60000000E+01    -0.10783475E+00     0.50000001E-01     0.50000001E-01     0.80906525E-02     118     0.50025358E-03
-0.30000070E+00     0.29273060E+00     0.14453011E-01     0.60000000E+01    -0.10987571E+00     0.50000001E-01     0.50000001E-01     0.77369031E-02     118     0.50025358E-03
-0.20000160E+00     0.30974412E+00     0.14146657E-01     0.60000000E+01    -0.11178716E+00     0.50000001E-01     0.50000001E-01     0.74058115E-02     118     0.50025358E-03
-0.10000080E+00     0.32632592E+00     0.13870278E-01     0.60000000E+01    -0.11352655E+00     0.50000001E-01     0.50000001E-01     0.71050469E-02     118     0.50025358E-03
 0.00000000E+00     0.34260055E+00     0.13614430E-01     0.60000000E+01    -0.11514577E+00     0.50000001E-01     0.50000001E-01     0.68241423E-02     118     0.50025358E-03
 0.99999093E-01     0.35860124E+00     0.13375920E-01     0.60000000E+01    -0.11665642E+00     0.50000001E-01     0.50000001E-01     0.65603019E-02     119     0.85647090E-03
 0.19999990E+00     0.37338802E+00     0.13225031E-01     0.60000000E+01    -0.11773556E+00     0.50000001E-01     0.50000001E-01     0.63917157E-02     119     0.85647090E-03
 0.29999900E+00     0.38699082E+00     0.13158813E-01     0.60000000E+01    -0.11839704E+00     0.50000001E-01     0.50000001E-01     0.63172872E-02     119     0.85647090E-03
 0.39999980E+00     0.40030313E+00     0.13112393E-01     0.60000000E+01    -0.11895820E+00     0.50000001E-01     0.50000001E-01     0.62649096E-02     119     0.85647090E-03
 0.49999887E+00     0.41352099E+00     0.13072222E-01     0.60000000E+01    -0.11948565E+00     0.50000001E-01     0.50000001E-01     0.62193656E-02     120     0.13216801E-02
 0.59999967E+00     0.42665201E+00     0.13037405E-01     0.60000000E+01    -0.11998338E+00     0.50000001E-01     0.50000001E-01     0.61795181E-02     120     0.13216801E-02
 0.69999880E+00     0.43971419E+00     0.13006952E-01     0.60000000E+01    -0.12045609E+00     0.50000001E-01     0.50000001E-01     0.61444328E-02     120     0.13216801E-02
 0.79999959E+00     0.45271096E+00     0.12980423E-01     0.60000000E+01    -0.12090706E+00     0.50000001E-01     0.50000001E-01     0.61135925E-02     120     0.13216801E-02
 0.89999866E+00     0.46565151E+00     0.12957674E-01     0.60000000E+01    -0.12133873E+00     0.50000001E-01     0.50000001E-01     0.60868226E-02     120     0.13216801E-02
 0.99999946E+00     0.47853976E+00     0.12937018E-01     0.60000000E+01    -0.12175356E+00     0.50000001E-01     0.50000001E-01     0.60626441E-02     121     0.19007844E-02
 0.10999986E+01     0.49138093E+00     0.12920093E-01     0.60000000E+01    -0.12215196E+00     0.50000001E-01     0.50000001E-01     0.60421582E-02     121     0.19007844E-02
 0.11999993E+01     0.50418109E+00     0.12905139E-01     0.60000000E+01    -0.12253585E+00     0.50000001E-01     0.50000001E-01     0.60239173E-02     121     0.19007844E-02
 0.12999984E+01     0.51693773E+00     0.12892629E-01     0.60000000E+01    -0.12290599E+00     0.50000001E-01     0.50000001E-01     0.60083042E-02     121     0.19007844E-02
 0.13999993E+01     0.52965206E+00     0.12882225E-01     0.60000000E+01    -0.12326410E+00     0.50000001E-01     0.50000001E-01     0.59950016E-02     121     0.19007844E-02
 0.14999983E+01     0.54232836E+00     0.12873439E-01     0.60000000E+01    -0.12360996E+00     0.50000001E-01     0.50000001E-01     0.59836805E-02     122     0.25991555E-02
 0.15999992E+01     0.55497169E+00     0.12867396E-01     0.60000000E+01    -0.12394440E+00     0.50000001E-01     0.50000001E-01     0.59750453E-02     122     0.25991555E-02
 0.16999999E+01     0.56758022E+00     0.12862778E-01     0.60000000E+01    -0.12426792E+00     0.50000001E-01     0.50000001E-01     0.59680208E-02     122     0.25991555E-02
 0.17999990E+01     0.58015120E+00     0.12859904E-01     0.60000000E+01    -0.12458144E+00     0.50000001E-01     0.50000001E-01     0.59628766E-02     122     0.25991555E-02
 0.18999999E+01     0.59269381E+00     0.12858657E-01     0.60000000E+01    -0.12488481E+00     0.50000001E-01     0.50000001E-01     0.59594833E-02     122     0.25991555E-02
 0.19999989E+01     0.60520196E+00     0.12858598E-01     0.60000000E+01    -0.12517871E+00     0.50000001E-01     0.50000001E-01     0.59576756E-02     123     0.34217748E-02
 0.20999997E+01     0.61767966E+00     0.12860471E-01     0.60000000E+01    -0.12546319E+00     0.50000001E-01     0.50000001E-01     0.59576952E-02     123     0.34217748E-02
 0.21999989E+01     0.63012582E+00     0.12864180E-01     0.60000000E+01    -0.12573905E+00     0.50000001E-01     0.50000001E-01     0.59596598E-02     123     0.34217748E-02
 0.22999997E+01     0.64254034E+00     0.12868917E-01     0.60000000E+01    -0.12600562E+00     0.50000001E-01     0.50000001E-01     0.59627760E-02     123     0.34217748E-02
 0.23999987E+01     0.65492553E+00     0.12875134E-01     0.60000000E+01    -0.12626350E+00     0.50000001E-01     0.50000001E-01     0.59674899E-02     123     0.34217748E-02
 0.24999995E+01     0.66727912E+00     0.12882637E-01     0.60000000E+01    -0.12651365E+00     0.50000001E-01     0.50000001E-01     0.59736175E-02     123     0.34217748E-02
 0.25999987E+01     0.67960531E+00     0.12891041E-01     0.60000000E+01    -0.12675475E+00     0.50000001E-01     0.50000001E-01     0.59810309E-02     124     0.43732501E-02
 0.26999993E+01     0.69189876E+00     0.12901623E-01     0.60000000E+01    -0.12698770E+00     0.50000001E-01     0.50000001E-01     0.59904046E-02     124     0.43732501E-02
 0.27999985E+01     0.70416439E+00     0.12912894E-01     0.60000000E+01    -0.12721309E+00     0.50000001E-01     0.50000001E-01     0.60006445E-02     124     0.43732501E-02
 0.28999994E+01     0.71639615E+00     0.12925512E-01     0.60000000E+01    -0.12743084E+00     0.50000001E-01     0.50000001E-01     0.60122870E-02     124     0.43732501E-02
 0.29999983E+01     0.72860140E+00     0.12939265E-01     0.60000000E+01    -0.12764008E+00     0.50000001E-01     0.50000001E-01     0.60252100E-02     124     0.43732501E-02
 0.30999992E+01     0.74077487E+00     0.12953927E-01     0.60000000E+01    -0.12784173E+00     0.50000001E-01     0.50000001E-01     0.60393903E-02     125     0.54580495E-02
 0.31999984E+01     0.75291950E+00     0.12970407E-01     0.60000000E+01    -0.12803560E+00     0.50000001E-01     0.50000001E-01     0.60552093E-02     125     0.54580495E-02
 0.32999990E+01     0.76503271E+00     0.12987716E-01     0.60000000E+01    -0.12822190E+00     0.50000001E-01     0.50000001E-01     0.60719722E-02     125     0.54580495E-02
 0.33999999E+01     0.77711725E+00     0.13006178E-01     0.60000000E+01    -0.12840050E+00     0.50000001E-01     0.50000001E-01     0.60900063E-02     125     0.54580495E-02
 0.34999990E+01     0.78917038E+00     0.13025626E-01     0.60000000E+01    -0.12857196E+00     0.50000001E-01     0.50000001E-01     0.61091385E-02     125     0.54580495E-02
 0.35999999E+01     0.80119044E+00     0.13045886E-01     0.60000000E+01    -0.12873510E+00     0.50000001E-01     0.50000001E-01     0.61294180E-02     126     0.66809705E-02
 0.36999989E+01     0.81317908E+00     0.13067971E-01     0.60000000E+01    -0.12889077E+00     0.50000001E-01     0.50000001E-01     0.61513460E-02     126     0.66809705E-02
 0.37999997E+01     0.82513696E+00     0.13090834E-01     0.60000000E+01    -0.12903860E+00     0.50000001E-01     0.50000001E-01     0.61741290E-02     126     0.66809705E-02
 0.38999987E+01     0.83706230E+00     0.13114779E-01     0.60000000E+01    -0.12917893E+00     0.50000001E-01     0.50000001E-01     0.61981259E-02     126     0.66809705E-02
 0.39999995E+01     0.84895450E+00     0.13139654E-01     0.60000000E+01    -0.12931214E+00     0.50000001E-01     0.50000001E-01     0.62231389E-02     126     0.66809705E-02
 0.40999985E+01     0.86081481E+00     0.13165683E-01     0.60000000E+01    -0.12943661E+00     0.50000001E-01     0.50000001E-01     0.62494138E-02     126     0.66809705E-02
 0.41999993E+01     0.87263876E+00     0.13192476E-01     0.60000000E+01    -0.12955424E+00     0.50000001E-01     0.50000001E-01     0.62767970E-02     127     0.80471234E-02
 0.42999988E+01     0.88442868E+00     0.13220593E-01     0.60000000E+01    -0.12966347E+00     0.50000001E-01     0.50000001E-01     0.63053267E-02     127     0.80471234E-02
 0.43999991E+01     0.89618766E+00     0.13249708E-01     0.60000000E+01    -0.12976517E+00     0.50000001E-01     0.50000001E-01     0.63349688E-02     127     0.80471234E-02
 0.44999986E+01     0.90790713E+00     0.13280147E-01     0.60000000E+01    -0.12985897E+00     0.50000001E-01     0.50000001E-01     0.63660201E-02     127     0.80471234E-02
 0.45999994E+01     0.91959411E+00     0.13311150E-01     0.60000000E+01    -0.12994426E+00     0.50000001E-01     0.50000001E-01     0.63976939E-02     127     0.80471234E-02
 0.47000003E+01     0.93124217E+00     0.13343384E-01     0.60000000E+01    -0.13002189E+00     0.50000001E-01     0.50000001E-01     0.64307395E-02     127     0.80471234E-02
 0.47999973E+01     0.94285005E+00     0.13376824E-01     0.60000000E+01    -0.13009058E+00     0.50000001E-01     0.50000001E-01     0.64653596E-02     128     0.95619382E-02
 0.48999982E+01     0.95442200E+00     0.13411250E-01     0.60000000E+01    -0.13015132E+00     0.50000001E-01     0.50000001E-01     0.65007485E-02     128     0.95619382E-02
 0.49999990E+01     0.96595562E+00     0.13446586E-01     0.60000000E+01    -0.13020353E+00     0.50000001E-01     0.50000001E-01     0.65371441E-02     128     0.95619382E-02
 0.50999999E+01     0.97744578E+00     0.13482989E-01     0.60000000E+01    -0.13024774E+00     0.50000001E-01     0.50000001E-01     0.65747197E-02     128     0.95619382E-02
 0.52000008E+01     0.98889863E+00     0.13520439E-01     0.60000000E+01    -0.13028267E+00     0.50000001E-01     0.50000001E-01     0.66134059E-02     128     0.95619382E-02
 0.52999978E+01     0.10003073E+01     0.13558991E-01     0.60000000E+01    -0.13030903E+00     0.50000001E-01     0.50000001E-01     0.66536777E-02     129     0.11231796E-01
 0.53999987E+01     0.10116742E+01     0.13598477E-01     0.60000000E+01    -0.13032597E+00     0.50000001E-01     0.50000001E-01     0.66946186E-02     129     0.11231796E-01
 0.54999995E+01     0.10229927E+01     0.13639149E-01     0.60000000E+01    -0.13033448E+00     0.50000001E-01     0.50000001E-01     0.67367996E-02     129     0.11231796E-01
 0.56000004E+01     0.10342675E+01     0.13680791E-01     0.60000000E+01    -0.13033319E+00     0.50000001E-01     0.50000001E-01     0.67800828E-02     129     0.11231796E-01
 0.56999979E+01     0.10454999E+01     0.13723441E-01     0.60000000E+01    -0.13032189E+00     0.50000001E-01     0.50000001E-01     0.68244757E-02     129     0.11231796E-01
 0.57999988E+01     0.10566769E+01     0.13767346E-01     0.60000000E+01    -0.13030042E+00     0.50000001E-01     0.50000001E-01     0.68701985E-02     129     0.11231796E-01
 0.58999996E+01     0.10678102E+01     0.13812158E-01     0.60000000E+01    -0.13027006E+00     0.50000001E-01     0.50000001E-01     0.69173360E-02     130     0.13063635E-01
 0.60000000E+01     0.10788832E+01     0.13858089E-01     0.60000000E+01    -0.13022891E+00     0.50000001E-01     0.50000001E-01     0.69652759E-02     130     0.13063635E-01
 0.60999975E+01     0.10899128E+01     0.13905086E-01     0.60000000E+01    -0.13017733E+00     0.50000001E-01     0.50000001E-01     0.70144115E-02     130     0.13063635E-01
 0.61999984E+01     0.11008818E+01     0.13953273E-01     0.60000000E+01    -0.13011482E+00     0.50000001E-01     0.50000001E-01     0.70647970E-02     130     0.13063635E-01
 0.62999992E+01     0.11117963E+01     0.14002618E-01     0.60000000E+01    -0.13003998E+00     0.50000001E-01     0.50000001E-01     0.71164607E-02     130     0.13063635E-01
 0.64000001E+01     0.11226553E+01     0.14052896E-01     0.60000000E+01    -0.12995505E+00     0.50000001E-01     0.50000001E-01     0.71692010E-02     130     0.13063635E-01
 0.65000010E+01     0.11334465E+01     0.14104539E-01     0.60000000E+01    -0.12985711E+00     0.50000001E-01     0.50000001E-01     0.72237733E-02     131     0.15065445E-01
 0.65999980E+01     0.11441745E+01     0.14157252E-01     0.60000000E+01    -0.12974793E+00     0.50000001E-01     0.50000001E-01     0.72791167E-02     131     0.15065445E-01
 0.66999989E+01     0.11548413E+01     0.14211105E-01     0.60000000E+01    -0.12962544E+00     0.50000001E-01     0.50000001E-01     0.73357183E-02     131     0.15065445E-01
 0.67999997E+01     0.11654363E+01     0.14266124E-01     0.60000000E+01    -0.12948990E+00     0.50000001E-01     0.50000001E-01     0.73936367E-02     131     0.15065445E-01
 0.69000006E+01     0.11759602E+01     0.14322508E-01     0.60000000E+01    -0.12933992E+00     0.50000001E-01     0.50000001E-01     0.74529666E-02     131     0.15065445E-01
 0.69999981E+01     0.11863991E+01     0.14379894E-01     0.60000000E+01    -0.12917438E+00     0.50000001E-01     0.50000001E-01     0.75134728E-02     131     0.15065445E-01
 0.70999990E+01     0.11967213E+01     0.14438328E-01     0.60000000E+01    -0.12898658E+00     0.50000001E-01     0.50000001E-01     0.75755469E-02     132     0.17246265E-01
 0.71999998E+01     0.12069296E+01     0.14497566E-01     0.60000000E+01    -0.12877618E+00     0.50000001E-01     0.50000001E-01     0.76381811E-02     132     0.17246265E-01
 0.73000002E+01     0.12170248E+01     0.14558116E-01     0.60000000E+01    -0.12854342E+00     0.50000001E-01     0.50000001E-01     0.77022910E-02     132     0.17246265E-01
 0.73999977E+01     0.12269951E+01     0.14619800E-01     0.60000000E+01    -0.12828837E+00     0.50000001E-01     0.50000001E-01     0.77676219E-02     132     0.17246265E-01
 0.74999986E+01     0.12368416E+01     0.14682783E-01     0.60000000E+01    -0.12800981E+00     0.50000001E-01     0.50000001E-01     0.78343889E-02     132     0.17246265E-01
 0.75999994E+01     0.12465426E+01     0.14746977E-01     0.60000000E+01    -0.12770262E+00     0.50000001E-01     0.50000001E-01     0.79025514E-02     132     0.17246265E-01
 0.77000003E+01     0.12561169E+01     0.14812371E-01     0.60000000E+01    -0.12737209E+00     0.50000001E-01     0.50000001E-01     0.79720626E-02     132     0.17246265E-01
 0.77999973E+01     0.12655438E+01     0.14879554E-01     0.60000000E+01    -0.12701431E+00     0.50000001E-01     0.50000001E-01     0.80439709E-02     133     0.19616185E-01
 0.78999982E+01     0.12748420E+01     0.14948019E-01     0.60000000E+01    -0.12663274E+00     0.50000001E-01     0.50000001E-01     0.81169093E-02     133     0.19616185E-01
 0.79999990E+01     0.12839781E+01     0.15018301E-01     0.60000000E+01    -0.12622029E+00     0.50000001E-01     0.50000001E-01     0.81918053E-02     133     0.19616185E-01
 0.81000004E+01     0.12915739E+01     0.15085841E-01     0.60000000E+01    -0.12550175E+00     0.50000001E-01     0.50000001E-01     0.82650315E-02     133     0.19616185E-01
 0.82000008E+01     0.12961047E+01     0.15145160E-01     0.60000000E+01    -0.12417188E+00     0.50000001E-01     0.50000001E-01     0.83322218E-02     133     0.19616185E-01
 0.82999983E+01     0.13006109E+01     0.15209584E-01     0.60000000E+01    -0.12284540E+00     0.50000001E-01     0.50000001E-01     0.84045976E-02     133     0.19616185E-01
 0.83999987E+01     0.13061385E+01     0.15284294E-01     0.60000000E+01    -0.12173398E+00     0.50000001E-01     0.50000001E-01     0.84867701E-02     133     0.19616185E-01
 0.85000000E+01     0.13132106E+01     0.15373882E-01     0.60000000E+01    -0.12093542E+00     0.50000001E-01     0.50000001E-01     0.85832849E-02     134     0.22186713E-01
 0.86000004E+01     0.13214203E+01     0.15473438E-01     0.60000000E+01    -0.12036825E+00     0.50000001E-01     0.50000001E-01     0.86885747E-02     134     0.22186713E-01
 0.86999979E+01     0.13299843E+01     0.15576042E-01     0.60000000E+01    -0.11987318E+00     0.50000001E-01     0.50000001E-01     0.87968241E-02     134     0.22186713E-01
 0.87999983E+01     0.13385400E+01     0.15683223E-01     0.60000000E+01    -0.11938263E+00     0.50000001E-01     0.50000001E-01     0.89096967E-02     134     0.22186713E-01
 0.88999996E+01     0.13470093E+01     0.15793646E-01     0.60000000E+01    -0.11888009E+00     0.50000001E-01     0.50000001E-01     0.90260627E-02     134     0.22186713E-01
 0.90000000E+01     0.13554249E+01     0.15906725E-01     0.60000000E+01    -0.11837196E+00     0.50000001E-01     0.50000001E-01     0.91451975E-02     134     0.22186713E-01
 0.90999975E+01     0.13637750E+01     0.16023928E-01     0.60000000E+01    -0.11785994E+00     0.49936544E-01     0.50000001E-01     0.92680771E-02     134     0.22186713E-01
 0.91999989E+01     0.13714454E+01     0.16167535E-01     0.60000000E+01    -0.11724059E+00     0.49226612E-01     0.50000001E-01     0.94136484E-02     134     0.22186713E-01
 0.92999992E+01     0.13788114E+01     0.16318258E-01     0.60000000E+01    -0.11657312E+00     0.48596680E-01     0.50000001E-01     0.95670577E-02     135     0.24970656E-01
 0.94000006E+01     0.13858374E+01     0.16479634E-01     0.60000000E+01    -0.11585505E+00     0.47877096E-01     0.50000001E-01     0.97298045E-02     135     0.24970656E-01
 0.94999971E+01     0.13916599E+01     0.16688233E-01     0.60000000E+01    -0.11495221E+00     0.45699723E-01     0.50000001E-01     0.99334884E-02     135     0.24970656E-01
 0.95999985E+01     0.13988526E+01     0.16844500E-01     0.60000000E+01    -0.11427538E+00     0.45125898E-01     0.50000001E-01     0.10093883E-01     135     0.24970656E-01
 0.96999989E+01     0.14058471E+01     0.17004997E-01     0.60000000E+01    -0.11357208E+00     0.44661678E-01     0.50000001E-01     0.10259259E-01     135     0.24970656E-01
 0.98000002E+01     0.14127396E+01     0.17171988E-01     0.60000000E+01    -0.11286060E+00     0.44166863E-01     0.50000001E-01     0.10430899E-01     135     0.24970656E-01
 0.99000006E+01     0.14193705E+01     0.17350053E-01     0.60000000E+01    -0.11211845E+00     0.43634262E-01     0.50000001E-01     0.10613121E-01     135     0.24970656E-01
 0.99999981E+01     0.14256381E+01     0.17538035E-01     0.60000000E+01    -0.11132241E+00     0.43191161E-01     0.50000001E-01     0.10806364E-01     136     0.27982261E-01
 0.10099998E+02     0.14317263E+01     0.17736332E-01     0.60000000E+01    -0.11051201E+00     0.42649146E-01     0.50000001E-01     0.11008776E-01     136     0.27982261E-01
 0.10200000E+02     0.14378800E+01     0.17934643E-01     0.60000000E+01    -0.10972244E+00     0.42207200E-01     0.50000001E-01     0.11212353E-01     136     0.27982261E-01
 0.10300000E+02     0.14437408E+01     0.18141169E-01     0.60000000E+01    -0.10889701E+00     0.41796677E-01     0.50000001E-01     0.11425120E-01     136     0.27982261E-01
 0.10399998E+02     0.14495549E+01     0.18355759E-01     0.60000000E+01    -0.10807958E+00     0.41165616E-01     0.50000001E-01     0.11646770E-01     136     0.27982261E-01
 0.10499999E+02     0.14553107E+01     0.18573152E-01     0.60000000E+01    -0.10726321E+00     0.40798761E-01     0.50000001E-01     0.11871895E-01     136     0.27982261E-01
 0.10599999E+02     0.14606512E+01     0.18806370E-01     0.60000000E+01    -0.10640296E+00     0.40314630E-01     0.50000001E-01     0.12112762E-01     136     0.27982261E-01
 0.10700000E+02     0.14642022E+01     0.19117219E-01     0.60000000E+01    -0.10530877E+00     0.38895134E-01     0.50000001E-01     0.12425920E-01     136     0.27982261E-01
 0.10799997E+02     0.14708984E+01     0.19303430E-01     0.60000000E+01    -0.10466649E+00     0.39567322E-01     0.50000001E-01     0.12626966E-01     136     0.27982261E-01
 0.10899999E+02     0.14731646E+01     0.19677017E-01     0.60000000E+01    -0.10344180E+00     0.38128845E-01     0.50000001E-01     0.13002911E-01     137     0.31237058E-01
 0.10999999E+02     0.14770877E+01     0.19988779E-01     0.60000000E+01    -0.10246965E+00     0.37739463E-01     0.50000001E-01     0.13323742E-01     137     0.31237058E-01
 0.11100000E+02     0.14808463E+01     0.20311158E-01     0.60000000E+01    -0.10150180E+00     0.37375856E-01     0.50000001E-01     0.13656268E-01     137     0.31237058E-01
 0.11200001E+02     0.14845417E+01     0.20648150E-01     0.60000000E+01    -0.10055503E+00     0.37050851E-01     0.50000001E-01     0.14004502E-01     137     0.31237058E-01
 0.11299998E+02     0.14876631E+01     0.21016978E-01     0.60000000E+01    -0.99570975E-01     0.36691554E-01     0.50000001E-01     0.14387076E-01     137     0.31237058E-01
 0.11399999E+02     0.14906757E+01     0.21403540E-01     0.60000000E+01    -0.98611824E-01     0.36381457E-01     0.50000001E-01     0.14787255E-01     137     0.31237058E-01
 0.11500000E+02     0.14932030E+01     0.21826271E-01     0.60000000E+01    -0.97638644E-01     0.36059160E-01     0.50000001E-01     0.15224503E-01     137     0.31237058E-01
 0.11600000E+02     0.14951366E+01     0.22292530E-01     0.60000000E+01    -0.96651196E-01     0.35816517E-01     0.50000001E-01     0.15707158E-01     137     0.31237058E-01
 0.11699998E+02     0.14963970E+01     0.22808041E-01     0.60000000E+01    -0.95652893E-01     0.35575226E-01     0.50000001E-01     0.16240757E-01     137     0.31237058E-01
 0.11799999E+02     0.14968654E+01     0.23394784E-01     0.60000000E+01    -0.94646931E-01     0.35306141E-01     0.50000001E-01     0.16847156E-01     137     0.31237058E-01
 0.11900000E+02     0.14968804E+01     0.24036838E-01     0.60000000E+01    -0.93685955E-01     0.35164725E-01     0.50000001E-01     0.17511496E-01     137     0.31237058E-01
 0.12000000E+02     0.14953463E+01     0.24802865E-01     0.60000000E+01    -0.92696279E-01     0.34875769E-01     0.50000001E-01     0.18302683E-01     138     0.34752071E-01
 0.12099998E+02     0.14926358E+01     0.25696194E-01     0.60000000E+01    -0.91750830E-01     0.34666449E-01     0.50000001E-01     0.19224916E-01     138     0.34752071E-01
 0.12199999E+02     0.14835491E+01     0.27089905E-01     0.60000000E+01    -0.90607248E-01     0.33709209E-01     0.50000001E-01     0.20653652E-01     138     0.34752071E-01
 0.12299999E+02     0.14825212E+01     0.28005539E-01     0.60000000E+01    -0.90086110E-01     0.34420427E-01     0.50000001E-01     0.21607284E-01     138     0.34752071E-01
 0.12400001E+02     0.14738750E+01     0.29581780E-01     0.60000000E+01    -0.89431882E-01     0.34274384E-01     0.50000001E-01     0.23230549E-01     138     0.34752071E-01
 0.12499997E+02     0.14539649E+01     0.32316826E-01     0.60000000E+01    -0.88912174E-01     0.33419527E-01     0.50000001E-01     0.26033621E-01     138     0.34752071E-01
 0.12699999E+02     0.14123741E+01     0.38773570E-01     0.60000000E+01    -0.89333527E-01     0.33638589E-01     0.50000001E-01     0.32661993E-01     138     0.34752071E-01
 0.12800000E+02     0.13795378E+01     0.43542102E-01     0.60000000E+01    -0.90111673E-01     0.33839457E-01     0.50000001E-01     0.37545349E-01     137     0.31237058E-01
 0.12900001E+02     0.13378885E+01     0.49244836E-01     0.60000000E+01    -0.91007799E-01     0.34191005E-01     0.50000001E-01     0.43378741E-01     137     0.31237058E-01
 0.13099999E+02     0.12545059E+01     0.59829261E-01     0.60000000E+01    -0.91962717E-01     0.35952590E-01     0.50000001E-01     0.54198477E-01     137     0.31237058E-01
 0.13300000E+02     0.11759329E+01     0.69238536E-01     0.60000000E+01    -0.92708893E-01     0.36750995E-01     0.50000001E-01     0.63796490E-01     136     0.27982261E-01
 0.13399998E+02     0.11547780E+01     0.72396956E-01     0.60000000E+01    -0.93252152E-01     0.36797151E-01     0.50000001E-01     0.67012459E-01     136     0.27982261E-01
 0.13499999E+02     0.11459481E+01     0.74312747E-01     0.60000000E+01    -0.93585208E-01     0.36591947E-01     0.50000001E-01     0.68959236E-01     136     0.27982261E-01
 0.13599999E+02     0.11315727E+01     0.77046536E-01     0.60000000E+01    -0.94347626E-01     0.36741368E-01     0.50000001E-01     0.71741030E-01     136     0.27982261E-01
 0.13700001E+02     0.11274152E+01     0.78568228E-01     0.60000000E+01    -0.94707526E-01     0.36482476E-01     0.50000001E-01     0.73284864E-01     136     0.27982261E-01
 0.13799997E+02     0.11163244E+01     0.81081696E-01     0.60000000E+01    -0.95558941E-01     0.36387380E-01     0.50000001E-01     0.75839281E-01     136     0.27982261E-01
 0.13899999E+02     0.11147432E+01     0.82415253E-01     0.60000000E+01    -0.95967039E-01     0.36364838E-01     0.50000001E-01     0.77192500E-01     136     0.27982261E-01
 0.13999999E+02     0.11069366E+01     0.84646381E-01     0.60000000E+01    -0.96795864E-01     0.36216896E-01     0.50000001E-01     0.79458125E-01     136     0.27982261E-01
 0.14100000E+02     0.11028454E+01     0.86302549E-01     0.60000000E+01    -0.97368360E-01     0.35084631E-01     0.50000001E-01     0.81129931E-01     136     0.27982261E-01
 0.14199998E+02     0.11044225E+01     0.87361768E-01     0.60000000E+01    -0.97725891E-01     0.35605252E-01     0.50000001E-01     0.82208440E-01     137     0.31237058E-01
 0.14299998E+02     0.10983324E+01     0.89478888E-01     0.60000000E+01    -0.98615393E-01     0.35404153E-01     0.50000001E-01     0.84356733E-01     137     0.31237058E-01
 0.14400000E+02     0.10983436E+01     0.90749189E-01     0.60000000E+01    -0.99128045E-01     0.35310108E-01     0.50000001E-01     0.85644320E-01     137     0.31237058E-01
 0.14500000E+02     0.10972118E+01     0.92079274E-01     0.60000000E+01    -0.99616095E-01     0.34478374E-01     0.50000001E-01     0.86984619E-01     137     0.31237058E-01
 0.14600000E+02     0.10961603E+01     0.93604095E-01     0.60000000E+01    -0.10031294E+00     0.34973398E-01     0.50000001E-01     0.88537559E-01     137     0.31237058E-01
 0.14699998E+02     0.10944046E+01     0.95150210E-01     0.60000000E+01    -0.10099259E+00     0.34581449E-01     0.50000001E-01     0.90101838E-01     137     0.31237058E-01
 0.14799999E+02     0.10955334E+01     0.96278265E-01     0.60000000E+01    -0.10145351E+00     0.34400407E-01     0.50000001E-01     0.91243133E-01     137     0.31237058E-01
 0.14900000E+02     0.10964899E+01     0.97426564E-01     0.60000000E+01    -0.10194493E+00     0.34097537E-01     0.50000001E-01     0.92401944E-01     137     0.31237058E-01
 0.15099998E+02     0.10919108E+01     0.10071967E+00     0.60000000E+01    -0.10352501E+00     0.32858957E-01     0.50000001E-01     0.95728442E-01     137     0.31237058E-01
 0.15199999E+02     0.10938352E+01     0.10174612E+00     0.60000000E+01    -0.10398374E+00     0.32621596E-01     0.50000001E-01     0.96767090E-01     137     0.31237058E-01
 0.15299999E+02     0.10961847E+01     0.10275457E+00     0.60000000E+01    -0.10447322E+00     0.32385234E-01     0.50000001E-01     0.97786769E-01     137     0.31237058E-01
 0.15400001E+02     0.10961332E+01     0.10421912E+00     0.60000000E+01    -0.10524015E+00     0.32886427E-01     0.50000001E-01     0.99276133E-01     137     0.31237058E-01
 0.15499998E+02     0.10963448E+01     0.10555182E+00     0.60000000E+01    -0.10591858E+00     0.32340523E-01     0.50000001E-01     0.10062362E+00     137     0.31237058E-01
 0.15599998E+02     0.10984197E+01     0.10660036E+00     0.60000000E+01    -0.10645089E+00     0.31980660E-01     0.50000001E-01     0.10168313E+00     137     0.31237058E-01
 0.15699999E+02     0.11006812E+01     0.10758163E+00     0.60000000E+01    -0.10691970E+00     0.31526819E-01     0.50000001E-01     0.10267268E+00     137     0.31237058E-01
 0.15800000E+02     0.11030574E+01     0.10857704E+00     0.60000000E+01    -0.10741983E+00     0.31278841E-01     0.50000001E-01     0.10367943E+00     138     0.34752071E-01
 0.15899998E+02     0.11022118E+01     0.11020109E+00     0.60000000E+01    -0.10835996E+00     0.31253632E-01     0.50000001E-01     0.10532730E+00     138     0.34752071E-01
 0.15999998E+02     0.11038420E+01     0.11135981E+00     0.60000000E+01    -0.10897054E+00     0.30922571E-01     0.50000001E-01     0.10649734E+00     138     0.34752071E-01
 0.16099998E+02     0.11060812E+01     0.11229570E+00     0.60000000E+01    -0.10943868E+00     0.30578211E-01     0.50000001E-01     0.10744177E+00     138     0.34752071E-01
 0.16200001E+02     0.11090518E+01     0.11322288E+00     0.60000000E+01    -0.10994813E+00     0.30407624E-01     0.50000001E-01     0.10837849E+00     138     0.34752071E-01
 0.16300001E+02     0.11119959E+01     0.11415857E+00     0.60000000E+01    -0.11047618E+00     0.30323897E-01     0.50000001E-01     0.10932346E+00     138     0.34752071E-01
 0.16399998E+02     0.11090262E+01     0.11600664E+00     0.60000000E+01    -0.11162093E+00     0.29247481E-01     0.50000001E-01     0.11118536E+00     138     0.34752071E-01
 0.16499998E+02     0.11118069E+01     0.11699954E+00     0.60000000E+01    -0.11218035E+00     0.29265877E-01     0.50000001E-01     0.11219089E+00     138     0.34752071E-01
 0.16600000E+02     0.11158868E+01     0.11778971E+00     0.60000000E+01    -0.11260201E+00     0.29677864E-01     0.50000001E-01     0.11299486E+00     138     0.34752071E-01
 0.16700001E+02     0.11184852E+01     0.11873348E+00     0.60000000E+01    -0.11314329E+00     0.29208895E-01     0.50000001E-01     0.11394536E+00     138     0.34752071E-01
 0.16799997E+02     0.11208736E+01     0.11967783E+00     0.60000000E+01    -0.11369390E+00     0.28452825E-01     0.50000001E-01     0.11489648E+00     138     0.34752071E-01
 0.16900000E+02     0.11227094E+01     0.12094022E+00     0.60000000E+01    -0.11453512E+00     0.28472999E-01     0.50000001E-01     0.11617625E+00     138     0.34752071E-01
 0.17000000E+02     0.11237204E+01     0.12221909E+00     0.60000000E+01    -0.11530348E+00     0.28249577E-01     0.50000001E-01     0.11747112E+00     139     0.38545102E-01
