  
       RFOIL         Version 3.00
  
 Calculated polar for: OSO_2025_WT2_T21                
  
 1  Reynolds number fixed
  
 xtrf =      0.05000000 (suction)     0.05000000 (pressure)
 Rot. Parameters:  f0 =      1.00000000 c/r =      0.00000000
 Mach =      0.00000000     Re =      6.00000000 e 6     Ncrit =      3.00000000
  
             alpha                CL                CD            Re(CL)                CM             S_xtr             P_xtr               CDp            I_stag            X_stag
  ------- -------- --------- --------- -------- ------- ------- -------- 
-0.20600000E+02    -0.91127491E+00     0.87151185E-01     0.60000000E+01    -0.71376249E-01     0.58855671E+00     0.79883672E-02     0.83722591E-01      98     0.68454914E-01
-0.20400002E+02    -0.90471482E+00     0.83799250E-01     0.60000000E+01    -0.75973973E-01     0.58637083E+00     0.80853617E-02     0.80322646E-01      98     0.68454914E-01
-0.20300001E+02    -0.91015947E+00     0.81098869E-01     0.60000000E+01    -0.77987678E-01     0.58567595E+00     0.80602588E-02     0.77581398E-01      98     0.68454914E-01
-0.20200001E+02    -0.91421229E+00     0.78807376E-01     0.60000000E+01    -0.79705864E-01     0.58496654E+00     0.80824280E-02     0.75254865E-01      98     0.68454914E-01
-0.20100000E+02    -0.91855174E+00     0.76482102E-01     0.60000000E+01    -0.81459776E-01     0.58423048E+00     0.81108073E-02     0.72894029E-01      98     0.68454914E-01
-0.20000002E+02    -0.92244798E+00     0.74282490E-01     0.60000000E+01    -0.83110340E-01     0.58366686E+00     0.81330221E-02     0.70660539E-01      98     0.68454914E-01
-0.19900000E+02    -0.92357343E+00     0.72640114E-01     0.60000000E+01    -0.84311500E-01     0.58270776E+00     0.81663225E-02     0.68992004E-01      98     0.68454914E-01
-0.19800001E+02    -0.92614365E+00     0.70771545E-01     0.60000000E+01    -0.85717067E-01     0.58206350E+00     0.82154525E-02     0.67094855E-01      98     0.68454914E-01
-0.19700001E+02    -0.92617285E+00     0.69338925E-01     0.60000000E+01    -0.86767040E-01     0.58112872E+00     0.82025155E-02     0.65637082E-01      98     0.68454914E-01
-0.19600000E+02    -0.92815453E+00     0.67643113E-01     0.60000000E+01    -0.88005297E-01     0.58033442E+00     0.82684224E-02     0.63914828E-01      98     0.68454914E-01
-0.19500000E+02    -0.92765760E+00     0.66361196E-01     0.60000000E+01    -0.88928081E-01     0.57930392E+00     0.82834261E-02     0.62609747E-01      98     0.68454914E-01
-0.19400002E+02    -0.92876077E+00     0.64808235E-01     0.60000000E+01    -0.90080842E-01     0.57854140E+00     0.83172657E-02     0.61030671E-01      98     0.68454914E-01
-0.19300001E+02    -0.92767197E+00     0.63670591E-01     0.60000000E+01    -0.90871021E-01     0.57759297E+00     0.83309123E-02     0.59871707E-01      98     0.68454914E-01
-0.19200001E+02    -0.92816782E+00     0.62267009E-01     0.60000000E+01    -0.91900207E-01     0.57355750E+00     0.84057869E-02     0.58436561E-01      98     0.68454914E-01
-0.19100000E+02    -0.92698473E+00     0.61140370E-01     0.60000000E+01    -0.92668064E-01     0.57275873E+00     0.84004393E-02     0.57290237E-01      98     0.68454914E-01
-0.19000002E+02    -0.92556244E+00     0.60056832E-01     0.60000000E+01    -0.93407951E-01     0.57494611E+00     0.84122671E-02     0.56195114E-01      98     0.68454914E-01
-0.18900002E+02    -0.92612970E+00     0.58728371E-01     0.60000000E+01    -0.94332211E-01     0.57121062E+00     0.84510278E-02     0.54837126E-01      98     0.68454914E-01
-0.18800001E+02    -0.92364907E+00     0.57802849E-01     0.60000000E+01    -0.94955862E-01     0.57331294E+00     0.84529025E-02     0.53903002E-01      98     0.68454914E-01
-0.18700001E+02    -0.92231554E+00     0.56770757E-01     0.60000000E+01    -0.95657207E-01     0.56932968E+00     0.85165743E-02     0.52844193E-01      98     0.68454914E-01
-0.18600000E+02    -0.92153269E+00     0.55641621E-01     0.60000000E+01    -0.96426077E-01     0.56861860E+00     0.85369144E-02     0.51693868E-01      98     0.68454914E-01
-0.18500002E+02    -0.91963965E+00     0.54705720E-01     0.60000000E+01    -0.97002611E-01     0.56766462E+00     0.86206561E-02     0.50740656E-01      99     0.61320473E-01
-0.18400000E+02    -0.91703528E+00     0.53841840E-01     0.60000000E+01    -0.97574592E-01     0.56682199E+00     0.86141704E-02     0.49859054E-01      99     0.61320473E-01
-0.18300001E+02    -0.91626233E+00     0.52783173E-01     0.60000000E+01    -0.98254047E-01     0.56588459E+00     0.86539052E-02     0.48781071E-01      99     0.61320473E-01
-0.18200001E+02    -0.91462779E+00     0.51842496E-01     0.60000000E+01    -0.98830193E-01     0.56488281E+00     0.88552237E-02     0.47828309E-01      99     0.61320473E-01
-0.18100002E+02    -0.91054904E+00     0.51143184E-01     0.60000000E+01    -0.99286273E-01     0.56415927E+00     0.87132594E-02     0.47111567E-01      99     0.61320473E-01
-0.18000000E+02    -0.90975600E+00     0.50122965E-01     0.60000000E+01    -0.99909320E-01     0.56312603E+00     0.89446064E-02     0.46078544E-01      99     0.61320473E-01
-0.17900000E+02    -0.90778363E+00     0.49248934E-01     0.60000000E+01    -0.10046443E+00     0.55960041E+00     0.89887371E-02     0.45180101E-01      99     0.61320473E-01
-0.17800001E+02    -0.90461904E+00     0.48489787E-01     0.60000000E+01    -0.10088883E+00     0.56148392E+00     0.90762563E-02     0.44416592E-01      99     0.61320473E-01
-0.17700001E+02    -0.90094775E+00     0.47801480E-01     0.60000000E+01    -0.10131410E+00     0.55796283E+00     0.90191262E-02     0.43703545E-01      99     0.61320473E-01
-0.17600000E+02    -0.89772719E+00     0.47060568E-01     0.60000000E+01    -0.10174421E+00     0.55713254E+00     0.89063467E-02     0.42943705E-01      99     0.61320473E-01
-0.17500000E+02    -0.89492238E+00     0.46282936E-01     0.60000000E+01    -0.10223101E+00     0.55615842E+00     0.88823531E-02     0.42148665E-01      99     0.61320473E-01
-0.17400002E+02    -0.89254725E+00     0.45514468E-01     0.60000000E+01    -0.10262186E+00     0.55528301E+00     0.91794208E-02     0.41370306E-01      99     0.61320473E-01
-0.17300001E+02    -0.88876033E+00     0.44861414E-01     0.60000000E+01    -0.10298519E+00     0.55421716E+00     0.91731157E-02     0.40703826E-01      99     0.61320473E-01
-0.17200001E+02    -0.88547456E+00     0.44148430E-01     0.60000000E+01    -0.10339104E+00     0.55337805E+00     0.91656623E-02     0.39976478E-01      99     0.61320473E-01
-0.17100000E+02    -0.88207126E+00     0.43442830E-01     0.60000000E+01    -0.10384569E+00     0.55254948E+00     0.90679023E-02     0.39254233E-01      99     0.61320473E-01
-0.17000002E+02    -0.87860250E+00     0.42783111E-01     0.60000000E+01    -0.10417761E+00     0.55183768E+00     0.92579043E-02     0.38585737E-01      99     0.61320473E-01
-0.16900000E+02    -0.87409598E+00     0.42232219E-01     0.60000000E+01    -0.10446053E+00     0.55111223E+00     0.91331396E-02     0.38021054E-01      99     0.61320473E-01
-0.16800001E+02    -0.87012452E+00     0.41617431E-01     0.60000000E+01    -0.10479924E+00     0.54983151E+00     0.90888217E-02     0.37389375E-01     100     0.54487012E-01
-0.16700001E+02    -0.86788857E+00     0.40852584E-01     0.60000000E+01    -0.10522877E+00     0.54652220E+00     0.94567342E-02     0.36605038E-01     100     0.54487012E-01
-0.16600000E+02    -0.86347288E+00     0.40289409E-01     0.60000000E+01    -0.10552639E+00     0.54598242E+00     0.92765503E-02     0.36026925E-01     100     0.54487012E-01
-0.16500000E+02    -0.85938066E+00     0.39718077E-01     0.60000000E+01    -0.10579871E+00     0.54733324E+00     0.94120912E-02     0.35454445E-01     100     0.54487012E-01
-0.16400002E+02    -0.85502410E+00     0.39158605E-01     0.60000000E+01    -0.10609613E+00     0.54399610E+00     0.95042717E-02     0.34874823E-01     100     0.54487012E-01
-0.16300001E+02    -0.85126984E+00     0.38543977E-01     0.60000000E+01    -0.10640517E+00     0.54561001E+00     0.96160723E-02     0.34255005E-01     100     0.54487012E-01
-0.16200001E+02    -0.84782851E+00     0.37923496E-01     0.60000000E+01    -0.10669467E+00     0.54508328E+00     0.95813982E-02     0.33621684E-01     100     0.54487012E-01
-0.16100000E+02    -0.84323400E+00     0.37399694E-01     0.60000000E+01    -0.10696301E+00     0.54174894E+00     0.96755382E-02     0.33081267E-01     100     0.54487012E-01
-0.16000002E+02    -0.83850640E+00     0.36902998E-01     0.60000000E+01    -0.10720747E+00     0.54065788E+00     0.96623199E-02     0.32573685E-01     100     0.54487012E-01
-0.15900001E+02    -0.83376586E+00     0.36396775E-01     0.60000000E+01    -0.10745674E+00     0.54027563E+00     0.96829301E-02     0.32058522E-01     100     0.54487012E-01
-0.15800000E+02    -0.82967997E+00     0.35842441E-01     0.60000000E+01    -0.10770799E+00     0.53928310E+00     0.98420605E-02     0.31489346E-01     100     0.54487012E-01
-0.15700001E+02    -0.82573640E+00     0.35268389E-01     0.60000000E+01    -0.10801265E+00     0.53815722E+00     0.98617580E-02     0.30902404E-01     100     0.54487012E-01
-0.15600002E+02    -0.82083905E+00     0.34807149E-01     0.60000000E+01    -0.10822394E+00     0.53553379E+00     0.97047398E-02     0.30420916E-01     100     0.54487012E-01
-0.15500001E+02    -0.81623107E+00     0.34323718E-01     0.60000000E+01    -0.10840716E+00     0.53661895E+00     0.99884989E-02     0.29935421E-01     100     0.54487012E-01
-0.15400001E+02    -0.80845243E+00     0.34683827E-01     0.60000000E+01    -0.10914303E+00     0.50000001E-01     0.10067938E-01     0.29420815E-01     101     0.47999002E-01
-0.15300001E+02    -0.80329508E+00     0.34245405E-01     0.60000000E+01    -0.10935293E+00     0.50000001E-01     0.99380901E-02     0.28968392E-01     101     0.47999002E-01
-0.15200001E+02    -0.79937208E+00     0.33714145E-01     0.60000000E+01    -0.10958328E+00     0.50000001E-01     0.10080687E-01     0.28426517E-01     101     0.47999002E-01
-0.15100001E+02    -0.79550201E+00     0.33192083E-01     0.60000000E+01    -0.10978802E+00     0.50000001E-01     0.10276473E-01     0.27893648E-01     101     0.47999002E-01
-0.15000001E+02    -0.79076368E+00     0.32740738E-01     0.60000000E+01    -0.10996793E+00     0.50000001E-01     0.10326291E-01     0.27434571E-01     101     0.47999002E-01
-0.14900000E+02    -0.78578520E+00     0.32330565E-01     0.60000000E+01    -0.11009548E+00     0.50000001E-01     0.10433091E-01     0.27015096E-01     101     0.47999002E-01
-0.14800000E+02    -0.78035581E+00     0.31937581E-01     0.60000000E+01    -0.11026403E+00     0.50000001E-01     0.10331742E-01     0.26608869E-01     101     0.47999002E-01
-0.14700002E+02    -0.77653754E+00     0.31439226E-01     0.60000000E+01    -0.11043726E+00     0.50000001E-01     0.10593508E-01     0.26103860E-01     101     0.47999002E-01
-0.14600000E+02    -0.77177167E+00     0.30974634E-01     0.60000000E+01    -0.11068036E+00     0.50000001E-01     0.10606441E-01     0.25626300E-01     101     0.47999002E-01
-0.14500000E+02    -0.76675439E+00     0.30586516E-01     0.60000000E+01    -0.11077350E+00     0.50000001E-01     0.10576434E-01     0.25226893E-01     101     0.47999002E-01
-0.14400001E+02    -0.76182872E+00     0.30200904E-01     0.60000000E+01    -0.11085111E+00     0.50000001E-01     0.10713330E-01     0.24833508E-01     101     0.47999002E-01
-0.14300001E+02    -0.75581962E+00     0.29853268E-01     0.60000000E+01    -0.11101249E+00     0.50000001E-01     0.10575007E-01     0.24471296E-01     101     0.47999002E-01
-0.14200001E+02    -0.75110453E+00     0.29426942E-01     0.60000000E+01    -0.11117297E+00     0.50000001E-01     0.10775381E-01     0.24038818E-01     101     0.47999002E-01
-0.14100001E+02    -0.74679172E+00     0.28998965E-01     0.60000000E+01    -0.11129192E+00     0.50000001E-01     0.10907969E-01     0.23601810E-01     101     0.47999002E-01
-0.14000001E+02    -0.74186856E+00     0.28592767E-01     0.60000000E+01    -0.11145202E+00     0.50000001E-01     0.10955371E-01     0.23182644E-01     102     0.41903831E-01
-0.13900002E+02    -0.73641872E+00     0.28240949E-01     0.60000000E+01    -0.11155201E+00     0.50000001E-01     0.11007371E-01     0.22822402E-01     102     0.41903831E-01
-0.13800001E+02    -0.73090607E+00     0.27881192E-01     0.60000000E+01    -0.11168560E+00     0.50000001E-01     0.11258379E-01     0.22455474E-01     102     0.41903831E-01
-0.13700001E+02    -0.72537929E+00     0.27553940E-01     0.60000000E+01    -0.11174390E+00     0.50000001E-01     0.11033988E-01     0.22114297E-01     102     0.41903831E-01
-0.13600001E+02    -0.72052461E+00     0.27155368E-01     0.60000000E+01    -0.11189779E+00     0.50000001E-01     0.11421655E-01     0.21710344E-01     102     0.41903831E-01
-0.13500001E+02    -0.71565080E+00     0.26777696E-01     0.60000000E+01    -0.11199874E+00     0.50000001E-01     0.11310463E-01     0.21320336E-01     102     0.41903831E-01
-0.13400001E+02    -0.71041423E+00     0.26432257E-01     0.60000000E+01    -0.11209213E+00     0.50000001E-01     0.11305171E-01     0.20964574E-01     102     0.41903831E-01
-0.13300000E+02    -0.70464420E+00     0.26113333E-01     0.60000000E+01    -0.11218514E+00     0.50000001E-01     0.11468785E-01     0.20637024E-01     102     0.41903831E-01
-0.13200001E+02    -0.69880867E+00     0.25807736E-01     0.60000000E+01    -0.11225639E+00     0.50000001E-01     0.11338226E-01     0.20320464E-01     102     0.41903831E-01
-0.13100000E+02    -0.69360137E+00     0.25465772E-01     0.60000000E+01    -0.11234408E+00     0.50000001E-01     0.11523857E-01     0.19970080E-01     102     0.41903831E-01
-0.13000001E+02    -0.68894285E+00     0.25105076E-01     0.60000000E+01    -0.11241234E+00     0.50000001E-01     0.11851960E-01     0.19600913E-01     102     0.41903831E-01
-0.12900001E+02    -0.68390101E+00     0.24746759E-01     0.60000000E+01    -0.11251849E+00     0.50000001E-01     0.11865113E-01     0.19231066E-01     102     0.41903831E-01
-0.12800001E+02    -0.67769766E+00     0.24470711E-01     0.60000000E+01    -0.11260753E+00     0.50000001E-01     0.11605031E-01     0.18945560E-01     102     0.41903831E-01
-0.12700001E+02    -0.67275631E+00     0.24147043E-01     0.60000000E+01    -0.11259029E+00     0.50000001E-01     0.11997222E-01     0.18615339E-01     102     0.41903831E-01
-0.12600001E+02    -0.66659170E+00     0.23867963E-01     0.60000000E+01    -0.11269877E+00     0.50000001E-01     0.11828923E-01     0.18322572E-01     103     0.36247686E-01
-0.12500001E+02    -0.66217786E+00     0.23493901E-01     0.60000000E+01    -0.11279032E+00     0.50000001E-01     0.12302355E-01     0.17945977E-01     103     0.36247686E-01
-0.12400002E+02    -0.65657169E+00     0.23198931E-01     0.60000000E+01    -0.11285732E+00     0.50000001E-01     0.12060465E-01     0.17635489E-01     103     0.36247686E-01
-0.12300001E+02    -0.65155089E+00     0.22860942E-01     0.60000000E+01    -0.11293314E+00     0.50000001E-01     0.12334739E-01     0.17293725E-01     103     0.36247686E-01
-0.12200001E+02    -0.64480489E+00     0.22618402E-01     0.60000000E+01    -0.11302049E+00     0.50000001E-01     0.12067512E-01     0.17038429E-01     103     0.36247686E-01
-0.12100001E+02    -0.64003932E+00     0.22288311E-01     0.60000000E+01    -0.11302082E+00     0.50000001E-01     0.12445914E-01     0.16705744E-01     103     0.36247686E-01
-0.12000000E+02    -0.63459694E+00     0.21974992E-01     0.60000000E+01    -0.11311395E+00     0.50000001E-01     0.12568429E-01     0.16385980E-01     103     0.36247686E-01
-0.11900001E+02    -0.62910378E+00     0.21669203E-01     0.60000000E+01    -0.11319621E+00     0.50000001E-01     0.12393498E-01     0.16067103E-01     103     0.36247686E-01
-0.11800000E+02    -0.62398607E+00     0.21341983E-01     0.60000000E+01    -0.11327405E+00     0.50000001E-01     0.12647066E-01     0.15735885E-01     103     0.36247686E-01
-0.11700001E+02    -0.61793596E+00     0.21073120E-01     0.60000000E+01    -0.11331984E+00     0.50000001E-01     0.12741151E-01     0.15458757E-01     103     0.36247686E-01
-0.11600000E+02    -0.61240125E+00     0.20758815E-01     0.60000000E+01    -0.11340661E+00     0.50000001E-01     0.13050326E-01     0.15142094E-01     103     0.36247686E-01
-0.11500001E+02    -0.60653383E+00     0.20450510E-01     0.60000000E+01    -0.11352532E+00     0.50000001E-01     0.13222061E-01     0.14827542E-01     103     0.36247686E-01
-0.11400001E+02    -0.60057217E+00     0.20141333E-01     0.60000000E+01    -0.11366124E+00     0.50000001E-01     0.13071629E-01     0.14505808E-01     103     0.36247686E-01
-0.11300001E+02    -0.59471440E+00     0.19848851E-01     0.60000000E+01    -0.11371355E+00     0.50000001E-01     0.13218502E-01     0.14205319E-01     104     0.31069152E-01
-0.11200001E+02    -0.58818096E+00     0.19589705E-01     0.60000000E+01    -0.11378664E+00     0.50000001E-01     0.13225898E-01     0.13937272E-01     104     0.31069152E-01
-0.11100001E+02    -0.58666837E+00     0.19354619E-01     0.60000000E+01    -0.11314417E+00     0.50000001E-01     0.13153296E-01     0.13693301E-01     104     0.31069152E-01
-0.11000001E+02    -0.58412844E+00     0.19058675E-01     0.60000000E+01    -0.11290775E+00     0.50000001E-01     0.13369082E-01     0.13391199E-01     104     0.31069152E-01
-0.10900001E+02    -0.57621795E+00     0.18768072E-01     0.60000000E+01    -0.11342720E+00     0.50000001E-01     0.13630819E-01     0.13091388E-01     104     0.31069152E-01
-0.10800001E+02    -0.56748521E+00     0.18537801E-01     0.60000000E+01    -0.11385729E+00     0.50000001E-01     0.13616585E-01     0.12851864E-01     104     0.31069152E-01
-0.10700001E+02    -0.55861413E+00     0.18272428E-01     0.60000000E+01    -0.11443947E+00     0.50000001E-01     0.14032036E-01     0.12579340E-01     104     0.31069152E-01
-0.10600001E+02    -0.54921716E+00     0.18018568E-01     0.60000000E+01    -0.11506494E+00     0.50000001E-01     0.13815485E-01     0.12311734E-01     104     0.31069152E-01
-0.10500001E+02    -0.53962374E+00     0.17739555E-01     0.60000000E+01    -0.11579836E+00     0.50000001E-01     0.14104176E-01     0.12020580E-01     104     0.31069152E-01
-0.10400002E+02    -0.52935344E+00     0.17455349E-01     0.60000000E+01    -0.11665992E+00     0.50000001E-01     0.14560608E-01     0.11730846E-01     104     0.31069152E-01
-0.10300000E+02    -0.51896453E+00     0.17236829E-01     0.60000000E+01    -0.11732414E+00     0.50000001E-01     0.14428270E-01     0.11499376E-01     104     0.31069152E-01
-0.10200001E+02    -0.50796658E+00     0.17010052E-01     0.60000000E+01    -0.11812284E+00     0.50000001E-01     0.14405801E-01     0.11260614E-01     105     0.26392410E-01
-0.10100000E+02    -0.49671045E+00     0.16715398E-01     0.60000000E+01    -0.11919327E+00     0.50000001E-01     0.15075039E-01     0.10962497E-01     105     0.26392410E-01
-0.10000001E+02    -0.48507488E+00     0.16477078E-01     0.60000000E+01    -0.12012884E+00     0.50000001E-01     0.14876380E-01     0.10708634E-01     105     0.26392410E-01
-0.99000006E+01    -0.47336194E+00     0.16254660E-01     0.60000000E+01    -0.12102760E+00     0.50000001E-01     0.14849643E-01     0.10473885E-01     105     0.26392410E-01
-0.98000011E+01    -0.46139404E+00     0.16032694E-01     0.60000000E+01    -0.12196010E+00     0.50000001E-01     0.14982454E-01     0.10243026E-01     105     0.26392410E-01
-0.97000008E+01    -0.44900227E+00     0.15770406E-01     0.60000000E+01    -0.12310922E+00     0.50000001E-01     0.15641781E-01     0.99757854E-02     105     0.26392410E-01
-0.96000013E+01    -0.43644625E+00     0.15581006E-01     0.60000000E+01    -0.12403459E+00     0.50000001E-01     0.15250272E-01     0.97700171E-02     105     0.26392410E-01
-0.95000010E+01    -0.42324233E+00     0.15299719E-01     0.60000000E+01    -0.12538397E+00     0.50000001E-01     0.16087729E-01     0.94828997E-02     105     0.26392410E-01
-0.94000006E+01    -0.41038024E+00     0.15094288E-01     0.60000000E+01    -0.12641533E+00     0.50000001E-01     0.16062809E-01     0.92639076E-02     105     0.26392410E-01
-0.93000011E+01    -0.39737359E+00     0.14908466E-01     0.60000000E+01    -0.12740369E+00     0.50000001E-01     0.16078860E-01     0.90653514E-02     106     0.22223158E-01
-0.91999998E+01    -0.38402852E+00     0.14697297E-01     0.60000000E+01    -0.12854803E+00     0.50000001E-01     0.16467461E-01     0.88440198E-02     106     0.22223158E-01
-0.91000013E+01    -0.37085316E+00     0.14525913E-01     0.60000000E+01    -0.12953345E+00     0.50000001E-01     0.15844144E-01     0.86548720E-02     106     0.22223158E-01
-0.90000000E+01    -0.35664082E+00     0.14261395E-01     0.60000000E+01    -0.13099821E+00     0.50000001E-01     0.16995642E-01     0.83813909E-02     106     0.22223158E-01
-0.89000015E+01    -0.34305018E+00     0.14083513E-01     0.60000000E+01    -0.13207842E+00     0.50000001E-01     0.17044049E-01     0.81908274E-02     106     0.22223158E-01
-0.88000002E+01    -0.32888269E+00     0.13884521E-01     0.60000000E+01    -0.13333534E+00     0.50000001E-01     0.17181056E-01     0.79813888E-02     106     0.22223158E-01
-0.87000017E+01    -0.31442758E+00     0.13660298E-01     0.60000000E+01    -0.13470012E+00     0.50000001E-01     0.17678589E-01     0.77490895E-02     106     0.22223158E-01
-0.86000004E+01    -0.30011234E+00     0.13472073E-01     0.60000000E+01    -0.13594058E+00     0.50000001E-01     0.17662495E-01     0.75450679E-02     107     0.18548056E-01
-0.85000019E+01    -0.28569859E+00     0.13282109E-01     0.60000000E+01    -0.13718922E+00     0.50000001E-01     0.17957974E-01     0.73441914E-02     107     0.18548056E-01
-0.84000006E+01    -0.27085015E+00     0.13070500E-01     0.60000000E+01    -0.13861661E+00     0.50000001E-01     0.18770881E-01     0.71255304E-02     107     0.18548056E-01
-0.83000011E+01    -0.25669962E+00     0.12925808E-01     0.60000000E+01    -0.13968427E+00     0.50000001E-01     0.18375257E-01     0.69631673E-02     107     0.18548056E-01
-0.82000008E+01    -0.24182180E+00     0.12733852E-01     0.60000000E+01    -0.14104612E+00     0.50000001E-01     0.18730924E-01     0.67587481E-02     107     0.18548056E-01
-0.81000013E+01    -0.22693379E+00     0.12547898E-01     0.60000000E+01    -0.14236936E+00     0.50000001E-01     0.19652389E-01     0.65612942E-02     107     0.18548056E-01
-0.80000010E+01    -0.21230637E+00     0.12392215E-01     0.60000000E+01    -0.14356384E+00     0.50000001E-01     0.19616129E-01     0.63914480E-02     107     0.18548056E-01
-0.79000001E+01    -0.19737674E+00     0.12223534E-01     0.60000000E+01    -0.14485031E+00     0.50000001E-01     0.19652227E-01     0.62083560E-02     107     0.18548056E-01
-0.78000011E+01    -0.18263660E+00     0.12069024E-01     0.60000000E+01    -0.14606048E+00     0.50000001E-01     0.19765291E-01     0.60392674E-02     108     0.15338226E-01
-0.77000003E+01    -0.16699958E+00     0.11872169E-01     0.60000000E+01    -0.14755733E+00     0.50000001E-01     0.20543655E-01     0.58337539E-02     108     0.15338226E-01
-0.76000009E+01    -0.15184434E+00     0.11702335E-01     0.60000000E+01    -0.14889754E+00     0.50000001E-01     0.20960057E-01     0.56519387E-02     108     0.15338226E-01
-0.75000005E+01    -0.13678199E+00     0.11550751E-01     0.60000000E+01    -0.15016271E+00     0.50000001E-01     0.21054149E-01     0.54860781E-02     108     0.15338226E-01
-0.74000010E+01    -0.12160467E+00     0.11393027E-01     0.60000000E+01    -0.15146634E+00     0.50000001E-01     0.21662027E-01     0.53169839E-02     108     0.15338226E-01
-0.73000002E+01    -0.10627723E+00     0.11232314E-01     0.60000000E+01    -0.15279974E+00     0.50000001E-01     0.22212774E-01     0.51431372E-02     108     0.15338226E-01
-0.72000012E+01    -0.91231771E-01     0.11087494E-01     0.60000000E+01    -0.15403026E+00     0.50000001E-01     0.22901256E-01     0.49833232E-02     108     0.15338226E-01
-0.71000004E+01    -0.75264677E-01     0.10903561E-01     0.60000000E+01    -0.15555771E+00     0.50000001E-01     0.23905532E-01     0.47898516E-02     109     0.12555218E-01
-0.70000014E+01    -0.61457630E-01     0.10834078E-01     0.60000000E+01    -0.15633328E+00     0.50000001E-01     0.23136502E-01     0.46986262E-02     109     0.12555218E-01
-0.69000006E+01    -0.46256840E-01     0.10686940E-01     0.60000000E+01    -0.15758732E+00     0.50000001E-01     0.23704369E-01     0.45395065E-02     109     0.12555218E-01
-0.68000016E+01    -0.30986164E-01     0.10551602E-01     0.60000000E+01    -0.15883631E+00     0.50000001E-01     0.24098380E-01     0.43901154E-02     109     0.12555218E-01
-0.67000008E+01    -0.16254464E-01     0.10431161E-01     0.60000000E+01    -0.15995055E+00     0.50000001E-01     0.24441294E-01     0.42557400E-02     109     0.12555218E-01
-0.66000018E+01    -0.10706265E-02     0.10293880E-01     0.60000000E+01    -0.16118069E+00     0.50000001E-01     0.25159050E-01     0.41057202E-02     109     0.12555218E-01
-0.65000010E+01     0.13478422E-01     0.10195348E-01     0.60000000E+01    -0.16218807E+00     0.50000001E-01     0.25039190E-01     0.39883628E-02     110     0.10156807E-01
-0.64000001E+01     0.28720427E-01     0.10058188E-01     0.60000000E+01    -0.16342776E+00     0.50000001E-01     0.26598291E-01     0.38377950E-02     110     0.10156807E-01
-0.63000011E+01     0.42752977E-01     0.99790180E-02     0.60000000E+01    -0.16427696E+00     0.50000001E-01     0.26157491E-01     0.37429333E-02     110     0.10156807E-01
-0.62000003E+01     0.58035057E-01     0.98438552E-02     0.60000000E+01    -0.16551033E+00     0.50000001E-01     0.27438441E-01     0.35932031E-02     110     0.10156807E-01
-0.61000009E+01     0.72467662E-01     0.97562270E-02     0.60000000E+01    -0.16645527E+00     0.50000001E-01     0.27670208E-01     0.34904825E-02     110     0.10156807E-01
-0.60000000E+01     0.86916842E-01     0.96588787E-02     0.60000000E+01    -0.16742209E+00     0.50000001E-01     0.28371122E-01     0.33812174E-02     110     0.10156807E-01
-0.59000010E+01     0.10029633E+00     0.96117640E-02     0.60000000E+01    -0.16806336E+00     0.50000001E-01     0.28449710E-01     0.33208570E-02     110     0.10156807E-01
-0.58000002E+01     0.11393210E+00     0.95521398E-02     0.60000000E+01    -0.16875970E+00     0.50000001E-01     0.29477965E-01     0.32544592E-02     111     0.81014242E-02
-0.57000012E+01     0.12693204E+00     0.95192557E-02     0.60000000E+01    -0.16927396E+00     0.50000001E-01     0.29599225E-01     0.32112398E-02     111     0.81014242E-02
-0.56000004E+01     0.14010592E+00     0.94829686E-02     0.60000000E+01    -0.16983031E+00     0.50000001E-01     0.30197857E-01     0.31657177E-02     111     0.81014242E-02
-0.55000014E+01     0.15336359E+00     0.94362330E-02     0.60000000E+01    -0.17042366E+00     0.50000001E-01     0.31369302E-01     0.31119282E-02     111     0.81014242E-02
-0.54000006E+01     0.16624911E+00     0.94144251E-02     0.60000000E+01    -0.17088687E+00     0.50000001E-01     0.31306975E-01     0.30791503E-02     111     0.81014242E-02
-0.53000016E+01     0.17944594E+00     0.93705300E-02     0.60000000E+01    -0.17146027E+00     0.50000001E-01     0.32238767E-01     0.30304822E-02     112     0.63508647E-02
-0.52000008E+01     0.19248080E+00     0.93322331E-02     0.60000000E+01    -0.17198864E+00     0.50000001E-01     0.33263784E-01     0.29881354E-02     112     0.63508647E-02
-0.51000013E+01     0.20528467E+00     0.93171643E-02     0.60000000E+01    -0.17242862E+00     0.50000001E-01     0.33198200E-01     0.29621487E-02     112     0.63508647E-02
-0.50000010E+01     0.21831827E+00     0.92828497E-02     0.60000000E+01    -0.17294684E+00     0.50000001E-01     0.34987718E-01     0.29246872E-02     112     0.63508647E-02
-0.49000015E+01     0.23107031E+00     0.92597790E-02     0.60000000E+01    -0.17338514E+00     0.50000001E-01     0.35898216E-01     0.28935904E-02     112     0.63508647E-02
-0.48000007E+01     0.24367070E+00     0.92551615E-02     0.60000000E+01    -0.17375804E+00     0.50000001E-01     0.35388649E-01     0.28771642E-02     112     0.63508647E-02
-0.47000003E+01     0.25642622E+00     0.92382487E-02     0.60000000E+01    -0.17418243E+00     0.50000001E-01     0.35874832E-01     0.28524245E-02     113     0.48715551E-02
-0.46000009E+01     0.26930606E+00     0.92130331E-02     0.60000000E+01    -0.17465267E+00     0.50000001E-01     0.36915351E-01     0.28240108E-02     113     0.48715551E-02
-0.45000000E+01     0.28188875E+00     0.91963252E-02     0.60000000E+01    -0.17504250E+00     0.50000001E-01     0.37622191E-01     0.28018844E-02     113     0.48715551E-02
-0.44000010E+01     0.29474634E+00     0.91721071E-02     0.60000000E+01    -0.17551361E+00     0.50000001E-01     0.39277740E-01     0.27756039E-02     113     0.48715551E-02
-0.43000002E+01     0.30712873E+00     0.91702687E-02     0.60000000E+01    -0.17583391E+00     0.50000001E-01     0.38993359E-01     0.27641561E-02     113     0.48715551E-02
-0.42000012E+01     0.31981400E+00     0.91578057E-02     0.60000000E+01    -0.17624891E+00     0.50000001E-01     0.40307995E-01     0.27464731E-02     113     0.48715551E-02
-0.41000004E+01     0.33243790E+00     0.91529572E-02     0.60000000E+01    -0.17663404E+00     0.50000001E-01     0.40657654E-01     0.27325167E-02     113     0.48715551E-02
-0.40000014E+01     0.34476700E+00     0.91503225E-02     0.60000000E+01    -0.17695743E+00     0.50000001E-01     0.41035280E-01     0.27218456E-02     114     0.36345050E-02
-0.39000006E+01     0.35734415E+00     0.91405800E-02     0.60000000E+01    -0.17733361E+00     0.50000001E-01     0.41893445E-01     0.27086763E-02     114     0.36345050E-02
-0.38000014E+01     0.37016752E+00     0.91204150E-02     0.60000000E+01    -0.17777874E+00     0.50000001E-01     0.44187747E-01     0.26898598E-02     114     0.36345050E-02
-0.37000005E+01     0.38251352E+00     0.91203908E-02     0.60000000E+01    -0.17810054E+00     0.50000001E-01     0.44792611E-01     0.26830612E-02     114     0.36345050E-02
-0.36000016E+01     0.39487758E+00     0.91187330E-02     0.60000000E+01    -0.17843083E+00     0.50000001E-01     0.45775555E-01     0.26766690E-02     114     0.36345050E-02
-0.35000007E+01     0.40712386E+00     0.91228718E-02     0.60000000E+01    -0.17873429E+00     0.50000001E-01     0.46151012E-01     0.26729410E-02     115     0.26149573E-02
-0.34000015E+01     0.41973490E+00     0.91221007E-02     0.60000000E+01    -0.17910500E+00     0.50000001E-01     0.47536056E-01     0.26660059E-02     115     0.26149573E-02
-0.33000009E+01     0.43208751E+00     0.91219284E-02     0.60000000E+01    -0.17942375E+00     0.50000001E-01     0.48340607E-01     0.26627034E-02     115     0.26149573E-02
-0.32000017E+01     0.44434178E+00     0.91165677E-02     0.60000000E+01    -0.17974736E+00     0.50000001E-01     0.50000001E-01     0.26561408E-02     115     0.26149573E-02
-0.31000009E+01     0.45668510E+00     0.91269724E-02     0.60000000E+01    -0.18005365E+00     0.50000001E-01     0.50000001E-01     0.26590410E-02     115     0.26149573E-02
-0.30000000E+01     0.46888399E+00     0.91383886E-02     0.60000000E+01    -0.18033481E+00     0.50000001E-01     0.50000001E-01     0.26626135E-02     115     0.26149573E-02
-0.29000010E+01     0.48090398E+00     0.91502415E-02     0.60000000E+01    -0.18057165E+00     0.50000001E-01     0.50000001E-01     0.26661055E-02     116     0.17916226E-02
-0.28000002E+01     0.49310660E+00     0.91645252E-02     0.60000000E+01    -0.18085487E+00     0.50000001E-01     0.50000001E-01     0.26723593E-02     116     0.17916226E-02
-0.27000012E+01     0.50521302E+00     0.91789635E-02     0.60000000E+01    -0.18111455E+00     0.50000001E-01     0.50000001E-01     0.26796069E-02     116     0.17916226E-02
-0.26000004E+01     0.51728714E+00     0.91923121E-02     0.60000000E+01    -0.18136506E+00     0.50000001E-01     0.50000001E-01     0.26861848E-02     116     0.17916226E-02
-0.25000012E+01     0.52957559E+00     0.92094317E-02     0.60000000E+01    -0.18166175E+00     0.50000001E-01     0.50000001E-01     0.26954086E-02     116     0.17916226E-02
-0.24000003E+01     0.54154772E+00     0.92266351E-02     0.60000000E+01    -0.18188423E+00     0.50000001E-01     0.50000001E-01     0.27048304E-02     117     0.11454731E-02
-0.23000014E+01     0.55368930E+00     0.92428736E-02     0.60000000E+01    -0.18215548E+00     0.50000001E-01     0.50000001E-01     0.27151261E-02     117     0.11454731E-02
-0.22000005E+01     0.56562829E+00     0.92614610E-02     0.60000000E+01    -0.18237528E+00     0.50000001E-01     0.50000001E-01     0.27268175E-02     117     0.11454731E-02
-0.21000013E+01     0.57780498E+00     0.92816176E-02     0.60000000E+01    -0.18265195E+00     0.50000001E-01     0.50000001E-01     0.27397103E-02     117     0.11454731E-02
-0.20000007E+01     0.58972239E+00     0.93010291E-02     0.60000000E+01    -0.18287051E+00     0.50000001E-01     0.50000001E-01     0.27525211E-02     117     0.11454731E-02
-0.19000015E+01     0.60168874E+00     0.93210274E-02     0.60000000E+01    -0.18309653E+00     0.50000001E-01     0.50000001E-01     0.27662623E-02     118     0.65983500E-03
-0.18000008E+01     0.61359036E+00     0.93420930E-02     0.60000000E+01    -0.18331587E+00     0.50000001E-01     0.50000001E-01     0.27806754E-02     118     0.65983500E-03
-0.17000016E+01     0.62554765E+00     0.93652280E-02     0.60000000E+01    -0.18354824E+00     0.50000001E-01     0.50000001E-01     0.27974858E-02     118     0.65983500E-03
-0.16000009E+01     0.63769811E+00     0.93874997E-02     0.60000000E+01    -0.18382666E+00     0.50000001E-01     0.50000001E-01     0.28136401E-02     118     0.65983500E-03
-0.15000000E+01     0.64959198E+00     0.94116461E-02     0.60000000E+01    -0.18403144E+00     0.50000001E-01     0.50000001E-01     0.28321031E-02     118     0.65983500E-03
-0.14000009E+01     0.66130829E+00     0.94356705E-02     0.60000000E+01    -0.18421543E+00     0.50000001E-01     0.50000001E-01     0.28498066E-02     118     0.65983500E-03
-0.13000002E+01     0.67322838E+00     0.94603272E-02     0.60000000E+01    -0.18444243E+00     0.50000001E-01     0.50000001E-01     0.28691385E-02     119     0.32014173E-03
-0.12000011E+01     0.68512201E+00     0.94860317E-02     0.60000000E+01    -0.18465152E+00     0.50000001E-01     0.50000001E-01     0.28894660E-02     119     0.32014173E-03
-0.11000003E+01     0.69700825E+00     0.95134648E-02     0.60000000E+01    -0.18486297E+00     0.50000001E-01     0.50000001E-01     0.29112939E-02     119     0.32014173E-03
-0.10000012E+01     0.70879078E+00     0.95412852E-02     0.60000000E+01    -0.18505825E+00     0.50000001E-01     0.50000001E-01     0.29337439E-02     119     0.32014173E-03
-0.90000039E+00     0.72065938E+00     0.95694233E-02     0.60000000E+01    -0.18527688E+00     0.50000001E-01     0.50000001E-01     0.29569138E-02     119     0.32014173E-03
-0.80000126E+00     0.73243219E+00     0.95986128E-02     0.60000000E+01    -0.18547031E+00     0.50000001E-01     0.50000001E-01     0.29806034E-02     120     0.10680849E-03
-0.70000046E+00     0.74424148E+00     0.96275369E-02     0.60000000E+01    -0.18566690E+00     0.50000001E-01     0.50000001E-01     0.30049318E-02     120     0.10680849E-03
-0.60000139E+00     0.75605363E+00     0.96586114E-02     0.60000000E+01    -0.18586795E+00     0.50000001E-01     0.50000001E-01     0.30311234E-02     120     0.10680849E-03
-0.50000060E+00     0.76751816E+00     0.96891010E-02     0.60000000E+01    -0.18600912E+00     0.50000001E-01     0.50000001E-01     0.30565406E-02     120     0.10680849E-03
-0.40000150E+00     0.77936834E+00     0.97218184E-02     0.60000000E+01    -0.18621781E+00     0.50000001E-01     0.50000001E-01     0.30845758E-02     121     0.68437912E-05
-0.30000070E+00     0.79102403E+00     0.97543718E-02     0.60000000E+01    -0.18639332E+00     0.50000001E-01     0.50000001E-01     0.31121722E-02     121     0.68437912E-05
-0.20000160E+00     0.80271226E+00     0.97879646E-02     0.60000000E+01    -0.18657237E+00     0.50000001E-01     0.50000001E-01     0.31416337E-02     121     0.68437912E-05
-0.10000080E+00     0.81452978E+00     0.98229572E-02     0.60000000E+01    -0.18678428E+00     0.50000001E-01     0.50000001E-01     0.31724358E-02     121     0.68437912E-05
 0.00000000E+00     0.82610697E+00     0.98566646E-02     0.60000000E+01    -0.18693303E+00     0.50000001E-01     0.50000001E-01     0.32019764E-02     121     0.68437912E-05
 0.99999093E-01     0.83775401E+00     0.98928241E-02     0.60000000E+01    -0.18711002E+00     0.50000001E-01     0.50000001E-01     0.32337620E-02     122     0.29858100E-04
 0.19999990E+00     0.84931791E+00     0.99290488E-02     0.60000000E+01    -0.18725882E+00     0.50000001E-01     0.50000001E-01     0.32662842E-02     122     0.29858100E-04
 0.29999900E+00     0.86077625E+00     0.99665336E-02     0.60000000E+01    -0.18739961E+00     0.50000001E-01     0.50000001E-01     0.32999883E-02     122     0.29858100E-04
 0.39999980E+00     0.87237638E+00     0.10005231E-01     0.60000000E+01    -0.18755919E+00     0.50000001E-01     0.50000001E-01     0.33346396E-02     122     0.29858100E-04
 0.49999887E+00     0.88407409E+00     0.10044312E-01     0.60000000E+01    -0.18775670E+00     0.50000001E-01     0.50000001E-01     0.33697868E-02     122     0.29858100E-04
 0.59999967E+00     0.89571786E+00     0.10084685E-01     0.60000000E+01    -0.18792896E+00     0.50000001E-01     0.50000001E-01     0.34070997E-02     122     0.29858100E-04
 0.69999880E+00     0.90716714E+00     0.10125289E-01     0.60000000E+01    -0.18806344E+00     0.50000001E-01     0.50000001E-01     0.34441897E-02     123     0.20689871E-03
 0.79999959E+00     0.91859031E+00     0.10165408E-01     0.60000000E+01    -0.18819982E+00     0.50000001E-01     0.50000001E-01     0.34808349E-02     123     0.20689871E-03
 0.89999866E+00     0.92990100E+00     0.10206360E-01     0.60000000E+01    -0.18830618E+00     0.50000001E-01     0.50000001E-01     0.35193623E-02     123     0.20689871E-03
 0.99999946E+00     0.94148946E+00     0.10250675E-01     0.60000000E+01    -0.18848056E+00     0.50000001E-01     0.50000001E-01     0.35595000E-02     123     0.20689871E-03
 0.10999986E+01     0.95281178E+00     0.10293229E-01     0.60000000E+01    -0.18858583E+00     0.50000001E-01     0.50000001E-01     0.36002286E-02     123     0.20689871E-03
 0.11999993E+01     0.96408147E+00     0.10336719E-01     0.60000000E+01    -0.18869050E+00     0.50000001E-01     0.50000001E-01     0.36410540E-02     124     0.56264474E-03
 0.12999984E+01     0.97536445E+00     0.10381329E-01     0.60000000E+01    -0.18879114E+00     0.50000001E-01     0.50000001E-01     0.36833705E-02     124     0.56264474E-03
 0.13999993E+01     0.98678547E+00     0.10428171E-01     0.60000000E+01    -0.18892986E+00     0.50000001E-01     0.50000001E-01     0.37271478E-02     124     0.56264474E-03
 0.14999983E+01     0.99806166E+00     0.10474072E-01     0.60000000E+01    -0.18903849E+00     0.50000001E-01     0.50000001E-01     0.37706583E-02     124     0.56264474E-03
 0.15999992E+01     0.10094157E+01     0.10522466E-01     0.60000000E+01    -0.18916614E+00     0.50000001E-01     0.50000001E-01     0.38166977E-02     124     0.56264474E-03
 0.16999999E+01     0.10207431E+01     0.10570622E-01     0.60000000E+01    -0.18928584E+00     0.50000001E-01     0.50000001E-01     0.38625663E-02     124     0.56264474E-03
 0.17999990E+01     0.10320134E+01     0.10619141E-01     0.60000000E+01    -0.18939009E+00     0.50000001E-01     0.50000001E-01     0.39096102E-02     125     0.10895970E-02
 0.18999999E+01     0.10431765E+01     0.10669197E-01     0.60000000E+01    -0.18948184E+00     0.50000001E-01     0.50000001E-01     0.39578122E-02     125     0.10895970E-02
 0.19999989E+01     0.10542927E+01     0.10719348E-01     0.60000000E+01    -0.18955909E+00     0.50000001E-01     0.50000001E-01     0.40057679E-02     125     0.10895970E-02
 0.20999997E+01     0.10654749E+01     0.10772821E-01     0.60000000E+01    -0.18966112E+00     0.50000001E-01     0.50000001E-01     0.40570833E-02     125     0.10895970E-02
 0.21999989E+01     0.10765711E+01     0.10824478E-01     0.60000000E+01    -0.18973601E+00     0.50000001E-01     0.50000001E-01     0.41068895E-02     125     0.10895970E-02
 0.22999997E+01     0.10878327E+01     0.10877974E-01     0.60000000E+01    -0.18985529E+00     0.50000001E-01     0.50000001E-01     0.41596289E-02     126     0.17883774E-02
 0.23999987E+01     0.10988368E+01     0.10932132E-01     0.60000000E+01    -0.18990503E+00     0.50000001E-01     0.50000001E-01     0.42123813E-02     126     0.17883774E-02
 0.24999995E+01     0.11095500E+01     0.10985717E-01     0.60000000E+01    -0.18990847E+00     0.50000001E-01     0.50000001E-01     0.42647016E-02     126     0.17883774E-02
 0.25999987E+01     0.11204957E+01     0.11042261E-01     0.60000000E+01    -0.18996733E+00     0.50000001E-01     0.50000001E-01     0.43198634E-02     126     0.17883774E-02
 0.26999993E+01     0.11315498E+01     0.11097624E-01     0.60000000E+01    -0.19003972E+00     0.50000001E-01     0.50000001E-01     0.43752249E-02     126     0.17883774E-02
 0.27999985E+01     0.11426471E+01     0.11156878E-01     0.60000000E+01    -0.19011760E+00     0.50000001E-01     0.50000001E-01     0.44333125E-02     127     0.26592987E-02
 0.28999994E+01     0.11536157E+01     0.11215584E-01     0.60000000E+01    -0.19019736E+00     0.50000001E-01     0.50000001E-01     0.44913013E-02     127     0.26592987E-02
 0.29999983E+01     0.11644504E+01     0.11273766E-01     0.60000000E+01    -0.19021611E+00     0.50000001E-01     0.50000001E-01     0.45486568E-02     127     0.26592987E-02
 0.30999992E+01     0.11751114E+01     0.11335090E-01     0.60000000E+01    -0.19021933E+00     0.50000001E-01     0.50000001E-01     0.46097273E-02     127     0.26592987E-02
 0.31999984E+01     0.11859640E+01     0.11396016E-01     0.60000000E+01    -0.19025740E+00     0.50000001E-01     0.50000001E-01     0.46701916E-02     127     0.26592987E-02
 0.32999990E+01     0.11970249E+01     0.11460224E-01     0.60000000E+01    -0.19034666E+00     0.50000001E-01     0.50000001E-01     0.47335792E-02     127     0.26592987E-02
 0.33999999E+01     0.12074351E+01     0.11521942E-01     0.60000000E+01    -0.19029643E+00     0.50000001E-01     0.50000001E-01     0.47960863E-02     128     0.37040592E-02
 0.34999990E+01     0.12181816E+01     0.11586689E-01     0.60000000E+01    -0.19032012E+00     0.50000001E-01     0.50000001E-01     0.48607513E-02     128     0.37040592E-02
 0.35999999E+01     0.12286501E+01     0.11650929E-01     0.60000000E+01    -0.19028430E+00     0.50000001E-01     0.50000001E-01     0.49252911E-02     128     0.37040592E-02
 0.36999989E+01     0.12395114E+01     0.11717887E-01     0.60000000E+01    -0.19033737E+00     0.50000001E-01     0.50000001E-01     0.49923104E-02     128     0.37040592E-02
 0.37999997E+01     0.12499650E+01     0.11785479E-01     0.60000000E+01    -0.19031006E+00     0.50000001E-01     0.50000001E-01     0.50596758E-02     128     0.37040592E-02
 0.38999987E+01     0.12604821E+01     0.11854212E-01     0.60000000E+01    -0.19028701E+00     0.50000001E-01     0.50000001E-01     0.51299045E-02     129     0.49269553E-02
 0.39999995E+01     0.12711287E+01     0.11924093E-01     0.60000000E+01    -0.19029300E+00     0.50000001E-01     0.50000001E-01     0.52002054E-02     129     0.49269553E-02
 0.40999985E+01     0.12815936E+01     0.11995317E-01     0.60000000E+01    -0.19027752E+00     0.50000001E-01     0.50000001E-01     0.52718343E-02     129     0.49269553E-02
 0.41999993E+01     0.12916776E+01     0.12066203E-01     0.60000000E+01    -0.19017540E+00     0.50000001E-01     0.50000001E-01     0.53437473E-02     129     0.49269553E-02
 0.42999988E+01     0.13019935E+01     0.12138960E-01     0.60000000E+01    -0.19011663E+00     0.50000001E-01     0.50000001E-01     0.54177265E-02     129     0.49269553E-02
 0.43999991E+01     0.13119570E+01     0.12212959E-01     0.60000000E+01    -0.18999921E+00     0.50000001E-01     0.50000001E-01     0.54924688E-02     129     0.49269553E-02
 0.44999986E+01     0.13223308E+01     0.12289167E-01     0.60000000E+01    -0.18995960E+00     0.50000001E-01     0.50000001E-01     0.55706948E-02     130     0.63347779E-02
 0.45999994E+01     0.13326646E+01     0.12365184E-01     0.60000000E+01    -0.18991920E+00     0.50000001E-01     0.50000001E-01     0.56484169E-02     130     0.63347779E-02
 0.47000003E+01     0.13426049E+01     0.12442749E-01     0.60000000E+01    -0.18980102E+00     0.50000001E-01     0.50000001E-01     0.57270797E-02     130     0.63347779E-02
 0.47999973E+01     0.13529906E+01     0.12522954E-01     0.60000000E+01    -0.18977040E+00     0.50000001E-01     0.50000001E-01     0.58089029E-02     130     0.63347779E-02
 0.48999982E+01     0.13623711E+01     0.12603185E-01     0.60000000E+01    -0.18954235E+00     0.50000001E-01     0.50000001E-01     0.58911196E-02     130     0.63347779E-02
 0.49999990E+01     0.13724451E+01     0.12684565E-01     0.60000000E+01    -0.18946017E+00     0.50000001E-01     0.50000001E-01     0.59748399E-02     130     0.63347779E-02
 0.50999999E+01     0.13821977E+01     0.12769896E-01     0.60000000E+01    -0.18930671E+00     0.50000001E-01     0.50000001E-01     0.60628615E-02     131     0.79378914E-02
 0.52000008E+01     0.13919951E+01     0.12854709E-01     0.60000000E+01    -0.18916458E+00     0.50000001E-01     0.50000001E-01     0.61498187E-02     131     0.79378914E-02
 0.52999978E+01     0.14015992E+01     0.12940110E-01     0.60000000E+01    -0.18898617E+00     0.50000001E-01     0.50000001E-01     0.62382142E-02     131     0.79378914E-02
 0.53999987E+01     0.14113945E+01     0.13027878E-01     0.60000000E+01    -0.18885700E+00     0.50000001E-01     0.50000001E-01     0.63286740E-02     131     0.79378914E-02
 0.54999995E+01     0.14204081E+01     0.13117814E-01     0.60000000E+01    -0.18856734E+00     0.50000001E-01     0.50000001E-01     0.64213551E-02     131     0.79378914E-02
 0.56000004E+01     0.14299822E+01     0.13210529E-01     0.60000000E+01    -0.18839513E+00     0.50000001E-01     0.50000001E-01     0.65169558E-02     131     0.79378914E-02
 0.56999979E+01     0.14394267E+01     0.13305255E-01     0.60000000E+01    -0.18819244E+00     0.50000001E-01     0.50000001E-01     0.66147265E-02     131     0.79378914E-02
 0.57999988E+01     0.14484041E+01     0.13399391E-01     0.60000000E+01    -0.18791509E+00     0.50000001E-01     0.50000001E-01     0.67133829E-02     132     0.97505655E-02
 0.58999996E+01     0.14574325E+01     0.13496416E-01     0.60000000E+01    -0.18763706E+00     0.50000001E-01     0.50000001E-01     0.68137185E-02     132     0.97505655E-02
 0.60000000E+01     0.14662685E+01     0.13597200E-01     0.60000000E+01    -0.18732785E+00     0.50000001E-01     0.50000001E-01     0.69185216E-02     132     0.97505655E-02
 0.60999975E+01     0.14748560E+01     0.13699264E-01     0.60000000E+01    -0.18697055E+00     0.50000001E-01     0.50000001E-01     0.70247003E-02     132     0.97505655E-02
 0.61999984E+01     0.14832779E+01     0.13803629E-01     0.60000000E+01    -0.18658864E+00     0.50000001E-01     0.50000001E-01     0.71334471E-02     132     0.97505655E-02
 0.62999992E+01     0.14877578E+01     0.13905867E-01     0.60000000E+01    -0.18539320E+00     0.50000001E-01     0.50000001E-01     0.72433874E-02     132     0.97505655E-02
 0.64000001E+01     0.14903877E+01     0.14015542E-01     0.60000000E+01    -0.18382560E+00     0.50000001E-01     0.50000001E-01     0.73640980E-02     133     0.11791578E-01
 0.65000010E+01     0.14963888E+01     0.14139278E-01     0.60000000E+01    -0.18298161E+00     0.50000001E-01     0.50000001E-01     0.74946298E-02     133     0.11791578E-01
 0.65999980E+01     0.15039796E+01     0.14271696E-01     0.60000000E+01    -0.18245786E+00     0.50000001E-01     0.50000001E-01     0.76322109E-02     133     0.11791578E-01
 0.66999989E+01     0.15113500E+01     0.14401546E-01     0.60000000E+01    -0.18190025E+00     0.50000001E-01     0.50000001E-01     0.77685714E-02     133     0.11791578E-01
 0.67999997E+01     0.15186131E+01     0.14545313E-01     0.60000000E+01    -0.18134435E+00     0.50000001E-01     0.50000001E-01     0.79183709E-02     133     0.11791578E-01
 0.69000006E+01     0.15256804E+01     0.14689339E-01     0.60000000E+01    -0.18074615E+00     0.50000001E-01     0.50000001E-01     0.80692582E-02     133     0.11791578E-01
 0.69999981E+01     0.15328550E+01     0.14841558E-01     0.60000000E+01    -0.18018386E+00     0.50000001E-01     0.50000001E-01     0.82270605E-02     133     0.11791578E-01
 0.70999990E+01     0.15397605E+01     0.15001988E-01     0.60000000E+01    -0.17959009E+00     0.50000001E-01     0.50000001E-01     0.83957398E-02     133     0.11791578E-01
 0.71999998E+01     0.15466977E+01     0.15169003E-01     0.60000000E+01    -0.17900605E+00     0.50000001E-01     0.50000001E-01     0.85695423E-02     133     0.11791578E-01
 0.73000002E+01     0.15537705E+01     0.15333503E-01     0.60000000E+01    -0.17846334E+00     0.50000001E-01     0.50000001E-01     0.87440861E-02     134     0.14084773E-01
 0.73999977E+01     0.15596832E+01     0.15526824E-01     0.60000000E+01    -0.17770760E+00     0.50000001E-01     0.50000001E-01     0.89447619E-02     134     0.14084773E-01
 0.74999986E+01     0.15659266E+01     0.15707213E-01     0.60000000E+01    -0.17703246E+00     0.50000001E-01     0.50000001E-01     0.91349147E-02     134     0.14084773E-01
 0.75999994E+01     0.15720867E+01     0.15912822E-01     0.60000000E+01    -0.17637302E+00     0.50000001E-01     0.50000001E-01     0.93499869E-02     134     0.14084773E-01
 0.77000003E+01     0.15777789E+01     0.16128637E-01     0.60000000E+01    -0.17562987E+00     0.50000001E-01     0.50000001E-01     0.95744748E-02     134     0.14084773E-01
 0.77999973E+01     0.15834614E+01     0.16353900E-01     0.60000000E+01    -0.17492001E+00     0.50000001E-01     0.50000001E-01     0.98109450E-02     134     0.14084773E-01
 0.78999982E+01     0.15861187E+01     0.16698375E-01     0.60000000E+01    -0.17376089E+00     0.47985956E-01     0.50000001E-01     0.10157561E-01     134     0.14084773E-01
 0.79999990E+01     0.15902023E+01     0.16997579E-01     0.60000000E+01    -0.17284788E+00     0.47150820E-01     0.50000001E-01     0.10465401E-01     134     0.14084773E-01
 0.81000004E+01     0.15975870E+01     0.17168362E-01     0.60000000E+01    -0.17244947E+00     0.49253739E-01     0.50000001E-01     0.10657406E-01     135     0.16660098E-01
 0.82000008E+01     0.15976260E+01     0.17690206E-01     0.60000000E+01    -0.17103866E+00     0.45202721E-01     0.50000001E-01     0.11176525E-01     135     0.16660098E-01
 0.82999983E+01     0.16040323E+01     0.17909937E-01     0.60000000E+01    -0.17052661E+00     0.46982124E-01     0.50000001E-01     0.11416827E-01     135     0.16660098E-01
 0.83999987E+01     0.16076641E+01     0.18285576E-01     0.60000000E+01    -0.16968200E+00     0.46572052E-01     0.50000001E-01     0.11805432E-01     135     0.16660098E-01
 0.85000000E+01     0.16028794E+01     0.19095244E-01     0.60000000E+01    -0.16781782E+00     0.41738980E-01     0.50000001E-01     0.12613314E-01     135     0.16660098E-01
 0.86000004E+01     0.16097875E+01     0.19332448E-01     0.60000000E+01    -0.16746417E+00     0.43823794E-01     0.50000001E-01     0.12874873E-01     135     0.16660098E-01
 0.86999979E+01     0.16070638E+01     0.20116637E-01     0.60000000E+01    -0.16604288E+00     0.40934216E-01     0.50000001E-01     0.13667504E-01     135     0.16660098E-01
 0.87999983E+01     0.16086586E+01     0.20707298E-01     0.60000000E+01    -0.16521010E+00     0.40493470E-01     0.50000001E-01     0.14276829E-01     135     0.16660098E-01
 0.88999996E+01     0.16027822E+01     0.21777153E-01     0.60000000E+01    -0.16367394E+00     0.37346557E-01     0.50000001E-01     0.15359457E-01     135     0.16660098E-01
 0.90000000E+01     0.16078146E+01     0.22181161E-01     0.60000000E+01    -0.16327430E+00     0.39277222E-01     0.50000001E-01     0.15792983E-01     135     0.16660098E-01
 0.90999975E+01     0.16114573E+01     0.22711979E-01     0.60000000E+01    -0.16279404E+00     0.40875651E-01     0.50000001E-01     0.16351506E-01     135     0.16660098E-01
 0.91999989E+01     0.16052982E+01     0.24011560E-01     0.60000000E+01    -0.16162619E+00     0.38244821E-01     0.50000001E-01     0.17670892E-01     135     0.16660098E-01
 0.92999992E+01     0.15964046E+01     0.25579862E-01     0.60000000E+01    -0.16039082E+00     0.34911431E-01     0.50000001E-01     0.19264149E-01     136     0.19554034E-01
 0.94000006E+01     0.15995940E+01     0.26230292E-01     0.60000000E+01    -0.16003665E+00     0.37198924E-01     0.50000001E-01     0.19946311E-01     136     0.19554034E-01
 0.94999971E+01     0.15967149E+01     0.27394982E-01     0.60000000E+01    -0.15934162E+00     0.36935139E-01     0.50000001E-01     0.21141220E-01     136     0.19554034E-01
 0.95999985E+01     0.15892750E+01     0.29028513E-01     0.60000000E+01    -0.15851688E+00     0.34880213E-01     0.50000001E-01     0.22806264E-01     136     0.19554034E-01
 0.96999989E+01     0.15840440E+01     0.30501103E-01     0.60000000E+01    -0.15785865E+00     0.34244254E-01     0.50000001E-01     0.24311950E-01     136     0.19554034E-01
 0.98000002E+01     0.15842248E+01     0.31454861E-01     0.60000000E+01    -0.15740792E+00     0.35814431E-01     0.50000001E-01     0.25299523E-01     136     0.19554034E-01
 0.99000006E+01     0.15775075E+01     0.33098899E-01     0.60000000E+01    -0.15675761E+00     0.35287835E-01     0.50000001E-01     0.26980380E-01     136     0.19554034E-01
 0.99999981E+01     0.15662872E+01     0.35165250E-01     0.60000000E+01    -0.15590224E+00     0.33359926E-01     0.50000001E-01     0.29080125E-01     136     0.19554034E-01
 0.10099998E+02     0.15592332E+01     0.36868863E-01     0.60000000E+01    -0.15527809E+00     0.33052813E-01     0.50000001E-01     0.30820034E-01     136     0.19554034E-01
 0.10200000E+02     0.15572795E+01     0.38071822E-01     0.60000000E+01    -0.15483585E+00     0.34311086E-01     0.50000001E-01     0.32059763E-01     136     0.19554034E-01
 0.10300000E+02     0.15438641E+01     0.40328402E-01     0.60000000E+01    -0.15390660E+00     0.33023644E-01     0.50000001E-01     0.34354631E-01     136     0.19554034E-01
 0.10399998E+02     0.15334896E+01     0.42290214E-01     0.60000000E+01    -0.15312150E+00     0.32695681E-01     0.50000001E-01     0.36355734E-01     136     0.19554034E-01
 0.10499999E+02     0.15315270E+01     0.43431167E-01     0.60000000E+01    -0.15263134E+00     0.34045581E-01     0.50000001E-01     0.37534099E-01     136     0.19554034E-01
 0.10599999E+02     0.15214583E+01     0.45310449E-01     0.60000000E+01    -0.15182035E+00     0.34071263E-01     0.50000001E-01     0.39453767E-01     136     0.19554034E-01
 0.10700000E+02     0.15039815E+01     0.47816772E-01     0.60000000E+01    -0.15068185E+00     0.32471206E-01     0.50000001E-01     0.41998286E-01     136     0.19554034E-01
 0.10799997E+02     0.14988638E+01     0.49237177E-01     0.60000000E+01    -0.15011376E+00     0.33892978E-01     0.50000001E-01     0.43462165E-01     136     0.19554034E-01
 0.10899999E+02     0.14876871E+01     0.51171526E-01     0.60000000E+01    -0.14927585E+00     0.33817515E-01     0.50000001E-01     0.45436338E-01     136     0.19554034E-01
 0.10999999E+02     0.14713168E+01     0.53607792E-01     0.60000000E+01    -0.14831422E+00     0.32352731E-01     0.50000001E-01     0.47908336E-01     136     0.19554034E-01
 0.11100000E+02     0.14702249E+01     0.54651354E-01     0.60000000E+01    -0.14789744E+00     0.33608891E-01     0.50000001E-01     0.48984811E-01     136     0.19554034E-01
 0.11200001E+02     0.14604765E+01     0.56573525E-01     0.60000000E+01    -0.14730522E+00     0.33475529E-01     0.50000001E-01     0.50943863E-01     136     0.19554034E-01
 0.11299998E+02     0.14468166E+01     0.58876794E-01     0.60000000E+01    -0.14661698E+00     0.31786494E-01     0.50000001E-01     0.53275090E-01     136     0.19554034E-01
 0.11399999E+02     0.14422805E+01     0.60296949E-01     0.60000000E+01    -0.14619641E+00     0.31481661E-01     0.50000001E-01     0.54719813E-01     136     0.19554034E-01
 0.11500000E+02     0.14347211E+01     0.62141068E-01     0.60000000E+01    -0.14583281E+00     0.31119270E-01     0.50000001E-01     0.56595732E-01     136     0.19554034E-01
 0.11600000E+02     0.14362597E+01     0.62998213E-01     0.60000000E+01    -0.14563648E+00     0.32686293E-01     0.50000001E-01     0.57482872E-01     136     0.19554034E-01
 0.11699998E+02     0.14309462E+01     0.64661242E-01     0.60000000E+01    -0.14535604E+00     0.32368068E-01     0.50000001E-01     0.59172384E-01     136     0.19554034E-01
 0.11799999E+02     0.14237276E+01     0.66466630E-01     0.60000000E+01    -0.14501847E+00     0.30439075E-01     0.50000001E-01     0.60996432E-01     136     0.19554034E-01
 0.11900000E+02     0.14234436E+01     0.67624964E-01     0.60000000E+01    -0.14487047E+00     0.31578291E-01     0.50000001E-01     0.62181048E-01     136     0.19554034E-01
 0.12000000E+02     0.14167778E+01     0.69464110E-01     0.60000000E+01    -0.14465393E+00     0.29896963E-01     0.50000001E-01     0.64042822E-01     136     0.19554034E-01
 0.12099998E+02     0.14156476E+01     0.70681147E-01     0.60000000E+01    -0.14447173E+00     0.29599328E-01     0.50000001E-01     0.65278187E-01     136     0.19554034E-01
 0.12199999E+02     0.14077705E+01     0.72727554E-01     0.60000000E+01    -0.14430991E+00     0.28112613E-01     0.50000001E-01     0.67346834E-01     136     0.19554034E-01
 0.12299999E+02     0.14069010E+01     0.73939800E-01     0.60000000E+01    -0.14415431E+00     0.27847320E-01     0.50000001E-01     0.68575725E-01     136     0.19554034E-01
 0.12400001E+02     0.14072760E+01     0.75119644E-01     0.60000000E+01    -0.14411062E+00     0.28665610E-01     0.50000001E-01     0.69784321E-01     136     0.19554034E-01
 0.12599998E+02     0.14222786E+01     0.75937316E-01     0.60000000E+01    -0.14602552E+00     0.26420912E-01     0.50000001E-01     0.70579328E-01     137     0.22810133E-01
 0.12699999E+02     0.14224321E+01     0.77030197E-01     0.60000000E+01    -0.14596286E+00     0.25982030E-01     0.50000001E-01     0.71689077E-01     137     0.22810133E-01
 0.12800000E+02     0.14242886E+01     0.77998251E-01     0.60000000E+01    -0.14598128E+00     0.26980728E-01     0.50000001E-01     0.72678357E-01     137     0.22810133E-01
 0.12900001E+02     0.14219382E+01     0.79492569E-01     0.60000000E+01    -0.14606169E+00     0.26610110E-01     0.50000001E-01     0.74195154E-01     137     0.22810133E-01
 0.12999998E+02     0.14208531E+01     0.80749772E-01     0.60000000E+01    -0.14605799E+00     0.25179621E-01     0.50000001E-01     0.75463668E-01     137     0.22810133E-01
 0.13099999E+02     0.14217280E+01     0.81792951E-01     0.60000000E+01    -0.14608091E+00     0.24902282E-01     0.50000001E-01     0.76521210E-01     137     0.22810133E-01
 0.13200000E+02     0.14199831E+01     0.83266944E-01     0.60000000E+01    -0.14624414E+00     0.24743799E-01     0.50000001E-01     0.78018069E-01     137     0.22810133E-01
 0.13300000E+02     0.14205047E+01     0.84368512E-01     0.60000000E+01    -0.14630872E+00     0.24408910E-01     0.50000001E-01     0.79134047E-01     137     0.22810133E-01
 0.13399998E+02     0.14220325E+01     0.85343897E-01     0.60000000E+01    -0.14635284E+00     0.24194278E-01     0.50000001E-01     0.80122277E-01     137     0.22810133E-01
 0.13499999E+02     0.14216690E+01     0.86614065E-01     0.60000000E+01    -0.14650059E+00     0.23901572E-01     0.50000001E-01     0.81409365E-01     137     0.22810133E-01
 0.13599999E+02     0.14209552E+01     0.87925062E-01     0.60000000E+01    -0.14666979E+00     0.23518391E-01     0.50000001E-01     0.82737148E-01     137     0.22810133E-01
 0.13700001E+02     0.14220635E+01     0.88974483E-01     0.60000000E+01    -0.14677860E+00     0.23112807E-01     0.50000001E-01     0.83797775E-01     137     0.22810133E-01
 0.13799997E+02     0.14239237E+01     0.89907743E-01     0.60000000E+01    -0.14685723E+00     0.22920419E-01     0.50000001E-01     0.84742628E-01     137     0.22810133E-01
 0.13899999E+02     0.14232230E+01     0.91235459E-01     0.60000000E+01    -0.14708401E+00     0.22507105E-01     0.50000001E-01     0.86089090E-01     138     0.26479401E-01
 0.13999999E+02     0.14239652E+01     0.92391051E-01     0.60000000E+01    -0.14730072E+00     0.22186747E-01     0.50000001E-01     0.87262474E-01     138     0.26479401E-01
 0.14100000E+02     0.14260932E+01     0.93316764E-01     0.60000000E+01    -0.14743045E+00     0.22123450E-01     0.50000001E-01     0.88201649E-01     138     0.26479401E-01
 0.14199998E+02     0.14279679E+01     0.94249137E-01     0.60000000E+01    -0.14755085E+00     0.21579871E-01     0.50000001E-01     0.89143723E-01     138     0.26479401E-01
 0.14299998E+02     0.14292251E+01     0.95372215E-01     0.60000000E+01    -0.14779833E+00     0.21578057E-01     0.50000001E-01     0.90284355E-01     138     0.26479401E-01
 0.14400000E+02     0.14293545E+01     0.96606918E-01     0.60000000E+01    -0.14807400E+00     0.21176452E-01     0.50000001E-01     0.91535389E-01     138     0.26479401E-01
 0.14500000E+02     0.14313871E+01     0.97529918E-01     0.60000000E+01    -0.14825098E+00     0.21015141E-01     0.50000001E-01     0.92471242E-01     138     0.26479401E-01
 0.14600000E+02     0.14325787E+01     0.98566674E-01     0.60000000E+01    -0.14843427E+00     0.20104310E-01     0.50000001E-01     0.93513414E-01     138     0.26479401E-01
 0.14699998E+02     0.14361999E+01     0.99333875E-01     0.60000000E+01    -0.14859381E+00     0.20599283E-01     0.50000001E-01     0.94297662E-01     138     0.26479401E-01
 0.14799999E+02     0.14343252E+01     0.10081401E+00     0.60000000E+01    -0.14899707E+00     0.19728523E-01     0.50000001E-01     0.95791019E-01     138     0.26479401E-01
 0.14900000E+02     0.14371833E+01     0.10173459E+00     0.60000000E+01    -0.14925016E+00     0.19949416E-01     0.50000001E-01     0.96728526E-01     138     0.26479401E-01
 0.15000001E+02     0.14394652E+01     0.10263961E+00     0.60000000E+01    -0.14946397E+00     0.19730130E-01     0.50000001E-01     0.97643830E-01     138     0.26479401E-01
 0.15099998E+02     0.14420570E+01     0.10348900E+00     0.60000000E+01    -0.14964302E+00     0.19597817E-01     0.50000001E-01     0.98503925E-01     138     0.26479401E-01
 0.15199999E+02     0.14420655E+01     0.10470281E+00     0.60000000E+01    -0.14998008E+00     0.18625198E-01     0.50000001E-01     0.99726379E-01     139     0.30619612E-01
 0.15299999E+02     0.14438143E+01     0.10576304E+00     0.60000000E+01    -0.15033194E+00     0.18906442E-01     0.50000001E-01     0.10080662E+00     139     0.30619612E-01
 0.15400001E+02     0.14453950E+01     0.10677844E+00     0.60000000E+01    -0.15062609E+00     0.18268622E-01     0.50000001E-01     0.10183354E+00     139     0.30619612E-01
 0.15499998E+02     0.14480029E+01     0.10763424E+00     0.60000000E+01    -0.15088260E+00     0.17954841E-01     0.50000001E-01     0.10269964E+00     139     0.30619612E-01
 0.15599998E+02     0.14495587E+01     0.10856859E+00     0.60000000E+01    -0.15110822E+00     0.16992074E-01     0.50000001E-01     0.10363753E+00     139     0.30619612E-01
 0.15699999E+02     0.14526162E+01     0.10945076E+00     0.60000000E+01    -0.15144688E+00     0.17617289E-01     0.50000001E-01     0.10454094E+00     139     0.30619612E-01
 0.15800000E+02     0.14536029E+01     0.11061510E+00     0.60000000E+01    -0.15183775E+00     0.17470125E-01     0.50000001E-01     0.10572176E+00     139     0.30619612E-01
 0.15899998E+02     0.14563823E+01     0.11153750E+00     0.60000000E+01    -0.15218998E+00     0.17402276E-01     0.50000001E-01     0.10665726E+00     139     0.30619612E-01
 0.15999998E+02     0.14584812E+01     0.11242148E+00     0.60000000E+01    -0.15249205E+00     0.16881652E-01     0.50000001E-01     0.10754833E+00     139     0.30619612E-01
 0.16099998E+02     0.14616642E+01     0.11319748E+00     0.60000000E+01    -0.15272512E+00     0.16936194E-01     0.50000001E-01     0.10833684E+00     139     0.30619612E-01
 0.16200001E+02     0.14638664E+01     0.11407946E+00     0.60000000E+01    -0.15302649E+00     0.16718928E-01     0.50000001E-01     0.10922970E+00     139     0.30619612E-01
 0.16300001E+02     0.14644181E+01     0.11535769E+00     0.60000000E+01    -0.15359835E+00     0.16428173E-01     0.50000001E-01     0.11052416E+00     139     0.30619612E-01
 0.16399998E+02     0.14668118E+01     0.11627986E+00     0.60000000E+01    -0.15396526E+00     0.16331693E-01     0.50000001E-01     0.11145868E+00     139     0.30619612E-01
 0.16499998E+02     0.14694141E+01     0.11711863E+00     0.60000000E+01    -0.15428017E+00     0.16131805E-01     0.50000001E-01     0.11230757E+00     140     0.35293024E-01
 0.16600000E+02     0.14722129E+01     0.11790694E+00     0.60000000E+01    -0.15458934E+00     0.15937528E-01     0.50000001E-01     0.11310550E+00     140     0.35293024E-01
 0.16700001E+02     0.14749576E+01     0.11873011E+00     0.60000000E+01    -0.15489604E+00     0.15676847E-01     0.50000001E-01     0.11393773E+00     140     0.35293024E-01
 0.16799997E+02     0.14753013E+01     0.11996436E+00     0.60000000E+01    -0.15546148E+00     0.15224046E-01     0.50000001E-01     0.11518895E+00     140     0.35293024E-01
 0.16900000E+02     0.14780964E+01     0.12088813E+00     0.60000000E+01    -0.15591139E+00     0.15296342E-01     0.50000001E-01     0.11612812E+00     140     0.35293024E-01
 0.17000000E+02     0.14808673E+01     0.12169973E+00     0.60000000E+01    -0.15626048E+00     0.15248057E-01     0.50000001E-01     0.11695169E+00     140     0.35293024E-01
 0.17100000E+02     0.14839569E+01     0.12249066E+00     0.60000000E+01    -0.15662915E+00     0.14985820E-01     0.50000001E-01     0.11775243E+00     140     0.35293024E-01
 0.17199997E+02     0.14862322E+01     0.12331256E+00     0.60000000E+01    -0.15698153E+00     0.14320333E-01     0.50000001E-01     0.11858002E+00     140     0.35293024E-01
 0.17299999E+02     0.14886247E+01     0.12422512E+00     0.60000000E+01    -0.15744404E+00     0.14209688E-01     0.50000001E-01     0.11950538E+00     140     0.35293024E-01
 0.17400000E+02     0.14902307E+01     0.12536286E+00     0.60000000E+01    -0.15805921E+00     0.14208741E-01     0.50000001E-01     0.12066135E+00     140     0.35293024E-01
 0.17500000E+02     0.14920160E+01     0.12625255E+00     0.60000000E+01    -0.15843490E+00     0.13871009E-01     0.50000001E-01     0.12155999E+00     140     0.35293024E-01
 0.17599997E+02     0.14961094E+01     0.12696373E+00     0.60000000E+01    -0.15882437E+00     0.14240312E-01     0.50000001E-01     0.12228763E+00     140     0.35293024E-01
 0.17699999E+02     0.14987727E+01     0.12775934E+00     0.60000000E+01    -0.15921697E+00     0.13896924E-01     0.50000001E-01     0.12309121E+00     140     0.35293024E-01
 0.17799999E+02     0.15010251E+01     0.12855478E+00     0.60000000E+01    -0.15959696E+00     0.13501462E-01     0.50000001E-01     0.12389150E+00     140     0.35293024E-01
 0.17900000E+02     0.15024863E+01     0.12965886E+00     0.60000000E+01    -0.16026102E+00     0.13293554E-01     0.50000001E-01     0.12501168E+00     141     0.40563036E-01
 0.18000000E+02     0.15026541E+01     0.13082510E+00     0.60000000E+01    -0.16089711E+00     0.12369694E-01     0.50000001E-01     0.12618500E+00     141     0.40563036E-01
 0.18099998E+02     0.15066211E+01     0.13154297E+00     0.60000000E+01    -0.16131805E+00     0.12880574E-01     0.50000001E-01     0.12691820E+00     141     0.40563036E-01
 0.18199999E+02     0.15101975E+01     0.13224098E+00     0.60000000E+01    -0.16170186E+00     0.12978405E-01     0.50000001E-01     0.12763014E+00     141     0.40563036E-01
 0.18299999E+02     0.15121136E+01     0.13309662E+00     0.60000000E+01    -0.16219084E+00     0.12124332E-01     0.50000001E-01     0.12849028E+00     141     0.40563036E-01
 0.18400000E+02     0.15159979E+01     0.13372247E+00     0.60000000E+01    -0.16251656E+00     0.12684737E-01     0.50000001E-01     0.12913015E+00     141     0.40563036E-01
 0.18499998E+02     0.15164284E+01     0.13497712E+00     0.60000000E+01    -0.16333607E+00     0.11869924E-01     0.50000001E-01     0.13039786E+00     141     0.40563036E-01
 0.18599998E+02     0.15181179E+01     0.13598368E+00     0.60000000E+01    -0.16397445E+00     0.11489091E-01     0.50000001E-01     0.13141467E+00     141     0.40563036E-01
 0.18699999E+02     0.15220461E+01     0.13665600E+00     0.60000000E+01    -0.16437173E+00     0.11974454E-01     0.50000001E-01     0.13210472E+00     141     0.40563036E-01
 0.18800001E+02     0.15243689E+01     0.13745904E+00     0.60000000E+01    -0.16488378E+00     0.11451889E-01     0.50000001E-01     0.13291430E+00     141     0.40563036E-01
 0.18899998E+02     0.15275671E+01     0.13818265E+00     0.60000000E+01    -0.16534707E+00     0.11321278E-01     0.50000001E-01     0.13364719E+00     141     0.40563036E-01
 0.18999998E+02     0.15302840E+01     0.13898669E+00     0.60000000E+01    -0.16589992E+00     0.11219317E-01     0.50000001E-01     0.13446191E+00     141     0.40563036E-01
 0.19099998E+02     0.15325114E+01     0.13998948E+00     0.60000000E+01    -0.16654088E+00     0.11507539E-01     0.50000001E-01     0.13548721E+00     141     0.40563036E-01
 0.19200001E+02     0.15418798E+01     0.14186983E+00     0.60000000E+01    -0.16895694E+00     0.11203901E-01     0.52806640E+00     0.13785049E+00     142     0.46487466E-01
 0.19300001E+02     0.15452070E+01     0.14262559E+00     0.60000000E+01    -0.16945881E+00     0.11288349E-01     0.52881008E+00     0.13862070E+00     142     0.46487466E-01
 0.19399998E+02     0.15486480E+01     0.14335109E+00     0.60000000E+01    -0.16995957E+00     0.11427154E-01     0.53048211E+00     0.13936047E+00     142     0.46487466E-01
 0.19499998E+02     0.15506240E+01     0.14415137E+00     0.60000000E+01    -0.17048015E+00     0.10998004E-01     0.53107685E+00     0.14016421E+00     142     0.46487466E-01
