  
       RFOIL         Version 3.00
  
 Calculated polar for: OSO_2025_WT2_T27                
  
 1  Reynolds number fixed
  
 xtrf =      1.00000000 (suction)     1.00000000 (pressure)
 Rot. Parameters:  f0 =      1.00000000 c/r =      0.00000000
 Mach =      0.00000000     Re =      9.00000000 e 6     Ncrit =      9.00000000
  
             alpha                CL                CD            Re(CL)                CM             S_xtr             P_xtr               CDp            I_stag            X_stag
  ------- -------- --------- --------- -------- ------- ------- -------- 
-0.24000000E+02    -0.10178652E+01     0.15201043E+00     0.90000000E+01    -0.22641639E-02     0.99823928E+00     0.35145216E-01     0.14995147E+00      88     0.75073726E-01
-0.23900000E+02    -0.10144761E+01     0.15129815E+00     0.90000000E+01    -0.29966966E-02     0.99822575E+00     0.35528809E-01     0.14923930E+00      89     0.67752108E-01
-0.23800001E+02    -0.10092286E+01     0.15058307E+00     0.90000000E+01    -0.38452446E-02     0.99818891E+00     0.35244521E-01     0.14851451E+00      89     0.67752108E-01
-0.23700001E+02    -0.10056981E+01     0.14974691E+00     0.90000000E+01    -0.47078975E-02     0.99816757E+00     0.35577141E-01     0.14767604E+00      89     0.67752108E-01
-0.23600000E+02    -0.10036333E+01     0.14825344E+00     0.90000000E+01    -0.62894006E-02     0.99812835E+00     0.35665959E-01     0.14616683E+00      89     0.67752108E-01
-0.23500000E+02    -0.99927390E+00     0.14729029E+00     0.90000000E+01    -0.74230162E-02     0.99808210E+00     0.35998773E-01     0.14519991E+00      89     0.67752108E-01
-0.23400002E+02    -0.99624467E+00     0.14674877E+00     0.90000000E+01    -0.77383472E-02     0.99808508E+00     0.36048789E-01     0.14465392E+00      89     0.67752108E-01
-0.23200001E+02    -0.98584378E+00     0.14530386E+00     0.90000000E+01    -0.95827021E-02     0.99802011E+00     0.36358725E-01     0.14320236E+00      89     0.67752108E-01
-0.23100000E+02    -0.98045969E+00     0.14465660E+00     0.90000000E+01    -0.10367404E-01     0.99798179E+00     0.36511119E-01     0.14254901E+00      89     0.67752108E-01
-0.23000002E+02    -0.97603256E+00     0.14405045E+00     0.90000000E+01    -0.10894797E-01     0.99797356E+00     0.36824234E-01     0.14193638E+00      89     0.67752108E-01
-0.22600002E+02    -0.96225208E+00     0.14015952E+00     0.90000000E+01    -0.14779318E-01     0.99785209E+00     0.37483629E-01     0.13801803E+00      90     0.60823578E-01
-0.22500000E+02    -0.95775354E+00     0.13944095E+00     0.90000000E+01    -0.15662456E-01     0.99782038E+00     0.37745833E-01     0.13730051E+00      90     0.60823578E-01
-0.22400002E+02    -0.95314080E+00     0.13871786E+00     0.90000000E+01    -0.16380444E-01     0.99779576E+00     0.37881829E-01     0.13657488E+00      90     0.60823578E-01
-0.22300001E+02    -0.94867289E+00     0.13800219E+00     0.90000000E+01    -0.17158212E-01     0.99776316E+00     0.38276501E-01     0.13586129E+00      90     0.60823578E-01
-0.22200001E+02    -0.94432682E+00     0.13728729E+00     0.90000000E+01    -0.17918853E-01     0.99773687E+00     0.38372803E-01     0.13514414E+00      90     0.60823578E-01
-0.22100000E+02    -0.93967384E+00     0.13647254E+00     0.90000000E+01    -0.18913753E-01     0.99768609E+00     0.38929958E-01     0.13433354E+00      90     0.60823578E-01
-0.22000000E+02    -0.93459660E+00     0.13564396E+00     0.90000000E+01    -0.19889105E-01     0.99764705E+00     0.39053325E-01     0.13350108E+00      90     0.60823578E-01
-0.21900002E+02    -0.93193913E+00     0.13476697E+00     0.90000000E+01    -0.20485625E-01     0.99764198E+00     0.39274435E-01     0.13261977E+00      90     0.60823578E-01
-0.21800001E+02    -0.93001372E+00     0.13347656E+00     0.90000000E+01    -0.21576894E-01     0.99760985E+00     0.39404582E-01     0.13131656E+00      90     0.60823578E-01
-0.21700001E+02    -0.92499590E+00     0.13277908E+00     0.90000000E+01    -0.22326468E-01     0.99757755E+00     0.39409589E-01     0.13061480E+00      90     0.60823578E-01
-0.21600000E+02    -0.91955990E+00     0.13203260E+00     0.90000000E+01    -0.23288634E-01     0.99752980E+00     0.39806884E-01     0.12986885E+00      90     0.60823578E-01
-0.21500002E+02    -0.91576058E+00     0.13143180E+00     0.90000000E+01    -0.23677111E-01     0.99752873E+00     0.40064633E-01     0.12926681E+00      90     0.60823578E-01
-0.21400000E+02    -0.91038865E+00     0.13075173E+00     0.90000000E+01    -0.24429915E-01     0.99749547E+00     0.40130980E-01     0.12858313E+00      91     0.54339148E-01
-0.21300001E+02    -0.90432942E+00     0.13000445E+00     0.90000000E+01    -0.25421211E-01     0.99743617E+00     0.40444013E-01     0.12783302E+00      91     0.54339148E-01
-0.21200001E+02    -0.89823848E+00     0.12928195E+00     0.90000000E+01    -0.26329411E-01     0.99738330E+00     0.40659145E-01     0.12710717E+00      91     0.54339148E-01
-0.21100002E+02    -0.89321613E+00     0.12854591E+00     0.90000000E+01    -0.27148955E-01     0.99734271E+00     0.40664442E-01     0.12636574E+00      91     0.54339148E-01
-0.21000000E+02    -0.88842154E+00     0.12771790E+00     0.90000000E+01    -0.27882008E-01     0.99731374E+00     0.40819623E-01     0.12553208E+00      91     0.54339148E-01
-0.20900000E+02    -0.88511908E+00     0.12634163E+00     0.90000000E+01    -0.29263822E-01     0.99724007E+00     0.40743370E-01     0.12414176E+00      91     0.54339148E-01
-0.20800001E+02    -0.88169843E+00     0.12567958E+00     0.90000000E+01    -0.29748930E-01     0.99724060E+00     0.41324724E-01     0.12347549E+00      91     0.54339148E-01
-0.20700003E+02    -0.87667716E+00     0.12492994E+00     0.90000000E+01    -0.30462081E-01     0.99720281E+00     0.41538078E-01     0.12272488E+00      91     0.54339148E-01
-0.20600000E+02    -0.87188095E+00     0.12417910E+00     0.90000000E+01    -0.31252254E-01     0.99716318E+00     0.41984033E-01     0.12197499E+00      91     0.54339148E-01
-0.20400002E+02    -0.86169738E+00     0.12279737E+00     0.90000000E+01    -0.32669205E-01     0.99708807E+00     0.42529799E-01     0.12059283E+00      91     0.54339148E-01
-0.20300001E+02    -0.85655349E+00     0.12204463E+00     0.90000000E+01    -0.33465128E-01     0.99703962E+00     0.42755637E-01     0.11984026E+00      91     0.54339148E-01
-0.20200001E+02    -0.84973955E+00     0.12107415E+00     0.90000000E+01    -0.34892753E-01     0.99690425E+00     0.43131359E-01     0.11887062E+00      92     0.48335075E-01
-0.20100000E+02    -0.84412533E+00     0.12031084E+00     0.90000000E+01    -0.35728689E-01     0.99684525E+00     0.43014836E-01     0.11809958E+00      92     0.48335075E-01
-0.20000002E+02    -0.84417897E+00     0.11902861E+00     0.90000000E+01    -0.36406051E-01     0.99686396E+00     0.43501329E-01     0.11681093E+00      92     0.48335075E-01
-0.19900000E+02    -0.83727729E+00     0.11814677E+00     0.90000000E+01    -0.37601747E-01     0.99674821E+00     0.43562733E-01     0.11592305E+00      92     0.48335075E-01
-0.19800001E+02    -0.83164281E+00     0.11740384E+00     0.90000000E+01    -0.38457833E-01     0.99667490E+00     0.43957345E-01     0.11518184E+00      92     0.48335075E-01
-0.19700001E+02    -0.82621890E+00     0.11668158E+00     0.90000000E+01    -0.39227575E-01     0.99661779E+00     0.44321693E-01     0.11445989E+00      92     0.48335075E-01
-0.19600000E+02    -0.81925774E+00     0.11587497E+00     0.90000000E+01    -0.40335625E-01     0.99649119E+00     0.44579893E-01     0.11365167E+00      92     0.48335075E-01
-0.19500000E+02    -0.81415498E+00     0.11526033E+00     0.90000000E+01    -0.40857811E-01     0.99647146E+00     0.44723202E-01     0.11303499E+00      92     0.48335075E-01
-0.19400002E+02    -0.80507636E+00     0.11433215E+00     0.90000000E+01    -0.42545270E-01     0.99621028E+00     0.44959538E-01     0.11210369E+00      92     0.48335075E-01
-0.19300001E+02    -0.80145180E+00     0.11380226E+00     0.90000000E+01    -0.42637791E-01     0.99629027E+00     0.45203935E-01     0.11157117E+00      92     0.48335075E-01
-0.19200001E+02    -0.79410100E+00     0.11295177E+00     0.90000000E+01    -0.43827064E-01     0.99613374E+00     0.45389667E-01     0.11071621E+00      92     0.48335075E-01
-0.19100000E+02    -0.78870142E+00     0.11205373E+00     0.90000000E+01    -0.44812698E-01     0.99603146E+00     0.45547508E-01     0.10981081E+00      93     0.42829528E-01
-0.19000002E+02    -0.78624099E+00     0.11070874E+00     0.90000000E+01    -0.45998070E-01     0.99592769E+00     0.46248078E-01     0.10845713E+00      93     0.42829528E-01
-0.18900002E+02    -0.77975827E+00     0.10987946E+00     0.90000000E+01    -0.46997100E-01     0.99577761E+00     0.46483871E-01     0.10762633E+00      93     0.42829528E-01
-0.18800001E+02    -0.77359176E+00     0.10911458E+00     0.90000000E+01    -0.47914777E-01     0.99559528E+00     0.46830356E-01     0.10686158E+00      93     0.42829528E-01
-0.18700001E+02    -0.76774257E+00     0.10826807E+00     0.90000000E+01    -0.48918013E-01     0.99456841E+00     0.47579125E-01     0.10602197E+00      93     0.42829528E-01
-0.18600000E+02    -0.76331896E+00     0.10770406E+00     0.90000000E+01    -0.49100071E-01     0.99363947E+00     0.47562383E-01     0.10545392E+00      93     0.42829528E-01
-0.18500002E+02    -0.75873351E+00     0.10707622E+00     0.90000000E+01    -0.49467087E-01     0.99267673E+00     0.47757395E-01     0.10482538E+00      93     0.42829528E-01
-0.18400000E+02    -0.75443977E+00     0.10637144E+00     0.90000000E+01    -0.49960908E-01     0.99168134E+00     0.48356593E-01     0.10412493E+00      93     0.42829528E-01
-0.18300001E+02    -0.74920166E+00     0.10565005E+00     0.90000000E+01    -0.50579835E-01     0.99049687E+00     0.48515603E-01     0.10340013E+00      93     0.42829528E-01
-0.18200001E+02    -0.74448228E+00     0.10486852E+00     0.90000000E+01    -0.51174909E-01     0.98618901E+00     0.48727840E-01     0.10261298E+00      93     0.42829528E-01
-0.18100002E+02    -0.74450111E+00     0.10452624E+00     0.90000000E+01    -0.49977079E-01     0.66048354E+00     0.49087387E-01     0.10111141E+00      93     0.42829528E-01
-0.18000000E+02    -0.74218315E+00     0.10341644E+00     0.90000000E+01    -0.50688941E-01     0.64379704E+00     0.49477983E-01     0.99946961E-01      93     0.42829528E-01
-0.17900000E+02    -0.73705643E+00     0.10280485E+00     0.90000000E+01    -0.51102355E-01     0.62925541E+00     0.49597658E-01     0.99289961E-01      94     0.37822437E-01
-0.17800001E+02    -0.73183227E+00     0.10219353E+00     0.90000000E+01    -0.51531568E-01     0.61797416E+00     0.49757324E-01     0.98641925E-01      94     0.37822437E-01
-0.17700001E+02    -0.72676003E+00     0.10161600E+00     0.90000000E+01    -0.51927052E-01     0.59956867E+00     0.50132789E-01     0.98010860E-01      94     0.37822437E-01
-0.17600000E+02    -0.72122979E+00     0.10103923E+00     0.90000000E+01    -0.52360035E-01     0.59189498E+00     0.50290413E-01     0.97406447E-01      94     0.37822437E-01
-0.17500000E+02    -0.71607488E+00     0.10043894E+00     0.90000000E+01    -0.52763816E-01     0.59204465E+00     0.50625782E-01     0.96802153E-01      94     0.37822437E-01
-0.17400002E+02    -0.71156216E+00     0.99778034E-01     0.90000000E+01    -0.53208858E-01     0.58611262E+00     0.51397018E-01     0.96128657E-01      94     0.37822437E-01
-0.17300001E+02    -0.70666409E+00     0.99140748E-01     0.90000000E+01    -0.53636916E-01     0.57410139E+00     0.51518571E-01     0.95453955E-01      94     0.37822437E-01
-0.17200001E+02    -0.70251626E+00     0.98393962E-01     0.90000000E+01    -0.54118820E-01     0.56929487E+00     0.52039366E-01     0.94691880E-01      94     0.37822437E-01
-0.17100000E+02    -0.69940805E+00     0.97426072E-01     0.90000000E+01    -0.54696880E-01     0.56947625E+00     0.52187577E-01     0.93716614E-01      94     0.37822437E-01
-0.17000002E+02    -0.69718277E+00     0.96420266E-01     0.90000000E+01    -0.55255972E-01     0.56083399E+00     0.53016733E-01     0.92689075E-01      94     0.37822437E-01
-0.16900000E+02    -0.69215316E+00     0.95824078E-01     0.90000000E+01    -0.55656228E-01     0.55663729E+00     0.53167924E-01     0.92077687E-01      94     0.37822437E-01
-0.16800001E+02    -0.68744445E+00     0.95200203E-01     0.90000000E+01    -0.56066219E-01     0.55251867E+00     0.53707704E-01     0.91442771E-01      95     0.33297669E-01
-0.16700001E+02    -0.68244529E+00     0.94586387E-01     0.90000000E+01    -0.56470603E-01     0.54909509E+00     0.54043885E-01     0.90821363E-01      95     0.33297669E-01
-0.16600000E+02    -0.67731619E+00     0.93951628E-01     0.90000000E+01    -0.56842115E-01     0.54566789E+00     0.54304708E-01     0.90175219E-01      95     0.33297669E-01
-0.16500000E+02    -0.67225862E+00     0.93332008E-01     0.90000000E+01    -0.57239179E-01     0.54195207E+00     0.54729458E-01     0.89542665E-01      95     0.33297669E-01
-0.16400002E+02    -0.66713768E+00     0.92709959E-01     0.90000000E+01    -0.57647053E-01     0.53857696E+00     0.55030212E-01     0.88908687E-01      95     0.33297669E-01
-0.16300001E+02    -0.66238940E+00     0.92081919E-01     0.90000000E+01    -0.58046166E-01     0.53305227E+00     0.55421241E-01     0.88263810E-01      95     0.33297669E-01
-0.16200001E+02    -0.65829575E+00     0.91259249E-01     0.90000000E+01    -0.58530588E-01     0.53016812E+00     0.55618346E-01     0.87425023E-01      95     0.33297669E-01
-0.16100000E+02    -0.65571958E+00     0.90193704E-01     0.90000000E+01    -0.59117716E-01     0.52755511E+00     0.56031656E-01     0.86338580E-01      95     0.33297669E-01
-0.16000002E+02    -0.65062296E+00     0.89568801E-01     0.90000000E+01    -0.59494261E-01     0.52757823E+00     0.56322630E-01     0.85712656E-01      95     0.33297669E-01
-0.15900001E+02    -0.64562291E+00     0.88957883E-01     0.90000000E+01    -0.59862699E-01     0.52256918E+00     0.56827970E-01     0.85089013E-01      95     0.33297669E-01
-0.15800000E+02    -0.64080304E+00     0.88337384E-01     0.90000000E+01    -0.60228061E-01     0.52034926E+00     0.57454150E-01     0.84463760E-01      96     0.29227415E-01
-0.15700001E+02    -0.63589561E+00     0.87719016E-01     0.90000000E+01    -0.60583539E-01     0.51796293E+00     0.57937481E-01     0.83838426E-01      96     0.29227415E-01
-0.15600002E+02    -0.63094175E+00     0.87100483E-01     0.90000000E+01    -0.60954552E-01     0.51552409E+00     0.58347724E-01     0.83211981E-01      96     0.29227415E-01
-0.15500001E+02    -0.62620240E+00     0.86451590E-01     0.90000000E+01    -0.61325215E-01     0.51273358E+00     0.58774423E-01     0.82555652E-01      96     0.29227415E-01
-0.15400001E+02    -0.62185293E+00     0.85738331E-01     0.90000000E+01    -0.61707098E-01     0.51102346E+00     0.59326433E-01     0.81839815E-01      96     0.29227415E-01
-0.15300001E+02    -0.61864287E+00     0.84853463E-01     0.90000000E+01    -0.62160730E-01     0.50913483E+00     0.59864987E-01     0.80948032E-01      96     0.29227415E-01
-0.15200001E+02    -0.61599964E+00     0.83800346E-01     0.90000000E+01    -0.62702186E-01     0.50732660E+00     0.60019292E-01     0.79880387E-01      96     0.29227415E-01
-0.15100001E+02    -0.61104709E+00     0.83201006E-01     0.90000000E+01    -0.63048646E-01     0.50545329E+00     0.60522862E-01     0.79274841E-01      96     0.29227415E-01
-0.15000001E+02    -0.60603094E+00     0.82593210E-01     0.90000000E+01    -0.63384905E-01     0.50334758E+00     0.61157547E-01     0.78659557E-01      96     0.29227415E-01
-0.14900000E+02    -0.60047764E+00     0.82025096E-01     0.90000000E+01    -0.63719288E-01     0.50118613E+00     0.61353937E-01     0.78081481E-01      96     0.29227415E-01
-0.14800000E+02    -0.59518826E+00     0.81439413E-01     0.90000000E+01    -0.64045347E-01     0.49906781E+00     0.61921570E-01     0.77486850E-01      97     0.25576653E-01
-0.14700002E+02    -0.59015924E+00     0.80830701E-01     0.90000000E+01    -0.64368911E-01     0.49746841E+00     0.62614091E-01     0.76874830E-01      97     0.25576653E-01
-0.14600000E+02    -0.58527398E+00     0.80197886E-01     0.90000000E+01    -0.64707391E-01     0.49573988E+00     0.63229606E-01     0.76238081E-01      97     0.25576653E-01
-0.14500000E+02    -0.58073074E+00     0.79505794E-01     0.90000000E+01    -0.65070704E-01     0.49413079E+00     0.63791618E-01     0.75541042E-01      97     0.25576653E-01
-0.14400001E+02    -0.57783610E+00     0.78559168E-01     0.90000000E+01    -0.65518305E-01     0.49260712E+00     0.64348049E-01     0.74586600E-01      97     0.25576653E-01
-0.14300001E+02    -0.57555068E+00     0.77550665E-01     0.90000000E+01    -0.65999359E-01     0.48928085E+00     0.64930059E-01     0.73561110E-01      97     0.25576653E-01
-0.14200001E+02    -0.57075030E+00     0.76927744E-01     0.90000000E+01    -0.66322640E-01     0.48720545E+00     0.65407112E-01     0.72933070E-01      97     0.25576653E-01
-0.14100001E+02    -0.56590581E+00     0.76312073E-01     0.90000000E+01    -0.66627666E-01     0.48577383E+00     0.65989360E-01     0.72315596E-01      97     0.25576653E-01
-0.14000001E+02    -0.56088454E+00     0.75706996E-01     0.90000000E+01    -0.66936217E-01     0.48437893E+00     0.66574425E-01     0.71708433E-01      97     0.25576653E-01
-0.13900002E+02    -0.55568641E+00     0.75114459E-01     0.90000000E+01    -0.67241609E-01     0.48291957E+00     0.67054182E-01     0.71111664E-01      97     0.25576653E-01
-0.13800001E+02    -0.55087709E+00     0.74487574E-01     0.90000000E+01    -0.67548275E-01     0.48145625E+00     0.67983016E-01     0.70481583E-01      98     0.22307370E-01
-0.13700001E+02    -0.54554099E+00     0.73885120E-01     0.90000000E+01    -0.67859031E-01     0.48005688E+00     0.68163298E-01     0.69870546E-01      98     0.22307370E-01
-0.13600001E+02    -0.54101771E+00     0.73175006E-01     0.90000000E+01    -0.68206616E-01     0.47853997E+00     0.68666324E-01     0.69149725E-01      98     0.22307370E-01
-0.13500001E+02    -0.54047924E+00     0.71923234E-01     0.90000000E+01    -0.68743892E-01     0.47730407E+00     0.69981754E-01     0.67887448E-01      98     0.22307370E-01
-0.13400001E+02    -0.53574014E+00     0.71314968E-01     0.90000000E+01    -0.69039010E-01     0.47553021E+00     0.70678681E-01     0.67274600E-01      98     0.22307370E-01
-0.13300000E+02    -0.53131950E+00     0.70672438E-01     0.90000000E+01    -0.69330484E-01     0.47401240E+00     0.71526408E-01     0.66631801E-01      98     0.22307370E-01
-0.13200001E+02    -0.52655172E+00     0.70051335E-01     0.90000000E+01    -0.69617413E-01     0.47282234E+00     0.72156757E-01     0.66010460E-01      98     0.22307370E-01
-0.13100000E+02    -0.52168447E+00     0.69439046E-01     0.90000000E+01    -0.69902822E-01     0.47161436E+00     0.72786197E-01     0.65396972E-01      98     0.22307370E-01
-0.13000001E+02    -0.51691616E+00     0.68811007E-01     0.90000000E+01    -0.70192777E-01     0.47036931E+00     0.73515870E-01     0.64766906E-01      98     0.22307370E-01
-0.12900001E+02    -0.51228631E+00     0.68136908E-01     0.90000000E+01    -0.70491336E-01     0.46912861E+00     0.74189164E-01     0.64088188E-01      99     0.19381767E-01
-0.12800001E+02    -0.50866008E+00     0.67323402E-01     0.90000000E+01    -0.70850752E-01     0.46793798E+00     0.74801110E-01     0.63266456E-01      99     0.19381767E-01
-0.12700001E+02    -0.50661016E+00     0.66281095E-01     0.90000000E+01    -0.71299575E-01     0.46563768E+00     0.75357579E-01     0.62205851E-01      99     0.19381767E-01
-0.12600001E+02    -0.50172222E+00     0.65673098E-01     0.90000000E+01    -0.71573019E-01     0.46553650E+00     0.76356970E-01     0.61597362E-01      99     0.19381767E-01
-0.12500001E+02    -0.49701416E+00     0.65052830E-01     0.90000000E+01    -0.71843706E-01     0.46276557E+00     0.77406235E-01     0.60969003E-01      99     0.19381767E-01
-0.12400002E+02    -0.49255803E+00     0.64421445E-01     0.90000000E+01    -0.72109126E-01     0.46127346E+00     0.78389622E-01     0.60337592E-01      99     0.19381767E-01
-0.12300001E+02    -0.48808691E+00     0.63783258E-01     0.90000000E+01    -0.72377868E-01     0.46029222E+00     0.79220071E-01     0.59700690E-01      99     0.19381767E-01
-0.12200001E+02    -0.48386779E+00     0.63125022E-01     0.90000000E+01    -0.72660021E-01     0.45922208E+00     0.80125660E-01     0.59042573E-01      99     0.19381767E-01
-0.12100001E+02    -0.48030394E+00     0.62344640E-01     0.90000000E+01    -0.72983012E-01     0.45824069E+00     0.80971926E-01     0.58258563E-01      99     0.19381767E-01
-0.12000000E+02    -0.47940803E+00     0.61182264E-01     0.90000000E+01    -0.73442563E-01     0.45738998E+00     0.81815533E-01     0.57085350E-01      99     0.19381767E-01
-0.11900001E+02    -0.47439992E+00     0.60596772E-01     0.90000000E+01    -0.73698945E-01     0.45623291E+00     0.82606524E-01     0.56495722E-01     100     0.16763927E-01
-0.11800000E+02    -0.46944430E+00     0.59995007E-01     0.90000000E+01    -0.73949829E-01     0.45514536E+00     0.83653793E-01     0.55890523E-01     100     0.16763927E-01
-0.11700001E+02    -0.46622315E+00     0.59293214E-01     0.90000000E+01    -0.74209757E-01     0.45407078E+00     0.85973844E-01     0.55194274E-01     100     0.16763927E-01
-0.11600000E+02    -0.46239823E+00     0.58612667E-01     0.90000000E+01    -0.74469559E-01     0.45296690E+00     0.87199599E-01     0.54513972E-01     100     0.16763927E-01
-0.11500001E+02    -0.45869794E+00     0.57887923E-01     0.90000000E+01    -0.74750692E-01     0.45181042E+00     0.88299215E-01     0.53786714E-01     100     0.16763927E-01
-0.11400001E+02    -0.45883715E+00     0.56642346E-01     0.90000000E+01    -0.75220600E-01     0.45079812E+00     0.89301817E-01     0.52528121E-01     100     0.16763927E-01
-0.11300001E+02    -0.45449030E+00     0.56007396E-01     0.90000000E+01    -0.75476453E-01     0.44948906E+00     0.90504624E-01     0.51890265E-01     100     0.16763927E-01
-0.11200001E+02    -0.44993666E+00     0.55394102E-01     0.90000000E+01    -0.75713299E-01     0.44837272E+00     0.91948994E-01     0.51276993E-01     100     0.16763927E-01
-0.11100001E+02    -0.44594023E+00     0.54755542E-01     0.90000000E+01    -0.75956233E-01     0.44752067E+00     0.93639441E-01     0.50641924E-01     100     0.16763927E-01
-0.11000001E+02    -0.44272599E+00     0.54037090E-01     0.90000000E+01    -0.76205470E-01     0.44571179E+00     0.95270321E-01     0.49925506E-01     101     0.14421528E-01
-0.10900001E+02    -0.43982497E+00     0.53241458E-01     0.90000000E+01    -0.76488599E-01     0.44480771E+00     0.96751332E-01     0.49130194E-01     101     0.14421528E-01
-0.10800001E+02    -0.44044960E+00     0.52007072E-01     0.90000000E+01    -0.76935731E-01     0.44406244E+00     0.98054282E-01     0.47884878E-01     101     0.14421528E-01
-0.10700001E+02    -0.43618935E+00     0.51363099E-01     0.90000000E+01    -0.77172883E-01     0.44306272E+00     0.99583745E-01     0.47239855E-01     101     0.14421528E-01
-0.10600001E+02    -0.43288949E+00     0.50684281E-01     0.90000000E+01    -0.77405162E-01     0.44214821E+00     0.10198351E+00     0.46564989E-01     101     0.14421528E-01
-0.10500001E+02    -0.43040374E+00     0.49930248E-01     0.90000000E+01    -0.77646293E-01     0.44121218E+00     0.10407543E+00     0.45815714E-01     101     0.14421528E-01
-0.10400002E+02    -0.42809632E+00     0.49122531E-01     0.90000000E+01    -0.77918820E-01     0.44028500E+00     0.10600318E+00     0.45007847E-01     101     0.14421528E-01
-0.10200001E+02    -0.42668813E+00     0.47133408E-01     0.90000000E+01    -0.78581184E-01     0.43829238E+00     0.11046843E+00     0.43011900E-01     101     0.14421528E-01
-0.10100000E+02    -0.42532104E+00     0.46320487E-01     0.90000000E+01    -0.78810364E-01     0.43719870E+00     0.11318983E+00     0.42206768E-01     101     0.14421528E-01
-0.10000001E+02    -0.42375764E+00     0.45469992E-01     0.90000000E+01    -0.79064816E-01     0.43635032E+00     0.11589830E+00     0.41360509E-01     102     0.12325595E-01
-0.99000006E+01    -0.43182915E+00     0.43725859E-01     0.90000000E+01    -0.79532221E-01     0.43593511E+00     0.12149429E+00     0.39626993E-01     102     0.12325595E-01
-0.98000011E+01    -0.43122748E+00     0.42861599E-01     0.90000000E+01    -0.79758264E-01     0.43525857E+00     0.12506622E+00     0.38772348E-01     102     0.12325595E-01
-0.97000008E+01    -0.42635697E+00     0.42316169E-01     0.90000000E+01    -0.79966255E-01     0.43442741E+00     0.12562586E+00     0.38222019E-01     102     0.12325595E-01
-0.96000013E+01    -0.43933472E+00     0.40227160E-01     0.90000000E+01    -0.80448203E-01     0.43411133E+00     0.13299055E+00     0.36149472E-01     102     0.12325595E-01
-0.95000010E+01    -0.44155818E+00     0.39165489E-01     0.90000000E+01    -0.80680892E-01     0.43341500E+00     0.13805914E+00     0.35103921E-01     102     0.12325595E-01
-0.94000006E+01    -0.45128453E+00     0.37382796E-01     0.90000000E+01    -0.81108913E-01     0.43297794E+00     0.14218713E+00     0.33318717E-01     102     0.12325595E-01
-0.93000011E+01    -0.45725119E+00     0.36094461E-01     0.90000000E+01    -0.81335552E-01     0.43238014E+00     0.14819552E+00     0.32049995E-01     102     0.12325595E-01
-0.91999998E+01    -0.46797955E+00     0.34317136E-01     0.90000000E+01    -0.81720918E-01     0.43199766E+00     0.15227945E+00     0.30266525E-01     102     0.12325595E-01
-0.87000017E+01    -0.57548058E+00     0.78983624E-02     0.90000000E+01    -0.12486444E+00     0.43136224E+00     0.24965879E+00     0.36269911E-02     101     0.14421528E-01
-0.86000004E+01    -0.56028801E+00     0.75339833E-02     0.90000000E+01    -0.12629528E+00     0.43017706E+00     0.26515055E+00     0.33133659E-02     101     0.14421528E-01
-0.85000019E+01    -0.54559350E+00     0.72384058E-02     0.90000000E+01    -0.12748945E+00     0.42898995E+00     0.27874410E+00     0.30700364E-02     101     0.14421528E-01
-0.84000006E+01    -0.53207731E+00     0.71231970E-02     0.90000000E+01    -0.12815014E+00     0.42774650E+00     0.28469720E+00     0.29693632E-02     102     0.12325595E-01
-0.83000011E+01    -0.51874691E+00     0.70375293E-02     0.90000000E+01    -0.12872426E+00     0.42643398E+00     0.28920579E+00     0.28902669E-02     102     0.12325595E-01
-0.82000008E+01    -0.50548786E+00     0.69642309E-02     0.90000000E+01    -0.12926188E+00     0.42505085E+00     0.29296070E+00     0.28248983E-02     102     0.12325595E-01
-0.81000013E+01    -0.49227098E+00     0.68994849E-02     0.90000000E+01    -0.12977193E+00     0.42333803E+00     0.29609117E+00     0.27656727E-02     102     0.12325595E-01
-0.80000010E+01    -0.47893530E+00     0.68171248E-02     0.90000000E+01    -0.13032979E+00     0.42242703E+00     0.30115592E+00     0.26967744E-02     103     0.10451236E-01
-0.79000001E+01    -0.46605000E+00     0.68054502E-02     0.90000000E+01    -0.13069066E+00     0.42142394E+00     0.30134094E+00     0.26772562E-02     103     0.10451236E-01
-0.78000011E+01    -0.45280594E+00     0.67376113E-02     0.90000000E+01    -0.13120744E+00     0.42045537E+00     0.30519071E+00     0.26181820E-02     103     0.10451236E-01
-0.77000003E+01    -0.43976775E+00     0.67012724E-02     0.90000000E+01    -0.13163693E+00     0.41945738E+00     0.30822542E+00     0.25828001E-02     103     0.10451236E-01
-0.76000009E+01    -0.42674145E+00     0.66675604E-02     0.90000000E+01    -0.13205905E+00     0.41844153E+00     0.30979821E+00     0.25479347E-02     103     0.10451236E-01
-0.75000005E+01    -0.41375118E+00     0.66387863E-02     0.90000000E+01    -0.13246827E+00     0.41739333E+00     0.31118199E+00     0.25163079E-02     104     0.87768603E-02
-0.74000010E+01    -0.40080673E+00     0.66177160E-02     0.90000000E+01    -0.13285510E+00     0.41631374E+00     0.31245726E+00     0.24904199E-02     104     0.87768603E-02
-0.73000002E+01    -0.38789558E+00     0.66022542E-02     0.90000000E+01    -0.13322642E+00     0.41513702E+00     0.31363904E+00     0.24688197E-02     104     0.87768603E-02
-0.72000012E+01    -0.37498820E+00     0.65871491E-02     0.90000000E+01    -0.13359587E+00     0.41389984E+00     0.31535226E+00     0.24486422E-02     104     0.87768603E-02
-0.71000004E+01    -0.36208361E+00     0.65743830E-02     0.90000000E+01    -0.13395676E+00     0.41281089E+00     0.31642956E+00     0.24309754E-02     104     0.87768603E-02
-0.70000014E+01    -0.34896588E+00     0.65314719E-02     0.90000000E+01    -0.13439855E+00     0.41204599E+00     0.31864658E+00     0.23942576E-02     105     0.72842813E-02
-0.69000006E+01    -0.33601859E+00     0.65126535E-02     0.90000000E+01    -0.13477528E+00     0.41053674E+00     0.31957430E+00     0.23719352E-02     105     0.72842813E-02
-0.68000016E+01    -0.32303220E+00     0.64880061E-02     0.90000000E+01    -0.13516726E+00     0.40966046E+00     0.32118422E+00     0.23475438E-02     105     0.72842813E-02
-0.67000008E+01    -0.31013769E+00     0.64776973E-02     0.90000000E+01    -0.13551961E+00     0.40875575E+00     0.32196006E+00     0.23318548E-02     105     0.72842813E-02
-0.66000018E+01    -0.29726771E+00     0.64701941E-02     0.90000000E+01    -0.13586433E+00     0.40784892E+00     0.32273683E+00     0.23180693E-02     105     0.72842813E-02
-0.65000010E+01    -0.28441700E+00     0.64655594E-02     0.90000000E+01    -0.13620123E+00     0.40691888E+00     0.32346231E+00     0.23057209E-02     106     0.59582922E-02
-0.64000001E+01    -0.27159306E+00     0.64643119E-02     0.90000000E+01    -0.13652819E+00     0.40597948E+00     0.32413003E+00     0.22958680E-02     106     0.59582922E-02
-0.63000011E+01    -0.25875908E+00     0.64616664E-02     0.90000000E+01    -0.13685924E+00     0.40498313E+00     0.32478440E+00     0.22833459E-02     106     0.59582922E-02
-0.62000003E+01    -0.24577200E+00     0.64366818E-02     0.90000000E+01    -0.13725151E+00     0.40391967E+00     0.32655254E+00     0.22585778E-02     106     0.59582922E-02
-0.61000009E+01    -0.23287684E+00     0.64262953E-02     0.90000000E+01    -0.13760236E+00     0.40288189E+00     0.32721666E+00     0.22432981E-02     106     0.59582922E-02
-0.60000000E+01    -0.21993248E+00     0.64081321E-02     0.90000000E+01    -0.13797420E+00     0.40166792E+00     0.32850617E+00     0.22236700E-02     107     0.47860891E-02
-0.59000010E+01    -0.20701388E+00     0.63965400E-02     0.90000000E+01    -0.13832298E+00     0.40094066E+00     0.32913408E+00     0.22107633E-02     107     0.47860891E-02
-0.58000002E+01    -0.19411762E+00     0.63878391E-02     0.90000000E+01    -0.13866459E+00     0.40020415E+00     0.32968205E+00     0.21985266E-02     107     0.47860891E-02
-0.57000012E+01    -0.18123375E+00     0.63805263E-02     0.90000000E+01    -0.13900128E+00     0.39946368E+00     0.33025894E+00     0.21872111E-02     107     0.47860891E-02
-0.56000004E+01    -0.16836610E+00     0.63755801E-02     0.90000000E+01    -0.13933153E+00     0.39864513E+00     0.33077091E+00     0.21769945E-02     108     0.37573036E-02
-0.55000014E+01    -0.15550578E+00     0.63702180E-02     0.90000000E+01    -0.13966261E+00     0.39784417E+00     0.33195683E+00     0.21680831E-02     108     0.37573036E-02
-0.54000006E+01    -0.14268421E+00     0.63705966E-02     0.90000000E+01    -0.13997746E+00     0.39703974E+00     0.33241796E+00     0.21615485E-02     108     0.37573036E-02
-0.53000016E+01    -0.12994464E+00     0.63783205E-02     0.90000000E+01    -0.14027499E+00     0.39556128E+00     0.33329859E+00     0.21566576E-02     108     0.37573036E-02
-0.52000008E+01    -0.11703638E+00     0.63660443E-02     0.90000000E+01    -0.14062586E+00     0.39471057E+00     0.33437151E+00     0.21415236E-02     108     0.37573036E-02
-0.51000013E+01    -0.10418475E+00     0.63610035E-02     0.90000000E+01    -0.14095618E+00     0.39379707E+00     0.33497679E+00     0.21308111E-02     109     0.28634572E-02
-0.50000010E+01    -0.91331750E-01     0.63560368E-02     0.90000000E+01    -0.14128555E+00     0.39287290E+00     0.33554351E+00     0.21205638E-02     109     0.28634572E-02
-0.49000015E+01    -0.78488350E-01     0.63522928E-02     0.90000000E+01    -0.14160988E+00     0.39187449E+00     0.33604664E+00     0.21113688E-02     109     0.28634572E-02
-0.48000007E+01    -0.65591186E-01     0.63408506E-02     0.90000000E+01    -0.14195514E+00     0.39078891E+00     0.33718294E+00     0.20988588E-02     109     0.28634572E-02
-0.47000003E+01    -0.52693430E-01     0.63307984E-02     0.90000000E+01    -0.14229326E+00     0.38997823E+00     0.33819056E+00     0.20897361E-02     110     0.20977957E-02
-0.46000009E+01    -0.39805584E-01     0.63225566E-02     0.90000000E+01    -0.14262404E+00     0.38935715E+00     0.33921629E+00     0.20814021E-02     110     0.20977957E-02
-0.45000000E+01    -0.26961435E-01     0.63202046E-02     0.90000000E+01    -0.14293838E+00     0.38867709E+00     0.33963969E+00     0.20751143E-02     110     0.20977957E-02
-0.44000010E+01    -0.14133484E-01     0.63191033E-02     0.90000000E+01    -0.14324892E+00     0.38794068E+00     0.34050196E+00     0.20707794E-02     110     0.20977957E-02
-0.43000002E+01    -0.13270526E-02     0.63211541E-02     0.90000000E+01    -0.14355020E+00     0.38723087E+00     0.34086782E+00     0.20672432E-02     110     0.20977957E-02
-0.42000012E+01     0.11460730E-01     0.63247825E-02     0.90000000E+01    -0.14384687E+00     0.38646746E+00     0.34118092E+00     0.20644381E-02     111     0.14551239E-02
-0.41000004E+01     0.24175294E-01     0.63361372E-02     0.90000000E+01    -0.14412008E+00     0.38572636E+00     0.34175864E+00     0.20684195E-02     111     0.14551239E-02
-0.40000014E+01     0.37122406E-01     0.63182679E-02     0.90000000E+01    -0.14447838E+00     0.38493887E+00     0.34365964E+00     0.20508952E-02     111     0.14551239E-02
-0.39000006E+01     0.49996316E-01     0.63094250E-02     0.90000000E+01    -0.14480980E+00     0.38419712E+00     0.34475538E+00     0.20416691E-02     111     0.14551239E-02
-0.38000014E+01     0.62795155E-01     0.63100890E-02     0.90000000E+01    -0.14511450E+00     0.38337526E+00     0.34513924E+00     0.20365496E-02     112     0.93188853E-03
-0.37000005E+01     0.75536832E-01     0.63157380E-02     0.90000000E+01    -0.14540802E+00     0.38184461E+00     0.34554005E+00     0.20330567E-02     112     0.93188853E-03
-0.36000016E+01     0.88330477E-01     0.63170004E-02     0.90000000E+01    -0.14570956E+00     0.38094246E+00     0.34593132E+00     0.20293263E-02     112     0.93188853E-03
-0.35000007E+01     0.10111801E+00     0.63189450E-02     0.90000000E+01    -0.14600760E+00     0.37995741E+00     0.34630409E+00     0.20259991E-02     112     0.93188853E-03
-0.34000015E+01     0.11392423E+00     0.63190246E-02     0.90000000E+01    -0.14630832E+00     0.37914988E+00     0.34667802E+00     0.20236885E-02     113     0.52511692E-03
-0.33000009E+01     0.12675886E+00     0.63166013E-02     0.90000000E+01    -0.14661215E+00     0.37859195E+00     0.34702393E+00     0.20194724E-02     113     0.52511692E-03
-0.32000017E+01     0.13957720E+00     0.63157543E-02     0.90000000E+01    -0.14691167E+00     0.37799001E+00     0.34740791E+00     0.20161979E-02     113     0.52511692E-03
-0.31000009E+01     0.15238579E+00     0.63153100E-02     0.90000000E+01    -0.14720991E+00     0.37732211E+00     0.34801343E+00     0.20137690E-02     113     0.52511692E-03
-0.30000000E+01     0.16517368E+00     0.63173487E-02     0.90000000E+01    -0.14750059E+00     0.37665927E+00     0.34837121E+00     0.20121066E-02     113     0.52511692E-03
-0.29000010E+01     0.17794672E+00     0.63204779E-02     0.90000000E+01    -0.14778738E+00     0.37598717E+00     0.34872785E+00     0.20110668E-02     114     0.23333222E-03
-0.28000002E+01     0.19070008E+00     0.63256025E-02     0.90000000E+01    -0.14806855E+00     0.37526938E+00     0.34907153E+00     0.20111604E-02     114     0.23333222E-03
-0.27000012E+01     0.20343818E+00     0.63317618E-02     0.90000000E+01    -0.14834607E+00     0.37456930E+00     0.34937379E+00     0.20118896E-02     114     0.23333222E-03
-0.26000004E+01     0.21615897E+00     0.63395710E-02     0.90000000E+01    -0.14861868E+00     0.37386161E+00     0.34969267E+00     0.20135711E-02     114     0.23333222E-03
-0.25000012E+01     0.22886610E+00     0.63485913E-02     0.90000000E+01    -0.14888719E+00     0.37314293E+00     0.34996247E+00     0.20159418E-02     115     0.60354974E-04
-0.24000003E+01     0.24155819E+00     0.63589769E-02     0.90000000E+01    -0.14915080E+00     0.37239709E+00     0.35022080E+00     0.20191544E-02     115     0.60354974E-04
-0.23000014E+01     0.25423601E+00     0.63704243E-02     0.90000000E+01    -0.14941053E+00     0.37162855E+00     0.35043779E+00     0.20231884E-02     115     0.60354974E-04
-0.22000005E+01     0.26684803E+00     0.63873096E-02     0.90000000E+01    -0.14965710E+00     0.37015945E+00     0.35061890E+00     0.20291782E-02     115     0.60354974E-04
-0.21000013E+01     0.27960154E+00     0.63896836E-02     0.90000000E+01    -0.14994219E+00     0.36926395E+00     0.35116136E+00     0.20250101E-02     116     0.43318187E-06
-0.20000007E+01     0.29236975E+00     0.63907937E-02     0.90000000E+01    -0.15022814E+00     0.36844200E+00     0.35171130E+00     0.20252722E-02     116     0.43318187E-06
-0.19000015E+01     0.30518815E+00     0.63872151E-02     0.90000000E+01    -0.15052235E+00     0.36795714E+00     0.35226470E+00     0.20223777E-02     116     0.43318187E-06
-0.18000008E+01     0.31798103E+00     0.63855560E-02     0.90000000E+01    -0.15081103E+00     0.36742413E+00     0.35277337E+00     0.20207190E-02     116     0.43318187E-06
-0.17000016E+01     0.33075699E+00     0.63855071E-02     0.90000000E+01    -0.15109459E+00     0.36680144E+00     0.35324550E+00     0.20199558E-02     116     0.43318187E-06
-0.16000009E+01     0.34351668E+00     0.63867755E-02     0.90000000E+01    -0.15137462E+00     0.36619148E+00     0.35369936E+00     0.20203134E-02     117     0.38301725E-04
-0.15000000E+01     0.35626638E+00     0.63888463E-02     0.90000000E+01    -0.15165074E+00     0.36559799E+00     0.35415336E+00     0.20212969E-02     117     0.38301725E-04
-0.14000009E+01     0.36899102E+00     0.63925190E-02     0.90000000E+01    -0.15192226E+00     0.36493012E+00     0.35456330E+00     0.20230040E-02     117     0.38301725E-04
-0.13000002E+01     0.38170859E+00     0.63971039E-02     0.90000000E+01    -0.15219070E+00     0.36428943E+00     0.35496634E+00     0.20253360E-02     117     0.38301725E-04
-0.12000011E+01     0.39440662E+00     0.64030895E-02     0.90000000E+01    -0.15245423E+00     0.36362472E+00     0.35536259E+00     0.20284858E-02     118     0.16620255E-03
-0.11000003E+01     0.40710184E+00     0.64086346E-02     0.90000000E+01    -0.15271878E+00     0.36297068E+00     0.35603178E+00     0.20321948E-02     118     0.16620255E-03
-0.10000012E+01     0.41976434E+00     0.64174454E-02     0.90000000E+01    -0.15297325E+00     0.36230311E+00     0.35642317E+00     0.20369464E-02     118     0.16620255E-03
-0.90000039E+00     0.43241319E+00     0.64272545E-02     0.90000000E+01    -0.15322372E+00     0.36161804E+00     0.35678467E+00     0.20422284E-02     118     0.16620255E-03
-0.80000126E+00     0.44505268E+00     0.64377566E-02     0.90000000E+01    -0.15347153E+00     0.36086011E+00     0.35715285E+00     0.20480715E-02     118     0.16620255E-03
-0.70000046E+00     0.45762795E+00     0.64531197E-02     0.90000000E+01    -0.15370727E+00     0.35947052E+00     0.35755983E+00     0.20556576E-02     119     0.38239817E-03
-0.60000139E+00     0.47025406E+00     0.64645172E-02     0.90000000E+01    -0.15394974E+00     0.35866249E+00     0.35794026E+00     0.20626825E-02     119     0.38239817E-03
-0.50000060E+00     0.48288932E+00     0.64748279E-02     0.90000000E+01    -0.15419264E+00     0.35790724E+00     0.35825482E+00     0.20710877E-02     119     0.38239817E-03
-0.40000150E+00     0.49557942E+00     0.64800954E-02     0.90000000E+01    -0.15444370E+00     0.35745388E+00     0.35859132E+00     0.20757881E-02     119     0.38239817E-03
-0.30000070E+00     0.50824791E+00     0.64872168E-02     0.90000000E+01    -0.15468961E+00     0.35693398E+00     0.35888097E+00     0.20815083E-02     120     0.69524674E-03
-0.20000160E+00     0.52088493E+00     0.64965272E-02     0.90000000E+01    -0.15492883E+00     0.35637251E+00     0.35916242E+00     0.20884885E-02     120     0.69524674E-03
-0.10000080E+00     0.53350639E+00     0.65070726E-02     0.90000000E+01    -0.15516338E+00     0.35582277E+00     0.35941279E+00     0.20962181E-02     120     0.69524674E-03
 0.00000000E+00     0.54611027E+00     0.65189586E-02     0.90000000E+01    -0.15539281E+00     0.35523853E+00     0.35961607E+00     0.21024048E-02     120     0.69524674E-03
 0.99999093E-01     0.55878013E+00     0.65233503E-02     0.90000000E+01    -0.15564616E+00     0.35464588E+00     0.36023211E+00     0.21065935E-02     120     0.69524674E-03
 0.19999990E+00     0.57143426E+00     0.65289405E-02     0.90000000E+01    -0.15589491E+00     0.35403606E+00     0.36078614E+00     0.21116142E-02     121     0.11120313E-02
 0.29999900E+00     0.58406967E+00     0.65357564E-02     0.90000000E+01    -0.15614006E+00     0.35343397E+00     0.36139473E+00     0.21177134E-02     121     0.11120313E-02
 0.39999980E+00     0.59668410E+00     0.65442408E-02     0.90000000E+01    -0.15637873E+00     0.35282469E+00     0.36190659E+00     0.21247840E-02     121     0.11120313E-02
 0.49999887E+00     0.60928094E+00     0.65535940E-02     0.90000000E+01    -0.15661493E+00     0.35220587E+00     0.36240861E+00     0.21324805E-02     121     0.11120313E-02
 0.59999967E+00     0.62186122E+00     0.65642293E-02     0.90000000E+01    -0.15684579E+00     0.35155210E+00     0.36289990E+00     0.21410659E-02     121     0.11120313E-02
 0.69999880E+00     0.63443065E+00     0.65754671E-02     0.90000000E+01    -0.15707393E+00     0.35088429E+00     0.36332935E+00     0.21500634E-02     122     0.16372061E-02
 0.79999959E+00     0.64692307E+00     0.65925471E-02     0.90000000E+01    -0.15728778E+00     0.34962392E+00     0.36375678E+00     0.21613855E-02     122     0.16372061E-02
 0.89999866E+00     0.65947545E+00     0.66046412E-02     0.90000000E+01    -0.15751022E+00     0.34887174E+00     0.36421427E+00     0.21716165E-02     122     0.16372061E-02
 0.99999946E+00     0.67201251E+00     0.66178050E-02     0.90000000E+01    -0.15772919E+00     0.34809738E+00     0.36461717E+00     0.21823505E-02     122     0.16372061E-02
 0.10999986E+01     0.68460310E+00     0.66254186E-02     0.90000000E+01    -0.15795922E+00     0.34746343E+00     0.36531210E+00     0.21933415E-02     122     0.16372061E-02
 0.11999993E+01     0.69722140E+00     0.66312798E-02     0.90000000E+01    -0.15818955E+00     0.34703901E+00     0.36570904E+00     0.22010780E-02     123     0.22752350E-02
 0.12999984E+01     0.70980966E+00     0.66389926E-02     0.90000000E+01    -0.15841450E+00     0.34654668E+00     0.36613166E+00     0.22097365E-02     123     0.22752350E-02
 0.13999993E+01     0.72237515E+00     0.66484716E-02     0.90000000E+01    -0.15863392E+00     0.34604338E+00     0.36652875E+00     0.22193943E-02     123     0.22752350E-02
 0.14999983E+01     0.73491985E+00     0.66590798E-02     0.90000000E+01    -0.15884866E+00     0.34551212E+00     0.36692953E+00     0.22297539E-02     123     0.22752350E-02
 0.15999992E+01     0.74744892E+00     0.66709360E-02     0.90000000E+01    -0.15905859E+00     0.34496051E+00     0.36730143E+00     0.22409433E-02     124     0.30308000E-02
 0.16999999E+01     0.75995427E+00     0.66841771E-02     0.90000000E+01    -0.15926392E+00     0.34441248E+00     0.36766720E+00     0.22529056E-02     124     0.30308000E-02
 0.17999990E+01     0.77243578E+00     0.66989912E-02     0.90000000E+01    -0.15946327E+00     0.34384358E+00     0.36798799E+00     0.22656992E-02     124     0.30308000E-02
 0.18999999E+01     0.78489405E+00     0.67151636E-02     0.90000000E+01    -0.15965767E+00     0.34327540E+00     0.36828831E+00     0.22793161E-02     124     0.30308000E-02
 0.19999989E+01     0.79732728E+00     0.67330613E-02     0.90000000E+01    -0.15984583E+00     0.34269974E+00     0.36854026E+00     0.22939411E-02     124     0.30308000E-02
 0.20999997E+01     0.80975544E+00     0.67507178E-02     0.90000000E+01    -0.16003352E+00     0.34211341E+00     0.36883116E+00     0.23065889E-02     125     0.39082086E-02
 0.21999989E+01     0.82223153E+00     0.67635942E-02     0.90000000E+01    -0.16023707E+00     0.34153512E+00     0.36948058E+00     0.23189066E-02     125     0.39082086E-02
 0.22999997E+01     0.83468252E+00     0.67778286E-02     0.90000000E+01    -0.16043597E+00     0.34089106E+00     0.37010732E+00     0.23321668E-02     125     0.39082086E-02
 0.23999987E+01     0.84705323E+00     0.67978282E-02     0.90000000E+01    -0.16061909E+00     0.33972734E+00     0.37067091E+00     0.23476803E-02     125     0.39082086E-02
 0.24999995E+01     0.85948473E+00     0.68130065E-02     0.90000000E+01    -0.16081151E+00     0.33902714E+00     0.37124157E+00     0.23624352E-02     125     0.39082086E-02
 0.25999987E+01     0.87189651E+00     0.68292501E-02     0.90000000E+01    -0.16099928E+00     0.33827084E+00     0.37176430E+00     0.23780339E-02     126     0.49119266E-02
 0.26999993E+01     0.88430506E+00     0.68451157E-02     0.90000000E+01    -0.16118611E+00     0.33750471E+00     0.37225023E+00     0.23958082E-02     126     0.49119266E-02
 0.27999985E+01     0.89682847E+00     0.68515260E-02     0.90000000E+01    -0.16139230E+00     0.33716455E+00     0.37269455E+00     0.24064127E-02     126     0.49119266E-02
 0.28999994E+01     0.90932369E+00     0.68595633E-02     0.90000000E+01    -0.16159311E+00     0.33672366E+00     0.37316838E+00     0.24181465E-02     126     0.49119266E-02
 0.29999983E+01     0.92179400E+00     0.68695163E-02     0.90000000E+01    -0.16178742E+00     0.33629507E+00     0.37362528E+00     0.24311170E-02     126     0.49119266E-02
 0.30999992E+01     0.93424535E+00     0.68798787E-02     0.90000000E+01    -0.16198020E+00     0.33576572E+00     0.37437928E+00     0.24449467E-02     126     0.49119266E-02
 0.31999984E+01     0.94666171E+00     0.68928851E-02     0.90000000E+01    -0.16216356E+00     0.33527371E+00     0.37482497E+00     0.24598320E-02     127     0.60465392E-02
 0.32999990E+01     0.95905495E+00     0.69074677E-02     0.90000000E+01    -0.16234131E+00     0.33472511E+00     0.37525120E+00     0.24753255E-02     127     0.60465392E-02
 0.33999999E+01     0.97142702E+00     0.69230227E-02     0.90000000E+01    -0.16251417E+00     0.33420885E+00     0.37568891E+00     0.24915151E-02     127     0.60465392E-02
 0.34999990E+01     0.98377889E+00     0.69396682E-02     0.90000000E+01    -0.16268334E+00     0.33367664E+00     0.37610942E+00     0.25083264E-02     127     0.60465392E-02
 0.35999999E+01     0.99610484E+00     0.69578500E-02     0.90000000E+01    -0.16284624E+00     0.33314237E+00     0.37652194E+00     0.25260448E-02     127     0.60465392E-02
 0.36999989E+01     0.10084038E+01     0.69775847E-02     0.90000000E+01    -0.16300279E+00     0.33259404E+00     0.37690207E+00     0.25449363E-02     128     0.73172259E-02
 0.37999997E+01     0.10201290E+01     0.70389044E-02     0.90000000E+01    -0.16305867E+00     0.32900399E+00     0.37725681E+00     0.25810408E-02     128     0.73172259E-02
 0.38999987E+01     0.10322747E+01     0.70683733E-02     0.90000000E+01    -0.16318737E+00     0.32677698E+00     0.37756902E+00     0.26050676E-02     128     0.73172259E-02
 0.39999995E+01     0.10445857E+01     0.70854328E-02     0.90000000E+01    -0.16334258E+00     0.32623142E+00     0.37783602E+00     0.26226109E-02     128     0.73172259E-02
 0.40999985E+01     0.10568911E+01     0.71020871E-02     0.90000000E+01    -0.16349883E+00     0.32567540E+00     0.37822279E+00     0.26384094E-02     128     0.73172259E-02
 0.41999993E+01     0.10691211E+01     0.71232971E-02     0.90000000E+01    -0.16364737E+00     0.32422799E+00     0.37890702E+00     0.26582126E-02     129     0.87298052E-02
 0.42999988E+01     0.10812607E+01     0.71505574E-02     0.90000000E+01    -0.16377921E+00     0.32277104E+00     0.37953362E+00     0.26814281E-02     129     0.87298052E-02
 0.43999991E+01     0.10932996E+01     0.71846559E-02     0.90000000E+01    -0.16389173E+00     0.32119817E+00     0.38014308E+00     0.27084784E-02     129     0.87298052E-02
 0.44999986E+01     0.11054751E+01     0.72082579E-02     0.90000000E+01    -0.16402729E+00     0.32040116E+00     0.38074124E+00     0.27312031E-02     129     0.87298052E-02
 0.45999994E+01     0.11174641E+01     0.72448771E-02     0.90000000E+01    -0.16412954E+00     0.31851569E+00     0.38126680E+00     0.27601547E-02     129     0.87298052E-02
 0.47000003E+01     0.11296562E+01     0.72659384E-02     0.90000000E+01    -0.16426653E+00     0.31764796E+00     0.38178232E+00     0.27837814E-02     130     0.10290815E-01
 0.47999973E+01     0.11419419E+01     0.72797220E-02     0.90000000E+01    -0.16441888E+00     0.31705859E+00     0.38229313E+00     0.28017499E-02     130     0.10290815E-01
 0.48999982E+01     0.11540960E+01     0.73015839E-02     0.90000000E+01    -0.16455032E+00     0.31545851E+00     0.38311484E+00     0.28241612E-02     130     0.10290815E-01
 0.49999990E+01     0.11661274E+01     0.73321294E-02     0.90000000E+01    -0.16465671E+00     0.31381056E+00     0.38357708E+00     0.28507491E-02     130     0.10290815E-01
 0.50999999E+01     0.11778550E+01     0.73836925E-02     0.90000000E+01    -0.16470864E+00     0.31133494E+00     0.38404253E+00     0.28887736E-02     130     0.10290815E-01
 0.52000008E+01     0.11898628E+01     0.74146339E-02     0.90000000E+01    -0.16480820E+00     0.31032225E+00     0.38450569E+00     0.29163882E-02     130     0.10290815E-01
 0.52999978E+01     0.12018675E+01     0.74453289E-02     0.90000000E+01    -0.16490643E+00     0.30923194E+00     0.38495976E+00     0.29445090E-02     131     0.12008118E-01
 0.53999987E+01     0.12138778E+01     0.74749910E-02     0.90000000E+01    -0.16500455E+00     0.30819371E+00     0.38541850E+00     0.29722610E-02     131     0.12008118E-01
 0.54999995E+01     0.12259073E+01     0.75019584E-02     0.90000000E+01    -0.16510633E+00     0.30634415E+00     0.38585553E+00     0.29978016E-02     131     0.12008118E-01
 0.56000004E+01     0.12379447E+01     0.75282012E-02     0.90000000E+01    -0.16520798E+00     0.30534425E+00     0.38627577E+00     0.30235886E-02     131     0.12008118E-01
 0.56999979E+01     0.12499236E+01     0.75577195E-02     0.90000000E+01    -0.16529797E+00     0.30431086E+00     0.38666904E+00     0.30513606E-02     131     0.12008118E-01
 0.57999988E+01     0.12618452E+01     0.75907065E-02     0.90000000E+01    -0.16537660E+00     0.30326140E+00     0.38701949E+00     0.30815979E-02     132     0.13890646E-01
 0.58999996E+01     0.12736812E+01     0.76285056E-02     0.90000000E+01    -0.16543959E+00     0.30212006E+00     0.38730040E+00     0.31142831E-02     132     0.13890646E-01
 0.60000000E+01     0.12851695E+01     0.76893354E-02     0.90000000E+01    -0.16544262E+00     0.29951659E+00     0.38774770E+00     0.31583998E-02     132     0.13890646E-01
 0.60999975E+01     0.12969595E+01     0.77280714E-02     0.90000000E+01    -0.16550334E+00     0.29698455E+00     0.38848537E+00     0.31919982E-02     132     0.13890646E-01
 0.61999984E+01     0.13087112E+01     0.77687646E-02     0.90000000E+01    -0.16555625E+00     0.29476276E+00     0.38912702E+00     0.32279128E-02     132     0.13890646E-01
 0.62999992E+01     0.13204768E+01     0.78079039E-02     0.90000000E+01    -0.16561012E+00     0.29328361E+00     0.38978043E+00     0.32638339E-02     132     0.13890646E-01
 0.64000001E+01     0.13316621E+01     0.78849196E-02     0.90000000E+01    -0.16556105E+00     0.28985068E+00     0.39036658E+00     0.33222088E-02     133     0.15949279E-01
 0.65000010E+01     0.13434532E+01     0.79202149E-02     0.90000000E+01    -0.16561863E+00     0.28806573E+00     0.39093772E+00     0.33549936E-02     133     0.15949279E-01
 0.65999980E+01     0.13548747E+01     0.79789059E-02     0.90000000E+01    -0.16561073E+00     0.28477922E+00     0.39148194E+00     0.34033353E-02     133     0.15949279E-01
 0.66999989E+01     0.13662957E+01     0.80366945E-02     0.90000000E+01    -0.16560122E+00     0.28263137E+00     0.39201719E+00     0.34519383E-02     133     0.15949279E-01
 0.67999997E+01     0.13776885E+01     0.80951378E-02     0.90000000E+01    -0.16558826E+00     0.28035605E+00     0.39291406E+00     0.35021137E-02     133     0.15949279E-01
 0.69000006E+01     0.13892475E+01     0.81420429E-02     0.90000000E+01    -0.16560079E+00     0.27788359E+00     0.39340603E+00     0.35421532E-02     133     0.15949279E-01
 0.69999981E+01     0.14006091E+01     0.82005626E-02     0.90000000E+01    -0.16557822E+00     0.27523887E+00     0.39388865E+00     0.35925508E-02     134     0.18196480E-01
 0.70999990E+01     0.14110190E+01     0.83193881E-02     0.90000000E+01    -0.16538818E+00     0.26947105E+00     0.39437979E+00     0.36777100E-02     134     0.18196480E-01
 0.71999998E+01     0.14212438E+01     0.84485505E-02     0.90000000E+01    -0.16516350E+00     0.26328093E+00     0.39482713E+00     0.37746821E-02     134     0.18196480E-01
 0.73000002E+01     0.14314820E+01     0.85742399E-02     0.90000000E+01    -0.16494033E+00     0.25654906E+00     0.39531183E+00     0.38665975E-02     134     0.18196480E-01
 0.73999977E+01     0.14417716E+01     0.86945659E-02     0.90000000E+01    -0.16472559E+00     0.25123700E+00     0.39576414E+00     0.39553926E-02     134     0.18196480E-01
 0.74999986E+01     0.14517665E+01     0.88315187E-02     0.90000000E+01    -0.16445923E+00     0.24525616E+00     0.39613995E+00     0.40617292E-02     134     0.18196480E-01
 0.75999994E+01     0.14614830E+01     0.89831427E-02     0.90000000E+01    -0.16414101E+00     0.23793195E+00     0.39652422E+00     0.41746022E-02     135     0.20647235E-01
 0.77000003E+01     0.14685911E+01     0.92914971E-02     0.90000000E+01    -0.16336229E+00     0.22266166E+00     0.39684242E+00     0.43922770E-02     135     0.20647235E-01
 0.77999973E+01     0.14762559E+01     0.95599098E-02     0.90000000E+01    -0.16267876E+00     0.21079949E+00     0.39709938E+00     0.45905760E-02     135     0.20647235E-01
 0.78999982E+01     0.14832917E+01     0.98584564E-02     0.90000000E+01    -0.16189057E+00     0.19662601E+00     0.39774737E+00     0.48084729E-02     135     0.20647235E-01
 0.81000004E+01     0.14757041E+01     0.11608590E-01     0.90000000E+01    -0.15646148E+00     0.11409079E+00     0.39861253E+00     0.60818079E-02     135     0.20647235E-01
 0.82000008E+01     0.14831572E+01     0.11829256E-01     0.90000000E+01    -0.15573637E+00     0.10592499E+00     0.39924613E+00     0.62597264E-02     135     0.20647235E-01
 0.82999983E+01     0.14906821E+01     0.12037788E-01     0.90000000E+01    -0.15502438E+00     0.98765910E-01     0.39983732E+00     0.64300983E-02     135     0.20647235E-01
 0.83999987E+01     0.14989665E+01     0.12200873E-01     0.90000000E+01    -0.15444456E+00     0.93670093E-01     0.40040824E+00     0.65712603E-02     136     0.23319028E-01
 0.85000000E+01     0.15071024E+01     0.12364917E-01     0.90000000E+01    -0.15383711E+00     0.88710308E-01     0.40098357E+00     0.67095486E-02     136     0.23319028E-01
 0.86000004E+01     0.15151395E+01     0.12527416E-01     0.90000000E+01    -0.15321274E+00     0.84694870E-01     0.40150490E+00     0.68515507E-02     136     0.23319028E-01
 0.86999979E+01     0.15235686E+01     0.12666855E-01     0.90000000E+01    -0.15265629E+00     0.80940910E-01     0.40202498E+00     0.69730855E-02     136     0.23319028E-01
 0.87999983E+01     0.15317888E+01     0.12811558E-01     0.90000000E+01    -0.15206255E+00     0.77913716E-01     0.40252063E+00     0.71027828E-02     136     0.23319028E-01
 0.88999996E+01     0.15399702E+01     0.12954525E-01     0.90000000E+01    -0.15146156E+00     0.74759454E-01     0.40301156E+00     0.72290162E-02     136     0.23319028E-01
 0.90000000E+01     0.15485228E+01     0.13077288E-01     0.90000000E+01    -0.15092912E+00     0.72416589E-01     0.40389538E+00     0.73436452E-02     136     0.23319028E-01
 0.90999975E+01     0.15564650E+01     0.13220984E-01     0.90000000E+01    -0.15028536E+00     0.70111908E-01     0.40436804E+00     0.74747838E-02     137     0.26232461E-01
 0.91999989E+01     0.15637664E+01     0.13384566E-01     0.90000000E+01    -0.14952353E+00     0.66344000E-01     0.40484783E+00     0.76191775E-02     137     0.26232461E-01
 0.92999992E+01     0.15728002E+01     0.13474061E-01     0.90000000E+01    -0.14907287E+00     0.65950036E-01     0.40529943E+00     0.77090254E-02     137     0.26232461E-01
 0.94000006E+01     0.15795425E+01     0.13649597E-01     0.90000000E+01    -0.14821209E+00     0.63007064E-01     0.40576440E+00     0.78666192E-02     137     0.26232461E-01
 0.94999971E+01     0.15872318E+01     0.13784382E-01     0.90000000E+01    -0.14751911E+00     0.61071314E-01     0.40612561E+00     0.79924427E-02     137     0.26232461E-01
 0.95999985E+01     0.15945077E+01     0.13900652E-01     0.90000000E+01    -0.14673173E+00     0.59778184E-01     0.40652654E+00     0.81042629E-02     137     0.26232461E-01
 0.96999989E+01     0.15982270E+01     0.14015181E-01     0.90000000E+01    -0.14522272E+00     0.58621380E-01     0.40680844E+00     0.82179019E-02     137     0.26232461E-01
 0.98000002E+01     0.16029762E+01     0.14148826E-01     0.90000000E+01    -0.14393765E+00     0.57569113E-01     0.40720850E+00     0.83479928E-02     137     0.26232461E-01
 0.99000006E+01     0.16090183E+01     0.14308678E-01     0.90000000E+01    -0.14293772E+00     0.56303967E-01     0.40789449E+00     0.85037760E-02     138     0.29411485E-01
 0.99999981E+01     0.16154981E+01     0.14465800E-01     0.90000000E+01    -0.14202857E+00     0.54904129E-01     0.40852022E+00     0.86574238E-02     138     0.29411485E-01
 0.10099998E+02     0.16225913E+01     0.14609423E-01     0.90000000E+01    -0.14124146E+00     0.53766586E-01     0.40919280E+00     0.88009518E-02     138     0.29411485E-01
 0.10200000E+02     0.16298137E+01     0.14753914E-01     0.90000000E+01    -0.14048634E+00     0.52854471E-01     0.40979528E+00     0.89454772E-02     138     0.29411485E-01
 0.10300000E+02     0.16366700E+01     0.14911476E-01     0.90000000E+01    -0.13967206E+00     0.51870268E-01     0.41040707E+00     0.91020726E-02     138     0.29411485E-01
 0.10399998E+02     0.16431260E+01     0.15080350E-01     0.90000000E+01    -0.13879412E+00     0.50951689E-01     0.41096529E+00     0.92692506E-02     138     0.29411485E-01
 0.10499999E+02     0.16486281E+01     0.15288654E-01     0.90000000E+01    -0.13775855E+00     0.49121585E-01     0.41147837E+00     0.94694812E-02     138     0.29411485E-01
 0.10599999E+02     0.16561599E+01     0.15424662E-01     0.90000000E+01    -0.13708422E+00     0.48874509E-01     0.41245106E+00     0.96111344E-02     138     0.29411485E-01
 0.10700000E+02     0.16623597E+01     0.15606047E-01     0.90000000E+01    -0.13618143E+00     0.47457878E-01     0.41255799E+00     0.97905723E-02     139     0.32884005E-01
 0.10799997E+02     0.16689355E+01     0.15772855E-01     0.90000000E+01    -0.13534962E+00     0.46790972E-01     0.41345200E+00     0.99603161E-02     139     0.32884005E-01
 0.10899999E+02     0.16754062E+01     0.15948059E-01     0.90000000E+01    -0.13451147E+00     0.46127882E-01     0.41398761E+00     0.10136461E-01     139     0.32884005E-01
 0.10999999E+02     0.16814698E+01     0.16139321E-01     0.90000000E+01    -0.13361149E+00     0.45399327E-01     0.41447341E+00     0.10327103E-01     139     0.32884005E-01
 0.11100000E+02     0.16870928E+01     0.16342217E-01     0.90000000E+01    -0.13264145E+00     0.44699226E-01     0.41492948E+00     0.10529442E-01     139     0.32884005E-01
 0.11200001E+02     0.16929277E+01     0.16542343E-01     0.90000000E+01    -0.13172027E+00     0.43973554E-01     0.41540971E+00     0.10729810E-01     139     0.32884005E-01
 0.11299998E+02     0.16987950E+01     0.16744696E-01     0.90000000E+01    -0.13081333E+00     0.43103527E-01     0.41585964E+00     0.10932489E-01     139     0.32884005E-01
 0.11399999E+02     0.17046314E+01     0.16941931E-01     0.90000000E+01    -0.12990606E+00     0.42534705E-01     0.41623119E+00     0.11133990E-01     139     0.32884005E-01
 0.11500000E+02     0.17104183E+01     0.17146682E-01     0.90000000E+01    -0.12900297E+00     0.41998137E-01     0.41661873E+00     0.11341488E-01     139     0.32884005E-01
 0.11600000E+02     0.17161704E+01     0.17358407E-01     0.90000000E+01    -0.12810510E+00     0.41480221E-01     0.41696402E+00     0.11556149E-01     140     0.36681708E-01
 0.11699998E+02     0.17213868E+01     0.17584292E-01     0.90000000E+01    -0.12713440E+00     0.41020844E-01     0.41749614E+00     0.11784953E-01     140     0.36681708E-01
 0.11799999E+02     0.17253811E+01     0.17866151E-01     0.90000000E+01    -0.12599386E+00     0.40069092E-01     0.41814852E+00     0.12067363E-01     140     0.36681708E-01
 0.11900000E+02     0.17312714E+01     0.18078379E-01     0.90000000E+01    -0.12515542E+00     0.40026769E-01     0.41883880E+00     0.12287832E-01     140     0.36681708E-01
 0.12000000E+02     0.17352735E+01     0.18362198E-01     0.90000000E+01    -0.12404335E+00     0.39429817E-01     0.41944665E+00     0.12575731E-01     140     0.36681708E-01
 0.12099998E+02     0.17390373E+01     0.18664844E-01     0.90000000E+01    -0.12291946E+00     0.38409177E-01     0.42006761E+00     0.12881067E-01     140     0.36681708E-01
 0.12199999E+02     0.17439598E+01     0.18921115E-01     0.90000000E+01    -0.12197737E+00     0.38339760E-01     0.42066550E+00     0.13147275E-01     140     0.36681708E-01
 0.12299999E+02     0.17479022E+01     0.19223832E-01     0.90000000E+01    -0.12091601E+00     0.37522506E-01     0.42122775E+00     0.13457565E-01     140     0.36681708E-01
 0.12400001E+02     0.17519113E+01     0.19526284E-01     0.90000000E+01    -0.11988338E+00     0.37161563E-01     0.42179328E+00     0.13769408E-01     140     0.36681708E-01
 0.12499997E+02     0.17557548E+01     0.19844415E-01     0.90000000E+01    -0.11884997E+00     0.36773555E-01     0.42225435E+00     0.14096949E-01     141     0.40840175E-01
 0.12599998E+02     0.17597635E+01     0.20160465E-01     0.90000000E+01    -0.11786113E+00     0.36711857E-01     0.42279953E+00     0.14424686E-01     141     0.40840175E-01
 0.12699999E+02     0.17620087E+01     0.20563425E-01     0.90000000E+01    -0.11666564E+00     0.36009688E-01     0.42330751E+00     0.14835328E-01     141     0.40840175E-01
 0.12800000E+02     0.17645557E+01     0.20959880E-01     0.90000000E+01    -0.11553865E+00     0.35755817E-01     0.42371812E+00     0.15242913E-01     141     0.40840175E-01
 0.12900001E+02     0.17664434E+01     0.21400843E-01     0.90000000E+01    -0.11437340E+00     0.35359181E-01     0.42463249E+00     0.15695304E-01     141     0.40840175E-01
 0.12999998E+02     0.17679405E+01     0.21875361E-01     0.90000000E+01    -0.11319692E+00     0.35015553E-01     0.42508343E+00     0.16181424E-01     141     0.40840175E-01
 0.13099999E+02     0.17687541E+01     0.22393925E-01     0.90000000E+01    -0.11199181E+00     0.34702409E-01     0.42551416E+00     0.16713437E-01     141     0.40840175E-01
 0.13200000E+02     0.17692916E+01     0.22950577E-01     0.90000000E+01    -0.11081427E+00     0.34377221E-01     0.42593822E+00     0.17285176E-01     141     0.40840175E-01
 0.13300000E+02     0.17693411E+01     0.23554482E-01     0.90000000E+01    -0.10964729E+00     0.34061488E-01     0.42634252E+00     0.17905654E-01     141     0.40840175E-01
 0.13399998E+02     0.17686251E+01     0.24225293E-01     0.90000000E+01    -0.10847452E+00     0.33720747E-01     0.42668694E+00     0.18594990E-01     141     0.40840175E-01
 0.13499999E+02     0.17671703E+01     0.24973480E-01     0.90000000E+01    -0.10732353E+00     0.33364628E-01     0.42699260E+00     0.19364029E-01     141     0.40840175E-01
 0.13599999E+02     0.17652203E+01     0.25784843E-01     0.90000000E+01    -0.10622751E+00     0.33182506E-01     0.42718911E+00     0.20201210E-01     141     0.40840175E-01
 0.13700001E+02     0.17624340E+01     0.26698016E-01     0.90000000E+01    -0.10517121E+00     0.33045247E-01     0.42745706E+00     0.21140890E-01     141     0.40840175E-01
 0.13799997E+02     0.17576896E+01     0.27796468E-01     0.90000000E+01    -0.10412510E+00     0.32829531E-01     0.42791757E+00     0.22270789E-01     141     0.40840175E-01
 0.13899999E+02     0.17513566E+01     0.29084519E-01     0.90000000E+01    -0.10315152E+00     0.32717187E-01     0.42840099E+00     0.23597606E-01     141     0.40840175E-01
 0.13999999E+02     0.17424815E+01     0.30667717E-01     0.90000000E+01    -0.10227653E+00     0.32639634E-01     0.42883852E+00     0.25227416E-01     142     0.45398347E-01
 0.14100000E+02     0.17301685E+01     0.32674797E-01     0.90000000E+01    -0.10156251E+00     0.32508839E-01     0.42907694E+00     0.27289754E-01     142     0.45398347E-01
 0.14199998E+02     0.17113390E+01     0.35489038E-01     0.90000000E+01    -0.10112980E+00     0.32358039E-01     0.42914993E+00     0.30177526E-01     141     0.40840175E-01
 0.14299998E+02     0.16897615E+01     0.38860951E-01     0.90000000E+01    -0.10117923E+00     0.32666635E-01     0.42917192E+00     0.33637997E-01     141     0.40840175E-01
 0.14400000E+02     0.16571817E+01     0.43689851E-01     0.90000000E+01    -0.10177025E+00     0.32889847E-01     0.42887315E+00     0.38583901E-01     141     0.40840175E-01
 0.14500000E+02     0.16053573E+01     0.50822567E-01     0.90000000E+01    -0.10291066E+00     0.33369519E-01     0.42798010E+00     0.45876347E-01     141     0.40840175E-01
 0.14600000E+02     0.15491056E+01     0.58125839E-01     0.90000000E+01    -0.10379726E+00     0.34212731E-01     0.42730129E+00     0.53343199E-01     141     0.40840175E-01
 0.14699998E+02     0.15021251E+01     0.64019941E-01     0.90000000E+01    -0.10425248E+00     0.35230812E-01     0.42689720E+00     0.59372149E-01     141     0.40840175E-01
 0.14799999E+02     0.14493176E+01     0.70344403E-01     0.90000000E+01    -0.10485221E+00     0.35655305E-01     0.42628476E+00     0.65828964E-01     140     0.36681708E-01
 0.14900000E+02     0.14208879E+01     0.74294850E-01     0.90000000E+01    -0.10540641E+00     0.35877205E-01     0.42612424E+00     0.69855675E-01     140     0.36681708E-01
 0.15000001E+02     0.13982983E+01     0.77829018E-01     0.90000000E+01    -0.10616328E+00     0.35950378E-01     0.42617851E+00     0.73453821E-01     140     0.36681708E-01
 0.15099998E+02     0.13812777E+01     0.80950841E-01     0.90000000E+01    -0.10700337E+00     0.36117613E-01     0.42599487E+00     0.76630913E-01     140     0.36681708E-01
 0.15199999E+02     0.13687576E+01     0.83594844E-01     0.90000000E+01    -0.10779937E+00     0.36095724E-01     0.42625040E+00     0.79318009E-01     140     0.36681708E-01
 0.15299999E+02     0.13615292E+01     0.85605651E-01     0.90000000E+01    -0.10838821E+00     0.35822634E-01     0.42634845E+00     0.81355475E-01     140     0.36681708E-01
 0.15400001E+02     0.13523011E+01     0.88013850E-01     0.90000000E+01    -0.10921682E+00     0.35751801E-01     0.42648500E+00     0.83800189E-01     140     0.36681708E-01
 0.15499998E+02     0.13471043E+01     0.89837819E-01     0.90000000E+01    -0.10982919E+00     0.35482507E-01     0.42675057E+00     0.85645840E-01     140     0.36681708E-01
 0.15599998E+02     0.13447770E+01     0.91303110E-01     0.90000000E+01    -0.11029047E+00     0.35139613E-01     0.42673624E+00     0.87125540E-01     140     0.36681708E-01
 0.15699999E+02     0.13368424E+01     0.93698047E-01     0.90000000E+01    -0.11129408E+00     0.35238232E-01     0.42717019E+00     0.89557931E-01     140     0.36681708E-01
 0.15899998E+02     0.13316191E+01     0.96876979E-01     0.90000000E+01    -0.11250524E+00     0.34530211E-01     0.42761850E+00     0.92766970E-01     140     0.36681708E-01
 0.15999998E+02     0.13285342E+01     0.98646879E-01     0.90000000E+01    -0.11328720E+00     0.34718614E-01     0.42802295E+00     0.94566047E-01     140     0.36681708E-01
 0.16099998E+02     0.13273042E+01     0.10004985E+00     0.90000000E+01    -0.11384759E+00     0.34009259E-01     0.42870766E+00     0.95980078E-01     140     0.36681708E-01
 0.16200001E+02     0.13271996E+01     0.10128104E+00     0.90000000E+01    -0.11432139E+00     0.33413641E-01     0.42907453E+00     0.97221240E-01     140     0.36681708E-01
 0.16300001E+02     0.13223901E+01     0.10339962E+00     0.90000000E+01    -0.11538344E+00     0.33513647E-01     0.42935780E+00     0.99371821E-01     140     0.36681708E-01
 0.16399998E+02     0.13228264E+01     0.10461277E+00     0.90000000E+01    -0.11587849E+00     0.33346400E-01     0.43002692E+00     0.10059876E+00     140     0.36681708E-01
 0.16499998E+02     0.13243080E+01     0.10569162E+00     0.90000000E+01    -0.11633459E+00     0.33056796E-01     0.43052110E+00     0.10169211E+00     141     0.40840175E-01
 0.16600000E+02     0.13247286E+01     0.10689185E+00     0.90000000E+01    -0.11686454E+00     0.32510031E-01     0.43091062E+00     0.10290345E+00     141     0.40840175E-01
 0.16700001E+02     0.13215687E+01     0.10883721E+00     0.90000000E+01    -0.11790971E+00     0.32605466E-01     0.43124509E+00     0.10487800E+00     141     0.40840175E-01
 0.16799997E+02     0.13225119E+01     0.10998947E+00     0.90000000E+01    -0.11842816E+00     0.32274257E-01     0.43166107E+00     0.10604089E+00     141     0.40840175E-01
 0.16900000E+02     0.13245206E+01     0.11098654E+00     0.90000000E+01    -0.11887287E+00     0.32175425E-01     0.43230453E+00     0.10704971E+00     141     0.40840175E-01
 0.17000000E+02     0.13258569E+01     0.11207657E+00     0.90000000E+01    -0.11939787E+00     0.31705957E-01     0.43295130E+00     0.10814878E+00     141     0.40840175E-01
 0.17100000E+02     0.13216361E+01     0.11415637E+00     0.90000000E+01    -0.12057944E+00     0.31315912E-01     0.43288726E+00     0.11025098E+00     141     0.40840175E-01
