  
       RFOIL         Version 3.00
  
 Calculated polar for: OSO_2025_WT2_T27                
  
 1  Reynolds number fixed
  
 xtrf =      0.05000000 (suction)     0.05000000 (pressure)
 Rot. Parameters:  f0 =      1.00000000 c/r =      0.00000000
 Mach =      0.00000000     Re =     20.00000000 e 6     Ncrit =      3.00000000
  
             alpha                CL                CD            Re(CL)                CM             S_xtr             P_xtr               CDp            I_stag            X_stag
  ------- -------- --------- --------- -------- ------- ------- -------- 
-0.24000000E+02    -0.10086545E+01     0.14425354E+00     0.20000000E+02    -0.14711179E-01     0.50089967E+00     0.23884948E-01     0.14087427E+00      88     0.75073726E-01
-0.23900000E+02    -0.10030905E+01     0.14367495E+00     0.20000000E+02    -0.15346197E-01     0.49808988E+00     0.23334157E-01     0.14027931E+00      89     0.67752108E-01
-0.23800001E+02    -0.99861115E+00     0.14310779E+00     0.20000000E+02    -0.16028142E-01     0.49699336E+00     0.23394933E-01     0.13970672E+00      89     0.67752108E-01
-0.23700001E+02    -0.99381649E+00     0.14244431E+00     0.20000000E+02    -0.16788945E-01     0.48609725E+00     0.23367243E-01     0.13901407E+00      89     0.67752108E-01
-0.23600000E+02    -0.99159384E+00     0.14166325E+00     0.20000000E+02    -0.17562823E-01     0.49486738E+00     0.24314884E-01     0.13825618E+00      89     0.67752108E-01
-0.23500000E+02    -0.98634154E+00     0.14089899E+00     0.20000000E+02    -0.18334277E-01     0.49168360E+00     0.23652252E-01     0.13747220E+00      89     0.67752108E-01
-0.23400002E+02    -0.98482329E+00     0.13940102E+00     0.20000000E+02    -0.19617243E-01     0.49285954E+00     0.23021037E-01     0.13595337E+00      89     0.67752108E-01
-0.23300001E+02    -0.98313016E+00     0.13860013E+00     0.20000000E+02    -0.20383041E-01     0.48270819E+00     0.24311127E-01     0.13513905E+00      89     0.67752108E-01
-0.23200001E+02    -0.97799557E+00     0.13804953E+00     0.20000000E+02    -0.21005535E-01     0.48986670E+00     0.24208635E-01     0.13459729E+00      89     0.67752108E-01
-0.23100000E+02    -0.97313607E+00     0.13744383E+00     0.20000000E+02    -0.21641381E-01     0.48651153E+00     0.24104264E-01     0.13397811E+00      89     0.67752108E-01
-0.23000002E+02    -0.96824849E+00     0.13683201E+00     0.20000000E+02    -0.22307191E-01     0.47956431E+00     0.23997085E-01     0.13334799E+00      89     0.67752108E-01
-0.22900002E+02    -0.96453053E+00     0.13614389E+00     0.20000000E+02    -0.23014082E-01     0.47961053E+00     0.24499562E-01     0.13266081E+00      89     0.67752108E-01
-0.22800001E+02    -0.96109998E+00     0.13548887E+00     0.20000000E+02    -0.23706701E-01     0.48335943E+00     0.24822386E-01     0.13201419E+00      89     0.67752108E-01
-0.22700001E+02    -0.95782024E+00     0.13463542E+00     0.20000000E+02    -0.24480440E-01     0.48343119E+00     0.25177008E-01     0.13115904E+00      89     0.67752108E-01
-0.22600002E+02    -0.95816153E+00     0.13297783E+00     0.20000000E+02    -0.25772125E-01     0.46946904E+00     0.25294662E-01     0.12945449E+00      89     0.67752108E-01
-0.22500000E+02    -0.95357466E+00     0.13235901E+00     0.20000000E+02    -0.26422696E-01     0.47540998E+00     0.25330532E-01     0.12884428E+00      90     0.60823578E-01
-0.22400002E+02    -0.94870543E+00     0.13174623E+00     0.20000000E+02    -0.27057022E-01     0.46799996E+00     0.25381839E-01     0.12821145E+00      90     0.60823578E-01
-0.22300001E+02    -0.94548434E+00     0.13107364E+00     0.20000000E+02    -0.27679946E-01     0.47260872E+00     0.26212055E-01     0.12755182E+00      90     0.60823578E-01
-0.22200001E+02    -0.94064331E+00     0.13046135E+00     0.20000000E+02    -0.28268598E-01     0.46628895E+00     0.26190570E-01     0.12692128E+00      90     0.60823578E-01
-0.22100000E+02    -0.93556023E+00     0.12985609E+00     0.20000000E+02    -0.28953239E-01     0.47134942E+00     0.26301654E-01     0.12632442E+00      90     0.60823578E-01
-0.22000000E+02    -0.93050027E+00     0.12927833E+00     0.20000000E+02    -0.29488798E-01     0.46945661E+00     0.26058149E-01     0.12573683E+00      90     0.60823578E-01
-0.21900002E+02    -0.92631614E+00     0.12858617E+00     0.20000000E+02    -0.30173374E-01     0.46321416E+00     0.26509134E-01     0.12502937E+00      90     0.60823578E-01
-0.21800001E+02    -0.92187631E+00     0.12790258E+00     0.20000000E+02    -0.30766549E-01     0.46203476E+00     0.26278816E-01     0.12433664E+00      90     0.60823578E-01
-0.21700001E+02    -0.92188716E+00     0.12631729E+00     0.20000000E+02    -0.31952195E-01     0.46737441E+00     0.26410161E-01     0.12274715E+00      90     0.60823578E-01
-0.21600000E+02    -0.91692269E+00     0.12570833E+00     0.20000000E+02    -0.32541074E-01     0.46566665E+00     0.26392851E-01     0.12213014E+00      90     0.60823578E-01
-0.21500002E+02    -0.91194063E+00     0.12510347E+00     0.20000000E+02    -0.33124182E-01     0.45428979E+00     0.26391171E-01     0.12149546E+00      90     0.60823578E-01
-0.21400000E+02    -0.90883267E+00     0.12439793E+00     0.20000000E+02    -0.33715516E-01     0.45301038E+00     0.27378997E-01     0.12079149E+00      90     0.60823578E-01
-0.21300001E+02    -0.90259355E+00     0.12388432E+00     0.20000000E+02    -0.34229867E-01     0.45784906E+00     0.26775934E-01     0.12027960E+00      91     0.54339148E-01
-0.21200001E+02    -0.89774585E+00     0.12329464E+00     0.20000000E+02    -0.34800150E-01     0.45650190E+00     0.26910236E-01     0.11968447E+00      91     0.54339148E-01
-0.21100002E+02    -0.89487338E+00     0.12254358E+00     0.20000000E+02    -0.35412982E-01     0.45552829E+00     0.27745603E-01     0.11893772E+00      91     0.54339148E-01
-0.21000000E+02    -0.88818222E+00     0.12207871E+00     0.20000000E+02    -0.35897568E-01     0.45449147E+00     0.27033638E-01     0.11845772E+00      91     0.54339148E-01
-0.20800001E+02    -0.88538021E+00     0.11972547E+00     0.20000000E+02    -0.37644681E-01     0.45368081E+00     0.27878292E-01     0.11609057E+00      91     0.54339148E-01
-0.20700003E+02    -0.88026059E+00     0.11909106E+00     0.20000000E+02    -0.38222101E-01     0.45243356E+00     0.27665023E-01     0.11544666E+00      91     0.54339148E-01
-0.20600000E+02    -0.87630045E+00     0.11844531E+00     0.20000000E+02    -0.38736593E-01     0.45124778E+00     0.28122332E-01     0.11479966E+00      91     0.54339148E-01
-0.20500000E+02    -0.87143785E+00     0.11781565E+00     0.20000000E+02    -0.39301261E-01     0.44582927E+00     0.28309669E-01     0.11415626E+00      91     0.54339148E-01
-0.20400002E+02    -0.86644042E+00     0.11723424E+00     0.20000000E+02    -0.39806262E-01     0.44472051E+00     0.28386457E-01     0.11356973E+00      91     0.54339148E-01
-0.20300001E+02    -0.86005604E+00     0.11671273E+00     0.20000000E+02    -0.40291369E-01     0.44404644E+00     0.27839091E-01     0.11303718E+00      91     0.54339148E-01
-0.20200001E+02    -0.85673386E+00     0.11603617E+00     0.20000000E+02    -0.40842913E-01     0.44780418E+00     0.28715126E-01     0.11237366E+00      91     0.54339148E-01
-0.20100000E+02    -0.85009146E+00     0.11540955E+00     0.20000000E+02    -0.41509956E-01     0.50000001E-01     0.28692231E-01     0.11119668E+00      92     0.48335075E-01
-0.20000002E+02    -0.84647006E+00     0.11472619E+00     0.20000000E+02    -0.42076267E-01     0.50000001E-01     0.29564125E-01     0.11051279E+00      92     0.48335075E-01
-0.19900000E+02    -0.84128970E+00     0.11406344E+00     0.20000000E+02    -0.42600784E-01     0.50000001E-01     0.29088942E-01     0.10983789E+00      92     0.48335075E-01
-0.19700001E+02    -0.79104245E+00     0.11849449E+00     0.20000000E+02    -0.46865169E-01     0.50000001E-01     0.29406678E-01     0.11433949E+00      92     0.48335075E-01
-0.19500000E+02    -0.82596409E+00     0.11080401E+00     0.20000000E+02    -0.45036964E-01     0.50000001E-01     0.29552344E-01     0.10654411E+00      92     0.48335075E-01
-0.19400002E+02    -0.82070047E+00     0.11023001E+00     0.20000000E+02    -0.45507196E-01     0.50000001E-01     0.29553168E-01     0.10596369E+00      92     0.48335075E-01
-0.19300001E+02    -0.81562203E+00     0.10964021E+00     0.20000000E+02    -0.45989767E-01     0.50000001E-01     0.29769201E-01     0.10536850E+00      92     0.48335075E-01
-0.19200001E+02    -0.81163168E+00     0.10897690E+00     0.20000000E+02    -0.46489712E-01     0.50000001E-01     0.30541625E-01     0.10470532E+00      92     0.48335075E-01
-0.19100000E+02    -0.80643785E+00     0.10838342E+00     0.20000000E+02    -0.46954967E-01     0.50000001E-01     0.30522907E-01     0.10410431E+00      92     0.48335075E-01
-0.19000002E+02    -0.80207926E+00     0.10770861E+00     0.20000000E+02    -0.47482777E-01     0.50000001E-01     0.30822830E-01     0.10342519E+00      92     0.48335075E-01
-0.18900002E+02    -0.79818606E+00     0.10685016E+00     0.20000000E+02    -0.48054993E-01     0.50000001E-01     0.30715469E-01     0.10255487E+00      93     0.42829528E-01
-0.18800001E+02    -0.79600650E+00     0.10564843E+00     0.20000000E+02    -0.48874553E-01     0.50000001E-01     0.30430082E-01     0.10133503E+00      93     0.42829528E-01
-0.18700001E+02    -0.79065096E+00     0.10506642E+00     0.20000000E+02    -0.49308781E-01     0.50000001E-01     0.30323453E-01     0.10074575E+00      93     0.42829528E-01
-0.18600000E+02    -0.78727525E+00     0.10438216E+00     0.20000000E+02    -0.49787454E-01     0.50000001E-01     0.31280097E-01     0.10006531E+00      93     0.42829528E-01
-0.18500002E+02    -0.78222448E+00     0.10380113E+00     0.20000000E+02    -0.50203975E-01     0.50000001E-01     0.31407095E-01     0.99479243E-01      93     0.42829528E-01
-0.18400000E+02    -0.77713305E+00     0.10322277E+00     0.20000000E+02    -0.50639119E-01     0.50000001E-01     0.31566240E-01     0.98895639E-01      93     0.42829528E-01
-0.18300001E+02    -0.77206600E+00     0.10264076E+00     0.20000000E+02    -0.51076524E-01     0.50000001E-01     0.31772144E-01     0.98308921E-01      93     0.42829528E-01
-0.18200001E+02    -0.76690745E+00     0.10204167E+00     0.20000000E+02    -0.51514056E-01     0.50000001E-01     0.31843346E-01     0.97703703E-01      93     0.42829528E-01
-0.18000000E+02    -0.75716478E+00     0.10074744E+00     0.20000000E+02    -0.52438553E-01     0.50000001E-01     0.32068685E-01     0.96396536E-01      93     0.42829528E-01
-0.17900000E+02    -0.75702524E+00     0.99298745E-01     0.20000000E+02    -0.53280428E-01     0.50000001E-01     0.32216642E-01     0.94931945E-01      93     0.42829528E-01
-0.17800001E+02    -0.75226742E+00     0.98666027E-01     0.20000000E+02    -0.53710178E-01     0.50000001E-01     0.32601930E-01     0.94294824E-01      94     0.37822437E-01
-0.17700001E+02    -0.74685585E+00     0.98082580E-01     0.20000000E+02    -0.54099116E-01     0.50000001E-01     0.32523047E-01     0.93704373E-01      94     0.37822437E-01
-0.17600000E+02    -0.74225223E+00     0.97487710E-01     0.20000000E+02    -0.54528497E-01     0.50000001E-01     0.33300139E-01     0.93108781E-01      94     0.37822437E-01
-0.17500000E+02    -0.73633701E+00     0.96959338E-01     0.20000000E+02    -0.54902211E-01     0.50000001E-01     0.32866228E-01     0.92570826E-01      94     0.37822437E-01
-0.17400002E+02    -0.73168039E+00     0.96358031E-01     0.20000000E+02    -0.55311069E-01     0.50000001E-01     0.33672579E-01     0.91968626E-01      94     0.37822437E-01
-0.17300001E+02    -0.72552466E+00     0.95828526E-01     0.20000000E+02    -0.55696908E-01     0.50000001E-01     0.33041198E-01     0.91428600E-01      94     0.37822437E-01
-0.17200001E+02    -0.72151357E+00     0.95173977E-01     0.20000000E+02    -0.56115828E-01     0.50000001E-01     0.34104254E-01     0.90775184E-01      94     0.37822437E-01
-0.17100000E+02    -0.71632963E+00     0.94562538E-01     0.20000000E+02    -0.56513820E-01     0.50000001E-01     0.34067441E-01     0.90156436E-01      94     0.37822437E-01
-0.17000002E+02    -0.71267974E+00     0.93757883E-01     0.20000000E+02    -0.56994244E-01     0.50000001E-01     0.34390591E-01     0.89345947E-01      94     0.37822437E-01
-0.16900000E+02    -0.71186715E+00     0.92439607E-01     0.20000000E+02    -0.57719376E-01     0.50000001E-01     0.34540996E-01     0.88014036E-01      94     0.37822437E-01
-0.16800001E+02    -0.70662618E+00     0.91841564E-01     0.20000000E+02    -0.58109622E-01     0.50000001E-01     0.34661282E-01     0.87410875E-01      94     0.37822437E-01
-0.16700001E+02    -0.70139897E+00     0.91263518E-01     0.20000000E+02    -0.58487996E-01     0.50000001E-01     0.34800224E-01     0.86827405E-01      95     0.33297669E-01
-0.16600000E+02    -0.69644380E+00     0.90678684E-01     0.20000000E+02    -0.58841925E-01     0.50000001E-01     0.35070091E-01     0.86239338E-01      95     0.33297669E-01
-0.16500000E+02    -0.69089335E+00     0.90133794E-01     0.20000000E+02    -0.59203416E-01     0.50000001E-01     0.35140779E-01     0.85688464E-01      95     0.33297669E-01
-0.16400002E+02    -0.68576592E+00     0.89548796E-01     0.20000000E+02    -0.59575308E-01     0.50000001E-01     0.35415273E-01     0.85099697E-01      95     0.33297669E-01
-0.16300001E+02    -0.68061483E+00     0.88970318E-01     0.20000000E+02    -0.59933767E-01     0.50000001E-01     0.35626527E-01     0.84516741E-01      95     0.33297669E-01
-0.16200001E+02    -0.67527103E+00     0.88362858E-01     0.20000000E+02    -0.60303330E-01     0.50000001E-01     0.35671219E-01     0.83902925E-01      95     0.33297669E-01
-0.16100000E+02    -0.67050517E+00     0.87724313E-01     0.20000000E+02    -0.60694136E-01     0.50000001E-01     0.35840280E-01     0.83258152E-01      95     0.33297669E-01
-0.16000002E+02    -0.67042208E+00     0.86279854E-01     0.20000000E+02    -0.61418563E-01     0.50000001E-01     0.36046702E-01     0.81798345E-01      95     0.33297669E-01
-0.15900001E+02    -0.66512138E+00     0.85710384E-01     0.20000000E+02    -0.61781328E-01     0.50000001E-01     0.36109623E-01     0.81222706E-01      95     0.33297669E-01
-0.15800000E+02    -0.66061521E+00     0.85089788E-01     0.20000000E+02    -0.62130343E-01     0.50000001E-01     0.37129123E-01     0.80602638E-01      95     0.33297669E-01
-0.15700001E+02    -0.65439868E+00     0.84585913E-01     0.20000000E+02    -0.62456977E-01     0.50000001E-01     0.36470696E-01     0.80087900E-01      96     0.29227415E-01
-0.15600002E+02    -0.64967299E+00     0.83982281E-01     0.20000000E+02    -0.62801927E-01     0.50000001E-01     0.37441202E-01     0.79484425E-01      96     0.29227415E-01
-0.15500001E+02    -0.64439678E+00     0.83415434E-01     0.20000000E+02    -0.63132845E-01     0.50000001E-01     0.37738334E-01     0.78913108E-01      96     0.29227415E-01
-0.15400001E+02    -0.63900036E+00     0.82856633E-01     0.20000000E+02    -0.63458480E-01     0.50000001E-01     0.37879042E-01     0.78349449E-01      96     0.29227415E-01
-0.15300001E+02    -0.63387382E+00     0.82266383E-01     0.20000000E+02    -0.63789092E-01     0.50000001E-01     0.38103577E-01     0.77754572E-01      96     0.29227415E-01
-0.15200001E+02    -0.62916505E+00     0.81614695E-01     0.20000000E+02    -0.64145938E-01     0.50000001E-01     0.38369957E-01     0.77098384E-01      96     0.29227415E-01
-0.15100001E+02    -0.62311572E+00     0.81020929E-01     0.20000000E+02    -0.64514168E-01     0.50000001E-01     0.37555214E-01     0.76490112E-01      96     0.29227415E-01
-0.15000001E+02    -0.62408137E+00     0.79581574E-01     0.20000000E+02    -0.65160722E-01     0.50000001E-01     0.38653046E-01     0.75044610E-01      96     0.29227415E-01
-0.14900000E+02    -0.61869049E+00     0.79038069E-01     0.20000000E+02    -0.65476231E-01     0.50000001E-01     0.38751662E-01     0.74495882E-01      96     0.29227415E-01
-0.14800000E+02    -0.61347985E+00     0.78468077E-01     0.20000000E+02    -0.65783247E-01     0.50000001E-01     0.39010324E-01     0.73921911E-01      96     0.29227415E-01
-0.14700002E+02    -0.60812932E+00     0.77915326E-01     0.20000000E+02    -0.66082925E-01     0.50000001E-01     0.39219566E-01     0.73365040E-01      96     0.29227415E-01
-0.14600000E+02    -0.60271937E+00     0.77362396E-01     0.20000000E+02    -0.66385783E-01     0.50000001E-01     0.39412055E-01     0.72807364E-01      97     0.25576653E-01
-0.14500000E+02    -0.59732598E+00     0.76800793E-01     0.20000000E+02    -0.66692479E-01     0.50000001E-01     0.39620601E-01     0.72241135E-01      97     0.25576653E-01
-0.14400001E+02    -0.59209293E+00     0.76226860E-01     0.20000000E+02    -0.66992275E-01     0.50000001E-01     0.39854892E-01     0.71662620E-01      97     0.25576653E-01
-0.14300001E+02    -0.58695972E+00     0.75631104E-01     0.20000000E+02    -0.67316182E-01     0.50000001E-01     0.39977107E-01     0.71060792E-01      97     0.25576653E-01
-0.14200001E+02    -0.58304077E+00     0.74842326E-01     0.20000000E+02    -0.67710236E-01     0.50000001E-01     0.40164895E-01     0.70264049E-01      97     0.25576653E-01
-0.14100001E+02    -0.58190799E+00     0.73601536E-01     0.20000000E+02    -0.68259150E-01     0.50000001E-01     0.40338881E-01     0.69010057E-01      97     0.25576653E-01
-0.14000001E+02    -0.57654917E+00     0.73078148E-01     0.20000000E+02    -0.68546318E-01     0.50000001E-01     0.40578481E-01     0.68481967E-01      97     0.25576653E-01
-0.13900002E+02    -0.57100308E+00     0.72523646E-01     0.20000000E+02    -0.68828814E-01     0.50000001E-01     0.40716723E-01     0.67922242E-01      97     0.25576653E-01
-0.13800001E+02    -0.56552517E+00     0.71992971E-01     0.20000000E+02    -0.69103926E-01     0.50000001E-01     0.41004859E-01     0.67387819E-01      97     0.25576653E-01
-0.13700001E+02    -0.56100047E+00     0.71387902E-01     0.20000000E+02    -0.69384009E-01     0.50000001E-01     0.42195968E-01     0.66782907E-01      98     0.22307370E-01
-0.13600001E+02    -0.55437005E+00     0.70910394E-01     0.20000000E+02    -0.69655821E-01     0.50000001E-01     0.41385505E-01     0.66294737E-01      98     0.22307370E-01
-0.13500001E+02    -0.55057389E+00     0.70229158E-01     0.20000000E+02    -0.69947354E-01     0.50000001E-01     0.42695068E-01     0.65615803E-01      98     0.22307370E-01
-0.13400001E+02    -0.54564643E+00     0.69614917E-01     0.20000000E+02    -0.70252061E-01     0.50000001E-01     0.42805318E-01     0.64995147E-01      98     0.22307370E-01
-0.13300000E+02    -0.54595703E+00     0.68236180E-01     0.20000000E+02    -0.70831873E-01     0.50000001E-01     0.42993087E-01     0.63601531E-01      98     0.22307370E-01
-0.13200001E+02    -0.54064775E+00     0.67667380E-01     0.20000000E+02    -0.71101725E-01     0.50000001E-01     0.43165714E-01     0.63027918E-01      98     0.22307370E-01
-0.13100000E+02    -0.53544354E+00     0.67107491E-01     0.20000000E+02    -0.71365930E-01     0.50000001E-01     0.43478645E-01     0.62464539E-01      98     0.22307370E-01
-0.13000001E+02    -0.52995574E+00     0.66591464E-01     0.20000000E+02    -0.71623720E-01     0.50000001E-01     0.43663617E-01     0.61944082E-01      98     0.22307370E-01
-0.12900001E+02    -0.52446353E+00     0.66057660E-01     0.20000000E+02    -0.71877249E-01     0.50000001E-01     0.43866288E-01     0.61405800E-01      98     0.22307370E-01
-0.12800001E+02    -0.51913387E+00     0.65510564E-01     0.20000000E+02    -0.72130062E-01     0.50000001E-01     0.44158541E-01     0.60854468E-01      99     0.19381767E-01
-0.12700001E+02    -0.51382327E+00     0.64940654E-01     0.20000000E+02    -0.72387278E-01     0.50000001E-01     0.44421654E-01     0.60279977E-01      99     0.19381767E-01
-0.12600001E+02    -0.50881577E+00     0.64345002E-01     0.20000000E+02    -0.72663695E-01     0.50000001E-01     0.44671647E-01     0.59678964E-01      99     0.19381767E-01
-0.12500001E+02    -0.50897324E+00     0.63429914E-01     0.20000000E+02    -0.73210441E-01     0.50000001E-01     0.44766635E-01     0.58747627E-01      99     0.19381767E-01
-0.12400002E+02    -0.50388193E+00     0.63071370E-01     0.20000000E+02    -0.73473841E-01     0.50000001E-01     0.45000605E-01     0.58383860E-01      99     0.19381767E-01
-0.12300001E+02    -0.49842623E+00     0.62725604E-01     0.20000000E+02    -0.73711485E-01     0.50000001E-01     0.45205753E-01     0.58033179E-01      99     0.19381767E-01
-0.12200001E+02    -0.49288866E+00     0.62369578E-01     0.20000000E+02    -0.73951103E-01     0.50000001E-01     0.45505647E-01     0.57673700E-01      99     0.19381767E-01
-0.12100001E+02    -0.48723465E+00     0.62007610E-01     0.20000000E+02    -0.74185535E-01     0.50000001E-01     0.45749635E-01     0.57306807E-01      99     0.19381767E-01
-0.12000000E+02    -0.48168257E+00     0.61634317E-01     0.20000000E+02    -0.74419774E-01     0.50000001E-01     0.46071857E-01     0.56928951E-01      99     0.19381767E-01
-0.11900001E+02    -0.47799683E+00     0.61161354E-01     0.20000000E+02    -0.74664131E-01     0.50000001E-01     0.47545586E-01     0.56458641E-01     100     0.16763927E-01
-0.11800000E+02    -0.47343361E+00     0.60672678E-01     0.20000000E+02    -0.74933067E-01     0.50000001E-01     0.47847301E-01     0.55965103E-01     100     0.16763927E-01
-0.11700001E+02    -0.47403815E+00     0.59695356E-01     0.20000000E+02    -0.75448044E-01     0.50000001E-01     0.48077047E-01     0.54972928E-01     100     0.16763927E-01
-0.11600000E+02    -0.46877122E+00     0.59265301E-01     0.20000000E+02    -0.75675473E-01     0.50000001E-01     0.48324846E-01     0.54538496E-01     100     0.16763927E-01
-0.11500001E+02    -0.46338779E+00     0.58852050E-01     0.20000000E+02    -0.75899072E-01     0.50000001E-01     0.48606135E-01     0.54121241E-01     100     0.16763927E-01
-0.11400001E+02    -0.45784438E+00     0.58449320E-01     0.20000000E+02    -0.76118134E-01     0.50000001E-01     0.48823796E-01     0.53714104E-01     100     0.16763927E-01
-0.11300001E+02    -0.45239666E+00     0.58033243E-01     0.20000000E+02    -0.76337151E-01     0.50000001E-01     0.49134735E-01     0.53294040E-01     100     0.16763927E-01
-0.11200001E+02    -0.44708684E+00     0.57594527E-01     0.20000000E+02    -0.76558240E-01     0.50000001E-01     0.49471159E-01     0.52851118E-01     100     0.16763927E-01
-0.11100001E+02    -0.44193047E+00     0.57146709E-01     0.20000000E+02    -0.76790266E-01     0.50000001E-01     0.49719937E-01     0.52398220E-01     100     0.16763927E-01
-0.11000001E+02    -0.43843904E+00     0.56517743E-01     0.20000000E+02    -0.77094533E-01     0.50000001E-01     0.49972665E-01     0.51760904E-01     101     0.14421528E-01
-0.10900001E+02    -0.43735558E+00     0.55645723E-01     0.20000000E+02    -0.77506706E-01     0.50000001E-01     0.50000001E-01     0.50875172E-01     101     0.14421528E-01
-0.10800001E+02    -0.43157777E+00     0.55217180E-01     0.20000000E+02    -0.77715307E-01     0.50000001E-01     0.50000001E-01     0.50440773E-01     101     0.14421528E-01
-0.10700001E+02    -0.42574394E+00     0.54809690E-01     0.20000000E+02    -0.77916831E-01     0.50000001E-01     0.50000001E-01     0.50027616E-01     101     0.14421528E-01
-0.10600001E+02    -0.41989213E+00     0.54400899E-01     0.20000000E+02    -0.78117482E-01     0.50000001E-01     0.50000001E-01     0.49613267E-01     101     0.14421528E-01
-0.10500001E+02    -0.41410625E+00     0.53983711E-01     0.20000000E+02    -0.78319356E-01     0.50000001E-01     0.50000001E-01     0.49190450E-01     101     0.14421528E-01
-0.10400002E+02    -0.40847397E+00     0.53541500E-01     0.20000000E+02    -0.78527316E-01     0.50000001E-01     0.50000001E-01     0.48742257E-01     101     0.14421528E-01
-0.10300000E+02    -0.40337747E+00     0.53062234E-01     0.20000000E+02    -0.78752108E-01     0.50000001E-01     0.50000001E-01     0.48255976E-01     102     0.12325595E-01
-0.10200001E+02    -0.40401077E+00     0.51979233E-01     0.20000000E+02    -0.79201169E-01     0.50000001E-01     0.50000001E-01     0.47156461E-01     102     0.12325595E-01
-0.10100000E+02    -0.39832595E+00     0.51552054E-01     0.20000000E+02    -0.79395212E-01     0.50000001E-01     0.50000001E-01     0.46723593E-01     102     0.12325595E-01
-0.10000001E+02    -0.39255622E+00     0.51132336E-01     0.20000000E+02    -0.79582058E-01     0.50000001E-01     0.50000001E-01     0.46298411E-01     102     0.12325595E-01
-0.99000006E+01    -0.38676634E+00     0.50714165E-01     0.20000000E+02    -0.79766139E-01     0.50000001E-01     0.50000001E-01     0.45874830E-01     102     0.12325595E-01
-0.98000011E+01    -0.38101888E+00     0.50297402E-01     0.20000000E+02    -0.79948395E-01     0.50000001E-01     0.50000001E-01     0.45452621E-01     102     0.12325595E-01
-0.97000008E+01    -0.37542915E+00     0.49852997E-01     0.20000000E+02    -0.80139816E-01     0.50000001E-01     0.50000001E-01     0.45002464E-01     102     0.12325595E-01
-0.96000013E+01    -0.37040067E+00     0.49343176E-01     0.20000000E+02    -0.80348194E-01     0.50000001E-01     0.50000001E-01     0.44485986E-01     102     0.12325595E-01
-0.95000010E+01    -0.37136731E+00     0.48258293E-01     0.20000000E+02    -0.80761433E-01     0.50000001E-01     0.50000001E-01     0.43384682E-01     102     0.12325595E-01
-0.94000006E+01    -0.36575851E+00     0.47828417E-01     0.20000000E+02    -0.80936521E-01     0.50000001E-01     0.50000001E-01     0.42949148E-01     103     0.10451236E-01
-0.93000011E+01    -0.36006784E+00     0.47404099E-01     0.20000000E+02    -0.81108265E-01     0.50000001E-01     0.50000001E-01     0.42519499E-01     103     0.10451236E-01
-0.91999998E+01    -0.35439608E+00     0.46977185E-01     0.20000000E+02    -0.81273742E-01     0.50000001E-01     0.50000001E-01     0.42087343E-01     103     0.10451236E-01
-0.91000013E+01    -0.34882703E+00     0.46534464E-01     0.20000000E+02    -0.81440695E-01     0.50000001E-01     0.50000001E-01     0.41639213E-01     103     0.10451236E-01
-0.90000000E+01    -0.34357890E+00     0.46065614E-01     0.20000000E+02    -0.81617191E-01     0.50000001E-01     0.50000001E-01     0.41164439E-01     103     0.10451236E-01
-0.88000002E+01    -0.33991989E+00     0.44476312E-01     0.20000000E+02    -0.82176194E-01     0.50000001E-01     0.50000001E-01     0.39552581E-01     103     0.10451236E-01
-0.87000017E+01    -0.33441919E+00     0.44039451E-01     0.20000000E+02    -0.82326978E-01     0.50000001E-01     0.50000001E-01     0.39110526E-01     103     0.10451236E-01
-0.86000004E+01    -0.32888037E+00     0.43597374E-01     0.20000000E+02    -0.82479596E-01     0.50000001E-01     0.50000001E-01     0.38663097E-01     104     0.87768603E-02
-0.85000019E+01    -0.32352769E+00     0.43162659E-01     0.20000000E+02    -0.82625724E-01     0.50000001E-01     0.50000001E-01     0.38223010E-01     104     0.87768603E-02
-0.84000006E+01    -0.31862476E+00     0.42668425E-01     0.20000000E+02    -0.82782000E-01     0.50000001E-01     0.50000001E-01     0.37722759E-01     104     0.87768603E-02
-0.83000011E+01    -0.32090116E+00     0.41519575E-01     0.20000000E+02    -0.83139725E-01     0.50000001E-01     0.50000001E-01     0.36556982E-01     104     0.87768603E-02
-0.82000008E+01    -0.31573108E+00     0.41066650E-01     0.20000000E+02    -0.83273858E-01     0.50000001E-01     0.50000001E-01     0.36098734E-01     104     0.87768603E-02
-0.81000013E+01    -0.31048861E+00     0.40621251E-01     0.20000000E+02    -0.83402649E-01     0.50000001E-01     0.50000001E-01     0.35648149E-01     104     0.87768603E-02
-0.80000010E+01    -0.30532667E+00     0.40161952E-01     0.20000000E+02    -0.83532058E-01     0.50000001E-01     0.50000001E-01     0.35183661E-01     104     0.87768603E-02
-0.79000001E+01    -0.30060065E+00     0.39674181E-01     0.20000000E+02    -0.83662257E-01     0.50000001E-01     0.50000001E-01     0.34690086E-01     104     0.87768603E-02
-0.78000011E+01    -0.30395567E+00     0.38491387E-01     0.20000000E+02    -0.83972730E-01     0.50000001E-01     0.50000001E-01     0.33489764E-01     105     0.72842813E-02
-0.77000003E+01    -0.29921678E+00     0.38018968E-01     0.20000000E+02    -0.84079683E-01     0.50000001E-01     0.50000001E-01     0.33011995E-01     105     0.72842813E-02
-0.76000009E+01    -0.29443821E+00     0.37552197E-01     0.20000000E+02    -0.84180966E-01     0.50000001E-01     0.50000001E-01     0.32539956E-01     105     0.72842813E-02
-0.75000005E+01    -0.28985885E+00     0.37065703E-01     0.20000000E+02    -0.84283471E-01     0.50000001E-01     0.50000001E-01     0.32048009E-01     105     0.72842813E-02
-0.74000010E+01    -0.28642651E+00     0.36495745E-01     0.20000000E+02    -0.84391311E-01     0.50000001E-01     0.50000001E-01     0.31471282E-01     105     0.72842813E-02
-0.73000002E+01    -0.29068956E+00     0.35307501E-01     0.20000000E+02    -0.84607542E-01     0.50000001E-01     0.50000001E-01     0.30266223E-01     105     0.72842813E-02
-0.72000012E+01    -0.28669828E+00     0.34814879E-01     0.20000000E+02    -0.84667988E-01     0.50000001E-01     0.50000001E-01     0.29768188E-01     105     0.72842813E-02
-0.71000004E+01    -0.28308669E+00     0.34285128E-01     0.20000000E+02    -0.84728539E-01     0.50000001E-01     0.50000001E-01     0.29232647E-01     105     0.72842813E-02
-0.70000014E+01    -0.29053870E+00     0.32931976E-01     0.20000000E+02    -0.84855087E-01     0.50000001E-01     0.50000001E-01     0.27860753E-01     105     0.72842813E-02
-0.69000006E+01    -0.28780577E+00     0.32371633E-01     0.20000000E+02    -0.84859058E-01     0.50000001E-01     0.50000001E-01     0.27294518E-01     105     0.72842813E-02
-0.68000016E+01    -0.28579676E+00     0.31777535E-01     0.20000000E+02    -0.84843881E-01     0.50000001E-01     0.50000001E-01     0.26693970E-01     106     0.59582922E-02
-0.67000008E+01    -0.29848665E+00     0.30198796E-01     0.20000000E+02    -0.84721997E-01     0.50000001E-01     0.50000001E-01     0.25094718E-01     106     0.59582922E-02
-0.66000018E+01    -0.29959396E+00     0.29453941E-01     0.20000000E+02    -0.84550388E-01     0.50000001E-01     0.50000001E-01     0.24342392E-01     106     0.59582922E-02
-0.63000011E+01    -0.35270908E+00     0.20831794E-01     0.20000000E+02    -0.92336603E-01     0.50000001E-01     0.50000001E-01     0.15570555E-01     105     0.72842813E-02
-0.62000003E+01    -0.33710593E+00     0.19271478E-01     0.20000000E+02    -0.96954197E-01     0.50000001E-01     0.50000001E-01     0.13969908E-01     106     0.59582922E-02
-0.61000009E+01    -0.31896049E+00     0.17880261E-01     0.20000000E+02    -0.10155138E+00     0.50000001E-01     0.50000001E-01     0.12538813E-01     106     0.59582922E-02
-0.60000000E+01    -0.29947069E+00     0.16664883E-01     0.20000000E+02    -0.10593235E+00     0.50000001E-01     0.50000001E-01     0.11284754E-01     106     0.59582922E-02
-0.59000010E+01    -0.27990946E+00     0.15661603E-01     0.20000000E+02    -0.10980520E+00     0.50000001E-01     0.50000001E-01     0.10246107E-01     106     0.59582922E-02
-0.58000002E+01    -0.26133382E+00     0.14903048E-01     0.20000000E+02    -0.11292428E+00     0.50000001E-01     0.50000001E-01     0.94579738E-02     107     0.47860891E-02
-0.57000012E+01    -0.24145254E+00     0.14053751E-01     0.20000000E+02    -0.11645804E+00     0.50000001E-01     0.50000001E-01     0.85718185E-02     107     0.47860891E-02
-0.56000004E+01    -0.22247714E+00     0.13353071E-01     0.20000000E+02    -0.11946696E+00     0.50000001E-01     0.50000001E-01     0.78366175E-02     107     0.47860891E-02
-0.55000014E+01    -0.20442386E+00     0.12770088E-01     0.20000000E+02    -0.12202398E+00     0.50000001E-01     0.50000001E-01     0.72206650E-02     107     0.47860891E-02
-0.54000006E+01    -0.18560654E+00     0.12109197E-01     0.20000000E+02    -0.12484371E+00     0.50000001E-01     0.50000001E-01     0.65159779E-02     108     0.37573036E-02
-0.53000016E+01    -0.16911253E+00     0.11702185E-01     0.20000000E+02    -0.12669492E+00     0.50000001E-01     0.50000001E-01     0.60779611E-02     108     0.37573036E-02
-0.52000008E+01    -0.15551591E+00     0.11603803E-01     0.20000000E+02    -0.12738340E+00     0.50000001E-01     0.50000001E-01     0.59713321E-02     108     0.37573036E-02
-0.51000013E+01    -0.14203928E+00     0.11517625E-01     0.20000000E+02    -0.12802289E+00     0.50000001E-01     0.50000001E-01     0.58777500E-02     108     0.37573036E-02
-0.50000010E+01    -0.12863353E+00     0.11439381E-01     0.20000000E+02    -0.12863114E+00     0.50000001E-01     0.50000001E-01     0.57924162E-02     109     0.28634572E-02
-0.49000015E+01    -0.11529057E+00     0.11367778E-01     0.20000000E+02    -0.12921217E+00     0.50000001E-01     0.50000001E-01     0.57141851E-02     109     0.28634572E-02
-0.48000007E+01    -0.10199898E+00     0.11301815E-01     0.20000000E+02    -0.12977120E+00     0.50000001E-01     0.50000001E-01     0.56419321E-02     109     0.28634572E-02
-0.47000003E+01    -0.88748276E-01     0.11240307E-01     0.20000000E+02    -0.13031240E+00     0.50000001E-01     0.50000001E-01     0.55744019E-02     109     0.28634572E-02
-0.46000009E+01    -0.75536869E-01     0.11183363E-01     0.20000000E+02    -0.13083670E+00     0.50000001E-01     0.50000001E-01     0.55115521E-02     109     0.28634572E-02
-0.45000000E+01    -0.62357578E-01     0.11129537E-01     0.20000000E+02    -0.13134648E+00     0.50000001E-01     0.50000001E-01     0.54521314E-02     110     0.20977957E-02
-0.44000010E+01    -0.49208004E-01     0.11079359E-01     0.20000000E+02    -0.13184322E+00     0.50000001E-01     0.50000001E-01     0.53964457E-02     110     0.20977957E-02
-0.43000002E+01    -0.36083255E-01     0.11031963E-01     0.20000000E+02    -0.13232805E+00     0.50000001E-01     0.50000001E-01     0.53437911E-02     110     0.20977957E-02
-0.42000012E+01    -0.22983776E-01     0.10987302E-01     0.20000000E+02    -0.13280250E+00     0.50000001E-01     0.50000001E-01     0.52940198E-02     110     0.20977957E-02
-0.41000004E+01    -0.99084750E-02     0.10945103E-01     0.20000000E+02    -0.13326721E+00     0.50000001E-01     0.50000001E-01     0.52467901E-02     111     0.14551239E-02
-0.40000014E+01     0.31487250E-02     0.10905462E-01     0.20000000E+02    -0.13372248E+00     0.50000001E-01     0.50000001E-01     0.52022724E-02     111     0.14551239E-02
-0.39000006E+01     0.16184278E-01     0.10867809E-01     0.20000000E+02    -0.13416901E+00     0.50000001E-01     0.50000001E-01     0.51598898E-02     111     0.14551239E-02
-0.38000014E+01     0.29202711E-01     0.10832362E-01     0.20000000E+02    -0.13460773E+00     0.50000001E-01     0.50000001E-01     0.51197819E-02     111     0.14551239E-02
-0.37000005E+01     0.42205408E-01     0.10798705E-01     0.20000000E+02    -0.13503884E+00     0.50000001E-01     0.50000001E-01     0.50815651E-02     112     0.93188853E-03
-0.36000016E+01     0.55190384E-01     0.10766966E-01     0.20000000E+02    -0.13546354E+00     0.50000001E-01     0.50000001E-01     0.50453632E-02     112     0.93188853E-03
-0.35000007E+01     0.68161741E-01     0.10736832E-01     0.20000000E+02    -0.13588093E+00     0.50000001E-01     0.50000001E-01     0.50108791E-02     112     0.93188853E-03
-0.34000015E+01     0.81115745E-01     0.10708429E-01     0.20000000E+02    -0.13629174E+00     0.50000001E-01     0.50000001E-01     0.49782102E-02     112     0.93188853E-03
-0.33000009E+01     0.94053954E-01     0.10681452E-01     0.20000000E+02    -0.13669644E+00     0.50000001E-01     0.50000001E-01     0.49470896E-02     112     0.93188853E-03
-0.32000017E+01     0.10698200E+00     0.10656136E-01     0.20000000E+02    -0.13709562E+00     0.50000001E-01     0.50000001E-01     0.49176575E-02     113     0.52511692E-03
-0.31000009E+01     0.11989537E+00     0.10632143E-01     0.20000000E+02    -0.13748927E+00     0.50000001E-01     0.50000001E-01     0.48896102E-02     113     0.52511692E-03
-0.30000000E+01     0.13279572E+00     0.10609627E-01     0.20000000E+02    -0.13787711E+00     0.50000001E-01     0.50000001E-01     0.48631965E-02     113     0.52511692E-03
-0.29000010E+01     0.14568219E+00     0.10588367E-01     0.20000000E+02    -0.13825950E+00     0.50000001E-01     0.50000001E-01     0.48380825E-02     113     0.52511692E-03
-0.28000002E+01     0.15855788E+00     0.10568520E-01     0.20000000E+02    -0.13863698E+00     0.50000001E-01     0.50000001E-01     0.48143882E-02     114     0.23333222E-03
-0.27000012E+01     0.17141894E+00     0.10549912E-01     0.20000000E+02    -0.13900979E+00     0.50000001E-01     0.50000001E-01     0.47920779E-02     114     0.23333222E-03
-0.26000004E+01     0.18426917E+00     0.10532372E-01     0.20000000E+02    -0.13937774E+00     0.50000001E-01     0.50000001E-01     0.47708731E-02     114     0.23333222E-03
-0.25000012E+01     0.19710802E+00     0.10516210E-01     0.20000000E+02    -0.13974090E+00     0.50000001E-01     0.50000001E-01     0.47511384E-02     114     0.23333222E-03
-0.24000003E+01     0.20993704E+00     0.10501082E-01     0.20000000E+02    -0.14009921E+00     0.50000001E-01     0.50000001E-01     0.47324770E-02     115     0.60354974E-04
-0.23000014E+01     0.22275119E+00     0.10487164E-01     0.20000000E+02    -0.14045316E+00     0.50000001E-01     0.50000001E-01     0.47150957E-02     115     0.60354974E-04
-0.22000005E+01     0.23555458E+00     0.10474209E-01     0.20000000E+02    -0.14080293E+00     0.50000001E-01     0.50000001E-01     0.46987417E-02     115     0.60354974E-04
-0.21000013E+01     0.24834496E+00     0.10462379E-01     0.20000000E+02    -0.14114840E+00     0.50000001E-01     0.50000001E-01     0.46835439E-02     115     0.60354974E-04
-0.19000015E+01     0.27389875E+00     0.10441734E-01     0.20000000E+02    -0.14182620E+00     0.50000001E-01     0.50000001E-01     0.46563884E-02     116     0.43318187E-06
-0.18000008E+01     0.28665456E+00     0.10432867E-01     0.20000000E+02    -0.14215918E+00     0.50000001E-01     0.50000001E-01     0.46443841E-02     116     0.43318187E-06
-0.17000016E+01     0.29940379E+00     0.10425082E-01     0.20000000E+02    -0.14248809E+00     0.50000001E-01     0.50000001E-01     0.46334616E-02     116     0.43318187E-06
-0.16000009E+01     0.31213906E+00     0.10418196E-01     0.20000000E+02    -0.14281334E+00     0.50000001E-01     0.50000001E-01     0.46235495E-02     116     0.43318187E-06
-0.15000000E+01     0.32486570E+00     0.10412342E-01     0.20000000E+02    -0.14313406E+00     0.50000001E-01     0.50000001E-01     0.46147052E-02     117     0.38301725E-04
-0.14000009E+01     0.33757505E+00     0.10407281E-01     0.20000000E+02    -0.14345121E+00     0.50000001E-01     0.50000001E-01     0.46066795E-02     117     0.38301725E-04
-0.13000002E+01     0.35028043E+00     0.10403212E-01     0.20000000E+02    -0.14376488E+00     0.50000001E-01     0.50000001E-01     0.45997575E-02     117     0.38301725E-04
-0.12000011E+01     0.36297163E+00     0.10400050E-01     0.20000000E+02    -0.14407377E+00     0.50000001E-01     0.50000001E-01     0.45937579E-02     117     0.38301725E-04
-0.11000003E+01     0.37565309E+00     0.10397644E-01     0.20000000E+02    -0.14437997E+00     0.50000001E-01     0.50000001E-01     0.45886114E-02     118     0.16620255E-03
-0.10000012E+01     0.38832116E+00     0.10396283E-01     0.20000000E+02    -0.14468192E+00     0.50000001E-01     0.50000001E-01     0.45845122E-02     118     0.16620255E-03
-0.90000039E+00     0.40097922E+00     0.10395724E-01     0.20000000E+02    -0.14498018E+00     0.50000001E-01     0.50000001E-01     0.45812493E-02     118     0.16620255E-03
-0.80000126E+00     0.41362593E+00     0.10396016E-01     0.20000000E+02    -0.14527506E+00     0.50000001E-01     0.50000001E-01     0.45789313E-02     118     0.16620255E-03
-0.70000046E+00     0.42625913E+00     0.10397167E-01     0.20000000E+02    -0.14556615E+00     0.50000001E-01     0.50000001E-01     0.45775012E-02     118     0.16620255E-03
-0.60000139E+00     0.43888360E+00     0.10399037E-01     0.20000000E+02    -0.14585362E+00     0.50000001E-01     0.50000001E-01     0.45768805E-02     119     0.38239817E-03
-0.50000060E+00     0.45149621E+00     0.10401813E-01     0.20000000E+02    -0.14613739E+00     0.50000001E-01     0.50000001E-01     0.45771850E-02     119     0.38239817E-03
-0.40000150E+00     0.46409684E+00     0.10405357E-01     0.20000000E+02    -0.14641757E+00     0.50000001E-01     0.50000001E-01     0.45782998E-02     119     0.38239817E-03
-0.30000070E+00     0.47668770E+00     0.10409649E-01     0.20000000E+02    -0.14669433E+00     0.50000001E-01     0.50000001E-01     0.45802491E-02     119     0.38239817E-03
-0.20000160E+00     0.48926178E+00     0.10414769E-01     0.20000000E+02    -0.14696766E+00     0.50000001E-01     0.50000001E-01     0.45830654E-02     120     0.69524674E-03
-0.10000080E+00     0.50182718E+00     0.10420766E-01     0.20000000E+02    -0.14723733E+00     0.50000001E-01     0.50000001E-01     0.45867991E-02     120     0.69524674E-03
 0.00000000E+00     0.51438278E+00     0.10427489E-01     0.20000000E+02    -0.14750284E+00     0.50000001E-01     0.50000001E-01     0.45912811E-02     120     0.69524674E-03
 0.99999093E-01     0.52692312E+00     0.10434973E-01     0.20000000E+02    -0.14776567E+00     0.50000001E-01     0.50000001E-01     0.45966040E-02     120     0.69524674E-03
 0.19999990E+00     0.53945327E+00     0.10443229E-01     0.20000000E+02    -0.14802413E+00     0.50000001E-01     0.50000001E-01     0.46027275E-02     120     0.69524674E-03
 0.29999900E+00     0.55196953E+00     0.10452046E-01     0.20000000E+02    -0.14828014E+00     0.50000001E-01     0.50000001E-01     0.46095359E-02     121     0.11120313E-02
 0.39999980E+00     0.56447536E+00     0.10461983E-01     0.20000000E+02    -0.14853185E+00     0.50000001E-01     0.50000001E-01     0.46174359E-02     121     0.11120313E-02
 0.49999887E+00     0.57696646E+00     0.10472443E-01     0.20000000E+02    -0.14878094E+00     0.50000001E-01     0.50000001E-01     0.46259374E-02     121     0.11120313E-02
 0.59999967E+00     0.58944780E+00     0.10483625E-01     0.20000000E+02    -0.14902559E+00     0.50000001E-01     0.50000001E-01     0.46351622E-02     121     0.11120313E-02
 0.69999880E+00     0.60191631E+00     0.10495613E-01     0.20000000E+02    -0.14926714E+00     0.50000001E-01     0.50000001E-01     0.46452810E-02     121     0.11120313E-02
 0.79999959E+00     0.61436939E+00     0.10508157E-01     0.20000000E+02    -0.14950515E+00     0.50000001E-01     0.50000001E-01     0.46560569E-02     122     0.16372061E-02
 0.89999866E+00     0.62681311E+00     0.10521804E-01     0.20000000E+02    -0.14973883E+00     0.50000001E-01     0.50000001E-01     0.46678991E-02     122     0.16372061E-02
 0.99999946E+00     0.63924253E+00     0.10535918E-01     0.20000000E+02    -0.14997000E+00     0.50000001E-01     0.50000001E-01     0.46802885E-02     122     0.16372061E-02
 0.10999986E+01     0.65165508E+00     0.10550871E-01     0.20000000E+02    -0.15019754E+00     0.50000001E-01     0.50000001E-01     0.46935170E-02     122     0.16372061E-02
 0.11999993E+01     0.66405976E+00     0.10566458E-01     0.20000000E+02    -0.15042098E+00     0.50000001E-01     0.50000001E-01     0.47074389E-02     122     0.16372061E-02
 0.12999984E+01     0.67644817E+00     0.10582475E-01     0.20000000E+02    -0.15064155E+00     0.50000001E-01     0.50000001E-01     0.47219889E-02     123     0.22752350E-02
 0.13999993E+01     0.68882400E+00     0.10599811E-01     0.20000000E+02    -0.15085831E+00     0.50000001E-01     0.50000001E-01     0.47377497E-02     123     0.22752350E-02
 0.14999983E+01     0.70118386E+00     0.10617571E-01     0.20000000E+02    -0.15107128E+00     0.50000001E-01     0.50000001E-01     0.47539715E-02     123     0.22752350E-02
 0.15999992E+01     0.71353418E+00     0.10636102E-01     0.20000000E+02    -0.15128057E+00     0.50000001E-01     0.50000001E-01     0.47710324E-02     123     0.22752350E-02
 0.16999999E+01     0.72586840E+00     0.10655164E-01     0.20000000E+02    -0.15148683E+00     0.50000001E-01     0.50000001E-01     0.47887098E-02     123     0.22752350E-02
 0.17999990E+01     0.73818725E+00     0.10674758E-01     0.20000000E+02    -0.15168883E+00     0.50000001E-01     0.50000001E-01     0.48070503E-02     124     0.30308000E-02
 0.18999999E+01     0.75049055E+00     0.10695660E-01     0.20000000E+02    -0.15188755E+00     0.50000001E-01     0.50000001E-01     0.48265858E-02     124     0.30308000E-02
 0.19999989E+01     0.76278198E+00     0.10716991E-01     0.20000000E+02    -0.15208293E+00     0.50000001E-01     0.50000001E-01     0.48466520E-02     124     0.30308000E-02
 0.20999997E+01     0.77505744E+00     0.10739014E-01     0.20000000E+02    -0.15227391E+00     0.50000001E-01     0.50000001E-01     0.48674443E-02     124     0.30308000E-02
 0.21999989E+01     0.78732127E+00     0.10761658E-01     0.20000000E+02    -0.15246148E+00     0.50000001E-01     0.50000001E-01     0.48888940E-02     124     0.30308000E-02
 0.22999997E+01     0.79956460E+00     0.10784770E-01     0.20000000E+02    -0.15264609E+00     0.50000001E-01     0.50000001E-01     0.49109869E-02     125     0.39082086E-02
 0.23999987E+01     0.81179553E+00     0.10809132E-01     0.20000000E+02    -0.15282632E+00     0.50000001E-01     0.50000001E-01     0.49342769E-02     125     0.39082086E-02
 0.24999995E+01     0.82401162E+00     0.10833913E-01     0.20000000E+02    -0.15300275E+00     0.50000001E-01     0.50000001E-01     0.49579702E-02     125     0.39082086E-02
 0.25999987E+01     0.83621198E+00     0.10859435E-01     0.20000000E+02    -0.15317546E+00     0.50000001E-01     0.50000001E-01     0.49825003E-02     125     0.39082086E-02
 0.26999993E+01     0.84839517E+00     0.10885460E-01     0.20000000E+02    -0.15334439E+00     0.50000001E-01     0.50000001E-01     0.50075985E-02     125     0.39082086E-02
 0.27999985E+01     0.86056429E+00     0.10912037E-01     0.20000000E+02    -0.15350962E+00     0.50000001E-01     0.50000001E-01     0.50334311E-02     126     0.49119266E-02
 0.28999994E+01     0.87271333E+00     0.10940063E-01     0.20000000E+02    -0.15367112E+00     0.50000001E-01     0.50000001E-01     0.50605577E-02     126     0.49119266E-02
 0.29999983E+01     0.88485134E+00     0.10968258E-01     0.20000000E+02    -0.15382841E+00     0.50000001E-01     0.50000001E-01     0.50879801E-02     126     0.49119266E-02
 0.30999992E+01     0.89696854E+00     0.10997222E-01     0.20000000E+02    -0.15398200E+00     0.50000001E-01     0.50000001E-01     0.51161237E-02     126     0.49119266E-02
 0.31999984E+01     0.90907025E+00     0.11026869E-01     0.20000000E+02    -0.15413186E+00     0.50000001E-01     0.50000001E-01     0.51451046E-02     126     0.49119266E-02
 0.32999990E+01     0.92115712E+00     0.11056857E-01     0.20000000E+02    -0.15427792E+00     0.50000001E-01     0.50000001E-01     0.51745973E-02     127     0.60465392E-02
 0.33999999E+01     0.93322349E+00     0.11088275E-01     0.20000000E+02    -0.15441927E+00     0.50000001E-01     0.50000001E-01     0.52053793E-02     127     0.60465392E-02
 0.34999990E+01     0.94527352E+00     0.11120158E-01     0.20000000E+02    -0.15455742E+00     0.50000001E-01     0.50000001E-01     0.52367020E-02     127     0.60465392E-02
 0.35999999E+01     0.95730454E+00     0.11152620E-01     0.20000000E+02    -0.15469092E+00     0.50000001E-01     0.50000001E-01     0.52685980E-02     127     0.60465392E-02
 0.36999989E+01     0.96931952E+00     0.11185793E-01     0.20000000E+02    -0.15482029E+00     0.50000001E-01     0.50000001E-01     0.53012837E-02     127     0.60465392E-02
 0.37999997E+01     0.98131335E+00     0.11219617E-01     0.20000000E+02    -0.15494581E+00     0.50000001E-01     0.50000001E-01     0.53348984E-02     128     0.73172259E-02
 0.38999987E+01     0.99329001E+00     0.11254320E-01     0.20000000E+02    -0.15506721E+00     0.50000001E-01     0.50000001E-01     0.53691552E-02     128     0.73172259E-02
 0.39999995E+01     0.10052480E+01     0.11289588E-01     0.20000000E+02    -0.15518424E+00     0.50000001E-01     0.50000001E-01     0.54041115E-02     128     0.73172259E-02
 0.40999985E+01     0.10171864E+01     0.11325555E-01     0.20000000E+02    -0.15529691E+00     0.50000001E-01     0.50000001E-01     0.54397834E-02     128     0.73172259E-02
 0.41999993E+01     0.10291057E+01     0.11362378E-01     0.20000000E+02    -0.15540549E+00     0.50000001E-01     0.50000001E-01     0.54763681E-02     128     0.73172259E-02
 0.42999988E+01     0.10410044E+01     0.11399347E-01     0.20000000E+02    -0.15551017E+00     0.50000001E-01     0.50000001E-01     0.55133388E-02     129     0.87298052E-02
 0.43999991E+01     0.10528833E+01     0.11437960E-01     0.20000000E+02    -0.15560971E+00     0.50000001E-01     0.50000001E-01     0.55517843E-02     129     0.87298052E-02
 0.44999986E+01     0.10647407E+01     0.11477026E-01     0.20000000E+02    -0.15570496E+00     0.50000001E-01     0.50000001E-01     0.55907653E-02     129     0.87298052E-02
 0.45999994E+01     0.10765809E+01     0.11516537E-01     0.20000000E+02    -0.15579678E+00     0.50000001E-01     0.50000001E-01     0.56302678E-02     129     0.87298052E-02
 0.47000003E+01     0.10883973E+01     0.11556861E-01     0.20000000E+02    -0.15588322E+00     0.50000001E-01     0.50000001E-01     0.56706034E-02     129     0.87298052E-02
 0.47999973E+01     0.11001936E+01     0.11598044E-01     0.20000000E+02    -0.15596461E+00     0.50000001E-01     0.50000001E-01     0.57118027E-02     129     0.87298052E-02
 0.48999982E+01     0.11119667E+01     0.11639463E-01     0.20000000E+02    -0.15604182E+00     0.50000001E-01     0.50000001E-01     0.57535502E-02     130     0.10290815E-01
 0.49999990E+01     0.11237177E+01     0.11682027E-01     0.20000000E+02    -0.15611465E+00     0.50000001E-01     0.50000001E-01     0.57962495E-02     130     0.10290815E-01
 0.50999999E+01     0.11354475E+01     0.11725237E-01     0.20000000E+02    -0.15618265E+00     0.50000001E-01     0.50000001E-01     0.58396934E-02     130     0.10290815E-01
 0.52000008E+01     0.11471517E+01     0.11769623E-01     0.20000000E+02    -0.15624526E+00     0.50000001E-01     0.50000001E-01     0.58842753E-02     130     0.10290815E-01
 0.52999978E+01     0.11588359E+01     0.11814425E-01     0.20000000E+02    -0.15630364E+00     0.50000001E-01     0.50000001E-01     0.59294077E-02     130     0.10290815E-01
 0.53999987E+01     0.11704955E+01     0.11860026E-01     0.20000000E+02    -0.15635683E+00     0.50000001E-01     0.50000001E-01     0.59755864E-02     131     0.12008118E-01
 0.54999995E+01     0.11821200E+01     0.11906988E-01     0.20000000E+02    -0.15640309E+00     0.49964171E-01     0.50000001E-01     0.60227336E-02     131     0.12008118E-01
 0.56000004E+01     0.11935953E+01     0.11962571E-01     0.20000000E+02    -0.15642102E+00     0.49197640E-01     0.50000001E-01     0.60761296E-02     131     0.12008118E-01
 0.56999979E+01     0.12044464E+01     0.12054671E-01     0.20000000E+02    -0.15632202E+00     0.45662429E-01     0.50000001E-01     0.61525991E-02     131     0.12008118E-01
 0.57999988E+01     0.12157843E+01     0.12116428E-01     0.20000000E+02    -0.15631370E+00     0.44990659E-01     0.50000001E-01     0.62110545E-02     131     0.12008118E-01
 0.58999996E+01     0.12270985E+01     0.12178560E-01     0.20000000E+02    -0.15630063E+00     0.44271246E-01     0.50000001E-01     0.62700976E-02     131     0.12008118E-01
 0.60000000E+01     0.12384293E+01     0.12239066E-01     0.20000000E+02    -0.15628964E+00     0.43503482E-01     0.50000001E-01     0.63286265E-02     132     0.13890646E-01
 0.60999975E+01     0.12497654E+01     0.12297847E-01     0.20000000E+02    -0.15628007E+00     0.42781275E-01     0.50000001E-01     0.63842195E-02     132     0.13890646E-01
 0.61999984E+01     0.12610613E+01     0.12358451E-01     0.20000000E+02    -0.15626229E+00     0.42266190E-01     0.50000001E-01     0.64431257E-02     132     0.13890646E-01
 0.62999992E+01     0.12716408E+01     0.12459516E-01     0.20000000E+02    -0.15611036E+00     0.39652076E-01     0.50000001E-01     0.65315133E-02     132     0.13890646E-01
 0.64000001E+01     0.12834309E+01     0.12489544E-01     0.20000000E+02    -0.15618356E+00     0.40989935E-01     0.50000001E-01     0.65694065E-02     132     0.13890646E-01
 0.65000010E+01     0.12939311E+01     0.12592455E-01     0.20000000E+02    -0.15601696E+00     0.38377538E-01     0.50000001E-01     0.66599236E-02     132     0.13890646E-01
 0.65999980E+01     0.13050900E+01     0.12656697E-01     0.20000000E+02    -0.15597220E+00     0.37802741E-01     0.50000001E-01     0.67218947E-02     133     0.15949279E-01
 0.66999989E+01     0.13161767E+01     0.12723881E-01     0.20000000E+02    -0.15591346E+00     0.37293635E-01     0.50000001E-01     0.67873443E-02     133     0.15949279E-01
 0.67999997E+01     0.13272377E+01     0.12791377E-01     0.20000000E+02    -0.15585051E+00     0.36878176E-01     0.50000001E-01     0.68535716E-02     133     0.15949279E-01
 0.69000006E+01     0.13382195E+01     0.12862560E-01     0.20000000E+02    -0.15577164E+00     0.36388200E-01     0.50000001E-01     0.69230334E-02     133     0.15949279E-01
 0.69999981E+01     0.13491251E+01     0.12936183E-01     0.20000000E+02    -0.15567890E+00     0.35884202E-01     0.50000001E-01     0.69945683E-02     133     0.15949279E-01
 0.70999990E+01     0.13593900E+01     0.13043880E-01     0.20000000E+02    -0.15546739E+00     0.33721514E-01     0.50000001E-01     0.70918095E-02     133     0.15949279E-01
 0.71999998E+01     0.13707777E+01     0.13089688E-01     0.20000000E+02    -0.15546274E+00     0.34922387E-01     0.50000001E-01     0.71439217E-02     134     0.18196480E-01
 0.73000002E+01     0.13811432E+01     0.13188925E-01     0.20000000E+02    -0.15526798E+00     0.32891095E-01     0.50000001E-01     0.72341682E-02     134     0.18196480E-01
 0.73999977E+01     0.13919208E+01     0.13264537E-01     0.20000000E+02    -0.15515062E+00     0.32497495E-01     0.50000001E-01     0.73086643E-02     134     0.18196480E-01
 0.74999986E+01     0.14026251E+01     0.13343326E-01     0.20000000E+02    -0.15502065E+00     0.32089550E-01     0.50000001E-01     0.73862341E-02     134     0.18196480E-01
 0.75999994E+01     0.14132724E+01     0.13423649E-01     0.20000000E+02    -0.15487802E+00     0.31716272E-01     0.50000001E-01     0.74653309E-02     134     0.18196480E-01
 0.77000003E+01     0.14238393E+01     0.13506230E-01     0.20000000E+02    -0.15472122E+00     0.31325813E-01     0.50000001E-01     0.75463983E-02     134     0.18196480E-01
 0.77999973E+01     0.14343917E+01     0.13589445E-01     0.20000000E+02    -0.15455973E+00     0.31034760E-01     0.50000001E-01     0.76288697E-02     135     0.20647235E-01
 0.78999982E+01     0.14448332E+01     0.13675995E-01     0.20000000E+02    -0.15437962E+00     0.30637277E-01     0.50000001E-01     0.77138906E-02     135     0.20647235E-01
 0.79999990E+01     0.14552197E+01     0.13763699E-01     0.20000000E+02    -0.15418741E+00     0.30194586E-01     0.50000001E-01     0.78000394E-02     135     0.20647235E-01
 0.81000004E+01     0.14656394E+01     0.13849067E-01     0.20000000E+02    -0.15400265E+00     0.29858079E-01     0.50000001E-01     0.78849522E-02     135     0.20647235E-01
 0.82000008E+01     0.14759933E+01     0.13936051E-01     0.20000000E+02    -0.15380448E+00     0.29414693E-01     0.50000001E-01     0.79714209E-02     135     0.20647235E-01
 0.82999983E+01     0.14862854E+01     0.14024404E-01     0.20000000E+02    -0.15359621E+00     0.29030781E-01     0.50000001E-01     0.80583785E-02     135     0.20647235E-01
 0.83999987E+01     0.14958762E+01     0.14143642E-01     0.20000000E+02    -0.15325679E+00     0.27651682E-01     0.50000001E-01     0.81718974E-02     136     0.23319028E-01
 0.85000000E+01     0.15058619E+01     0.14239471E-01     0.20000000E+02    -0.15298901E+00     0.27345130E-01     0.50000001E-01     0.82669184E-02     136     0.23319028E-01
 0.86000004E+01     0.15157197E+01     0.14337553E-01     0.20000000E+02    -0.15269747E+00     0.27024046E-01     0.50000001E-01     0.83641754E-02     136     0.23319028E-01
 0.86999979E+01     0.15255966E+01     0.14433799E-01     0.20000000E+02    -0.15240817E+00     0.26859710E-01     0.50000001E-01     0.84607052E-02     136     0.23319028E-01
 0.87999983E+01     0.15352325E+01     0.14536298E-01     0.20000000E+02    -0.15207361E+00     0.26467869E-01     0.50000001E-01     0.85624158E-02     136     0.23319028E-01
 0.88999996E+01     0.15448470E+01     0.14639281E-01     0.20000000E+02    -0.15173474E+00     0.26142126E-01     0.50000001E-01     0.86653400E-02     136     0.23319028E-01
 0.90000000E+01     0.15538025E+01     0.14765659E-01     0.20000000E+02    -0.15127379E+00     0.24857752E-01     0.50000001E-01     0.87868515E-02     136     0.23319028E-01
 0.90999975E+01     0.15638292E+01     0.14843930E-01     0.20000000E+02    -0.15100974E+00     0.25586475E-01     0.50000001E-01     0.88717472E-02     137     0.26232461E-01
 0.91999989E+01     0.15730637E+01     0.14953273E-01     0.20000000E+02    -0.15059792E+00     0.25256962E-01     0.50000001E-01     0.89804009E-02     137     0.26232461E-01
 0.92999992E+01     0.15814719E+01     0.15094627E-01     0.20000000E+02    -0.15003584E+00     0.24168750E-01     0.50000001E-01     0.91178175E-02     137     0.26232461E-01
 0.94000006E+01     0.15904531E+01     0.15211241E-01     0.20000000E+02    -0.14957835E+00     0.23946997E-01     0.50000001E-01     0.92349574E-02     137     0.26232461E-01
 0.94999971E+01     0.15993739E+01     0.15328352E-01     0.20000000E+02    -0.14911009E+00     0.23775660E-01     0.50000001E-01     0.93529560E-02     137     0.26232461E-01
 0.95999985E+01     0.16080166E+01     0.15456977E-01     0.20000000E+02    -0.14859098E+00     0.23468807E-01     0.50000001E-01     0.94815940E-02     137     0.26232461E-01
 0.96999989E+01     0.16166044E+01     0.15583458E-01     0.20000000E+02    -0.14806193E+00     0.23247130E-01     0.50000001E-01     0.96089859E-02     137     0.26232461E-01
 0.98000002E+01     0.16250821E+01     0.15711363E-01     0.20000000E+02    -0.14751200E+00     0.23068143E-01     0.50000001E-01     0.97385850E-02     138     0.29411485E-01
 0.99000006E+01     0.16334069E+01     0.15843358E-01     0.20000000E+02    -0.14693400E+00     0.22850268E-01     0.50000001E-01     0.98721385E-02     138     0.29411485E-01
 0.99999981E+01     0.16409585E+01     0.15984803E-01     0.20000000E+02    -0.14619902E+00     0.22624489E-01     0.50000001E-01     0.10015965E-01     138     0.29411485E-01
 0.10099998E+02     0.16419741E+01     0.16194981E-01     0.20000000E+02    -0.14412451E+00     0.22510290E-01     0.50000001E-01     0.10233721E-01     138     0.29411485E-01
 0.10200000E+02     0.16455643E+01     0.16395109E-01     0.20000000E+02    -0.14259039E+00     0.22287939E-01     0.50000001E-01     0.10438614E-01     138     0.29411485E-01
 0.10300000E+02     0.16524888E+01     0.16566001E-01     0.20000000E+02    -0.14174663E+00     0.22140011E-01     0.50000001E-01     0.10612617E-01     138     0.29411485E-01
 0.10399998E+02     0.16597494E+01     0.16738579E-01     0.20000000E+02    -0.14098115E+00     0.21969536E-01     0.50000001E-01     0.10788029E-01     138     0.29411485E-01
 0.10499999E+02     0.16670737E+01     0.16918221E-01     0.20000000E+02    -0.14023590E+00     0.21662027E-01     0.50000001E-01     0.10969750E-01     138     0.29411485E-01
 0.10599999E+02     0.16748564E+01     0.17086245E-01     0.20000000E+02    -0.13958465E+00     0.21610461E-01     0.50000001E-01     0.11141316E-01     139     0.32884005E-01
 0.10700000E+02     0.16822143E+01     0.17272765E-01     0.20000000E+02    -0.13886046E+00     0.21356462E-01     0.50000001E-01     0.11330180E-01     139     0.32884005E-01
 0.10799997E+02     0.16892374E+01     0.17472167E-01     0.20000000E+02    -0.13807650E+00     0.21109359E-01     0.50000001E-01     0.11532111E-01     139     0.32884005E-01
 0.10899999E+02     0.16950151E+01     0.17723499E-01     0.20000000E+02    -0.13708587E+00     0.20259127E-01     0.50000001E-01     0.11781828E-01     139     0.32884005E-01
 0.10999999E+02     0.17036250E+01     0.17868809E-01     0.20000000E+02    -0.13659731E+00     0.20822296E-01     0.50000001E-01     0.11934943E-01     139     0.32884005E-01
 0.11100000E+02     0.17092016E+01     0.18137196E-01     0.20000000E+02    -0.13558368E+00     0.19872356E-01     0.50000001E-01     0.12201594E-01     139     0.32884005E-01
 0.11200001E+02     0.17160224E+01     0.18354813E-01     0.20000000E+02    -0.13479042E+00     0.19765900E-01     0.50000001E-01     0.12423452E-01     139     0.32884005E-01
 0.11299998E+02     0.17227961E+01     0.18579537E-01     0.20000000E+02    -0.13399768E+00     0.19536421E-01     0.50000001E-01     0.12651864E-01     139     0.32884005E-01
 0.11399999E+02     0.17297528E+01     0.18802371E-01     0.20000000E+02    -0.13324495E+00     0.19378237E-01     0.50000001E-01     0.12878444E-01     140     0.36681708E-01
 0.11500000E+02     0.17364024E+01     0.19039541E-01     0.20000000E+02    -0.13244231E+00     0.19342637E-01     0.50000001E-01     0.13120463E-01     140     0.36681708E-01
 0.11600000E+02     0.17424309E+01     0.19302906E-01     0.20000000E+02    -0.13153987E+00     0.19054871E-01     0.50000001E-01     0.13387821E-01     140     0.36681708E-01
 0.11699998E+02     0.17490302E+01     0.19549543E-01     0.20000000E+02    -0.13074824E+00     0.19006865E-01     0.50000001E-01     0.13639458E-01     140     0.36681708E-01
 0.11799999E+02     0.17552131E+01     0.19820740E-01     0.20000000E+02    -0.12989438E+00     0.18816160E-01     0.50000001E-01     0.13915084E-01     140     0.36681708E-01
 0.11900000E+02     0.17593991E+01     0.20179532E-01     0.20000000E+02    -0.12871549E+00     0.18095637E-01     0.50000001E-01     0.14275983E-01     140     0.36681708E-01
 0.12000000E+02     0.17653959E+01     0.20466095E-01     0.20000000E+02    -0.12785189E+00     0.18008070E-01     0.50000001E-01     0.14567981E-01     140     0.36681708E-01
 0.12099998E+02     0.17727052E+01     0.20696411E-01     0.20000000E+02    -0.12720656E+00     0.18417215E-01     0.50000001E-01     0.14806764E-01     140     0.36681708E-01
 0.12199999E+02     0.17779655E+01     0.21028195E-01     0.20000000E+02    -0.12623481E+00     0.18324899E-01     0.50000001E-01     0.15144857E-01     140     0.36681708E-01
 0.12299999E+02     0.17813381E+01     0.21454848E-01     0.20000000E+02    -0.12498657E+00     0.17566390E-01     0.50000001E-01     0.15573886E-01     141     0.40840175E-01
 0.12400001E+02     0.17885641E+01     0.21700894E-01     0.20000000E+02    -0.12435462E+00     0.18062277E-01     0.50000001E-01     0.15829915E-01     141     0.40840175E-01
 0.12499997E+02     0.17911329E+01     0.22182511E-01     0.20000000E+02    -0.12301080E+00     0.17329972E-01     0.50000001E-01     0.16315099E-01     141     0.40840175E-01
 0.12599998E+02     0.17962611E+01     0.22548296E-01     0.20000000E+02    -0.12208373E+00     0.17245138E-01     0.50000001E-01     0.16687671E-01     141     0.40840175E-01
 0.12699999E+02     0.18005089E+01     0.22961648E-01     0.20000000E+02    -0.12103418E+00     0.17110905E-01     0.50000001E-01     0.17108977E-01     141     0.40840175E-01
 0.12800000E+02     0.18050405E+01     0.23374442E-01     0.20000000E+02    -0.12004597E+00     0.17018722E-01     0.50000001E-01     0.17529821E-01     141     0.40840175E-01
 0.12900001E+02     0.18090463E+01     0.23821009E-01     0.20000000E+02    -0.11900202E+00     0.16878581E-01     0.50000001E-01     0.17984832E-01     141     0.40840175E-01
 0.12999998E+02     0.18128015E+01     0.24284679E-01     0.20000000E+02    -0.11794203E+00     0.16717482E-01     0.50000001E-01     0.18456822E-01     141     0.40840175E-01
 0.13099999E+02     0.18167071E+01     0.24753572E-01     0.20000000E+02    -0.11692714E+00     0.16721968E-01     0.50000001E-01     0.18935503E-01     141     0.40840175E-01
 0.13200000E+02     0.18197339E+01     0.25290320E-01     0.20000000E+02    -0.11581690E+00     0.16567010E-01     0.50000001E-01     0.19482067E-01     141     0.40840175E-01
 0.13300000E+02     0.18222730E+01     0.25854308E-01     0.20000000E+02    -0.11467267E+00     0.16390936E-01     0.50000001E-01     0.20056734E-01     141     0.40840175E-01
 0.13399998E+02     0.18385843E+01     0.26415916E-01     0.20000000E+02    -0.11620452E+00     0.16302526E-01     0.38380095E+00     0.20977516E-01     142     0.45398347E-01
 0.13499999E+02     0.18413372E+01     0.27001789E-01     0.20000000E+02    -0.11512904E+00     0.16251545E-01     0.38411370E+00     0.21573527E-01     142     0.45398347E-01
 0.13599999E+02     0.18426957E+01     0.27704669E-01     0.20000000E+02    -0.11391625E+00     0.16086960E-01     0.38441083E+00     0.22287991E-01     142     0.45398347E-01
 0.13700001E+02     0.18438109E+01     0.28421579E-01     0.20000000E+02    -0.11271852E+00     0.16007263E-01     0.38470900E+00     0.23017917E-01     142     0.45398347E-01
 0.13799997E+02     0.18453710E+01     0.29128367E-01     0.20000000E+02    -0.11162871E+00     0.16031675E-01     0.38515919E+00     0.23738507E-01     142     0.45398347E-01
 0.13899999E+02     0.18449987E+01     0.29978687E-01     0.20000000E+02    -0.11037370E+00     0.15841749E-01     0.38540453E+00     0.24603931E-01     142     0.45398347E-01
 0.13999999E+02     0.18448054E+01     0.30831398E-01     0.20000000E+02    -0.10921466E+00     0.15809877E-01     0.38564143E+00     0.25473457E-01     142     0.45398347E-01
 0.14100000E+02     0.18435076E+01     0.31780828E-01     0.20000000E+02    -0.10802529E+00     0.15753960E-01     0.38600278E+00     0.26442019E-01     142     0.45398347E-01
 0.14199998E+02     0.18408012E+01     0.32855913E-01     0.20000000E+02    -0.10680170E+00     0.15676707E-01     0.38630489E+00     0.27539248E-01     142     0.45398347E-01
 0.14299998E+02     0.18373030E+01     0.33985779E-01     0.20000000E+02    -0.10563352E+00     0.15668308E-01     0.38657114E+00     0.28694391E-01     142     0.45398347E-01
 0.14400000E+02     0.18276067E+01     0.35601094E-01     0.20000000E+02    -0.10417548E+00     0.15160725E-01     0.38653672E+00     0.30341972E-01     142     0.45398347E-01
 0.14500000E+02     0.18262227E+01     0.36600776E-01     0.20000000E+02    -0.10342509E+00     0.15627714E-01     0.38697845E+00     0.31370495E-01     142     0.45398347E-01
 0.14600000E+02     0.18160944E+01     0.38303994E-01     0.20000000E+02    -0.10236123E+00     0.15522538E-01     0.38718379E+00     0.33114620E-01     142     0.45398347E-01
 0.14699998E+02     0.18031332E+01     0.40241271E-01     0.20000000E+02    -0.10147639E+00     0.15489856E-01     0.38734469E+00     0.35101913E-01     142     0.45398347E-01
 0.14799999E+02     0.17761992E+01     0.43444004E-01     0.20000000E+02    -0.10077013E+00     0.15116152E-01     0.38718733E+00     0.38385980E-01     142     0.45398347E-01
 0.14900000E+02     0.17603178E+01     0.45810927E-01     0.20000000E+02    -0.10068074E+00     0.15591906E-01     0.38727948E+00     0.40820640E-01     142     0.45398347E-01
 0.15000001E+02     0.17188575E+01     0.50500549E-01     0.20000000E+02    -0.10120835E+00     0.15576545E-01     0.38692418E+00     0.45636099E-01     142     0.45398347E-01
 0.15499998E+02     0.14236610E+01     0.78761727E-01     0.20000000E+02    -0.10362983E+00     0.16758358E-01     0.50000001E-01     0.74185632E-01     141     0.40840175E-01
 0.15599998E+02     0.14062577E+01     0.81973270E-01     0.20000000E+02    -0.10463963E+00     0.16759036E-01     0.50000001E-01     0.77445112E-01     141     0.40840175E-01
 0.15699999E+02     0.14037683E+01     0.83365828E-01     0.20000000E+02    -0.10496362E+00     0.16878324E-01     0.50000001E-01     0.78856640E-01     141     0.40840175E-01
 0.15800000E+02     0.13897836E+01     0.86333923E-01     0.20000000E+02    -0.10607150E+00     0.16799692E-01     0.50000001E-01     0.81867330E-01     141     0.40840175E-01
 0.15899998E+02     0.13885708E+01     0.87625802E-01     0.20000000E+02    -0.10644477E+00     0.16764579E-01     0.50000001E-01     0.83174624E-01     141     0.40840175E-01
 0.15999998E+02     0.13771415E+01     0.90380900E-01     0.20000000E+02    -0.10758803E+00     0.16714901E-01     0.50000001E-01     0.85967608E-01     141     0.40840175E-01
 0.16099998E+02     0.13763100E+01     0.91682971E-01     0.20000000E+02    -0.10801621E+00     0.16559731E-01     0.50000001E-01     0.87283410E-01     141     0.40840175E-01
 0.16200001E+02     0.13763617E+01     0.92879079E-01     0.20000000E+02    -0.10841461E+00     0.16687615E-01     0.50000001E-01     0.88494718E-01     141     0.40840175E-01
 0.16300001E+02     0.13674783E+01     0.95421769E-01     0.20000000E+02    -0.10958928E+00     0.16616691E-01     0.50000001E-01     0.91071479E-01     141     0.40840175E-01
 0.16399998E+02     0.13673335E+01     0.96625485E-01     0.20000000E+02    -0.11001394E+00     0.16365387E-01     0.50000001E-01     0.92286468E-01     141     0.40840175E-01
 0.16499998E+02     0.13687090E+01     0.97671427E-01     0.20000000E+02    -0.11040357E+00     0.16454881E-01     0.50000001E-01     0.93344927E-01     141     0.40840175E-01
 0.16600000E+02     0.13604709E+01     0.10019346E+00     0.20000000E+02    -0.11164962E+00     0.16290730E-01     0.50000001E-01     0.95899284E-01     141     0.40840175E-01
 0.16700001E+02     0.13612533E+01     0.10133506E+00     0.20000000E+02    -0.11212170E+00     0.16087651E-01     0.50000001E-01     0.97051553E-01     141     0.40840175E-01
 0.16799997E+02     0.13630334E+01     0.10231697E+00     0.20000000E+02    -0.11251111E+00     0.16126728E-01     0.50000001E-01     0.98044336E-01     141     0.40840175E-01
 0.16900000E+02     0.13565650E+01     0.10464377E+00     0.20000000E+02    -0.11372443E+00     0.16001051E-01     0.50000001E-01     0.10040044E+00     141     0.40840175E-01
 0.17000000E+02     0.13556532E+01     0.10599174E+00     0.20000000E+02    -0.11434858E+00     0.15463905E-01     0.50000001E-01     0.10175710E+00     141     0.40840175E-01
 0.17100000E+02     0.13594368E+01     0.10678671E+00     0.20000000E+02    -0.11469425E+00     0.15839655E-01     0.50000001E-01     0.10256515E+00     141     0.40840175E-01
