  
       RFOIL         Version 3.00
  
 Calculated polar for: OSO_2025_WT2_T33                
  
 1  Reynolds number fixed
  
 xtrf =      1.00000000 (suction)     1.00000000 (pressure)
 Rot. Parameters:  f0 =      1.00000000 c/r =      0.00000000
 Mach =      0.00000000     Re =     15.00000000 e 6     Ncrit =      9.00000000
  
             alpha                CL                CD            Re(CL)                CM             S_xtr             P_xtr               CDp            I_stag            X_stag
  ------- -------- --------- --------- -------- ------- ------- -------- 
-0.23600000E+02    -0.92894948E+00     0.16050921E+00     0.15000000E+02     0.43306905E-02     0.99758518E+00     0.63773893E-01     0.15872230E+00      84     0.60403083E-01
-0.23500000E+02    -0.92444634E+00     0.16011602E+00     0.15000000E+02     0.40306654E-02     0.99786639E+00     0.63435540E-01     0.15832560E+00      84     0.60403083E-01
-0.23400002E+02    -0.91843325E+00     0.15945546E+00     0.15000000E+02     0.29860279E-02     0.99760890E+00     0.63834548E-01     0.15766515E+00      85     0.54956943E-01
-0.23300001E+02    -0.91243279E+00     0.15893066E+00     0.15000000E+02     0.21981462E-02     0.99752271E+00     0.63360058E-01     0.15713346E+00      85     0.54956943E-01
-0.23200001E+02    -0.90733808E+00     0.15802665E+00     0.15000000E+02     0.95597655E-03     0.99689674E+00     0.64759716E-01     0.15623246E+00      85     0.54956943E-01
-0.22600002E+02    -0.87743074E+00     0.15301956E+00     0.15000000E+02    -0.54688388E-02     0.99418670E+00     0.66551588E-01     0.15120924E+00      85     0.54956943E-01
-0.22500000E+02    -0.87543237E+00     0.15218243E+00     0.15000000E+02    -0.43171272E-02     0.64843374E+00     0.66030793E-01     0.14920481E+00      85     0.54956943E-01
-0.22400002E+02    -0.86767477E+00     0.15196288E+00     0.15000000E+02    -0.68249465E-02     0.98995858E+00     0.67184784E-01     0.15015119E+00      86     0.49884733E-01
-0.22300001E+02    -0.86772263E+00     0.15089183E+00     0.15000000E+02    -0.57083182E-02     0.64677852E+00     0.67694187E-01     0.14792392E+00      86     0.49884733E-01
-0.22200001E+02    -0.86178124E+00     0.15034151E+00     0.15000000E+02    -0.64152787E-02     0.63153267E+00     0.67503862E-01     0.14732537E+00      86     0.49884733E-01
-0.21900002E+02    -0.85254329E+00     0.14742495E+00     0.15000000E+02    -0.89293486E-02     0.60561234E+00     0.68395168E-01     0.14432184E+00      86     0.49884733E-01
-0.21800001E+02    -0.84672040E+00     0.14690067E+00     0.15000000E+02    -0.95986985E-02     0.59783971E+00     0.68459496E-01     0.14377429E+00      86     0.49884733E-01
-0.21700001E+02    -0.84260207E+00     0.14625882E+00     0.15000000E+02    -0.10266389E-01     0.59176779E+00     0.69853038E-01     0.14312148E+00      86     0.49884733E-01
-0.21600000E+02    -0.83661538E+00     0.14575334E+00     0.15000000E+02    -0.10890954E-01     0.57727444E+00     0.69789574E-01     0.14257325E+00      86     0.49884733E-01
-0.21500002E+02    -0.83163404E+00     0.14516632E+00     0.15000000E+02    -0.11535493E-01     0.57215309E+00     0.70301279E-01     0.14197238E+00      86     0.49884733E-01
-0.21400000E+02    -0.82648849E+00     0.14462452E+00     0.15000000E+02    -0.12159890E-01     0.56576437E+00     0.70738554E-01     0.14141418E+00      87     0.45182135E-01
-0.21300001E+02    -0.82080549E+00     0.14407063E+00     0.15000000E+02    -0.12816806E-01     0.56303066E+00     0.70873789E-01     0.14084922E+00      87     0.45182135E-01
-0.21200001E+02    -0.81651139E+00     0.14338988E+00     0.15000000E+02    -0.13468776E-01     0.56009138E+00     0.71503080E-01     0.14016302E+00      87     0.45182135E-01
-0.21100002E+02    -0.81195664E+00     0.14275099E+00     0.15000000E+02    -0.14134881E-01     0.55585831E+00     0.71890794E-01     0.13951033E+00      87     0.45182135E-01
-0.20900000E+02    -0.80715644E+00     0.14059111E+00     0.15000000E+02    -0.15913658E-01     0.54840511E+00     0.72711185E-01     0.13732177E+00      87     0.45182135E-01
-0.20800001E+02    -0.80243033E+00     0.13994531E+00     0.15000000E+02    -0.16533490E-01     0.54604894E+00     0.73147289E-01     0.13667230E+00      87     0.45182135E-01
-0.20700003E+02    -0.79729408E+00     0.13933468E+00     0.15000000E+02    -0.17151881E-01     0.53897840E+00     0.73353067E-01     0.13604012E+00      87     0.45182135E-01
-0.20600000E+02    -0.79244101E+00     0.13881510E+00     0.15000000E+02    -0.17783200E-01     0.53808004E+00     0.74126132E-01     0.13552141E+00      87     0.45182135E-01
-0.20500000E+02    -0.78702396E+00     0.13827144E+00     0.15000000E+02    -0.18334154E-01     0.53593433E+00     0.74336134E-01     0.13496858E+00      88     0.40837713E-01
-0.20400002E+02    -0.78128988E+00     0.13773014E+00     0.15000000E+02    -0.18975435E-01     0.52814007E+00     0.74692771E-01     0.13440713E+00      88     0.40837713E-01
-0.20300001E+02    -0.77643502E+00     0.13713427E+00     0.15000000E+02    -0.19544518E-01     0.52571565E+00     0.75546406E-01     0.13380325E+00      88     0.40837713E-01
-0.20200001E+02    -0.77069044E+00     0.13655686E+00     0.15000000E+02    -0.20121375E-01     0.52750760E+00     0.75260937E-01     0.13322853E+00      88     0.40837713E-01
-0.20100000E+02    -0.76625580E+00     0.13578147E+00     0.15000000E+02    -0.20782446E-01     0.52088749E+00     0.75917616E-01     0.13243237E+00      88     0.40837713E-01
-0.19900000E+02    -0.76000679E+00     0.13369979E+00     0.15000000E+02    -0.22440601E-01     0.51623023E+00     0.76310776E-01     0.13032022E+00      88     0.40837713E-01
-0.19800001E+02    -0.75673360E+00     0.13305096E+00     0.15000000E+02    -0.22969367E-01     0.51409453E+00     0.77815510E-01     0.12967612E+00      88     0.40837713E-01
-0.19700001E+02    -0.75126690E+00     0.13247302E+00     0.15000000E+02    -0.23559513E-01     0.51202333E+00     0.78128852E-01     0.12909009E+00      88     0.40837713E-01
-0.19600000E+02    -0.74631476E+00     0.13185877E+00     0.15000000E+02    -0.24192845E-01     0.50973964E+00     0.78721292E-01     0.12847216E+00      88     0.40837713E-01
-0.19500000E+02    -0.74142498E+00     0.13126487E+00     0.15000000E+02    -0.24763471E-01     0.51023620E+00     0.79364978E-01     0.12788306E+00      89     0.36834702E-01
-0.19400002E+02    -0.73697597E+00     0.13062678E+00     0.15000000E+02    -0.25361577E-01     0.50484127E+00     0.80612108E-01     0.12723704E+00      89     0.36834702E-01
-0.19300001E+02    -0.72983027E+00     0.13017893E+00     0.15000000E+02    -0.25867714E-01     0.50355333E+00     0.79538062E-01     0.12677346E+00      89     0.36834702E-01
-0.19200001E+02    -0.72505194E+00     0.12952489E+00     0.15000000E+02    -0.26439451E-01     0.49849761E+00     0.80024831E-01     0.12610611E+00      89     0.36834702E-01
-0.19100000E+02    -0.71965539E+00     0.12888266E+00     0.15000000E+02    -0.27054681E-01     0.49696884E+00     0.80415428E-01     0.12545818E+00      89     0.36834702E-01
-0.18900002E+02    -0.71419191E+00     0.12669367E+00     0.15000000E+02    -0.28571893E-01     0.49571770E+00     0.81095837E-01     0.12324840E+00      89     0.36834702E-01
-0.18800001E+02    -0.71000135E+00     0.12610973E+00     0.15000000E+02    -0.29049229E-01     0.49331665E+00     0.82513720E-01     0.12266096E+00      90     0.33153079E-01
-0.18700001E+02    -0.70337033E+00     0.12560511E+00     0.15000000E+02    -0.29622316E-01     0.48846358E+00     0.82169607E-01     0.12213856E+00      90     0.33153079E-01
-0.18600000E+02    -0.69974220E+00     0.12488297E+00     0.15000000E+02    -0.30220399E-01     0.48795778E+00     0.84148012E-01     0.12142585E+00      90     0.33153079E-01
-0.18500002E+02    -0.69432592E+00     0.12434698E+00     0.15000000E+02    -0.30688789E-01     0.48582253E+00     0.84365554E-01     0.12088461E+00      90     0.33153079E-01
-0.18400000E+02    -0.68992484E+00     0.12370861E+00     0.15000000E+02    -0.31234320E-01     0.48421514E+00     0.85296050E-01     0.12024871E+00      90     0.33153079E-01
-0.18300001E+02    -0.68456310E+00     0.12307724E+00     0.15000000E+02    -0.31812958E-01     0.48288941E+00     0.85674219E-01     0.11961198E+00      90     0.33153079E-01
-0.18200001E+02    -0.67970115E+00     0.12243255E+00     0.15000000E+02    -0.32317579E-01     0.48111227E+00     0.86071149E-01     0.11895999E+00      90     0.33153079E-01
-0.18100002E+02    -0.67956781E+00     0.12086868E+00     0.15000000E+02    -0.33244528E-01     0.48145711E+00     0.86356036E-01     0.11738414E+00      90     0.33153079E-01
-0.18000000E+02    -0.67530227E+00     0.12019639E+00     0.15000000E+02    -0.33771612E-01     0.47836050E+00     0.87662935E-01     0.11670452E+00      90     0.33153079E-01
-0.17900000E+02    -0.67018253E+00     0.11956035E+00     0.15000000E+02    -0.34333337E-01     0.47734943E+00     0.88658400E-01     0.11606723E+00      90     0.33153079E-01
-0.17800001E+02    -0.66401738E+00     0.11903301E+00     0.15000000E+02    -0.34820832E-01     0.47579888E+00     0.88485390E-01     0.11553174E+00      90     0.33153079E-01
-0.17700001E+02    -0.65956622E+00     0.11840648E+00     0.15000000E+02    -0.35307694E-01     0.47290581E+00     0.90077288E-01     0.11490474E+00      91     0.29771008E-01
-0.17600000E+02    -0.65331632E+00     0.11788568E+00     0.15000000E+02    -0.35802916E-01     0.47176009E+00     0.89965634E-01     0.11437760E+00      91     0.29771008E-01
-0.17500000E+02    -0.64867854E+00     0.11719877E+00     0.15000000E+02    -0.36379587E-01     0.46860144E+00     0.91141008E-01     0.11368644E+00      91     0.29771008E-01
-0.17400002E+02    -0.64336091E+00     0.11662996E+00     0.15000000E+02    -0.36832541E-01     0.46948245E+00     0.91479406E-01     0.11312093E+00      91     0.29771008E-01
-0.17300001E+02    -0.63955826E+00     0.11592425E+00     0.15000000E+02    -0.37314065E-01     0.46584353E+00     0.92480443E-01     0.11240815E+00      91     0.29771008E-01
-0.17200001E+02    -0.64003181E+00     0.11430320E+00     0.15000000E+02    -0.38202714E-01     0.46657810E+00     0.93187578E-01     0.11077891E+00      91     0.29771008E-01
-0.17100000E+02    -0.63561243E+00     0.11359543E+00     0.15000000E+02    -0.38735952E-01     0.46408916E+00     0.94318703E-01     0.11006470E+00      91     0.29771008E-01
-0.17000002E+02    -0.62943137E+00     0.11306700E+00     0.15000000E+02    -0.39170586E-01     0.46218678E+00     0.94122909E-01     0.10952531E+00      92     0.26666561E-01
-0.16900000E+02    -0.62454683E+00     0.11244667E+00     0.15000000E+02    -0.39664421E-01     0.46203610E+00     0.95573805E-01     0.10891010E+00      92     0.26666561E-01
-0.16800001E+02    -0.61814243E+00     0.11189097E+00     0.15000000E+02    -0.40129170E-01     0.45947304E+00     0.95239513E-01     0.10834254E+00      92     0.26666561E-01
-0.16700001E+02    -0.61410415E+00     0.11124963E+00     0.15000000E+02    -0.40585961E-01     0.46024579E+00     0.97199902E-01     0.10771108E+00      92     0.26666561E-01
-0.16600000E+02    -0.60932761E+00     0.11059780E+00     0.15000000E+02    -0.41077849E-01     0.45848218E+00     0.98238662E-01     0.10705960E+00      92     0.26666561E-01
-0.16500000E+02    -0.60444057E+00     0.10992891E+00     0.15000000E+02    -0.41562248E-01     0.45672214E+00     0.98877743E-01     0.10638888E+00      92     0.26666561E-01
-0.16400002E+02    -0.59886760E+00     0.10934529E+00     0.15000000E+02    -0.42011417E-01     0.45463893E+00     0.99138185E-01     0.10579772E+00      92     0.26666561E-01
-0.16300001E+02    -0.60144848E+00     0.10759321E+00     0.15000000E+02    -0.42849224E-01     0.45372352E+00     0.10108681E+00     0.10403957E+00      92     0.26666561E-01
-0.16200001E+02    -0.59637326E+00     0.10691414E+00     0.15000000E+02    -0.43312043E-01     0.45229614E+00     0.10171162E+00     0.10335483E+00      92     0.26666561E-01
-0.16000002E+02    -0.58571982E+00     0.10570240E+00     0.15000000E+02    -0.44204179E-01     0.45033571E+00     0.10363846E+00     0.10213858E+00      93     0.23817979E-01
-0.15900001E+02    -0.58105552E+00     0.10505025E+00     0.15000000E+02    -0.44661243E-01     0.44772881E+00     0.10500042E+00     0.10148337E+00      93     0.23817979E-01
-0.15800000E+02    -0.57885528E+00     0.10420979E+00     0.15000000E+02    -0.45118500E-01     0.44621691E+00     0.10737921E+00     0.10065487E+00      93     0.23817979E-01
-0.15700001E+02    -0.57393217E+00     0.10354947E+00     0.15000000E+02    -0.45595925E-01     0.44512469E+00     0.10836007E+00     0.99994011E-01      93     0.23817979E-01
-0.15600002E+02    -0.56889105E+00     0.10288487E+00     0.15000000E+02    -0.46043068E-01     0.44395640E+00     0.10901004E+00     0.99325612E-01      93     0.23817979E-01
-0.15500001E+02    -0.56913680E+00     0.10132533E+00     0.15000000E+02    -0.46791356E-01     0.44392127E+00     0.10951580E+00     0.97752586E-01      93     0.23817979E-01
-0.15400001E+02    -0.56517237E+00     0.10056650E+00     0.15000000E+02    -0.47252867E-01     0.44243696E+00     0.11156184E+00     0.96997671E-01      93     0.23817979E-01
-0.15300001E+02    -0.56159139E+00     0.99825233E-01     0.15000000E+02    -0.47688089E-01     0.44154933E+00     0.11340618E+00     0.96262336E-01      94     0.21205073E-01
-0.15200001E+02    -0.55487770E+00     0.99327981E-01     0.15000000E+02    -0.48100054E-01     0.44176474E+00     0.11319833E+00     0.95761269E-01      94     0.21205073E-01
-0.15100001E+02    -0.55283302E+00     0.98476827E-01     0.15000000E+02    -0.48522897E-01     0.43960845E+00     0.11590577E+00     0.94918661E-01      94     0.21205073E-01
-0.15000001E+02    -0.54671168E+00     0.97968772E-01     0.15000000E+02    -0.48910227E-01     0.43831080E+00     0.11617356E+00     0.94404027E-01      94     0.21205073E-01
-0.14900000E+02    -0.54220444E+00     0.97275078E-01     0.15000000E+02    -0.49325820E-01     0.43750572E+00     0.11743058E+00     0.93709216E-01      94     0.21205073E-01
-0.14800000E+02    -0.54638284E+00     0.95359243E-01     0.15000000E+02    -0.50143749E-01     0.43679485E+00     0.12075868E+00     0.91792509E-01      94     0.21205073E-01
-0.14700002E+02    -0.54356068E+00     0.94518118E-01     0.15000000E+02    -0.50543636E-01     0.43583903E+00     0.12262075E+00     0.90956524E-01      94     0.21205073E-01
-0.14600000E+02    -0.53986520E+00     0.93791425E-01     0.15000000E+02    -0.50937999E-01     0.43473232E+00     0.12450060E+00     0.90233579E-01      94     0.21205073E-01
-0.14500000E+02    -0.53535235E+00     0.93087979E-01     0.15000000E+02    -0.51352080E-01     0.43371174E+00     0.12630200E+00     0.89535274E-01      94     0.21205073E-01
-0.14400001E+02    -0.53112930E+00     0.92410289E-01     0.15000000E+02    -0.51757831E-01     0.43257165E+00     0.12831083E+00     0.88860996E-01      94     0.21205073E-01
-0.14100001E+02    -0.51545775E+00     0.90551794E-01     0.15000000E+02    -0.54366026E-01     0.42955169E+00     0.13556585E+00     0.87043725E-01      95     0.18808823E-01
-0.14000001E+02    -0.51452762E+00     0.89548536E-01     0.15000000E+02    -0.54710299E-01     0.42879823E+00     0.13839740E+00     0.86050749E-01      95     0.18808823E-01
-0.13900002E+02    -0.51240778E+00     0.88645346E-01     0.15000000E+02    -0.55046707E-01     0.42797440E+00     0.14100836E+00     0.85154690E-01      95     0.18808823E-01
-0.13800001E+02    -0.51015735E+00     0.87736689E-01     0.15000000E+02    -0.55383142E-01     0.42718777E+00     0.14411643E+00     0.84256947E-01      95     0.18808823E-01
-0.13700001E+02    -0.51840484E+00     0.85415855E-01     0.15000000E+02    -0.55981569E-01     0.42677036E+00     0.14742823E+00     0.81933737E-01      95     0.18808823E-01
-0.13600001E+02    -0.51751989E+00     0.84389843E-01     0.15000000E+02    -0.56325957E-01     0.42497063E+00     0.15080838E+00     0.80911033E-01      95     0.18808823E-01
-0.13400001E+02    -0.53618664E+00     0.80109842E-01     0.15000000E+02    -0.57256669E-01     0.42525211E+00     0.16363002E+00     0.76680243E-01      95     0.18808823E-01
-0.13300000E+02    -0.53792620E+00     0.78850552E-01     0.15000000E+02    -0.57580080E-01     0.42345670E+00     0.16870581E+00     0.75435899E-01      95     0.18808823E-01
-0.13200001E+02    -0.54135489E+00     0.77482283E-01     0.15000000E+02    -0.57906546E-01     0.42278764E+00     0.17370550E+00     0.74085735E-01      95     0.18808823E-01
-0.13100000E+02    -0.55598402E+00     0.74642077E-01     0.15000000E+02    -0.58500595E-01     0.42250624E+00     0.17958668E+00     0.71256369E-01      95     0.18808823E-01
-0.13000001E+02    -0.55913842E+00     0.73328346E-01     0.15000000E+02    -0.58805019E-01     0.42176408E+00     0.18514095E+00     0.69965243E-01      96     0.16611833E-01
-0.12900001E+02    -0.57521796E+00     0.70388004E-01     0.15000000E+02    -0.59387147E-01     0.42156446E+00     0.19105071E+00     0.67029417E-01      95     0.18808823E-01
-0.12800001E+02    -0.58154523E+00     0.68822980E-01     0.15000000E+02    -0.59686895E-01     0.42096689E+00     0.19700944E+00     0.65493032E-01      95     0.18808823E-01
-0.12700001E+02    -0.59836215E+00     0.65869875E-01     0.15000000E+02    -0.60254708E-01     0.42081645E+00     0.20263630E+00     0.62548727E-01      95     0.18808823E-01
-0.12600001E+02    -0.60300618E+00     0.64453155E-01     0.15000000E+02    -0.60551181E-01     0.42018306E+00     0.20826633E+00     0.61155241E-01      95     0.18808823E-01
-0.12500001E+02    -0.62104303E+00     0.61470445E-01     0.15000000E+02    -0.61096385E-01     0.41980395E+00     0.21353814E+00     0.58173455E-01      95     0.18808823E-01
-0.12400002E+02    -0.62707609E+00     0.59977606E-01     0.15000000E+02    -0.61366927E-01     0.41918650E+00     0.21873659E+00     0.56705981E-01      95     0.18808823E-01
-0.12300001E+02    -0.64355141E+00     0.57158489E-01     0.15000000E+02    -0.61901547E-01     0.41885743E+00     0.22358997E+00     0.53887345E-01      95     0.18808823E-01
-0.12200001E+02    -0.64815986E+00     0.55809062E-01     0.15000000E+02    -0.62152628E-01     0.41840705E+00     0.22761510E+00     0.52553196E-01      95     0.18808823E-01
-0.12100001E+02    -0.67038608E+00     0.52746069E-01     0.15000000E+02    -0.62431131E-01     0.41826859E+00     0.23186457E+00     0.49478237E-01      95     0.18808823E-01
-0.12000000E+02    -0.67429167E+00     0.51502388E-01     0.15000000E+02    -0.62667221E-01     0.41758579E+00     0.23547308E+00     0.48245795E-01      95     0.18808823E-01
-0.11900001E+02    -0.69152063E+00     0.48790757E-01     0.15000000E+02    -0.63126408E-01     0.41746211E+00     0.23915151E+00     0.45528352E-01      95     0.18808823E-01
-0.11800000E+02    -0.69505978E+00     0.47596365E-01     0.15000000E+02    -0.63339889E-01     0.41693851E+00     0.24215618E+00     0.44343308E-01      95     0.18808823E-01
-0.11700001E+02    -0.71195465E+00     0.45005806E-01     0.15000000E+02    -0.63761503E-01     0.41678932E+00     0.24536768E+00     0.41741967E-01      95     0.18808823E-01
-0.11600000E+02    -0.71517372E+00     0.43862186E-01     0.15000000E+02    -0.63959315E-01     0.41619638E+00     0.24799226E+00     0.40605873E-01      95     0.18808823E-01
-0.11500001E+02    -0.73434687E+00     0.41206237E-01     0.15000000E+02    -0.64321168E-01     0.41601345E+00     0.25065961E+00     0.37933491E-01      95     0.18808823E-01
-0.11400001E+02    -0.73488826E+00     0.40302962E-01     0.15000000E+02    -0.64509012E-01     0.41537049E+00     0.25318778E+00     0.37035603E-01      95     0.18808823E-01
-0.11300001E+02    -0.75707191E+00     0.37534922E-01     0.15000000E+02    -0.64793579E-01     0.41531298E+00     0.25548008E+00     0.34251239E-01      95     0.18808823E-01
-0.11200001E+02    -0.76044893E+00     0.36447436E-01     0.15000000E+02    -0.64943530E-01     0.41471064E+00     0.25754619E+00     0.33163801E-01      95     0.18808823E-01
-0.11100001E+02    -0.78103602E+00     0.33951376E-01     0.15000000E+02    -0.65146193E-01     0.41457176E+00     0.25950697E+00     0.30644394E-01      95     0.18808823E-01
-0.11000001E+02    -0.82065183E+00     0.30399289E-01     0.15000000E+02    -0.65012410E-01     0.41494992E+00     0.26308998E+00     0.27077463E-01      95     0.18808823E-01
-0.10900001E+02    -0.10414206E+01     0.83511602E-02     0.15000000E+02    -0.84718049E-01     0.41989821E+00     0.27159938E+00     0.45469869E-02      93     0.23817979E-01
-0.10800001E+02    -0.10277059E+01     0.82459897E-02     0.15000000E+02    -0.85500754E-01     0.41846752E+00     0.27355820E+00     0.44398550E-02      94     0.21205073E-01
-0.10700001E+02    -0.10140605E+01     0.81587434E-02     0.15000000E+02    -0.86223342E-01     0.41731083E+00     0.27543738E+00     0.43544415E-02      94     0.21205073E-01
-0.10600001E+02    -0.10003043E+01     0.80547724E-02     0.15000000E+02    -0.86996764E-01     0.41639489E+00     0.27715787E+00     0.42517446E-02      94     0.21205073E-01
-0.10500001E+02    -0.98635066E+00     0.79166722E-02     0.15000000E+02    -0.87875873E-01     0.41539276E+00     0.27980751E+00     0.41196374E-02      94     0.21205073E-01
-0.10400002E+02    -0.97262228E+00     0.78220842E-02     0.15000000E+02    -0.88616095E-01     0.41433123E+00     0.28249872E+00     0.40267687E-02      94     0.21205073E-01
-0.10300000E+02    -0.95906633E+00     0.77608516E-02     0.15000000E+02    -0.89253068E-01     0.41333821E+00     0.28377181E+00     0.39646858E-02      95     0.18808823E-01
-0.10200001E+02    -0.94546086E+00     0.76920432E-02     0.15000000E+02    -0.89913875E-01     0.41225150E+00     0.28499365E+00     0.38939216E-02      95     0.18808823E-01
-0.10100000E+02    -0.93188024E+00     0.76290211E-02     0.15000000E+02    -0.90556212E-01     0.41119945E+00     0.28608140E+00     0.38281968E-02      95     0.18808823E-01
-0.10000001E+02    -0.91836387E+00     0.75785182E-02     0.15000000E+02    -0.91160454E-01     0.41006437E+00     0.28705072E+00     0.37727698E-02      95     0.18808823E-01
-0.99000006E+01    -0.90470314E+00     0.75061810E-02     0.15000000E+02    -0.91830403E-01     0.40892410E+00     0.28936717E+00     0.37005269E-02      95     0.18808823E-01
-0.98000011E+01    -0.89115632E+00     0.74553657E-02     0.15000000E+02    -0.92434362E-01     0.40772942E+00     0.29099223E+00     0.36480261E-02      96     0.16611833E-01
-0.97000008E+01    -0.87747920E+00     0.73825000E-02     0.15000000E+02    -0.93107812E-01     0.40536433E+00     0.29281461E+00     0.35749499E-02      96     0.16611833E-01
-0.96000013E+01    -0.86394101E+00     0.73392619E-02     0.15000000E+02    -0.93686163E-01     0.40439376E+00     0.29353470E+00     0.35296408E-02      96     0.16611833E-01
-0.95000010E+01    -0.85040665E+00     0.72980155E-02     0.15000000E+02    -0.94258495E-01     0.40357783E+00     0.29428750E+00     0.34860768E-02      96     0.16611833E-01
-0.94000006E+01    -0.83690959E+00     0.72631566E-02     0.15000000E+02    -0.94811611E-01     0.40265137E+00     0.29497510E+00     0.34475301E-02      96     0.16611833E-01
-0.93000011E+01    -0.82343841E+00     0.72330772E-02     0.15000000E+02    -0.95350459E-01     0.40173861E+00     0.29563579E+00     0.34127031E-02      97     0.14598641E-01
-0.91999998E+01    -0.80998743E+00     0.72064348E-02     0.15000000E+02    -0.95878549E-01     0.40080148E+00     0.29628351E+00     0.33807636E-02      97     0.14598641E-01
-0.91000013E+01    -0.79655522E+00     0.71828892E-02     0.15000000E+02    -0.96397825E-01     0.39986020E+00     0.29692888E+00     0.33512807E-02      97     0.14598641E-01
-0.90000000E+01    -0.78307283E+00     0.71519315E-02     0.15000000E+02    -0.96940205E-01     0.39889365E+00     0.29828748E+00     0.33163987E-02      97     0.14598641E-01
-0.89000015E+01    -0.76943010E+00     0.70981225E-02     0.15000000E+02    -0.97552530E-01     0.39790744E+00     0.29995316E+00     0.32627112E-02      98     0.12755311E-01
-0.88000002E+01    -0.75594753E+00     0.70696804E-02     0.15000000E+02    -0.98086841E-01     0.39694035E+00     0.30054823E+00     0.32293543E-02      98     0.12755311E-01
-0.87000017E+01    -0.74246246E+00     0.70419274E-02     0.15000000E+02    -0.98618299E-01     0.39581621E+00     0.30110595E+00     0.31966439E-02      98     0.12755311E-01
-0.86000004E+01    -0.72888649E+00     0.70019974E-02     0.15000000E+02    -0.99186383E-01     0.39471069E+00     0.30215484E+00     0.31553092E-02      98     0.12755311E-01
-0.85000019E+01    -0.71542370E+00     0.69801821E-02     0.15000000E+02    -0.99698320E-01     0.39362046E+00     0.30262294E+00     0.31283831E-02      98     0.12755311E-01
-0.84000006E+01    -0.70195585E+00     0.69583594E-02     0.15000000E+02    -0.10020947E+00     0.39254454E+00     0.30316168E+00     0.31022269E-02      99     0.11069483E-01
-0.83000011E+01    -0.68842411E+00     0.69291596E-02     0.15000000E+02    -0.10074132E+00     0.39183092E+00     0.30423146E+00     0.30716772E-02      99     0.11069483E-01
-0.82000008E+01    -0.67501247E+00     0.69148955E-02     0.15000000E+02    -0.10122994E+00     0.39024913E+00     0.30471519E+00     0.30504623E-02      99     0.11069483E-01
-0.81000013E+01    -0.66157162E+00     0.68984460E-02     0.15000000E+02    -0.10172301E+00     0.38944075E+00     0.30574003E+00     0.30288473E-02      99     0.11069483E-01
-0.80000010E+01    -0.64809459E+00     0.68773990E-02     0.15000000E+02    -0.10223063E+00     0.38861591E+00     0.30629432E+00     0.30032885E-02     100     0.95301569E-02
-0.79000001E+01    -0.63462961E+00     0.68580932E-02     0.15000000E+02    -0.10273351E+00     0.38772404E+00     0.30683002E+00     0.29789475E-02     100     0.95301569E-02
-0.78000011E+01    -0.62116504E+00     0.68391645E-02     0.15000000E+02    -0.10323447E+00     0.38688082E+00     0.30733851E+00     0.29549855E-02     100     0.95301569E-02
-0.77000003E+01    -0.60770601E+00     0.68213274E-02     0.15000000E+02    -0.10373231E+00     0.38601047E+00     0.30781129E+00     0.29316836E-02     100     0.95301569E-02
-0.76000009E+01    -0.59424180E+00     0.68027265E-02     0.15000000E+02    -0.10423233E+00     0.38508251E+00     0.30829924E+00     0.29078717E-02     100     0.95301569E-02
-0.75000005E+01    -0.58066326E+00     0.67697726E-02     0.15000000E+02    -0.10477586E+00     0.38408783E+00     0.30934685E+00     0.28738105E-02     101     0.81278561E-02
-0.74000010E+01    -0.56720114E+00     0.67534642E-02     0.15000000E+02    -0.10526692E+00     0.38311422E+00     0.30975741E+00     0.28525428E-02     101     0.81278561E-02
-0.73000002E+01    -0.55365241E+00     0.67262603E-02     0.15000000E+02    -0.10579042E+00     0.38216096E+00     0.31080288E+00     0.28241640E-02     101     0.81278561E-02
-0.72000012E+01    -0.54021055E+00     0.67137382E-02     0.15000000E+02    -0.10626800E+00     0.38110822E+00     0.31119138E+00     0.28063869E-02     101     0.81278561E-02
-0.71000004E+01    -0.52674884E+00     0.66985562E-02     0.15000000E+02    -0.10675310E+00     0.37967098E+00     0.31189263E+00     0.27872790E-02     102     0.68541314E-02
-0.70000014E+01    -0.51328629E+00     0.66846972E-02     0.15000000E+02    -0.10723193E+00     0.37895986E+00     0.31269395E+00     0.27702963E-02     102     0.68541314E-02
-0.69000006E+01    -0.49987924E+00     0.66777989E-02     0.15000000E+02    -0.10768932E+00     0.37821308E+00     0.31302243E+00     0.27577472E-02     102     0.68541314E-02
-0.68000016E+01    -0.48643494E+00     0.66658584E-02     0.15000000E+02    -0.10816222E+00     0.37744927E+00     0.31389970E+00     0.27402784E-02     102     0.68541314E-02
-0.67000008E+01    -0.47296494E+00     0.66514909E-02     0.15000000E+02    -0.10864218E+00     0.37670368E+00     0.31434086E+00     0.27216943E-02     102     0.68541314E-02
-0.66000018E+01    -0.45951122E+00     0.66388077E-02     0.15000000E+02    -0.10911731E+00     0.37590960E+00     0.31476271E+00     0.27041291E-02     103     0.57018539E-02
-0.65000010E+01    -0.44606698E+00     0.66271378E-02     0.15000000E+02    -0.10958904E+00     0.37509972E+00     0.31520718E+00     0.26873313E-02     103     0.57018539E-02
-0.64000001E+01    -0.43252218E+00     0.66033993E-02     0.15000000E+02    -0.11009825E+00     0.37431088E+00     0.31623000E+00     0.26625418E-02     103     0.57018539E-02
-0.63000011E+01    -0.41908240E+00     0.65926192E-02     0.15000000E+02    -0.11056642E+00     0.37350085E+00     0.31659448E+00     0.26465775E-02     103     0.57018539E-02
-0.62000003E+01    -0.40563917E+00     0.65817935E-02     0.15000000E+02    -0.11103364E+00     0.37259400E+00     0.31694728E+00     0.26304130E-02     104     0.46647848E-02
-0.61000009E+01    -0.39210764E+00     0.65606073E-02     0.15000000E+02    -0.11153243E+00     0.37171137E+00     0.31786099E+00     0.26083584E-02     104     0.46647848E-02
-0.60000000E+01    -0.37861052E+00     0.65440512E-02     0.15000000E+02    -0.11201532E+00     0.37077841E+00     0.31869388E+00     0.25898539E-02     104     0.46647848E-02
-0.59000010E+01    -0.36514309E+00     0.65312809E-02     0.15000000E+02    -0.11248548E+00     0.36984891E+00     0.31950498E+00     0.25744173E-02     104     0.46647848E-02
-0.58000002E+01    -0.35171798E+00     0.65234369E-02     0.15000000E+02    -0.11293918E+00     0.36842388E+00     0.32026398E+00     0.25629676E-02     105     0.37378250E-02
-0.57000012E+01    -0.33829099E+00     0.65176911E-02     0.15000000E+02    -0.11338171E+00     0.36840603E+00     0.32087874E+00     0.25549349E-02     105     0.37378250E-02
-0.56000004E+01    -0.32493213E+00     0.65176887E-02     0.15000000E+02    -0.11380925E+00     0.36712709E+00     0.32107869E+00     0.25478369E-02     105     0.37378250E-02
-0.55000014E+01    -0.31151929E+00     0.65126074E-02     0.15000000E+02    -0.11425044E+00     0.36648294E+00     0.32174039E+00     0.25363248E-02     105     0.37378250E-02
-0.54000006E+01    -0.29806593E+00     0.65026232E-02     0.15000000E+02    -0.11470763E+00     0.36573905E+00     0.32215032E+00     0.25224122E-02     106     0.29167181E-02
-0.53000016E+01    -0.28458047E+00     0.64889085E-02     0.15000000E+02    -0.11517626E+00     0.36503059E+00     0.32285526E+00     0.25064987E-02     106     0.29167181E-02
-0.52000008E+01    -0.27114204E+00     0.64805085E-02     0.15000000E+02    -0.11562773E+00     0.36431015E+00     0.32328904E+00     0.24941536E-02     106     0.29167181E-02
-0.51000013E+01    -0.25771978E+00     0.64736339E-02     0.15000000E+02    -0.11607388E+00     0.36358362E+00     0.32366183E+00     0.24826936E-02     106     0.29167181E-02
-0.50000010E+01    -0.24430311E+00     0.64674327E-02     0.15000000E+02    -0.11651804E+00     0.36284888E+00     0.32402882E+00     0.24717031E-02     107     0.21980663E-02
-0.49000015E+01    -0.23089182E+00     0.64617549E-02     0.15000000E+02    -0.11695907E+00     0.36207682E+00     0.32438439E+00     0.24611405E-02     107     0.21980663E-02
-0.48000007E+01    -0.21748184E+00     0.64564878E-02     0.15000000E+02    -0.11739785E+00     0.36127374E+00     0.32470989E+00     0.24510953E-02     107     0.21980663E-02
-0.47000003E+01    -0.20405580E+00     0.64496314E-02     0.15000000E+02    -0.11784028E+00     0.36044186E+00     0.32507068E+00     0.24403655E-02     107     0.21980663E-02
-0.46000009E+01    -0.19064386E+00     0.64444211E-02     0.15000000E+02    -0.11827608E+00     0.35957921E+00     0.32537362E+00     0.24308800E-02     108     0.15796433E-02
-0.45000000E+01    -0.17722273E+00     0.64386292E-02     0.15000000E+02    -0.11871244E+00     0.35875314E+00     0.32570657E+00     0.24214410E-02     108     0.15796433E-02
-0.44000010E+01    -0.16380842E+00     0.64336802E-02     0.15000000E+02    -0.11914513E+00     0.35790545E+00     0.32602310E+00     0.24126885E-02     108     0.15796433E-02
-0.43000002E+01    -0.15036932E+00     0.64268815E-02     0.15000000E+02    -0.11957984E+00     0.35734856E+00     0.32631055E+00     0.24045077E-02     108     0.15796433E-02
-0.42000012E+01    -0.13696958E+00     0.64232084E-02     0.15000000E+02    -0.12000647E+00     0.35623291E+00     0.32662562E+00     0.23965882E-02     108     0.15796433E-02
-0.41000004E+01    -0.12356788E+00     0.64197183E-02     0.15000000E+02    -0.12043043E+00     0.35559413E+00     0.32691461E+00     0.23895083E-02     109     0.10605047E-02
-0.40000014E+01    -0.11017471E+00     0.64169699E-02     0.15000000E+02    -0.12085149E+00     0.35496220E+00     0.32721874E+00     0.23830212E-02     109     0.10605047E-02
-0.39000006E+01    -0.96797220E-01     0.64154877E-02     0.15000000E+02    -0.12126806E+00     0.35430363E+00     0.32752791E+00     0.23773564E-02     109     0.10605047E-02
-0.38000014E+01    -0.83434485E-01     0.64153965E-02     0.15000000E+02    -0.12167966E+00     0.35362342E+00     0.32781199E+00     0.23725107E-02     109     0.10605047E-02
-0.37000005E+01    -0.70082739E-01     0.64160968E-02     0.15000000E+02    -0.12208777E+00     0.35298952E+00     0.32809108E+00     0.23681922E-02     110     0.64034248E-03
-0.36000016E+01    -0.56750879E-01     0.64184880E-02     0.15000000E+02    -0.12249040E+00     0.35230565E+00     0.32838956E+00     0.23649554E-02     110     0.64034248E-03
-0.35000007E+01    -0.43433420E-01     0.64221369E-02     0.15000000E+02    -0.12288788E+00     0.35161468E+00     0.32862324E+00     0.23625377E-02     110     0.64034248E-03
-0.34000015E+01    -0.30142313E-01     0.64282096E-02     0.15000000E+02    -0.12327603E+00     0.35088861E+00     0.32904407E+00     0.23623882E-02     110     0.64034248E-03
-0.33000009E+01    -0.16849393E-01     0.64342264E-02     0.15000000E+02    -0.12366288E+00     0.35016108E+00     0.32922950E+00     0.23619751E-02     111     0.32030090E-03
-0.32000017E+01    -0.35568161E-02     0.64402618E-02     0.15000000E+02    -0.12404812E+00     0.34938315E+00     0.32938167E+00     0.23591388E-02     111     0.32030090E-03
-0.31000009E+01     0.98339636E-02     0.64365263E-02     0.15000000E+02    -0.12446427E+00     0.34864005E+00     0.32985237E+00     0.23525232E-02     111     0.32030090E-03
-0.30000000E+01     0.23214476E-01     0.64337952E-02     0.15000000E+02    -0.12487580E+00     0.34784183E+00     0.33027402E+00     0.23466931E-02     111     0.32030090E-03
-0.29000010E+01     0.36591947E-01     0.64311903E-02     0.15000000E+02    -0.12528570E+00     0.34708521E+00     0.33070141E+00     0.23412132E-02     112     0.10796922E-03
-0.28000002E+01     0.49992163E-01     0.64267092E-02     0.15000000E+02    -0.12569849E+00     0.34609181E+00     0.33113211E+00     0.23358352E-02     112     0.10796922E-03
-0.27000012E+01     0.63388512E-01     0.64227791E-02     0.15000000E+02    -0.12610853E+00     0.34554854E+00     0.33155358E+00     0.23304797E-02     112     0.10796922E-03
-0.26000004E+01     0.76763630E-01     0.64202989E-02     0.15000000E+02    -0.12651344E+00     0.34496835E+00     0.33192155E+00     0.23259916E-02     112     0.10796922E-03
-0.25000012E+01     0.90134956E-01     0.64179180E-02     0.15000000E+02    -0.12691742E+00     0.34435821E+00     0.33231264E+00     0.23216605E-02     112     0.10796922E-03
-0.24000003E+01     0.10349874E+00     0.64163432E-02     0.15000000E+02    -0.12731776E+00     0.34375197E+00     0.33266598E+00     0.23178011E-02     113     0.97485645E-05
-0.23000014E+01     0.11684689E+00     0.64156125E-02     0.15000000E+02    -0.12771475E+00     0.34314823E+00     0.33304220E+00     0.23147198E-02     113     0.97485645E-05
-0.22000005E+01     0.13018250E+00     0.64158705E-02     0.15000000E+02    -0.12810768E+00     0.34255165E+00     0.33337319E+00     0.23121205E-02     113     0.97485645E-05
-0.21000013E+01     0.14349563E+00     0.64176060E-02     0.15000000E+02    -0.12849595E+00     0.34190127E+00     0.33373138E+00     0.23104153E-02     113     0.97485645E-05
-0.20000007E+01     0.15680249E+00     0.64201085E-02     0.15000000E+02    -0.12887983E+00     0.34131280E+00     0.33402830E+00     0.23092641E-02     114     0.15062575E-04
-0.19000015E+01     0.17009276E+00     0.64235376E-02     0.15000000E+02    -0.12926021E+00     0.34065133E+00     0.33436930E+00     0.23086783E-02     114     0.15062575E-04
-0.18000008E+01     0.18337840E+00     0.64273528E-02     0.15000000E+02    -0.12963776E+00     0.33997673E+00     0.33468881E+00     0.23084804E-02     114     0.15062575E-04
-0.17000016E+01     0.19666246E+00     0.64312993E-02     0.15000000E+02    -0.13001311E+00     0.33926883E+00     0.33502841E+00     0.23085689E-02     114     0.15062575E-04
-0.16000009E+01     0.20994319E+00     0.64354818E-02     0.15000000E+02    -0.13038585E+00     0.33856717E+00     0.33532840E+00     0.23089945E-02     114     0.15062575E-04
-0.15000000E+01     0.22321811E+00     0.64399326E-02     0.15000000E+02    -0.13075617E+00     0.33782575E+00     0.33565903E+00     0.23099189E-02     115     0.11537309E-03
-0.14000009E+01     0.23643029E+00     0.64489157E-02     0.15000000E+02    -0.13111360E+00     0.33639812E+00     0.33595034E+00     0.23138402E-02     115     0.11537309E-03
-0.13000002E+01     0.24975860E+00     0.64489027E-02     0.15000000E+02    -0.13149166E+00     0.33597830E+00     0.33650345E+00     0.23134705E-02     115     0.11537309E-03
-0.12000011E+01     0.26304761E+00     0.64523499E-02     0.15000000E+02    -0.13185772E+00     0.33550900E+00     0.33678547E+00     0.23147780E-02     115     0.11537309E-03
-0.11000003E+01     0.27631149E+00     0.64573763E-02     0.15000000E+02    -0.13221803E+00     0.33498812E+00     0.33704412E+00     0.23170323E-02     115     0.11537309E-03
-0.10000012E+01     0.28955746E+00     0.64637903E-02     0.15000000E+02    -0.13257276E+00     0.33442673E+00     0.33726603E+00     0.23201955E-02     116     0.30344969E-03
-0.90000039E+00     0.30278397E+00     0.64715878E-02     0.15000000E+02    -0.13292168E+00     0.33391818E+00     0.33745891E+00     0.23244265E-02     116     0.30344969E-03
-0.80000126E+00     0.31601465E+00     0.64783501E-02     0.15000000E+02    -0.13327400E+00     0.33332980E+00     0.33772793E+00     0.23254585E-02     116     0.30344969E-03
-0.70000046E+00     0.32929155E+00     0.64808428E-02     0.15000000E+02    -0.13363968E+00     0.33277351E+00     0.33822617E+00     0.23261574E-02     116     0.30344969E-03
-0.60000139E+00     0.34255084E+00     0.64843912E-02     0.15000000E+02    -0.13400155E+00     0.33220926E+00     0.33866861E+00     0.23275935E-02     116     0.30344969E-03
-0.50000060E+00     0.35578483E+00     0.64894087E-02     0.15000000E+02    -0.13435839E+00     0.33160579E+00     0.33911201E+00     0.23299991E-02     117     0.58610301E-03
-0.40000150E+00     0.36901128E+00     0.64950138E-02     0.15000000E+02    -0.13471159E+00     0.33101434E+00     0.33954620E+00     0.23328136E-02     117     0.58610301E-03
-0.30000070E+00     0.38222781E+00     0.65010372E-02     0.15000000E+02    -0.13506228E+00     0.33042282E+00     0.33997604E+00     0.23360755E-02     117     0.58610301E-03
-0.20000160E+00     0.39543778E+00     0.65073157E-02     0.15000000E+02    -0.13541056E+00     0.32980502E+00     0.34038854E+00     0.23395889E-02     117     0.58610301E-03
-0.10000080E+00     0.40864471E+00     0.65135267E-02     0.15000000E+02    -0.13575788E+00     0.32912251E+00     0.34079260E+00     0.23432374E-02     117     0.58610301E-03
 0.00000000E+00     0.42185771E+00     0.65191719E-02     0.15000000E+02    -0.13610440E+00     0.32845494E+00     0.34117469E+00     0.23469548E-02     118     0.97300706E-03
 0.99999093E-01     0.43499422E+00     0.65298965E-02     0.15000000E+02    -0.13643645E+00     0.32711464E+00     0.34151888E+00     0.23526875E-02     118     0.97300706E-03
 0.19999990E+00     0.44819719E+00     0.65358086E-02     0.15000000E+02    -0.13677911E+00     0.32645437E+00     0.34189591E+00     0.23569693E-02     118     0.97300706E-03
 0.29999900E+00     0.46144137E+00     0.65386151E-02     0.15000000E+02    -0.13712730E+00     0.32594264E+00     0.34225512E+00     0.23610573E-02     118     0.97300706E-03
 0.39999980E+00     0.47468659E+00     0.65412959E-02     0.15000000E+02    -0.13747342E+00     0.32552081E+00     0.34259632E+00     0.23638862E-02     118     0.97300706E-03
 0.49999887E+00     0.48790383E+00     0.65455600E-02     0.15000000E+02    -0.13781370E+00     0.32505006E+00     0.34294537E+00     0.23678020E-02     119     0.14674140E-02
 0.59999967E+00     0.50112295E+00     0.65491325E-02     0.15000000E+02    -0.13815573E+00     0.32453009E+00     0.34358659E+00     0.23716977E-02     119     0.14674140E-02
 0.69999880E+00     0.51430207E+00     0.65559214E-02     0.15000000E+02    -0.13848536E+00     0.32404494E+00     0.34393486E+00     0.23772581E-02     119     0.14674140E-02
 0.79999959E+00     0.52745873E+00     0.65638954E-02     0.15000000E+02    -0.13880995E+00     0.32353860E+00     0.34424695E+00     0.23834803E-02     119     0.14674140E-02
 0.89999866E+00     0.54059190E+00     0.65733157E-02     0.15000000E+02    -0.13912849E+00     0.32299030E+00     0.34457719E+00     0.23907018E-02     119     0.14674140E-02
 0.99999946E+00     0.55371064E+00     0.65835454E-02     0.15000000E+02    -0.13944316E+00     0.32246584E+00     0.34489405E+00     0.23984620E-02     119     0.14674140E-02
 0.10999986E+01     0.56680286E+00     0.65953522E-02     0.15000000E+02    -0.13975127E+00     0.32192105E+00     0.34518790E+00     0.24072640E-02     120     0.20708691E-02
 0.11999993E+01     0.57986826E+00     0.66087474E-02     0.15000000E+02    -0.14005275E+00     0.32136515E+00     0.34545907E+00     0.24169753E-02     120     0.20708691E-02
 0.12999984E+01     0.59290791E+00     0.66236821E-02     0.15000000E+02    -0.14034787E+00     0.32080266E+00     0.34570092E+00     0.24276478E-02     120     0.20708691E-02
 0.13999993E+01     0.60592973E+00     0.66396552E-02     0.15000000E+02    -0.14063787E+00     0.32020935E+00     0.34588584E+00     0.24389317E-02     120     0.20708691E-02
 0.14999983E+01     0.61890984E+00     0.66570686E-02     0.15000000E+02    -0.14092678E+00     0.31909412E+00     0.34630430E+00     0.24483125E-02     120     0.20708691E-02
 0.15999992E+01     0.63199627E+00     0.66669853E-02     0.15000000E+02    -0.14123447E+00     0.31843835E+00     0.34681475E+00     0.24565258E-02     121     0.27848454E-02
 0.16999999E+01     0.64508444E+00     0.66767740E-02     0.15000000E+02    -0.14154020E+00     0.31777838E+00     0.34729341E+00     0.24649752E-02     121     0.27848454E-02
 0.17999990E+01     0.65816206E+00     0.66865440E-02     0.15000000E+02    -0.14184467E+00     0.31710604E+00     0.34774965E+00     0.24735280E-02     121     0.27848454E-02
 0.18999999E+01     0.67123467E+00     0.66965693E-02     0.15000000E+02    -0.14214614E+00     0.31645125E+00     0.34821340E+00     0.24824315E-02     121     0.27848454E-02
 0.19999989E+01     0.68435860E+00     0.67027016E-02     0.15000000E+02    -0.14245558E+00     0.31596813E+00     0.34864229E+00     0.24908553E-02     121     0.27848454E-02
 0.20999997E+01     0.69749391E+00     0.67075831E-02     0.15000000E+02    -0.14276685E+00     0.31559756E+00     0.34908271E+00     0.24974761E-02     122     0.36099148E-02
 0.21999989E+01     0.71059942E+00     0.67142788E-02     0.15000000E+02    -0.14307132E+00     0.31514263E+00     0.34947884E+00     0.25050840E-02     122     0.36099148E-02
 0.22999997E+01     0.72368699E+00     0.67218482E-02     0.15000000E+02    -0.14337200E+00     0.31466573E+00     0.34989375E+00     0.25133942E-02     122     0.36099148E-02
 0.23999987E+01     0.73675972E+00     0.67298980E-02     0.15000000E+02    -0.14366947E+00     0.31422028E+00     0.35029516E+00     0.25221277E-02     122     0.36099148E-02
 0.24999995E+01     0.74980623E+00     0.67395889E-02     0.15000000E+02    -0.14395989E+00     0.31372806E+00     0.35068488E+00     0.25318549E-02     122     0.36099148E-02
 0.25999987E+01     0.76285827E+00     0.67479848E-02     0.15000000E+02    -0.14425422E+00     0.31323081E+00     0.35138273E+00     0.25415448E-02     123     0.45458898E-02
 0.26999993E+01     0.77576238E+00     0.67660864E-02     0.15000000E+02    -0.14451769E+00     0.31225184E+00     0.35175338E+00     0.25557186E-02     123     0.45458898E-02
 0.27999985E+01     0.78871471E+00     0.67809601E-02     0.15000000E+02    -0.14478658E+00     0.31170303E+00     0.35211396E+00     0.25685816E-02     123     0.45458898E-02
 0.28999994E+01     0.80165255E+00     0.67962264E-02     0.15000000E+02    -0.14505281E+00     0.31119114E+00     0.35249019E+00     0.25818166E-02     123     0.45458898E-02
 0.29999983E+01     0.81456637E+00     0.68128607E-02     0.15000000E+02    -0.14531246E+00     0.31064221E+00     0.35284537E+00     0.25958945E-02     123     0.45458898E-02
 0.30999992E+01     0.82746375E+00     0.68298224E-02     0.15000000E+02    -0.14556891E+00     0.31009290E+00     0.35317978E+00     0.26102345E-02     123     0.45458898E-02
 0.31999984E+01     0.84035194E+00     0.68472712E-02     0.15000000E+02    -0.14582147E+00     0.30948785E+00     0.35352919E+00     0.26250496E-02     124     0.55926382E-02
 0.32999990E+01     0.85323530E+00     0.68645575E-02     0.15000000E+02    -0.14607155E+00     0.30890724E+00     0.35381171E+00     0.26397966E-02     124     0.55926382E-02
 0.33999999E+01     0.86610198E+00     0.68826876E-02     0.15000000E+02    -0.14631659E+00     0.30826402E+00     0.35410586E+00     0.26552393E-02     124     0.55926382E-02
 0.34999990E+01     0.87895560E+00     0.69010584E-02     0.15000000E+02    -0.14655846E+00     0.30763036E+00     0.35434952E+00     0.26709754E-02     124     0.55926382E-02
 0.35999999E+01     0.89181077E+00     0.69189691E-02     0.15000000E+02    -0.14680012E+00     0.30698118E+00     0.35463822E+00     0.26847478E-02     124     0.55926382E-02
 0.36999989E+01     0.90472347E+00     0.69321743E-02     0.15000000E+02    -0.14705637E+00     0.30639994E+00     0.35514179E+00     0.26997761E-02     125     0.67499871E-02
 0.37999997E+01     0.91772211E+00     0.69395979E-02     0.15000000E+02    -0.14732622E+00     0.30607358E+00     0.35567555E+00     0.27099471E-02     125     0.67499871E-02
 0.38999987E+01     0.93067807E+00     0.69491663E-02     0.15000000E+02    -0.14758833E+00     0.30567938E+00     0.35615534E+00     0.27214084E-02     125     0.67499871E-02
 0.39999995E+01     0.94360828E+00     0.69600199E-02     0.15000000E+02    -0.14784455E+00     0.30526656E+00     0.35667470E+00     0.27339985E-02     125     0.67499871E-02
 0.40999985E+01     0.95644522E+00     0.69760676E-02     0.15000000E+02    -0.14808430E+00     0.30435526E+00     0.35715592E+00     0.27491236E-02     125     0.67499871E-02
 0.41999993E+01     0.96932703E+00     0.69891280E-02     0.15000000E+02    -0.14832996E+00     0.30391672E+00     0.35761446E+00     0.27634599E-02     126     0.80180895E-02
 0.42999988E+01     0.98217094E+00     0.70038363E-02     0.15000000E+02    -0.14856882E+00     0.30342114E+00     0.35804793E+00     0.27787960E-02     126     0.80180895E-02
 0.43999991E+01     0.99500191E+00     0.70188777E-02     0.15000000E+02    -0.14880474E+00     0.30295369E+00     0.35849002E+00     0.27944627E-02     126     0.80180895E-02
 0.44999986E+01     0.10078001E+01     0.70354571E-02     0.15000000E+02    -0.14903396E+00     0.30244303E+00     0.35894221E+00     0.28111525E-02     126     0.80180895E-02
 0.45999994E+01     0.10205956E+01     0.70514660E-02     0.15000000E+02    -0.14926445E+00     0.30192423E+00     0.35967952E+00     0.28281375E-02     126     0.80180895E-02
 0.47000003E+01     0.10333403E+01     0.70703328E-02     0.15000000E+02    -0.14948148E+00     0.30143666E+00     0.36009222E+00     0.28464021E-02     127     0.93974452E-02
 0.47999973E+01     0.10460498E+01     0.70908610E-02     0.15000000E+02    -0.14969078E+00     0.30091059E+00     0.36047500E+00     0.28654854E-02     127     0.93974452E-02
 0.48999982E+01     0.10587527E+01     0.71113054E-02     0.15000000E+02    -0.14989732E+00     0.30038753E+00     0.36086318E+00     0.28846692E-02     127     0.93974452E-02
 0.49999990E+01     0.10713062E+01     0.71400586E-02     0.15000000E+02    -0.15007687E+00     0.29925808E+00     0.36126786E+00     0.29082885E-02     127     0.93974452E-02
 0.50999999E+01     0.10839905E+01     0.71606110E-02     0.15000000E+02    -0.15027745E+00     0.29867345E+00     0.36162144E+00     0.29277978E-02     127     0.93974452E-02
 0.52000008E+01     0.10966678E+01     0.71810721E-02     0.15000000E+02    -0.15047565E+00     0.29807925E+00     0.36202803E+00     0.29474413E-02     127     0.93974452E-02
 0.52999978E+01     0.11093148E+01     0.72026425E-02     0.15000000E+02    -0.15066719E+00     0.29743186E+00     0.36236644E+00     0.29678731E-02     128     0.10889112E-01
 0.53999987E+01     0.11219848E+01     0.72224005E-02     0.15000000E+02    -0.15086137E+00     0.29688963E+00     0.36269304E+00     0.29889704E-02     128     0.10889112E-01
 0.54999995E+01     0.11347336E+01     0.72369450E-02     0.15000000E+02    -0.15106741E+00     0.29654726E+00     0.36298051E+00     0.30051274E-02     128     0.10889112E-01
 0.56000004E+01     0.11473436E+01     0.72588813E-02     0.15000000E+02    -0.15124835E+00     0.29551756E+00     0.36321178E+00     0.30249865E-02     128     0.10889112E-01
 0.56999979E+01     0.11594993E+01     0.73056826E-02     0.15000000E+02    -0.15135573E+00     0.29292122E+00     0.36368993E+00     0.30581150E-02     128     0.10889112E-01
 0.57999988E+01     0.11720788E+01     0.73279324E-02     0.15000000E+02    -0.15153477E+00     0.29236224E+00     0.36428368E+00     0.30802023E-02     129     0.12494802E-01
 0.58999996E+01     0.11838272E+01     0.73965755E-02     0.15000000E+02    -0.15157002E+00     0.28913745E+00     0.36479199E+00     0.31289551E-02     129     0.12494802E-01
 0.60000000E+01     0.11962203E+01     0.74277245E-02     0.15000000E+02    -0.15171562E+00     0.28772673E+00     0.36533228E+00     0.31563113E-02     129     0.12494802E-01
 0.60999975E+01     0.12087693E+01     0.74494751E-02     0.15000000E+02    -0.15188724E+00     0.28653345E+00     0.36585158E+00     0.31783185E-02     129     0.12494802E-01
 0.61999984E+01     0.12213547E+01     0.74684499E-02     0.15000000E+02    -0.15206425E+00     0.28600839E+00     0.36637652E+00     0.31990916E-02     129     0.12494802E-01
 0.62999992E+01     0.12339083E+01     0.74889264E-02     0.15000000E+02    -0.15223403E+00     0.28543219E+00     0.36685458E+00     0.32211617E-02     130     0.14216917E-01
 0.64000001E+01     0.12458667E+01     0.75413971E-02     0.15000000E+02    -0.15230298E+00     0.28309217E+00     0.36731851E+00     0.32626181E-02     130     0.14216917E-01
 0.65000010E+01     0.12583014E+01     0.75665601E-02     0.15000000E+02    -0.15245426E+00     0.28244179E+00     0.36814973E+00     0.32886327E-02     130     0.14216917E-01
 0.65999980E+01     0.12704118E+01     0.76091252E-02     0.15000000E+02    -0.15254559E+00     0.28107187E+00     0.36858046E+00     0.33244165E-02     130     0.14216917E-01
 0.66999989E+01     0.12827758E+01     0.76371953E-02     0.15000000E+02    -0.15267813E+00     0.28035197E+00     0.36901832E+00     0.33516092E-02     130     0.14216917E-01
 0.67999997E+01     0.12948662E+01     0.76791439E-02     0.15000000E+02    -0.15276334E+00     0.27841842E+00     0.36945292E+00     0.33870111E-02     131     0.16058823E-01
 0.69000006E+01     0.13071207E+01     0.77113626E-02     0.15000000E+02    -0.15287495E+00     0.27689445E+00     0.36986765E+00     0.34162709E-02     131     0.16058823E-01
 0.69999981E+01     0.13194650E+01     0.77379313E-02     0.15000000E+02    -0.15300170E+00     0.27618465E+00     0.37029704E+00     0.34427517E-02     131     0.16058823E-01
 0.70999990E+01     0.13314353E+01     0.77838376E-02     0.15000000E+02    -0.15306261E+00     0.27451843E+00     0.37071079E+00     0.34818137E-02     131     0.16058823E-01
 0.71999998E+01     0.13435965E+01     0.78186747E-02     0.15000000E+02    -0.15315484E+00     0.27371651E+00     0.37108612E+00     0.35138847E-02     131     0.16058823E-01
 0.73000002E+01     0.13548813E+01     0.78985738E-02     0.15000000E+02    -0.15309656E+00     0.27065498E+00     0.37145615E+00     0.35750400E-02     131     0.16058823E-01
 0.73999977E+01     0.13668237E+01     0.79431608E-02     0.15000000E+02    -0.15314738E+00     0.26870278E+00     0.37179893E+00     0.36121025E-02     132     0.18024575E-01
 0.74999986E+01     0.13789797E+01     0.79754423E-02     0.15000000E+02    -0.15323514E+00     0.26781312E+00     0.37209734E+00     0.36427500E-02     132     0.18024575E-01
 0.75999994E+01     0.13902614E+01     0.80520501E-02     0.15000000E+02    -0.15317233E+00     0.26477927E+00     0.37243843E+00     0.37019025E-02     132     0.18024575E-01
 0.77000003E+01     0.14016973E+01     0.81192516E-02     0.15000000E+02    -0.15313785E+00     0.26262131E+00     0.37301007E+00     0.37571010E-02     132     0.18024575E-01
 0.77999973E+01     0.14129472E+01     0.81942026E-02     0.15000000E+02    -0.15307178E+00     0.25887427E+00     0.37359288E+00     0.38152547E-02     132     0.18024575E-01
 0.78999982E+01     0.14249035E+01     0.82319360E-02     0.15000000E+02    -0.15312542E+00     0.25778779E+00     0.37417653E+00     0.38518202E-02     133     0.20119486E-01
 0.79999990E+01     0.14357945E+01     0.83218152E-02     0.15000000E+02    -0.15299536E+00     0.25472927E+00     0.37470883E+00     0.39247079E-02     133     0.20119486E-01
 0.81000004E+01     0.14474750E+01     0.83705783E-02     0.15000000E+02    -0.15299883E+00     0.25344428E+00     0.37528622E+00     0.39695394E-02     133     0.20119486E-01
 0.82000008E+01     0.14592227E+01     0.84143635E-02     0.15000000E+02    -0.15301380E+00     0.25204471E+00     0.37577477E+00     0.40074391E-02     133     0.20119486E-01
 0.82999983E+01     0.14709959E+01     0.84555941E-02     0.15000000E+02    -0.15303247E+00     0.25067046E+00     0.37629169E+00     0.40471037E-02     133     0.20119486E-01
 0.83999987E+01     0.14826982E+01     0.84989881E-02     0.15000000E+02    -0.15304103E+00     0.24930353E+00     0.37720060E+00     0.40901750E-02     133     0.20119486E-01
 0.85000000E+01     0.14941674E+01     0.85525392E-02     0.15000000E+02    -0.15300514E+00     0.24784209E+00     0.37768003E+00     0.41396478E-02     134     0.22349956E-01
 0.86000004E+01     0.15042521E+01     0.86700907E-02     0.15000000E+02    -0.15273011E+00     0.24372332E+00     0.37810674E+00     0.42342735E-02     134     0.22349956E-01
 0.86999979E+01     0.15157012E+01     0.87214150E-02     0.15000000E+02    -0.15268704E+00     0.24204385E+00     0.37856951E+00     0.42778184E-02     134     0.22349956E-01
 0.87999983E+01     0.15269601E+01     0.87793274E-02     0.15000000E+02    -0.15261158E+00     0.24029966E+00     0.37901235E+00     0.43307529E-02     134     0.22349956E-01
 0.88999996E+01     0.15379069E+01     0.88492623E-02     0.15000000E+02    -0.15248019E+00     0.23849472E+00     0.37944835E+00     0.43928288E-02     134     0.22349956E-01
 0.90000000E+01     0.15485988E+01     0.89282179E-02     0.15000000E+02    -0.15230258E+00     0.23651014E+00     0.37991440E+00     0.44617825E-02     135     0.24723656E-01
 0.90999975E+01     0.15594904E+01     0.89957193E-02     0.15000000E+02    -0.15215798E+00     0.23429623E+00     0.38029695E+00     0.45170025E-02     135     0.24723656E-01
 0.91999989E+01     0.15703121E+01     0.90642255E-02     0.15000000E+02    -0.15200038E+00     0.23216423E+00     0.38070050E+00     0.45785457E-02     135     0.24723656E-01
 0.92999992E+01     0.15786964E+01     0.92356438E-02     0.15000000E+02    -0.15142137E+00     0.22631378E+00     0.38105026E+00     0.47115316E-02     135     0.24723656E-01
 0.94000006E+01     0.15890651E+01     0.93187932E-02     0.15000000E+02    -0.15118210E+00     0.22367094E+00     0.38136125E+00     0.47847815E-02     135     0.24723656E-01
 0.94999971E+01     0.15987880E+01     0.94269793E-02     0.15000000E+02    -0.15083279E+00     0.22088836E+00     0.38173550E+00     0.48767240E-02     135     0.24723656E-01
 0.95999985E+01     0.16086121E+01     0.95284181E-02     0.15000000E+02    -0.15050243E+00     0.21784502E+00     0.38232386E+00     0.49595856E-02     136     0.27249757E-01
 0.96999989E+01     0.16182982E+01     0.96325669E-02     0.15000000E+02    -0.15014619E+00     0.21456160E+00     0.38290617E+00     0.50518098E-02     136     0.27249757E-01
 0.98000002E+01     0.16271381E+01     0.97670211E-02     0.15000000E+02    -0.14964417E+00     0.21106791E+00     0.38350031E+00     0.51681446E-02     136     0.27249757E-01
 0.99000006E+01     0.16364226E+01     0.98803928E-02     0.15000000E+02    -0.14921758E+00     0.20736033E+00     0.38406393E+00     0.52615157E-02     136     0.27249757E-01
 0.99999981E+01     0.16446790E+01     0.10030045E-01     0.15000000E+02    -0.14861371E+00     0.20354749E+00     0.38461056E+00     0.53918674E-02     136     0.27249757E-01
 0.10099998E+02     0.16488311E+01     0.10324836E-01     0.15000000E+02    -0.14730273E+00     0.19362648E+00     0.38556290E+00     0.56242342E-02     136     0.27249757E-01
 0.10200000E+02     0.16561975E+01     0.10490518E-01     0.15000000E+02    -0.14654030E+00     0.18894346E+00     0.38598689E+00     0.57702116E-02     136     0.27249757E-01
 0.10300000E+02     0.16631432E+01     0.10664273E-01     0.15000000E+02    -0.14570515E+00     0.18409954E+00     0.38647604E+00     0.59152246E-02     137     0.29939037E-01
 0.10399998E+02     0.16689713E+01     0.10871083E-01     0.15000000E+02    -0.14467637E+00     0.17893139E+00     0.38694224E+00     0.60973996E-02     137     0.29939037E-01
 0.10499999E+02     0.16744810E+01     0.11051487E-01     0.15000000E+02    -0.14356972E+00     0.17387208E+00     0.38733017E+00     0.62501202E-02     137     0.29939037E-01
 0.10599999E+02     0.16730583E+01     0.11220647E-01     0.15000000E+02    -0.14109716E+00     0.17004263E+00     0.38770998E+00     0.63982909E-02     137     0.29939037E-01
 0.10700000E+02     0.16764780E+01     0.11437252E-01     0.15000000E+02    -0.13960889E+00     0.16511147E+00     0.38809189E+00     0.65963068E-02     137     0.29939037E-01
 0.10799997E+02     0.16804264E+01     0.11678712E-01     0.15000000E+02    -0.13825046E+00     0.15996765E+00     0.38848111E+00     0.68078414E-02     137     0.29939037E-01
 0.10899999E+02     0.16835134E+01     0.11953493E-01     0.15000000E+02    -0.13676305E+00     0.15477337E+00     0.38886693E+00     0.70594228E-02     137     0.29939037E-01
 0.10999999E+02     0.16882632E+01     0.12187556E-01     0.15000000E+02    -0.13558146E+00     0.14994623E+00     0.38926452E+00     0.72664833E-02     137     0.29939037E-01
 0.11100000E+02     0.16919622E+01     0.12452716E-01     0.15000000E+02    -0.13423152E+00     0.14505652E+00     0.38969326E+00     0.75023971E-02     138     0.32803934E-01
 0.11200001E+02     0.16952040E+01     0.12726009E-01     0.15000000E+02    -0.13281685E+00     0.14050023E+00     0.39003888E+00     0.77565163E-02     138     0.32803934E-01
 0.11399999E+02     0.17024584E+01     0.13263383E-01     0.15000000E+02    -0.13016710E+00     0.13186228E+00     0.39070776E+00     0.82503697E-02     138     0.32803934E-01
 0.11500000E+02     0.17002474E+01     0.13728687E-01     0.15000000E+02    -0.12793131E+00     0.12328447E+00     0.39093453E+00     0.86697116E-02     138     0.32803934E-01
 0.11600000E+02     0.17045794E+01     0.13973689E-01     0.15000000E+02    -0.12676199E+00     0.11992382E+00     0.39118177E+00     0.88955052E-02     138     0.32803934E-01
 0.11699998E+02     0.17074870E+01     0.14268398E-01     0.15000000E+02    -0.12538671E+00     0.11671042E+00     0.39170864E+00     0.91779521E-02     138     0.32803934E-01
 0.11799999E+02     0.17118846E+01     0.14522389E-01     0.15000000E+02    -0.12426541E+00     0.11341152E+00     0.39229199E+00     0.94162682E-02     138     0.32803934E-01
 0.11900000E+02     0.17152679E+01     0.14803659E-01     0.15000000E+02    -0.12299805E+00     0.11080104E+00     0.39281473E+00     0.96907858E-02     138     0.32803934E-01
 0.12000000E+02     0.17185347E+01     0.15101386E-01     0.15000000E+02    -0.12173858E+00     0.10789280E+00     0.39331964E+00     0.99800602E-02     139     0.35858847E-01
 0.12099998E+02     0.17226540E+01     0.15365699E-01     0.15000000E+02    -0.12062021E+00     0.10545912E+00     0.39381722E+00     0.10234222E-01     139     0.35858847E-01
 0.12199999E+02     0.17261170E+01     0.15660211E-01     0.15000000E+02    -0.11942977E+00     0.10336154E+00     0.39492077E+00     0.10526999E-01     139     0.35858847E-01
 0.12299999E+02     0.17286956E+01     0.15992263E-01     0.15000000E+02    -0.11812692E+00     0.10093588E+00     0.39481288E+00     0.10851489E-01     139     0.35858847E-01
 0.12400001E+02     0.17325547E+01     0.16276889E-01     0.15000000E+02    -0.11703307E+00     0.98919787E-01     0.39580581E+00     0.11132475E-01     139     0.35858847E-01
 0.12499997E+02     0.17362592E+01     0.16582478E-01     0.15000000E+02    -0.11594258E+00     0.97061925E-01     0.39624938E+00     0.11437144E-01     139     0.35858847E-01
 0.12599998E+02     0.17337779E+01     0.17119447E-01     0.15000000E+02    -0.11403045E+00     0.93011424E-01     0.39662811E+00     0.11963397E-01     139     0.35858847E-01
 0.12699999E+02     0.17404697E+01     0.17319554E-01     0.15000000E+02    -0.11338912E+00     0.93230613E-01     0.39709678E+00     0.12172660E-01     139     0.35858847E-01
 0.12800000E+02     0.17433438E+01     0.17666610E-01     0.15000000E+02    -0.11225846E+00     0.91698840E-01     0.39754310E+00     0.12518276E-01     139     0.35858847E-01
 0.12900001E+02     0.17411507E+01     0.18234642E-01     0.15000000E+02    -0.11052432E+00     0.88584147E-01     0.39785859E+00     0.13081678E-01     140     0.39120480E-01
 0.12999998E+02     0.17427746E+01     0.18661933E-01     0.15000000E+02    -0.10931948E+00     0.87202743E-01     0.39822620E+00     0.13511891E-01     140     0.39120480E-01
 0.13099999E+02     0.17482246E+01     0.18930206E-01     0.15000000E+02    -0.10860378E+00     0.87605968E-01     0.39867538E+00     0.13792757E-01     140     0.39120480E-01
 0.13200000E+02     0.17462940E+01     0.19539446E-01     0.15000000E+02    -0.10706490E+00     0.84511213E-01     0.39908391E+00     0.14398316E-01     140     0.39120480E-01
 0.13300000E+02     0.17471210E+01     0.20035908E-01     0.15000000E+02    -0.10589649E+00     0.83516680E-01     0.39936784E+00     0.14903860E-01     140     0.39120480E-01
 0.13399998E+02     0.17465603E+01     0.20617684E-01     0.15000000E+02    -0.10463771E+00     0.82462855E-01     0.39977196E+00     0.15495849E-01     140     0.39120480E-01
 0.13499999E+02     0.17455490E+01     0.21249661E-01     0.15000000E+02    -0.10340456E+00     0.81513830E-01     0.40008029E+00     0.16138367E-01     140     0.39120480E-01
 0.13599999E+02     0.17433571E+01     0.21963648E-01     0.15000000E+02    -0.10213545E+00     0.80364980E-01     0.40039667E+00     0.16864864E-01     140     0.39120480E-01
 0.13700001E+02     0.17421674E+01     0.22662589E-01     0.15000000E+02    -0.10104675E+00     0.79503544E-01     0.40064472E+00     0.17579075E-01     140     0.39120480E-01
 0.13799997E+02     0.17394068E+01     0.23473360E-01     0.15000000E+02    -0.99915124E-01     0.78522518E-01     0.40091336E+00     0.18404694E-01     140     0.39120480E-01
 0.13899999E+02     0.17357668E+01     0.24380891E-01     0.15000000E+02    -0.98827161E-01     0.77848092E-01     0.40112051E+00     0.19332850E-01     140     0.39120480E-01
 0.13999999E+02     0.17307162E+01     0.25429135E-01     0.15000000E+02    -0.97775556E-01     0.77230923E-01     0.40148687E+00     0.20407215E-01     140     0.39120480E-01
 0.14100000E+02     0.17221422E+01     0.26776217E-01     0.15000000E+02    -0.96693411E-01     0.76715238E-01     0.40185973E+00     0.21789227E-01     140     0.39120480E-01
 0.14199998E+02     0.17123480E+01     0.28311651E-01     0.15000000E+02    -0.95769562E-01     0.76273315E-01     0.40213081E+00     0.23363227E-01     140     0.39120480E-01
 0.14299998E+02     0.16985053E+01     0.30279476E-01     0.15000000E+02    -0.94968505E-01     0.75996421E-01     0.40238017E+00     0.25381200E-01     140     0.39120480E-01
 0.14400000E+02     0.16842877E+01     0.32431837E-01     0.15000000E+02    -0.94441578E-01     0.75845361E-01     0.40257818E+00     0.27586536E-01     140     0.39120480E-01
 0.14500000E+02     0.16586154E+01     0.35829883E-01     0.15000000E+02    -0.94193049E-01     0.75938568E-01     0.40255493E+00     0.31068034E-01     140     0.39120480E-01
 0.14600000E+02     0.16280497E+01     0.39888795E-01     0.15000000E+02    -0.94280586E-01     0.76162361E-01     0.40233853E+00     0.35221368E-01     140     0.39120480E-01
 0.14900000E+02     0.14407669E+01     0.61184764E-01     0.15000000E+02    -0.95657572E-01     0.81308953E-01     0.40040869E+00     0.56998279E-01     139     0.35858847E-01
 0.15000001E+02     0.13857218E+01     0.67613937E-01     0.15000000E+02    -0.96599296E-01     0.82692631E-01     0.39990252E+00     0.63559540E-01     139     0.35858847E-01
 0.15099998E+02     0.13563813E+01     0.71694039E-01     0.15000000E+02    -0.97468175E-01     0.82981631E-01     0.39968359E+00     0.67711726E-01     139     0.35858847E-01
 0.15199999E+02     0.13321158E+01     0.75456716E-01     0.15000000E+02    -0.98481067E-01     0.82978256E-01     0.39971423E+00     0.71535692E-01     139     0.35858847E-01
 0.15299999E+02     0.13242218E+01     0.77359080E-01     0.15000000E+02    -0.98909058E-01     0.82319148E-01     0.39970624E+00     0.73458739E-01     139     0.35858847E-01
 0.15400001E+02     0.13112693E+01     0.80201052E-01     0.15000000E+02    -0.99910617E-01     0.83260201E-01     0.39985678E+00     0.76353915E-01     139     0.35858847E-01
 0.15499998E+02     0.13031443E+01     0.82182609E-01     0.15000000E+02    -0.10047815E+00     0.81956722E-01     0.40015233E+00     0.78350335E-01     139     0.35858847E-01
 0.15599998E+02     0.12833253E+01     0.85850544E-01     0.15000000E+02    -0.10187100E+00     0.80900855E-01     0.40019020E+00     0.82062632E-01     139     0.35858847E-01
 0.15699999E+02     0.12804875E+01     0.87319627E-01     0.15000000E+02    -0.10234329E+00     0.79918399E-01     0.40024629E+00     0.83541967E-01     139     0.35858847E-01
 0.15800000E+02     0.12666082E+01     0.90451658E-01     0.15000000E+02    -0.10366932E+00     0.79250969E-01     0.40050468E+00     0.86715609E-01     139     0.35858847E-01
 0.15899998E+02     0.12649086E+01     0.91788426E-01     0.15000000E+02    -0.10414990E+00     0.77980019E-01     0.40061802E+00     0.88057399E-01     139     0.35858847E-01
 0.15999998E+02     0.12544353E+01     0.94579890E-01     0.15000000E+02    -0.10543330E+00     0.77640586E-01     0.40080398E+00     0.90885617E-01     139     0.35858847E-01
 0.16099998E+02     0.12559077E+01     0.95664792E-01     0.15000000E+02    -0.10587095E+00     0.77735573E-01     0.40095624E+00     0.91983497E-01     139     0.35858847E-01
 0.16200001E+02     0.12537175E+01     0.97162254E-01     0.15000000E+02    -0.10647652E+00     0.76176167E-01     0.40175718E+00     0.93485259E-01     139     0.35858847E-01
 0.16300001E+02     0.12400925E+01     0.10027952E+00     0.15000000E+02    -0.10798017E+00     0.74792340E-01     0.40160432E+00     0.96631765E-01     139     0.35858847E-01
 0.16700001E+02     0.12345033E+01     0.10633859E+00     0.15000000E+02    -0.11084564E+00     0.71945153E-01     0.40237480E+00     0.10274157E+00     139     0.35858847E-01
 0.16799997E+02     0.12370108E+01     0.10728832E+00     0.15000000E+02    -0.11129422E+00     0.71610153E-01     0.40401429E+00     0.10370240E+00     139     0.35858847E-01
 0.16900000E+02     0.12373781E+01     0.10851045E+00     0.15000000E+02    -0.11186147E+00     0.70359901E-01     0.40388280E+00     0.10492519E+00     139     0.35858847E-01
 0.17100000E+02     0.12312021E+01     0.11211202E+00     0.15000000E+02    -0.11382364E+00     0.69169417E-01     0.40505785E+00     0.10856505E+00     139     0.35858847E-01
 0.17199997E+02     0.12325248E+01     0.11322187E+00     0.15000000E+02    -0.11439438E+00     0.68445757E-01     0.40488455E+00     0.10967658E+00     139     0.35858847E-01
 0.17299999E+02     0.12318900E+01     0.11451120E+00     0.15000000E+02    -0.11505225E+00     0.66346936E-01     0.40543598E+00     0.11096583E+00     139     0.35858847E-01
 0.17400000E+02     0.12265857E+01     0.11677972E+00     0.15000000E+02    -0.11638691E+00     0.65942809E-01     0.40583092E+00     0.11326152E+00     139     0.35858847E-01
 0.17500000E+02     0.12281132E+01     0.11792591E+00     0.15000000E+02    -0.11705827E+00     0.65070421E-01     0.40578225E+00     0.11441234E+00     140     0.39120480E-01
 0.17599997E+02     0.12304745E+01     0.11887222E+00     0.15000000E+02    -0.11752022E+00     0.64475320E-01     0.40652010E+00     0.11536459E+00     140     0.39120480E-01
 0.17699999E+02     0.12320157E+01     0.11989626E+00     0.15000000E+02    -0.11807945E+00     0.63562848E-01     0.40707466E+00     0.11639143E+00     140     0.39120480E-01
 0.17799999E+02     0.12364514E+01     0.12063250E+00     0.15000000E+02    -0.11849012E+00     0.63736692E-01     0.40739918E+00     0.11713725E+00     140     0.39120480E-01
 0.17900000E+02     0.12303749E+01     0.12301818E+00     0.15000000E+02    -0.11996997E+00     0.63158803E-01     0.40772906E+00     0.11954786E+00     140     0.39120480E-01
 0.18000000E+02     0.12334493E+01     0.12395294E+00     0.15000000E+02    -0.12052014E+00     0.62910467E-01     0.40831563E+00     0.12049139E+00     140     0.39120480E-01
 0.18099998E+02     0.12351224E+01     0.12498549E+00     0.15000000E+02    -0.12113240E+00     0.61921109E-01     0.40914363E+00     0.12152500E+00     140     0.39120480E-01
 0.18199999E+02     0.12372620E+01     0.12590887E+00     0.15000000E+02    -0.12171102E+00     0.60787536E-01     0.40944561E+00     0.12245023E+00     140     0.39120480E-01
 0.18299999E+02     0.12404509E+01     0.12680089E+00     0.15000000E+02    -0.12221858E+00     0.60180884E-01     0.40821275E+00     0.12333985E+00     140     0.39120480E-01
 0.18400000E+02     0.12376380E+01     0.12883818E+00     0.15000000E+02    -0.12355489E+00     0.60682643E-01     0.41013733E+00     0.12541242E+00     140     0.39120480E-01
