  
       RFOIL         Version 3.00
  
 Calculated polar for: OSO_2025_WT2_T33                
  
 1  Reynolds number fixed
  
 xtrf =      1.00000000 (suction)     1.00000000 (pressure)
 Rot. Parameters:  f0 =      1.00000000 c/r =      0.00000000
 Mach =      0.00000000     Re =      2.00000000 e 6     Ncrit =      9.00000000
  
             alpha                CL                CD            Re(CL)                CM             S_xtr             P_xtr               CDp            I_stag            X_stag
  ------- -------- --------- --------- -------- ------- ------- -------- 
-0.18900002E+02    -0.71348912E+00     0.14127098E+00     0.20000000E+01    -0.47276416E-02     0.99957931E+00     0.11643067E+00     0.13859309E+00      89     0.36834702E-01
-0.18700001E+02    -0.70150632E+00     0.13919149E+00     0.20000000E+01    -0.75997668E-02     0.99934042E+00     0.11962979E+00     0.13652256E+00      90     0.33153079E-01
-0.18500002E+02    -0.68800181E+00     0.13687305E+00     0.20000000E+01    -0.11039632E-01     0.99894392E+00     0.12288109E+00     0.13421975E+00      90     0.33153079E-01
-0.18400000E+02    -0.68129772E+00     0.13571097E+00     0.20000000E+01    -0.12615900E-01     0.99872214E+00     0.12453166E+00     0.13305944E+00      90     0.33153079E-01
-0.18300001E+02    -0.67631578E+00     0.13421749E+00     0.20000000E+01    -0.14396595E-01     0.99845070E+00     0.12688535E+00     0.13156393E+00      90     0.33153079E-01
-0.18200001E+02    -0.67201871E+00     0.13288201E+00     0.20000000E+01    -0.16032137E-01     0.99817377E+00     0.12879257E+00     0.13024119E+00      90     0.33153079E-01
-0.18100002E+02    -0.66304374E+00     0.13154598E+00     0.20000000E+01    -0.18404452E-01     0.99756932E+00     0.13073742E+00     0.12891196E+00      90     0.33153079E-01
-0.18000000E+02    -0.65879607E+00     0.13056596E+00     0.20000000E+01    -0.19379161E-01     0.99738169E+00     0.13349970E+00     0.12794130E+00      90     0.33153079E-01
-0.17900000E+02    -0.65376490E+00     0.12921359E+00     0.20000000E+01    -0.21079419E-01     0.99689233E+00     0.13588962E+00     0.12659697E+00      91     0.29771008E-01
-0.17800001E+02    -0.65070963E+00     0.12748331E+00     0.20000000E+01    -0.23118267E-01     0.99624282E+00     0.13901877E+00     0.12488102E+00      91     0.29771008E-01
-0.17700001E+02    -0.64138198E+00     0.12586372E+00     0.20000000E+01    -0.25845613E-01     0.99497002E+00     0.14166290E+00     0.12326136E+00      91     0.29771008E-01
-0.17600000E+02    -0.63693601E+00     0.12378677E+00     0.20000000E+01    -0.28712964E-01     0.99359566E+00     0.14650606E+00     0.12121024E+00      91     0.29771008E-01
-0.17500000E+02    -0.63555950E+00     0.12309731E+00     0.20000000E+01    -0.28570350E-01     0.98974127E+00     0.14776376E+00     0.12052767E+00      91     0.29771008E-01
-0.17400002E+02    -0.64045316E+00     0.12186059E+00     0.20000000E+01    -0.28376935E-01     0.98521632E+00     0.15235123E+00     0.11931483E+00      91     0.29771008E-01
-0.16500000E+02    -0.66256607E+00     0.10382491E+00     0.20000000E+01    -0.42570855E-01     0.61354923E+00     0.20410362E+00     0.10007454E+00      92     0.26666561E-01
-0.16400002E+02    -0.66953605E+00     0.10194217E+00     0.20000000E+01    -0.43306187E-01     0.60888588E+00     0.21115531E+00     0.98216824E-01      92     0.26666561E-01
-0.16300001E+02    -0.67603785E+00     0.99907413E-01     0.20000000E+01    -0.44132896E-01     0.60364205E+00     0.21673608E+00     0.96174076E-01      92     0.26666561E-01
-0.16200001E+02    -0.67674237E+00     0.98680921E-01     0.20000000E+01    -0.44701438E-01     0.59783721E+00     0.22063927E+00     0.94946362E-01      92     0.26666561E-01
-0.16100000E+02    -0.67724031E+00     0.97444855E-01     0.20000000E+01    -0.45276705E-01     0.59256691E+00     0.22440179E+00     0.93707733E-01      92     0.26666561E-01
-0.16000002E+02    -0.67874885E+00     0.96070528E-01     0.20000000E+01    -0.45875125E-01     0.58763045E+00     0.22807373E+00     0.92321575E-01      92     0.26666561E-01
-0.15900001E+02    -0.68198061E+00     0.94410636E-01     0.20000000E+01    -0.46579480E-01     0.58354098E+00     0.23184069E+00     0.90655379E-01      92     0.26666561E-01
-0.15800000E+02    -0.68265301E+00     0.93153410E-01     0.20000000E+01    -0.47138479E-01     0.57927120E+00     0.23560821E+00     0.89399517E-01      92     0.26666561E-01
-0.15700001E+02    -0.68219656E+00     0.91900796E-01     0.20000000E+01    -0.47731847E-01     0.57511258E+00     0.23848356E+00     0.88128626E-01      92     0.26666561E-01
-0.15600002E+02    -0.68242759E+00     0.90749718E-01     0.20000000E+01    -0.48245281E-01     0.56850916E+00     0.24099597E+00     0.86963639E-01      92     0.26666561E-01
-0.15500001E+02    -0.68227810E+00     0.89444444E-01     0.20000000E+01    -0.48836119E-01     0.56504232E+00     0.24292095E+00     0.85641660E-01      92     0.26666561E-01
-0.15400001E+02    -0.68339616E+00     0.88004380E-01     0.20000000E+01    -0.49459353E-01     0.56167650E+00     0.24628675E+00     0.84188223E-01      92     0.26666561E-01
-0.15300001E+02    -0.67975473E+00     0.87307595E-01     0.20000000E+01    -0.49835507E-01     0.55789596E+00     0.24791223E+00     0.83490945E-01      92     0.26666561E-01
-0.15200001E+02    -0.68080860E+00     0.85874215E-01     0.20000000E+01    -0.50448399E-01     0.55647641E+00     0.25034496E+00     0.82047686E-01      92     0.26666561E-01
-0.15100001E+02    -0.68522120E+00     0.83834924E-01     0.20000000E+01    -0.51240236E-01     0.55408597E+00     0.25293118E+00     0.79962157E-01      93     0.23817979E-01
-0.15000001E+02    -0.68044716E+00     0.83408073E-01     0.20000000E+01    -0.51503144E-01     0.54904604E+00     0.25462735E+00     0.79548128E-01      93     0.23817979E-01
-0.14900000E+02    -0.67696309E+00     0.82642637E-01     0.20000000E+01    -0.51897064E-01     0.54734188E+00     0.25610042E+00     0.78783564E-01      93     0.23817979E-01
-0.14800000E+02    -0.68684554E+00     0.79889849E-01     0.20000000E+01    -0.52891292E-01     0.54433560E+00     0.25954670E+00     0.75989336E-01      93     0.23817979E-01
-0.14700002E+02    -0.68403590E+00     0.79057775E-01     0.20000000E+01    -0.53271916E-01     0.54131269E+00     0.26109633E+00     0.75144418E-01      93     0.23817979E-01
-0.14600000E+02    -0.67840505E+00     0.78641273E-01     0.20000000E+01    -0.53553954E-01     0.53798890E+00     0.26213536E+00     0.74722715E-01      93     0.23817979E-01
-0.14400001E+02    -0.65994829E+00     0.83064824E-01     0.20000000E+01    -0.54961000E-01     0.53134477E+00     0.26418552E+00     0.79150431E-01      93     0.23817979E-01
-0.14300001E+02    -0.67699456E+00     0.80142148E-01     0.20000000E+01    -0.55960674E-01     0.53078538E+00     0.26805130E+00     0.76175079E-01      93     0.23817979E-01
-0.14200001E+02    -0.66984743E+00     0.80042817E-01     0.20000000E+01    -0.56152984E-01     0.52805084E+00     0.26882803E+00     0.76079801E-01      93     0.23817979E-01
-0.14100001E+02    -0.66383702E+00     0.79755791E-01     0.20000000E+01    -0.56400493E-01     0.52539897E+00     0.26970783E+00     0.75790837E-01      94     0.21205073E-01
-0.14000001E+02    -0.65943462E+00     0.79298809E-01     0.20000000E+01    -0.56703523E-01     0.52296036E+00     0.27074578E+00     0.75325117E-01      94     0.21205073E-01
-0.13900002E+02    -0.66975194E+00     0.77282801E-01     0.20000000E+01    -0.57443954E-01     0.52170461E+00     0.27345923E+00     0.73274873E-01      94     0.21205073E-01
-0.13800001E+02    -0.67545325E+00     0.75765207E-01     0.20000000E+01    -0.58074448E-01     0.51996231E+00     0.27569371E+00     0.71719624E-01      94     0.21205073E-01
-0.13700001E+02    -0.66829431E+00     0.75696237E-01     0.20000000E+01    -0.58246728E-01     0.51774025E+00     0.27675194E+00     0.71666896E-01      94     0.21205073E-01
-0.13600001E+02    -0.66261411E+00     0.75380154E-01     0.20000000E+01    -0.58503095E-01     0.51452184E+00     0.27754366E+00     0.71348645E-01      94     0.21205073E-01
-0.13500001E+02    -0.66514659E+00     0.74280269E-01     0.20000000E+01    -0.58984295E-01     0.51295286E+00     0.27915493E+00     0.70237234E-01      94     0.21205073E-01
-0.13400001E+02    -0.66910541E+00     0.73030621E-01     0.20000000E+01    -0.59548922E-01     0.51148635E+00     0.28104886E+00     0.68958893E-01      94     0.21205073E-01
-0.13300000E+02    -0.67874402E+00     0.71435183E-01     0.20000000E+01    -0.60208611E-01     0.51039982E+00     0.28341311E+00     0.67326196E-01      94     0.21205073E-01
-0.13200001E+02    -0.67104745E+00     0.71335599E-01     0.20000000E+01    -0.60388353E-01     0.50812364E+00     0.28399926E+00     0.67225017E-01      94     0.21205073E-01
-0.13100000E+02    -0.66474533E+00     0.71145609E-01     0.20000000E+01    -0.60610197E-01     0.50593239E+00     0.28468195E+00     0.67029499E-01      94     0.21205073E-01
-0.13000001E+02    -0.65952826E+00     0.70824198E-01     0.20000000E+01    -0.60869269E-01     0.50373489E+00     0.28548354E+00     0.66703819E-01      95     0.18808823E-01
-0.12900001E+02    -0.65686220E+00     0.70266120E-01     0.20000000E+01    -0.61210252E-01     0.50218523E+00     0.28651053E+00     0.66139057E-01      95     0.18808823E-01
-0.12800001E+02    -0.68134987E+00     0.67502327E-01     0.20000000E+01    -0.62280484E-01     0.50207412E+00     0.29075700E+00     0.63314646E-01      95     0.18808823E-01
-0.12700001E+02    -0.67284423E+00     0.67500792E-01     0.20000000E+01    -0.62422883E-01     0.50018662E+00     0.29125413E+00     0.63318729E-01      95     0.18808823E-01
-0.12600001E+02    -0.66564935E+00     0.67378670E-01     0.20000000E+01    -0.62601753E-01     0.49823219E+00     0.29202113E+00     0.63203759E-01      95     0.18808823E-01
-0.12500001E+02    -0.66270435E+00     0.66968411E-01     0.20000000E+01    -0.62895320E-01     0.49657533E+00     0.29338849E+00     0.62797636E-01      95     0.18808823E-01
-0.12400002E+02    -0.65725732E+00     0.66596799E-01     0.20000000E+01    -0.63138932E-01     0.49487793E+00     0.29378426E+00     0.62413223E-01      95     0.18808823E-01
-0.12300001E+02    -0.66277772E+00     0.65400131E-01     0.20000000E+01    -0.63662291E-01     0.49370769E+00     0.29539445E+00     0.61190147E-01      95     0.18808823E-01
-0.12200001E+02    -0.68105954E+00     0.63013606E-01     0.20000000E+01    -0.64467281E-01     0.49315691E+00     0.29848120E+00     0.58749095E-01      95     0.18808823E-01
-0.12100001E+02    -0.67220235E+00     0.63016914E-01     0.20000000E+01    -0.64582817E-01     0.49121651E+00     0.29920384E+00     0.58757015E-01      95     0.18808823E-01
-0.12000000E+02    -0.66499752E+00     0.62812701E-01     0.20000000E+01    -0.64755388E-01     0.48915252E+00     0.29971159E+00     0.58546767E-01      96     0.16611833E-01
-0.11900001E+02    -0.65903652E+00     0.62538959E-01     0.20000000E+01    -0.64957075E-01     0.48757923E+00     0.30029789E+00     0.58275957E-01      96     0.16611833E-01
-0.11800000E+02    -0.65588987E+00     0.61989583E-01     0.20000000E+01    -0.65237626E-01     0.48616737E+00     0.30127767E+00     0.57725921E-01      96     0.16611833E-01
-0.11700001E+02    -0.65491211E+00     0.61143313E-01     0.20000000E+01    -0.65584414E-01     0.48494014E+00     0.30241942E+00     0.56868065E-01      96     0.16611833E-01
-0.11600000E+02    -0.65092599E+00     0.60605101E-01     0.20000000E+01    -0.65846510E-01     0.48352444E+00     0.30298316E+00     0.56316070E-01      96     0.16611833E-01
-0.11500001E+02    -0.67350447E+00     0.57307806E-01     0.20000000E+01    -0.66675067E-01     0.48239851E+00     0.30580202E+00     0.52944031E-01      96     0.16611833E-01
-0.11400001E+02    -0.66333276E+00     0.57338323E-01     0.20000000E+01    -0.66769883E-01     0.48070541E+00     0.30620477E+00     0.52978102E-01      96     0.16611833E-01
-0.11300001E+02    -0.65521282E+00     0.57306282E-01     0.20000000E+01    -0.66835046E-01     0.47920230E+00     0.30719402E+00     0.52962039E-01      96     0.16611833E-01
-0.11200001E+02    -0.64939445E+00     0.56900956E-01     0.20000000E+01    -0.67017220E-01     0.47757810E+00     0.30787763E+00     0.52553963E-01      96     0.16611833E-01
-0.11100001E+02    -0.64417171E+00     0.56454308E-01     0.20000000E+01    -0.67200966E-01     0.47600737E+00     0.30846155E+00     0.52099969E-01      96     0.16611833E-01
-0.11000001E+02    -0.64507455E+00     0.55295177E-01     0.20000000E+01    -0.67501068E-01     0.47449395E+00     0.30938524E+00     0.50921690E-01      96     0.16611833E-01
-0.10900001E+02    -0.64183980E+00     0.54529633E-01     0.20000000E+01    -0.67723997E-01     0.47327086E+00     0.31012213E+00     0.50145864E-01      97     0.14598641E-01
-0.10800001E+02    -0.63909984E+00     0.53752184E-01     0.20000000E+01    -0.67964993E-01     0.47206718E+00     0.31090638E+00     0.49358059E-01      97     0.14598641E-01
-0.10700001E+02    -0.65162468E+00     0.51145788E-01     0.20000000E+01    -0.68447500E-01     0.47166041E+00     0.31262600E+00     0.46706129E-01      97     0.14598641E-01
-0.10600001E+02    -0.65338844E+00     0.49814366E-01     0.20000000E+01    -0.68711534E-01     0.47043782E+00     0.31395662E+00     0.45352649E-01      97     0.14598641E-01
-0.10500001E+02    -0.64446241E+00     0.49769592E-01     0.20000000E+01    -0.68800807E-01     0.46900329E+00     0.31447765E+00     0.45315977E-01      97     0.14598641E-01
-0.10400002E+02    -0.63688320E+00     0.49571082E-01     0.20000000E+01    -0.68858027E-01     0.46773082E+00     0.31507143E+00     0.45125786E-01      97     0.14598641E-01
-0.10300000E+02    -0.63028312E+00     0.49176987E-01     0.20000000E+01    -0.68973511E-01     0.46629503E+00     0.31553057E+00     0.44729933E-01      98     0.12755311E-01
-0.10200001E+02    -0.62579221E+00     0.48571058E-01     0.20000000E+01    -0.69115147E-01     0.46434927E+00     0.31623119E+00     0.44119760E-01      98     0.12755311E-01
-0.10100000E+02    -0.62437308E+00     0.47580648E-01     0.20000000E+01    -0.69275774E-01     0.46370885E+00     0.31690007E+00     0.43119583E-01      98     0.12755311E-01
-0.10000001E+02    -0.62583292E+00     0.46255276E-01     0.20000000E+01    -0.69446839E-01     0.46228528E+00     0.31781742E+00     0.41774467E-01      98     0.12755311E-01
-0.99000006E+01    -0.62657148E+00     0.44969171E-01     0.20000000E+01    -0.69609649E-01     0.46110147E+00     0.31892130E+00     0.40467352E-01      98     0.12755311E-01
-0.98000011E+01    -0.62895513E+00     0.43481559E-01     0.20000000E+01    -0.69788322E-01     0.46042031E+00     0.31984335E+00     0.38954549E-01      98     0.12755311E-01
-0.97000008E+01    -0.64677793E+00     0.40350150E-01     0.20000000E+01    -0.69890872E-01     0.45928562E+00     0.32162070E+00     0.35761088E-01      98     0.12755311E-01
-0.96000013E+01    -0.63713723E+00     0.40308081E-01     0.20000000E+01    -0.69925547E-01     0.45844379E+00     0.32203218E+00     0.35731338E-01      98     0.12755311E-01
-0.95000010E+01    -0.62898535E+00     0.40174350E-01     0.20000000E+01    -0.69944918E-01     0.45685354E+00     0.32248059E+00     0.35607234E-01      98     0.12755311E-01
-0.94000006E+01    -0.62493873E+00     0.39635140E-01     0.20000000E+01    -0.69889113E-01     0.45546100E+00     0.32335293E+00     0.35081614E-01      99     0.11069483E-01
-0.93000011E+01    -0.62082160E+00     0.38967054E-01     0.20000000E+01    -0.69906063E-01     0.45462361E+00     0.32371911E+00     0.34411740E-01      99     0.11069483E-01
-0.91999998E+01    -0.62332767E+00     0.37715275E-01     0.20000000E+01    -0.69808550E-01     0.45423689E+00     0.32447612E+00     0.33158273E-01      99     0.11069483E-01
-0.91000013E+01    -0.62626910E+00     0.36338128E-01     0.20000000E+01    -0.69702446E-01     0.45284551E+00     0.32548159E+00     0.31771347E-01      98     0.12755311E-01
-0.90000000E+01    -0.62795490E+00     0.35107970E-01     0.20000000E+01    -0.69580734E-01     0.45198116E+00     0.32624900E+00     0.30528642E-01      99     0.11069483E-01
-0.89000015E+01    -0.64194316E+00     0.32636553E-01     0.20000000E+01    -0.69184996E-01     0.45149934E+00     0.32749611E+00     0.28029649E-01      99     0.11069483E-01
-0.88000002E+01    -0.65184307E+00     0.30411463E-01     0.20000000E+01    -0.68897858E-01     0.45052654E+00     0.32846293E+00     0.25769195E-01      99     0.11069483E-01
-0.87000017E+01    -0.66774493E+00     0.27514687E-01     0.20000000E+01    -0.68430513E-01     0.44962603E+00     0.32951280E+00     0.22825371E-01      99     0.11069483E-01
-0.86000004E+01    -0.66150659E+00     0.27082887E-01     0.20000000E+01    -0.68307348E-01     0.44900280E+00     0.33018780E+00     0.22404628E-01      99     0.11069483E-01
-0.85000019E+01    -0.65671480E+00     0.26504435E-01     0.20000000E+01    -0.68146400E-01     0.44801009E+00     0.33055869E+00     0.21828759E-01      99     0.11069483E-01
-0.84000006E+01    -0.67074805E+00     0.23835635E-01     0.20000000E+01    -0.67492798E-01     0.44726649E+00     0.33208266E+00     0.19167759E-01      99     0.11069483E-01
-0.83000011E+01    -0.67203379E+00     0.22502827E-01     0.20000000E+01    -0.67155883E-01     0.44613659E+00     0.33251321E+00     0.17827323E-01      99     0.11069483E-01
-0.82000008E+01    -0.71008599E+00     0.18528465E-01     0.20000000E+01    -0.64578742E-01     0.44609669E+00     0.33410209E+00     0.13829440E-01      99     0.11069483E-01
-0.81000013E+01    -0.71433431E+00     0.17311174E-01     0.20000000E+01    -0.65455370E-01     0.44514811E+00     0.33508623E+00     0.12575596E-01      99     0.11069483E-01
-0.80000010E+01    -0.71098185E+00     0.16384855E-01     0.20000000E+01    -0.66857941E-01     0.44437420E+00     0.33571461E+00     0.11620081E-01      99     0.11069483E-01
-0.79000001E+01    -0.70307118E+00     0.15488661E-01     0.20000000E+01    -0.68902120E-01     0.44322935E+00     0.33653796E+00     0.10681755E-01      99     0.11069483E-01
-0.78000011E+01    -0.69231415E+00     0.14842225E-01     0.20000000E+01    -0.70777133E-01     0.44221190E+00     0.33699110E+00     0.99998415E-02     100     0.95301569E-02
-0.77000003E+01    -0.68029332E+00     0.14593192E-01     0.20000000E+01    -0.71788453E-01     0.44077221E+00     0.33669087E+00     0.97423764E-02     100     0.95301569E-02
-0.76000009E+01    -0.66608214E+00     0.13682665E-01     0.20000000E+01    -0.75036153E-01     0.43955228E+00     0.33857927E+00     0.87878369E-02     100     0.95301569E-02
-0.75000005E+01    -0.65170795E+00     0.13277675E-01     0.20000000E+01    -0.76879166E-01     0.43859503E+00     0.33893600E+00     0.83625307E-02     100     0.95301569E-02
-0.74000010E+01    -0.63510519E+00     0.12669113E-01     0.20000000E+01    -0.79736851E-01     0.43665761E+00     0.33978170E+00     0.77229268E-02     100     0.95301569E-02
-0.73000002E+01    -0.61865866E+00     0.12227391E-01     0.20000000E+01    -0.82056597E-01     0.43572631E+00     0.34024945E+00     0.72482717E-02     100     0.95301569E-02
-0.72000012E+01    -0.60158604E+00     0.11811851E-01     0.20000000E+01    -0.84435873E-01     0.43386763E+00     0.34075984E+00     0.67902044E-02     101     0.81278561E-02
-0.71000004E+01    -0.58491099E+00     0.11502004E-01     0.20000000E+01    -0.86443461E-01     0.43287611E+00     0.34125045E+00     0.64436719E-02     101     0.81278561E-02
-0.70000014E+01    -0.57027441E+00     0.11343905E-01     0.20000000E+01    -0.87636419E-01     0.43098700E+00     0.34159321E+00     0.62573315E-02     101     0.81278561E-02
-0.69000006E+01    -0.55635458E+00     0.11227640E-01     0.20000000E+01    -0.88500962E-01     0.43017718E+00     0.34184408E+00     0.61303428E-02     102     0.68541314E-02
-0.68000016E+01    -0.54242665E+00     0.11126593E-01     0.20000000E+01    -0.89314252E-01     0.42918202E+00     0.34212369E+00     0.60202680E-02     102     0.68541314E-02
-0.67000008E+01    -0.52860403E+00     0.11037847E-01     0.20000000E+01    -0.90093829E-01     0.42795354E+00     0.34262004E+00     0.59225326E-02     102     0.68541314E-02
-0.66000018E+01    -0.51514578E+00     0.10969715E-01     0.20000000E+01    -0.90746909E-01     0.42647475E+00     0.34298316E+00     0.58366777E-02     102     0.68541314E-02
-0.65000010E+01    -0.50153577E+00     0.10904822E-01     0.20000000E+01    -0.91426857E-01     0.42585325E+00     0.34333083E+00     0.57597365E-02     103     0.57018539E-02
-0.64000001E+01    -0.48802325E+00     0.10834390E-01     0.20000000E+01    -0.92083797E-01     0.42471856E+00     0.34358224E+00     0.56764768E-02     103     0.57018539E-02
-0.63000011E+01    -0.47457945E+00     0.10782099E-01     0.20000000E+01    -0.92692748E-01     0.42384040E+00     0.34392425E+00     0.56079873E-02     103     0.57018539E-02
-0.62000003E+01    -0.46113268E+00     0.10724613E-01     0.20000000E+01    -0.93322203E-01     0.42249078E+00     0.34426072E+00     0.55303378E-02     103     0.57018539E-02
-0.61000009E+01    -0.44784302E+00     0.10684787E-01     0.20000000E+01    -0.93886130E-01     0.42128152E+00     0.34457952E+00     0.54697674E-02     103     0.57018539E-02
-0.60000000E+01    -0.43455562E+00     0.10652572E-01     0.20000000E+01    -0.94418183E-01     0.42031336E+00     0.34489149E+00     0.54176659E-02     103     0.57018539E-02
-0.59000010E+01    -0.42131022E+00     0.10618010E-01     0.20000000E+01    -0.94975553E-01     0.41874224E+00     0.34523526E+00     0.53578205E-02     104     0.46647848E-02
-0.58000002E+01    -0.40809113E+00     0.10588631E-01     0.20000000E+01    -0.95490918E-01     0.41750103E+00     0.34553856E+00     0.53093880E-02     104     0.46647848E-02
-0.57000012E+01    -0.39456698E+00     0.10548855E-01     0.20000000E+01    -0.96039243E-01     0.41658556E+00     0.34582487E+00     0.52589597E-02     104     0.46647848E-02
-0.56000004E+01    -0.38119295E+00     0.10507272E-01     0.20000000E+01    -0.96587285E-01     0.41552141E+00     0.34600973E+00     0.52054063E-02     105     0.37378250E-02
-0.55000014E+01    -0.36726326E+00     0.10393348E-01     0.20000000E+01    -0.97385205E-01     0.41468066E+00     0.34676561E+00     0.51021744E-02     105     0.37378250E-02
-0.54000006E+01    -0.35375899E+00     0.10336485E-01     0.20000000E+01    -0.97981326E-01     0.41369659E+00     0.34700257E+00     0.50399848E-02     105     0.37378250E-02
-0.53000016E+01    -0.34018242E+00     0.10272278E-01     0.20000000E+01    -0.98627418E-01     0.41258159E+00     0.34765986E+00     0.49759704E-02     106     0.29167181E-02
-0.52000008E+01    -0.32658339E+00     0.10213991E-01     0.20000000E+01    -0.99248402E-01     0.41176832E+00     0.34804675E+00     0.49148132E-02     106     0.29167181E-02
-0.51000013E+01    -0.31317639E+00     0.10171272E-01     0.20000000E+01    -0.99808834E-01     0.41049498E+00     0.34829280E+00     0.48605572E-02     106     0.29167181E-02
-0.50000010E+01    -0.29970995E+00     0.10125504E-01     0.20000000E+01    -0.10038320E+00     0.40958118E+00     0.34884509E+00     0.48099821E-02     106     0.29167181E-02
-0.49000015E+01    -0.28633061E+00     0.10092603E-01     0.20000000E+01    -0.10090449E+00     0.40906000E+00     0.34893203E+00     0.47665788E-02     106     0.29167181E-02
-0.48000007E+01    -0.27298480E+00     0.10059507E-01     0.20000000E+01    -0.10144105E+00     0.40798059E+00     0.34925121E+00     0.47223549E-02     107     0.21980663E-02
-0.47000003E+01    -0.25985134E+00     0.10044862E-01     0.20000000E+01    -0.10190806E+00     0.40609729E+00     0.34973142E+00     0.46901405E-02     107     0.21980663E-02
-0.46000009E+01    -0.24667352E+00     0.10028822E-01     0.20000000E+01    -0.10238535E+00     0.40531418E+00     0.35002911E+00     0.46599559E-02     107     0.21980663E-02
-0.45000000E+01    -0.23341340E+00     0.10003095E-01     0.20000000E+01    -0.10285523E+00     0.40440649E+00     0.35031211E+00     0.46323990E-02     107     0.21980663E-02
-0.44000010E+01    -0.21989512E+00     0.99606449E-02     0.20000000E+01    -0.10339610E+00     0.40367684E+00     0.35076109E+00     0.45881979E-02     107     0.21980663E-02
-0.43000002E+01    -0.20648354E+00     0.99205673E-02     0.20000000E+01    -0.10389730E+00     0.40268815E+00     0.35100108E+00     0.45452630E-02     108     0.15796433E-02
-0.42000012E+01    -0.19322261E+00     0.98943142E-02     0.20000000E+01    -0.10437232E+00     0.40190622E+00     0.35145527E+00     0.45131329E-02     108     0.15796433E-02
-0.41000004E+01    -0.17992687E+00     0.98804273E-02     0.20000000E+01    -0.10482074E+00     0.40147275E+00     0.35173711E+00     0.44919099E-02     108     0.15796433E-02
-0.40000014E+01    -0.16675770E+00     0.98630618E-02     0.20000000E+01    -0.10526752E+00     0.39985883E+00     0.35203221E+00     0.44641513E-02     109     0.10605047E-02
-0.39000006E+01    -0.15342875E+00     0.98376330E-02     0.20000000E+01    -0.10574298E+00     0.39926702E+00     0.35231227E+00     0.44290568E-02     108     0.15796433E-02
-0.38000014E+01    -0.14027253E+00     0.98218406E-02     0.20000000E+01    -0.10618725E+00     0.39851251E+00     0.35263601E+00     0.44026100E-02     109     0.10605047E-02
-0.37000005E+01    -0.12710381E+00     0.98132519E-02     0.20000000E+01    -0.10660379E+00     0.39750120E+00     0.35311097E+00     0.43794937E-02     109     0.10605047E-02
-0.36000016E+01    -0.11408288E+00     0.98063564E-02     0.20000000E+01    -0.10700735E+00     0.39657405E+00     0.35348436E+00     0.43585659E-02     110     0.64034248E-03
-0.35000007E+01    -0.10087711E+00     0.97926166E-02     0.20000000E+01    -0.10744637E+00     0.39577308E+00     0.35360041E+00     0.43321056E-02     110     0.64034248E-03
-0.34000015E+01    -0.88041283E-01     0.98101450E-02     0.20000000E+01    -0.10778799E+00     0.39435178E+00     0.35402259E+00     0.43225456E-02     110     0.64034248E-03
-0.33000009E+01    -0.75203881E-01     0.98295836E-02     0.20000000E+01    -0.10811836E+00     0.39346069E+00     0.35432214E+00     0.43215468E-02     110     0.64034248E-03
-0.32000017E+01    -0.62045190E-01     0.98081958E-02     0.20000000E+01    -0.10855956E+00     0.39232126E+00     0.35473424E+00     0.42925081E-02     110     0.64034248E-03
-0.31000009E+01    -0.48327696E-01     0.97535681E-02     0.20000000E+01    -0.10915277E+00     0.39208412E+00     0.35542756E+00     0.42485869E-02     111     0.32030090E-03
-0.29000010E+01    -0.20265087E-01     0.11134507E-01     0.20000000E+01    -0.11128126E+00     0.39043599E+00     0.35636592E+00     0.55999588E-02     111     0.32030090E-03
-0.28000002E+01    -0.68163131E-02     0.11105861E-01     0.20000000E+01    -0.11176448E+00     0.38965526E+00     0.35674202E+00     0.55727409E-02     111     0.32030090E-03
-0.27000012E+01     0.65677571E-02     0.11082795E-01     0.20000000E+01    -0.11222865E+00     0.38888499E+00     0.35711357E+00     0.55495431E-02     112     0.10796922E-03
-0.26000004E+01     0.19890627E-01     0.11063564E-01     0.20000000E+01    -0.11267690E+00     0.38808802E+00     0.35745299E+00     0.55282549E-02     112     0.10796922E-03
-0.25000012E+01     0.33172622E-01     0.11047941E-01     0.20000000E+01    -0.11311242E+00     0.38729993E+00     0.35780427E+00     0.55093346E-02     112     0.10796922E-03
-0.24000003E+01     0.46417084E-01     0.11035465E-01     0.20000000E+01    -0.11353514E+00     0.38651603E+00     0.35814133E+00     0.54921969E-02     112     0.10796922E-03
-0.23000014E+01     0.59616059E-01     0.11026490E-01     0.20000000E+01    -0.11394580E+00     0.38574076E+00     0.35849091E+00     0.54773069E-02     112     0.10796922E-03
-0.22000005E+01     0.72765358E-01     0.11021215E-01     0.20000000E+01    -0.11434250E+00     0.38497013E+00     0.35882169E+00     0.54643922E-02     113     0.97485645E-05
-0.21000013E+01     0.85869923E-01     0.11019150E-01     0.20000000E+01    -0.11472795E+00     0.38417801E+00     0.35915589E+00     0.54532187E-02     113     0.97485645E-05
-0.20000007E+01     0.98926604E-01     0.11020496E-01     0.20000000E+01    -0.11510179E+00     0.38334525E+00     0.35949677E+00     0.54442710E-02     113     0.97485645E-05
-0.19000015E+01     0.11192786E+00     0.11025080E-01     0.20000000E+01    -0.11546383E+00     0.38245240E+00     0.35984480E+00     0.54372442E-02     113     0.97485645E-05
-0.18000008E+01     0.12475595E+00     0.11039945E-01     0.20000000E+01    -0.11579531E+00     0.38101375E+00     0.36019054E+00     0.54341964E-02     113     0.97485645E-05
-0.17000016E+01     0.13789019E+00     0.11037001E-01     0.20000000E+01    -0.11617251E+00     0.38025388E+00     0.36055234E+00     0.54297419E-02     114     0.15062575E-04
-0.16000009E+01     0.15116554E+00     0.11026405E-01     0.20000000E+01    -0.11657184E+00     0.37963840E+00     0.36090496E+00     0.54194210E-02     114     0.15062575E-04
-0.15000000E+01     0.16438003E+00     0.11019574E-01     0.20000000E+01    -0.11695717E+00     0.37897664E+00     0.36126477E+00     0.54111285E-02     114     0.15062575E-04
-0.14000009E+01     0.17754222E+00     0.11016186E-01     0.20000000E+01    -0.11732937E+00     0.37830570E+00     0.36163315E+00     0.54046814E-02     114     0.15062575E-04
-0.13000002E+01     0.19059759E+00     0.11019569E-01     0.20000000E+01    -0.11767173E+00     0.37758997E+00     0.36211202E+00     0.54028570E-02     115     0.11537309E-03
-0.12000011E+01     0.20366493E+00     0.11022923E-01     0.20000000E+01    -0.11801973E+00     0.37688091E+00     0.36245155E+00     0.53996653E-02     115     0.11537309E-03
-0.11000003E+01     0.21667784E+00     0.11028997E-01     0.20000000E+01    -0.11835591E+00     0.37616980E+00     0.36275929E+00     0.53973468E-02     115     0.11537309E-03
-0.10000012E+01     0.22963789E+00     0.11038434E-01     0.20000000E+01    -0.11867664E+00     0.37544861E+00     0.36302927E+00     0.53966842E-02     115     0.11537309E-03
-0.90000039E+00     0.24261810E+00     0.11046400E-01     0.20000000E+01    -0.11900788E+00     0.37473008E+00     0.36333033E+00     0.53942683E-02     115     0.11537309E-03
-0.80000126E+00     0.25596389E+00     0.11027633E-01     0.20000000E+01    -0.11946068E+00     0.37401554E+00     0.36394981E+00     0.53788391E-02     116     0.30344969E-03
-0.70000046E+00     0.26920679E+00     0.11017210E-01     0.20000000E+01    -0.11988124E+00     0.37331060E+00     0.36449322E+00     0.53692833E-02     116     0.30344969E-03
-0.60000139E+00     0.28234872E+00     0.11013892E-01     0.20000000E+01    -0.12027398E+00     0.37258166E+00     0.36496043E+00     0.53643505E-02     116     0.30344969E-03
-0.50000060E+00     0.29540592E+00     0.11015947E-01     0.20000000E+01    -0.12064540E+00     0.37183470E+00     0.36539242E+00     0.53630928E-02     116     0.30344969E-03
-0.40000150E+00     0.30836776E+00     0.11024283E-01     0.20000000E+01    -0.12099203E+00     0.37101936E+00     0.36578938E+00     0.53660856E-02     116     0.30344969E-03
-0.30000070E+00     0.32122958E+00     0.11038191E-01     0.20000000E+01    -0.12131644E+00     0.37014347E+00     0.36616600E+00     0.53732251E-02     117     0.58610301E-03
-0.20000160E+00     0.33401775E+00     0.11055949E-01     0.20000000E+01    -0.12162431E+00     0.36886841E+00     0.36654973E+00     0.53849793E-02     117     0.58610301E-03
-0.10000080E+00     0.34726110E+00     0.11049168E-01     0.20000000E+01    -0.12200406E+00     0.36832967E+00     0.36691904E+00     0.53847572E-02     117     0.58610301E-03
 0.00000000E+00     0.36043391E+00     0.11046543E-01     0.20000000E+01    -0.12236782E+00     0.36773583E+00     0.36727670E+00     0.53867726E-02     117     0.58610301E-03
 0.99999093E-01     0.37354591E+00     0.11047817E-01     0.20000000E+01    -0.12271725E+00     0.36712876E+00     0.36765796E+00     0.53912112E-02     117     0.58610301E-03
 0.19999990E+00     0.38659427E+00     0.11051776E-01     0.20000000E+01    -0.12305212E+00     0.36647877E+00     0.36801362E+00     0.53965379E-02     118     0.97300706E-03
 0.29999900E+00     0.39960730E+00     0.11058171E-01     0.20000000E+01    -0.12337822E+00     0.36583742E+00     0.36837277E+00     0.54030558E-02     118     0.97300706E-03
 0.39999980E+00     0.41257638E+00     0.11067263E-01     0.20000000E+01    -0.12369440E+00     0.36519945E+00     0.36875224E+00     0.54111616E-02     118     0.97300706E-03
 0.49999887E+00     0.42548788E+00     0.11079494E-01     0.20000000E+01    -0.12399890E+00     0.36452681E+00     0.36912477E+00     0.54206899E-02     118     0.97300706E-03
 0.59999967E+00     0.43836889E+00     0.11093138E-01     0.20000000E+01    -0.12429621E+00     0.36386752E+00     0.36951107E+00     0.54306146E-02     118     0.97300706E-03
 0.69999880E+00     0.45121092E+00     0.11109310E-01     0.20000000E+01    -0.12458441E+00     0.36320597E+00     0.36989218E+00     0.54419921E-02     118     0.97300706E-03
 0.79999959E+00     0.46400604E+00     0.11128171E-01     0.20000000E+01    -0.12486269E+00     0.36256561E+00     0.37026912E+00     0.54550976E-02     119     0.14674140E-02
 0.89999866E+00     0.47668454E+00     0.11153157E-01     0.20000000E+01    -0.12511070E+00     0.36189908E+00     0.37080455E+00     0.54720584E-02     119     0.14674140E-02
 0.99999946E+00     0.48937246E+00     0.11178076E-01     0.20000000E+01    -0.12536412E+00     0.36124781E+00     0.37117475E+00     0.54881009E-02     119     0.14674140E-02
 0.10999986E+01     0.50198394E+00     0.11206537E-01     0.20000000E+01    -0.12560080E+00     0.36054853E+00     0.37151489E+00     0.55057537E-02     119     0.14674140E-02
 0.11999993E+01     0.51451111E+00     0.11239439E-01     0.20000000E+01    -0.12582032E+00     0.35981628E+00     0.37183467E+00     0.55265012E-02     119     0.14674140E-02
 0.12999984E+01     0.52680808E+00     0.11284159E-01     0.20000000E+01    -0.12599744E+00     0.35863817E+00     0.37211800E+00     0.55525838E-02     120     0.20708691E-02
 0.13999993E+01     0.53934181E+00     0.11314224E-01     0.20000000E+01    -0.12623762E+00     0.35774645E+00     0.37260345E+00     0.55776890E-02     120     0.20708691E-02
 0.14999983E+01     0.55266428E+00     0.11302523E-01     0.20000000E+01    -0.12663676E+00     0.35727024E+00     0.37322205E+00     0.55801943E-02     120     0.20708691E-02
 0.15999992E+01     0.56584549E+00     0.11299151E-01     0.20000000E+01    -0.12700020E+00     0.35672036E+00     0.37376308E+00     0.55882824E-02     120     0.20708691E-02
 0.16999999E+01     0.57892102E+00     0.11301652E-01     0.20000000E+01    -0.12733744E+00     0.35615239E+00     0.37425905E+00     0.56001106E-02     120     0.20708691E-02
 0.17999990E+01     0.59190249E+00     0.11308831E-01     0.20000000E+01    -0.12765317E+00     0.35555536E+00     0.37470803E+00     0.56149792E-02     121     0.27848454E-02
 0.18999999E+01     0.60481143E+00     0.11320197E-01     0.20000000E+01    -0.12795119E+00     0.35497844E+00     0.37514347E+00     0.56323847E-02     121     0.27848454E-02
 0.19999989E+01     0.61767071E+00     0.11333951E-01     0.20000000E+01    -0.12823623E+00     0.35436127E+00     0.37553453E+00     0.56506624E-02     121     0.27848454E-02
 0.20999997E+01     0.63045776E+00     0.11351507E-01     0.20000000E+01    -0.12850608E+00     0.35376963E+00     0.37593442E+00     0.56715147E-02     121     0.27848454E-02
 0.21999989E+01     0.64318246E+00     0.11372263E-01     0.20000000E+01    -0.12876180E+00     0.35314569E+00     0.37632534E+00     0.56936513E-02     121     0.27848454E-02
 0.22999997E+01     0.65585309E+00     0.11395512E-01     0.20000000E+01    -0.12900576E+00     0.35253891E+00     0.37672526E+00     0.57173045E-02     121     0.27848454E-02
 0.23999987E+01     0.66846752E+00     0.11421780E-01     0.20000000E+01    -0.12923720E+00     0.35194016E+00     0.37712893E+00     0.57427636E-02     122     0.36099148E-02
 0.24999995E+01     0.68102384E+00     0.11450648E-01     0.20000000E+01    -0.12945531E+00     0.35132828E+00     0.37751299E+00     0.57690023E-02     122     0.36099148E-02
 0.25999987E+01     0.69352013E+00     0.11482552E-01     0.20000000E+01    -0.12966153E+00     0.35073328E+00     0.37791255E+00     0.57973615E-02     122     0.36099148E-02
 0.26999993E+01     0.70596015E+00     0.11517270E-01     0.20000000E+01    -0.12985672E+00     0.35012266E+00     0.37830979E+00     0.58274386E-02     122     0.36099148E-02
 0.27999985E+01     0.71826375E+00     0.11558807E-01     0.20000000E+01    -0.13002716E+00     0.34917140E+00     0.37872338E+00     0.58588502E-02     122     0.36099148E-02
 0.28999994E+01     0.73042601E+00     0.11605839E-01     0.20000000E+01    -0.13016637E+00     0.34842959E+00     0.37930173E+00     0.58981106E-02     123     0.45458898E-02
 0.29999983E+01     0.74250114E+00     0.11656743E-01     0.20000000E+01    -0.13029143E+00     0.34764156E+00     0.37970361E+00     0.59394217E-02     123     0.45458898E-02
 0.30999992E+01     0.75460452E+00     0.11704930E-01     0.20000000E+01    -0.13041930E+00     0.34684858E+00     0.38010275E+00     0.59833340E-02     123     0.45458898E-02
 0.31999984E+01     0.76737070E+00     0.11722112E-01     0.20000000E+01    -0.13065748E+00     0.34639838E+00     0.38049093E+00     0.60058180E-02     123     0.45458898E-02
 0.32999990E+01     0.78001219E+00     0.11744788E-01     0.20000000E+01    -0.13087110E+00     0.34590679E+00     0.38085645E+00     0.60316692E-02     123     0.45458898E-02
 0.33999999E+01     0.79258496E+00     0.11770574E-01     0.20000000E+01    -0.13106847E+00     0.34535578E+00     0.38120252E+00     0.60591442E-02     124     0.55926382E-02
 0.34999990E+01     0.80504185E+00     0.11801269E-01     0.20000000E+01    -0.13124350E+00     0.34481445E+00     0.38150147E+00     0.60894508E-02     124     0.55926382E-02
 0.35999999E+01     0.81782132E+00     0.11816895E-01     0.20000000E+01    -0.13151164E+00     0.34424412E+00     0.38215521E+00     0.61145509E-02     124     0.55926382E-02
 0.36999989E+01     0.83055651E+00     0.11834578E-01     0.20000000E+01    -0.13177261E+00     0.34368739E+00     0.38279399E+00     0.61428738E-02     124     0.55926382E-02
 0.37999997E+01     0.84317535E+00     0.11857881E-01     0.20000000E+01    -0.13200425E+00     0.34312904E+00     0.38335222E+00     0.61747963E-02     124     0.55926382E-02
 0.38999987E+01     0.85569185E+00     0.11885743E-01     0.20000000E+01    -0.13221376E+00     0.34256139E+00     0.38385797E+00     0.62092673E-02     124     0.55926382E-02
 0.39999995E+01     0.86810917E+00     0.11918047E-01     0.20000000E+01    -0.13240080E+00     0.34198776E+00     0.38432387E+00     0.62466268E-02     125     0.67499871E-02
 0.40999985E+01     0.88045335E+00     0.11953241E-01     0.20000000E+01    -0.13257198E+00     0.34142110E+00     0.38477635E+00     0.62851897E-02     125     0.67499871E-02
 0.41999993E+01     0.89273095E+00     0.11991484E-01     0.20000000E+01    -0.13272813E+00     0.34086591E+00     0.38520226E+00     0.63257180E-02     125     0.67499871E-02
 0.42999988E+01     0.90490562E+00     0.12034910E-01     0.20000000E+01    -0.13286655E+00     0.34004897E+00     0.38563091E+00     0.63666557E-02     125     0.67499871E-02
 0.43999991E+01     0.91699767E+00     0.12080823E-01     0.20000000E+01    -0.13298643E+00     0.33947617E+00     0.38605794E+00     0.64119040E-02     125     0.67499871E-02
 0.44999986E+01     0.92898989E+00     0.12131296E-01     0.20000000E+01    -0.13308671E+00     0.33885464E+00     0.38648966E+00     0.64605721E-02     126     0.80180895E-02
 0.45999994E+01     0.94083881E+00     0.12187364E-01     0.20000000E+01    -0.13315950E+00     0.33819625E+00     0.38691160E+00     0.65125558E-02     126     0.80180895E-02
 0.47000003E+01     0.95251971E+00     0.12249805E-01     0.20000000E+01    -0.13320133E+00     0.33749449E+00     0.38733464E+00     0.65696337E-02     126     0.80180895E-02
 0.47999973E+01     0.96396637E+00     0.12320980E-01     0.20000000E+01    -0.13320056E+00     0.33669809E+00     0.38776684E+00     0.66335453E-02     126     0.80180895E-02
 0.48999982E+01     0.97607672E+00     0.12363291E-01     0.20000000E+01    -0.13331214E+00     0.33613947E+00     0.38820547E+00     0.66829706E-02     126     0.80180895E-02
 0.49999990E+01     0.98847806E+00     0.12392947E-01     0.20000000E+01    -0.13346690E+00     0.33568203E+00     0.38883510E+00     0.67221918E-02     127     0.93974452E-02
 0.50999999E+01     0.10007840E+01     0.12426339E-01     0.20000000E+01    -0.13360786E+00     0.33519769E+00     0.38926804E+00     0.67622974E-02     127     0.93974452E-02
 0.52000008E+01     0.10130063E+01     0.12463556E-01     0.20000000E+01    -0.13373180E+00     0.33469433E+00     0.38971367E+00     0.68049952E-02     127     0.93974452E-02
 0.52999978E+01     0.10251217E+01     0.12503752E-01     0.20000000E+01    -0.13383439E+00     0.33416545E+00     0.39012730E+00     0.68489397E-02     127     0.93974452E-02
 0.53999987E+01     0.10371599E+01     0.12546799E-01     0.20000000E+01    -0.13392168E+00     0.33363324E+00     0.39050528E+00     0.68944213E-02     127     0.93974452E-02
 0.54999995E+01     0.10491236E+01     0.12592660E-01     0.20000000E+01    -0.13399297E+00     0.33310276E+00     0.39085379E+00     0.69415127E-02     127     0.93974452E-02
 0.56000004E+01     0.10610435E+01     0.12639917E-01     0.20000000E+01    -0.13405870E+00     0.33258060E+00     0.39123052E+00     0.69899634E-02     128     0.10889112E-01
 0.56999979E+01     0.10732338E+01     0.12678275E-01     0.20000000E+01    -0.13420451E+00     0.33204037E+00     0.39199921E+00     0.70397374E-02     128     0.10889112E-01
 0.57999988E+01     0.10852815E+01     0.12722258E-01     0.20000000E+01    -0.13431764E+00     0.33127078E+00     0.39265469E+00     0.70902333E-02     128     0.10889112E-01
 0.58999996E+01     0.10971467E+01     0.12772280E-01     0.20000000E+01    -0.13439265E+00     0.33072799E+00     0.39322814E+00     0.71469680E-02     128     0.10889112E-01
 0.60000000E+01     0.11088828E+01     0.12826857E-01     0.20000000E+01    -0.13444091E+00     0.33020538E+00     0.39375722E+00     0.72068670E-02     128     0.10889112E-01
 0.60999975E+01     0.11205055E+01     0.12885635E-01     0.20000000E+01    -0.13446604E+00     0.32966170E+00     0.39424014E+00     0.72698062E-02     129     0.12494802E-01
 0.61999984E+01     0.11319727E+01     0.12949388E-01     0.20000000E+01    -0.13446134E+00     0.32911161E+00     0.39471850E+00     0.73358589E-02     129     0.12494802E-01
 0.62999992E+01     0.11433077E+01     0.13018007E-01     0.20000000E+01    -0.13442983E+00     0.32855639E+00     0.39517918E+00     0.74058380E-02     129     0.12494802E-01
 0.64000001E+01     0.11544143E+01     0.13093084E-01     0.20000000E+01    -0.13435768E+00     0.32793182E+00     0.39563179E+00     0.74803028E-02     129     0.12494802E-01
 0.65000010E+01     0.11652492E+01     0.13177757E-01     0.20000000E+01    -0.13423473E+00     0.32725212E+00     0.39609194E+00     0.75626574E-02     129     0.12494802E-01
 0.65999980E+01     0.11757523E+01     0.13272406E-01     0.20000000E+01    -0.13405181E+00     0.32651222E+00     0.39654383E+00     0.76533803E-02     129     0.12494802E-01
 0.66999989E+01     0.11870058E+01     0.13338904E-01     0.20000000E+01    -0.13399519E+00     0.32593578E+00     0.39701396E+00     0.77290363E-02     130     0.14216917E-01
 0.67999997E+01     0.11988585E+01     0.13382592E-01     0.20000000E+01    -0.13403872E+00     0.32551044E+00     0.39768130E+00     0.77856602E-02     130     0.14216917E-01
 0.69000006E+01     0.12106035E+01     0.13430255E-01     0.20000000E+01    -0.13406399E+00     0.32504502E+00     0.39814144E+00     0.78437608E-02     130     0.14216917E-01
 0.69999981E+01     0.12224129E+01     0.13475574E-01     0.20000000E+01    -0.13410145E+00     0.32435393E+00     0.39861923E+00     0.78981277E-02     130     0.14216917E-01
 0.70999990E+01     0.12338458E+01     0.13533544E-01     0.20000000E+01    -0.13406946E+00     0.32384861E+00     0.39910102E+00     0.79633007E-02     130     0.14216917E-01
 0.71999998E+01     0.12451710E+01     0.13594859E-01     0.20000000E+01    -0.13401695E+00     0.32332200E+00     0.39954481E+00     0.80311205E-02     131     0.16058823E-01
 0.73000002E+01     0.12563704E+01     0.13659706E-01     0.20000000E+01    -0.13394165E+00     0.32282031E+00     0.40001246E+00     0.81007229E-02     131     0.16058823E-01
 0.73999977E+01     0.12674742E+01     0.13728253E-01     0.20000000E+01    -0.13384570E+00     0.32230678E+00     0.40041226E+00     0.81728697E-02     131     0.16058823E-01
 0.74999986E+01     0.12784089E+01     0.13801364E-01     0.20000000E+01    -0.13371901E+00     0.32180476E+00     0.40077958E+00     0.82478784E-02     131     0.16058823E-01
 0.75999994E+01     0.12892376E+01     0.13878150E-01     0.20000000E+01    -0.13357684E+00     0.32129195E+00     0.40120554E+00     0.83263498E-02     131     0.16058823E-01
 0.77000003E+01     0.13002058E+01     0.13952729E-01     0.20000000E+01    -0.13348232E+00     0.32078168E+00     0.40201387E+00     0.84122019E-02     131     0.16058823E-01
 0.77999973E+01     0.13105645E+01     0.14038164E-01     0.20000000E+01    -0.13326614E+00     0.32027975E+00     0.40269518E+00     0.85075609E-02     132     0.18024575E-01
 0.78999982E+01     0.13202615E+01     0.14134417E-01     0.20000000E+01    -0.13291723E+00     0.31977138E+00     0.40329140E+00     0.86118802E-02     132     0.18024575E-01
 0.79999990E+01     0.13292751E+01     0.14244056E-01     0.20000000E+01    -0.13243523E+00     0.31927064E+00     0.40382698E+00     0.87283179E-02     132     0.18024575E-01
 0.81000004E+01     0.13379340E+01     0.14363481E-01     0.20000000E+01    -0.13188533E+00     0.31874394E+00     0.40433687E+00     0.88532511E-02     132     0.18024575E-01
 0.82000008E+01     0.13464283E+01     0.14491045E-01     0.20000000E+01    -0.13130921E+00     0.31820402E+00     0.40481240E+00     0.89849550E-02     132     0.18024575E-01
 0.82999983E+01     0.13543921E+01     0.14641832E-01     0.20000000E+01    -0.13064623E+00     0.31732318E+00     0.40527597E+00     0.91330949E-02     132     0.18024575E-01
 0.83999987E+01     0.13627661E+01     0.14784859E-01     0.20000000E+01    -0.13006324E+00     0.31588292E+00     0.40574998E+00     0.92762131E-02     133     0.20119486E-01
 0.85000000E+01     0.13743798E+01     0.14834424E-01     0.20000000E+01    -0.13005422E+00     0.31509617E+00     0.40625629E+00     0.93436781E-02     133     0.20119486E-01
 0.86000004E+01     0.13854327E+01     0.14904108E-01     0.20000000E+01    -0.12994975E+00     0.31424659E+00     0.40676853E+00     0.94267335E-02     133     0.20119486E-01
 0.86999979E+01     0.13962692E+01     0.14984190E-01     0.20000000E+01    -0.12980679E+00     0.31335485E+00     0.40727109E+00     0.95164273E-02     133     0.20119486E-01
 0.87999983E+01     0.14069461E+01     0.15071291E-01     0.20000000E+01    -0.12964162E+00     0.31241477E+00     0.40777808E+00     0.96101444E-02     133     0.20119486E-01
 0.88999996E+01     0.14172479E+01     0.15170629E-01     0.20000000E+01    -0.12941128E+00     0.31144884E+00     0.40848237E+00     0.97118663E-02     133     0.20119486E-01
 0.90000000E+01     0.14273645E+01     0.15278946E-01     0.20000000E+01    -0.12915055E+00     0.31089032E+00     0.40899864E+00     0.98247007E-02     134     0.22349956E-01
 0.90999975E+01     0.14373468E+01     0.15396133E-01     0.20000000E+01    -0.12887354E+00     0.30994073E+00     0.40947133E+00     0.99390075E-02     134     0.22349956E-01
 0.91999989E+01     0.14472177E+01     0.15516447E-01     0.20000000E+01    -0.12857601E+00     0.30936173E+00     0.40995571E+00     0.10059725E-01     134     0.22349956E-01
 0.92999992E+01     0.14563493E+01     0.15667183E-01     0.20000000E+01    -0.12816189E+00     0.30804375E+00     0.41041332E+00     0.10196660E-01     134     0.22349956E-01
 0.94000006E+01     0.14654526E+01     0.15816204E-01     0.20000000E+01    -0.12773560E+00     0.30736223E+00     0.41082528E+00     0.10341836E-01     134     0.22349956E-01
 0.94999971E+01     0.14744513E+01     0.15968243E-01     0.20000000E+01    -0.12729517E+00     0.30623823E+00     0.41119921E+00     0.10491669E-01     134     0.22349956E-01
 0.95999985E+01     0.14855227E+01     0.16055370E-01     0.20000000E+01    -0.12721431E+00     0.30568746E+00     0.41189450E+00     0.10596598E-01     135     0.24723656E-01
 0.96999989E+01     0.14964709E+01     0.16149716E-01     0.20000000E+01    -0.12712079E+00     0.30511528E+00     0.41270509E+00     0.10710883E-01     135     0.24723656E-01
 0.98000002E+01     0.15075758E+01     0.16237488E-01     0.20000000E+01    -0.12705071E+00     0.30407530E+00     0.41341716E+00     0.10815325E-01     135     0.24723656E-01
 0.99000006E+01     0.15181651E+01     0.16344797E-01     0.20000000E+01    -0.12689292E+00     0.30304459E+00     0.41405186E+00     0.10934738E-01     135     0.24723656E-01
 0.99999981E+01     0.15282896E+01     0.16467458E-01     0.20000000E+01    -0.12665644E+00     0.30240226E+00     0.41463006E+00     0.11068678E-01     135     0.24723656E-01
 0.10099998E+02     0.15381714E+01     0.16600830E-01     0.20000000E+01    -0.12638153E+00     0.30146086E+00     0.41517377E+00     0.11208586E-01     135     0.24723656E-01
 0.10200000E+02     0.15477724E+01     0.16744569E-01     0.20000000E+01    -0.12605728E+00     0.30082190E+00     0.41571280E+00     0.11360640E-01     136     0.27249757E-01
 0.10300000E+02     0.15570126E+01     0.16903769E-01     0.20000000E+01    -0.12568012E+00     0.29978365E+00     0.41624522E+00     0.11520436E-01     136     0.27249757E-01
 0.10399998E+02     0.15656819E+01     0.17086353E-01     0.20000000E+01    -0.12521343E+00     0.29862070E+00     0.41675845E+00     0.11698547E-01     136     0.27249757E-01
 0.10499999E+02     0.15744094E+01     0.17267730E-01     0.20000000E+01    -0.12475547E+00     0.29794106E+00     0.41729301E+00     0.11882240E-01     136     0.27249757E-01
 0.10599999E+02     0.15826995E+01     0.17468372E-01     0.20000000E+01    -0.12423009E+00     0.29714864E+00     0.41783437E+00     0.12082396E-01     136     0.27249757E-01
 0.10700000E+02     0.15936885E+01     0.17559860E-01     0.20000000E+01    -0.12413081E+00     0.29574439E+00     0.41859820E+00     0.12193380E-01     136     0.27249757E-01
 0.10799997E+02     0.16035664E+01     0.17697265E-01     0.20000000E+01    -0.12385282E+00     0.29503137E+00     0.41913387E+00     0.12343499E-01     137     0.29939037E-01
 0.10899999E+02     0.16133807E+01     0.17839780E-01     0.20000000E+01    -0.12357072E+00     0.29338533E+00     0.41968712E+00     0.12490895E-01     137     0.29939037E-01
 0.10999999E+02     0.16225197E+01     0.18006939E-01     0.20000000E+01    -0.12318033E+00     0.29262087E+00     0.42021236E+00     0.12664283E-01     137     0.29939037E-01
 0.11100000E+02     0.16315067E+01     0.18182574E-01     0.20000000E+01    -0.12276661E+00     0.29186112E+00     0.42072019E+00     0.12844421E-01     137     0.29939037E-01
 0.11200001E+02     0.16400940E+01     0.18375715E-01     0.20000000E+01    -0.12229864E+00     0.29075387E+00     0.42119294E+00     0.13035767E-01     137     0.29939037E-01
 0.11299998E+02     0.16481719E+01     0.18593034E-01     0.20000000E+01    -0.12175465E+00     0.28955838E+00     0.42162719E+00     0.13246589E-01     137     0.29939037E-01
 0.11399999E+02     0.16547258E+01     0.18874735E-01     0.20000000E+01    -0.12098411E+00     0.28788608E+00     0.42199013E+00     0.13512155E-01     138     0.32803934E-01
 0.11500000E+02     0.16645752E+01     0.19035710E-01     0.20000000E+01    -0.12073439E+00     0.28661460E+00     0.42285916E+00     0.13694378E-01     138     0.32803934E-01
 0.11600000E+02     0.16740818E+01     0.19211926E-01     0.20000000E+01    -0.12043513E+00     0.28571066E+00     0.42369014E+00     0.13889046E-01     138     0.32803934E-01
 0.11699998E+02     0.16831981E+01     0.19403260E-01     0.20000000E+01    -0.12007518E+00     0.28483102E+00     0.42442915E+00     0.14096050E-01     138     0.32803934E-01
 0.11799999E+02     0.16919479E+01     0.19607801E-01     0.20000000E+01    -0.11966352E+00     0.28331661E+00     0.42505389E+00     0.14308762E-01     138     0.32803934E-01
 0.11900000E+02     0.17003266E+01     0.19836541E-01     0.20000000E+01    -0.11919688E+00     0.28241026E+00     0.42566663E+00     0.14547805E-01     138     0.32803934E-01
 0.12000000E+02     0.17081869E+01     0.20086916E-01     0.20000000E+01    -0.11865344E+00     0.28149989E+00     0.42622975E+00     0.14806079E-01     138     0.32803934E-01
 0.12099998E+02     0.17157127E+01     0.20353926E-01     0.20000000E+01    -0.11806701E+00     0.28060138E+00     0.42678693E+00     0.15079654E-01     139     0.35858847E-01
 0.12199999E+02     0.17229173E+01     0.20637516E-01     0.20000000E+01    -0.11744177E+00     0.27966967E+00     0.42733824E+00     0.15366646E-01     139     0.35858847E-01
 0.12299999E+02     0.17295202E+01     0.20953348E-01     0.20000000E+01    -0.11673719E+00     0.27867973E+00     0.42788014E+00     0.15683895E-01     139     0.35858847E-01
 0.12400001E+02     0.17381023E+01     0.21176051E-01     0.20000000E+01    -0.11631265E+00     0.27766109E+00     0.42847171E+00     0.15926113E-01     139     0.35858847E-01
 0.12499997E+02     0.17463291E+01     0.21420438E-01     0.20000000E+01    -0.11584001E+00     0.27661505E+00     0.42928249E+00     0.16184794E-01     139     0.35858847E-01
 0.12599998E+02     0.17542893E+01     0.21679070E-01     0.20000000E+01    -0.11533696E+00     0.27552736E+00     0.42985228E+00     0.16454145E-01     139     0.35858847E-01
 0.12699999E+02     0.17614774E+01     0.21971473E-01     0.20000000E+01    -0.11473499E+00     0.27375987E+00     0.43039501E+00     0.16749403E-01     139     0.35858847E-01
 0.12800000E+02     0.17681845E+01     0.22300787E-01     0.20000000E+01    -0.11407105E+00     0.27268046E+00     0.43095183E+00     0.17084684E-01     140     0.39120480E-01
 0.12900001E+02     0.17743416E+01     0.22653379E-01     0.20000000E+01    -0.11334234E+00     0.27159303E+00     0.43148792E+00     0.17439969E-01     140     0.39120480E-01
 0.12999998E+02     0.17800460E+01     0.23035206E-01     0.20000000E+01    -0.11256484E+00     0.27051860E+00     0.43197957E+00     0.17821953E-01     140     0.39120480E-01
 0.13099999E+02     0.17854204E+01     0.23435168E-01     0.20000000E+01    -0.11175201E+00     0.26933783E+00     0.43244424E+00     0.18226979E-01     140     0.39120480E-01
 0.13200000E+02     0.17927185E+01     0.23736671E-01     0.20000000E+01    -0.11119743E+00     0.26808813E+00     0.43289188E+00     0.18540155E-01     140     0.39120480E-01
 0.13300000E+02     0.17995367E+01     0.24078567E-01     0.20000000E+01    -0.11059505E+00     0.26679200E+00     0.43336204E+00     0.18891048E-01     140     0.39120480E-01
 0.13399998E+02     0.18059890E+01     0.24450334E-01     0.20000000E+01    -0.10998153E+00     0.26548192E+00     0.43430346E+00     0.19278906E-01     140     0.39120480E-01
 0.13499999E+02     0.18115203E+01     0.24880705E-01     0.20000000E+01    -0.10925948E+00     0.26419678E+00     0.43509948E+00     0.19723499E-01     141     0.42607810E-01
 0.13599999E+02     0.18164126E+01     0.25346132E-01     0.20000000E+01    -0.10847329E+00     0.26288003E+00     0.43578488E+00     0.20198073E-01     141     0.42607810E-01
 0.13700001E+02     0.18199040E+01     0.25892012E-01     0.20000000E+01    -0.10753667E+00     0.26160696E+00     0.43638441E+00     0.20751148E-01     141     0.42607810E-01
 0.13799997E+02     0.18243148E+01     0.26385428E-01     0.20000000E+01    -0.10673039E+00     0.26017261E+00     0.43698922E+00     0.21258613E-01     141     0.42607810E-01
 0.13899999E+02     0.18297569E+01     0.26839944E-01     0.20000000E+01    -0.10605754E+00     0.25863549E+00     0.43756279E+00     0.21730129E-01     141     0.42607810E-01
 0.13999999E+02     0.18329647E+01     0.27412010E-01     0.20000000E+01    -0.10515447E+00     0.25612310E+00     0.43813589E+00     0.22310242E-01     141     0.42607810E-01
 0.14100000E+02     0.18357587E+01     0.28012520E-01     0.20000000E+01    -0.10423771E+00     0.25456169E+00     0.43865973E+00     0.22921046E-01     141     0.42607810E-01
 0.14199998E+02     0.18369612E+01     0.28718129E-01     0.20000000E+01    -0.10319202E+00     0.25301635E+00     0.43914226E+00     0.23633733E-01     141     0.42607810E-01
 0.14299998E+02     0.18382597E+01     0.29416764E-01     0.20000000E+01    -0.10219865E+00     0.25138500E+00     0.43965939E+00     0.24347145E-01     141     0.42607810E-01
 0.14400000E+02     0.18412318E+01     0.30028470E-01     0.20000000E+01    -0.10140526E+00     0.24961038E+00     0.44021821E+00     0.24976447E-01     142     0.46341963E-01
 0.14500000E+02     0.18420991E+01     0.30763345E-01     0.20000000E+01    -0.10045436E+00     0.24775618E+00     0.44097802E+00     0.25727525E-01     142     0.46341963E-01
 0.14600000E+02     0.18410910E+01     0.31610478E-01     0.20000000E+01    -0.99399850E-01     0.24596316E+00     0.44141808E+00     0.26588444E-01     142     0.46341963E-01
 0.14699998E+02     0.18378013E+01     0.32613773E-01     0.20000000E+01    -0.98240010E-01     0.24431200E+00     0.44183636E+00     0.27605643E-01     142     0.46341963E-01
 0.14799999E+02     0.18352355E+01     0.33570174E-01     0.20000000E+01    -0.97231612E-01     0.24238616E+00     0.44225845E+00     0.28583102E-01     142     0.46341963E-01
 0.14900000E+02     0.18326548E+01     0.34532357E-01     0.20000000E+01    -0.96308678E-01     0.24036552E+00     0.44271189E+00     0.29568382E-01     142     0.46341963E-01
 0.15000001E+02     0.18271986E+01     0.35684165E-01     0.20000000E+01    -0.95318541E-01     0.23847921E+00     0.44306940E+00     0.30746285E-01     142     0.46341963E-01
 0.15099998E+02     0.18177409E+01     0.37105322E-01     0.20000000E+01    -0.94273254E-01     0.23672815E+00     0.44334656E+00     0.32198574E-01     142     0.46341963E-01
 0.15199999E+02     0.18046620E+01     0.38768370E-01     0.20000000E+01    -0.93288042E-01     0.23515524E+00     0.44355428E+00     0.33900436E-01     142     0.46341963E-01
 0.15299999E+02     0.17928898E+01     0.40399790E-01     0.20000000E+01    -0.92601582E-01     0.23325622E+00     0.44380093E+00     0.35579417E-01     142     0.46341963E-01
 0.15400001E+02     0.17779342E+01     0.42268448E-01     0.20000000E+01    -0.92062294E-01     0.23145193E+00     0.44396350E+00     0.37501652E-01     142     0.46341963E-01
 0.15499998E+02     0.17563881E+01     0.44659507E-01     0.20000000E+01    -0.91709055E-01     0.22996174E+00     0.44399357E+00     0.39962154E-01     142     0.46341963E-01
 0.15599998E+02     0.17282829E+01     0.47518585E-01     0.20000000E+01    -0.91620572E-01     0.22885211E+00     0.44394109E+00     0.42906888E-01     142     0.46341963E-01
 0.15699999E+02     0.16880320E+01     0.51095974E-01     0.20000000E+01    -0.91825694E-01     0.22806746E+00     0.44363523E+00     0.46597280E-01     142     0.46341963E-01
 0.15800000E+02     0.16396762E+01     0.54490421E-01     0.20000000E+01    -0.92135176E-01     0.22745760E+00     0.44315943E+00     0.50113961E-01     141     0.42607810E-01
 0.15899998E+02     0.15852473E+01     0.57798471E-01     0.20000000E+01    -0.92478618E-01     0.22696353E+00     0.44251493E+00     0.53545743E-01     141     0.42607810E-01
 0.15999998E+02     0.15465413E+01     0.62394146E-01     0.20000000E+01    -0.92759341E-01     0.22551045E+00     0.44219312E+00     0.58227878E-01     141     0.42607810E-01
 0.16099998E+02     0.15100008E+01     0.66855609E-01     0.20000000E+01    -0.93273744E-01     0.22386685E+00     0.44187132E+00     0.62766239E-01     141     0.42607810E-01
 0.16200001E+02     0.14743582E+01     0.71428299E-01     0.20000000E+01    -0.94149224E-01     0.22195610E+00     0.44130135E+00     0.67407712E-01     140     0.39120480E-01
 0.16300001E+02     0.14571227E+01     0.74196972E-01     0.20000000E+01    -0.94743893E-01     0.22085589E+00     0.44158292E+00     0.70217833E-01     140     0.39120480E-01
 0.16499998E+02     0.14039074E+01     0.82226411E-01     0.20000000E+01    -0.97196631E-01     0.21426998E+00     0.44130671E+00     0.78327224E-01     140     0.39120480E-01
 0.16600000E+02     0.13828582E+01     0.85830331E-01     0.20000000E+01    -0.98534390E-01     0.21147235E+00     0.44107324E+00     0.81959814E-01     140     0.39120480E-01
 0.16700001E+02     0.13710878E+01     0.88328026E-01     0.20000000E+01    -0.99448249E-01     0.20815615E+00     0.44140053E+00     0.84471308E-01     140     0.39120480E-01
 0.16799997E+02     0.13544632E+01     0.91553517E-01     0.20000000E+01    -0.10080465E+00     0.20492925E+00     0.44121465E+00     0.87722033E-01     140     0.39120480E-01
 0.16900000E+02     0.13389275E+01     0.94638884E-01     0.20000000E+01    -0.10216349E+00     0.20155604E+00     0.44139022E+00     0.90820819E-01     140     0.39120480E-01
 0.17000000E+02     0.13284185E+01     0.97161599E-01     0.20000000E+01    -0.10327528E+00     0.19775058E+00     0.44168803E+00     0.93356006E-01     140     0.39120480E-01
 0.17100000E+02     0.13225123E+01     0.99092826E-01     0.20000000E+01    -0.10416722E+00     0.19575649E+00     0.44161165E+00     0.95296957E-01     140     0.39120480E-01
 0.17199997E+02     0.13034163E+01     0.10276924E+00     0.20000000E+01    -0.10602250E+00     0.18975541E+00     0.44168106E+00     0.98977007E-01     140     0.39120480E-01
 0.17299999E+02     0.12863497E+01     0.10624362E+00     0.20000000E+01    -0.10782202E+00     0.18540794E+00     0.44205868E+00     0.10245878E+00     140     0.39120480E-01
 0.17400000E+02     0.12804804E+01     0.10819909E+00     0.20000000E+01    -0.10881262E+00     0.18134484E+00     0.44243506E+00     0.10441303E+00     140     0.39120480E-01
 0.17500000E+02     0.12655524E+01     0.11151496E+00     0.20000000E+01    -0.11070366E+00     0.17720784E+00     0.44245711E+00     0.10773220E+00     140     0.39120480E-01
 0.17599997E+02     0.12601526E+01     0.11341516E+00     0.20000000E+01    -0.11169879E+00     0.17292853E+00     0.44254971E+00     0.10962804E+00     140     0.39120480E-01
 0.17699999E+02     0.12490355E+01     0.11619717E+00     0.20000000E+01    -0.11332472E+00     0.16946527E+00     0.44293645E+00     0.11241630E+00     140     0.39120480E-01
 0.17799999E+02     0.12380962E+01     0.11884109E+00     0.20000000E+01    -0.11488315E+00     0.16339266E+00     0.44309482E+00     0.11503945E+00     140     0.39120480E-01
 0.17900000E+02     0.12267419E+01     0.12171644E+00     0.20000000E+01    -0.11666852E+00     0.15850239E+00     0.44304857E+00     0.11791506E+00     140     0.39120480E-01
 0.18000000E+02     0.12158339E+01     0.12432213E+00     0.20000000E+01    -0.11833162E+00     0.15238951E+00     0.44328532E+00     0.12049576E+00     140     0.39120480E-01
 0.18099998E+02     0.12114537E+01     0.12634726E+00     0.20000000E+01    -0.11963317E+00     0.14968246E+00     0.44347480E+00     0.12252902E+00     140     0.39120480E-01
 0.18199999E+02     0.12046739E+01     0.12847954E+00     0.20000000E+01    -0.12104904E+00     0.14567645E+00     0.44358546E+00     0.12464807E+00     140     0.39120480E-01
 0.18299999E+02     0.11982453E+01     0.13068008E+00     0.20000000E+01    -0.12253576E+00     0.14059481E+00     0.44376254E+00     0.12683634E+00     140     0.39120480E-01
 0.18400000E+02     0.11897660E+01     0.13301127E+00     0.20000000E+01    -0.12416590E+00     0.13601175E+00     0.44443893E+00     0.12915117E+00     140     0.39120480E-01
 0.18499998E+02     0.11865145E+01     0.13474061E+00     0.20000000E+01    -0.12538031E+00     0.13202459E+00     0.44417039E+00     0.13086718E+00     140     0.39120480E-01
 0.18599998E+02     0.11832732E+01     0.13658950E+00     0.20000000E+01    -0.12672222E+00     0.12996422E+00     0.44448730E+00     0.13272040E+00     140     0.39120480E-01
 0.18699999E+02     0.11811223E+01     0.13818896E+00     0.20000000E+01    -0.12789524E+00     0.12633252E+00     0.44466245E+00     0.13431133E+00     140     0.39120480E-01
 0.18800001E+02     0.11759952E+01     0.14004385E+00     0.20000000E+01    -0.12929857E+00     0.12221159E+00     0.44535980E+00     0.13614364E+00     140     0.39120480E-01
 0.18899998E+02     0.11746534E+01     0.14160538E+00     0.20000000E+01    -0.13042474E+00     0.11941271E+00     0.44533631E+00     0.13770725E+00     140     0.39120480E-01
 0.18999998E+02     0.11716615E+01     0.14338021E+00     0.20000000E+01    -0.13183683E+00     0.11631879E+00     0.44662935E+00     0.13948239E+00     140     0.39120480E-01
 0.19099998E+02     0.11714422E+01     0.14462392E+00     0.20000000E+01    -0.13282681E+00     0.11388690E+00     0.44725370E+00     0.14072451E+00     141     0.42607810E-01
 0.19200001E+02     0.11737103E+01     0.14565571E+00     0.20000000E+01    -0.13367438E+00     0.11213643E+00     0.44761744E+00     0.14176093E+00     141     0.42607810E-01
 0.19300001E+02     0.11678313E+01     0.14786008E+00     0.20000000E+01    -0.13545242E+00     0.10800348E+00     0.44815531E+00     0.14395331E+00     141     0.42607810E-01
 0.19399998E+02     0.11683847E+01     0.14901257E+00     0.20000000E+01    -0.13636905E+00     0.10598154E+00     0.44795370E+00     0.14510295E+00     141     0.42607810E-01
 0.19499998E+02     0.11712219E+01     0.14998212E+00     0.20000000E+01    -0.13725720E+00     0.10476318E+00     0.44896248E+00     0.14608283E+00     141     0.42607810E-01
 0.19600000E+02     0.11731080E+01     0.15097296E+00     0.20000000E+01    -0.13801877E+00     0.10315539E+00     0.44953409E+00     0.14707494E+00     141     0.42607810E-01
 0.19700001E+02     0.11694076E+01     0.15285850E+00     0.20000000E+01    -0.13969649E+00     0.99824339E-01     0.45006388E+00     0.14895208E+00     141     0.42607810E-01
 0.19799997E+02     0.11709216E+01     0.15396032E+00     0.20000000E+01    -0.14057191E+00     0.98793469E-01     0.45035949E+00     0.15006094E+00     141     0.42607810E-01
 0.19900000E+02     0.11727674E+01     0.15503050E+00     0.20000000E+01    -0.14151612E+00     0.96516900E-01     0.45093152E+00     0.15112926E+00     141     0.42607810E-01
 0.20000000E+02     0.11733030E+01     0.15619804E+00     0.20000000E+01    -0.14258943E+00     0.94409563E-01     0.45127845E+00     0.15228879E+00     141     0.42607810E-01
 0.20100000E+02     0.11740043E+01     0.15726331E+00     0.20000000E+01    -0.14351794E+00     0.93001835E-01     0.45258945E+00     0.15335076E+00     141     0.42607810E-01
 0.20199997E+02     0.11745288E+01     0.15854399E+00     0.20000000E+01    -0.14466590E+00     0.90980314E-01     0.45206654E+00     0.15463860E+00     141     0.42607810E-01
 0.20299999E+02     0.11774617E+01     0.15953130E+00     0.20000000E+01    -0.14550188E+00     0.90434954E-01     0.45272279E+00     0.15563555E+00     141     0.42607810E-01
 0.20400000E+02     0.11800686E+01     0.16051529E+00     0.20000000E+01    -0.14639337E+00     0.89323767E-01     0.45309490E+00     0.15662491E+00     141     0.42607810E-01
 0.20500000E+02     0.11817029E+01     0.16153227E+00     0.20000000E+01    -0.14739498E+00     0.87734096E-01     0.45397234E+00     0.15763552E+00     142     0.46341963E-01
 0.20599998E+02     0.11817026E+01     0.16271630E+00     0.20000000E+01    -0.14850836E+00     0.85640989E-01     0.45493841E+00     0.15880743E+00     142     0.46341963E-01
 0.20699999E+02     0.11854498E+01     0.16349728E+00     0.20000000E+01    -0.14919789E+00     0.85240766E-01     0.45497996E+00     0.15959819E+00     142     0.46341963E-01
 0.20799999E+02     0.11870993E+01     0.16464521E+00     0.20000000E+01    -0.15025726E+00     0.84408730E-01     0.45520309E+00     0.16075626E+00     142     0.46341963E-01
 0.20900000E+02     0.11894220E+01     0.16570793E+00     0.20000000E+01    -0.15133376E+00     0.82603812E-01     0.45604068E+00     0.16181785E+00     142     0.46341963E-01
 0.21000000E+02     0.11911436E+01     0.16677651E+00     0.20000000E+01    -0.15240207E+00     0.81157193E-01     0.45603418E+00     0.16288130E+00     142     0.46341963E-01
 0.21099998E+02     0.11933059E+01     0.16764140E+00     0.20000000E+01    -0.15324146E+00     0.80069870E-01     0.45649579E+00     0.16373996E+00     142     0.46341963E-01
 0.21199999E+02     0.11945074E+01     0.16857642E+00     0.20000000E+01    -0.15417370E+00     0.78529753E-01     0.45696497E+00     0.16466692E+00     142     0.46341963E-01
 0.21299999E+02     0.11981357E+01     0.16944195E+00     0.20000000E+01    -0.15508167E+00     0.77604212E-01     0.45805377E+00     0.16554299E+00     142     0.46341963E-01
 0.21400000E+02     0.12001693E+01     0.17057712E+00     0.20000000E+01    -0.15612814E+00     0.76980740E-01     0.45838630E+00     0.16669367E+00     142     0.46341963E-01
 0.21499998E+02     0.12026027E+01     0.17157643E+00     0.20000000E+01    -0.15712248E+00     0.75909063E-01     0.45943949E+00     0.16770080E+00     142     0.46341963E-01
 0.21599998E+02     0.12059557E+01     0.17238043E+00     0.20000000E+01    -0.15791468E+00     0.75404264E-01     0.46079549E+00     0.16851872E+00     142     0.46341963E-01
 0.21699999E+02     0.12089746E+01     0.17331354E+00     0.20000000E+01    -0.15900448E+00     0.74392892E-01     0.46025440E+00     0.16944928E+00     143     0.50346751E-01
 0.21800001E+02     0.12107632E+01     0.17426674E+00     0.20000000E+01    -0.16002259E+00     0.73469743E-01     0.46129042E+00     0.17040317E+00     143     0.50346751E-01
 0.21899998E+02     0.12123047E+01     0.17523645E+00     0.20000000E+01    -0.16114794E+00     0.72135441E-01     0.46189278E+00     0.17137283E+00     143     0.50346751E-01
 0.21999998E+02     0.12156314E+01     0.17624575E+00     0.20000000E+01    -0.16202770E+00     0.71868546E-01     0.46255606E+00     0.17240044E+00     143     0.50346751E-01
 0.22099998E+02     0.12191302E+01     0.17711106E+00     0.20000000E+01    -0.16298248E+00     0.71219303E-01     0.46340546E+00     0.17328244E+00     143     0.50346751E-01
 0.22200001E+02     0.12214659E+01     0.17806239E+00     0.20000000E+01    -0.16401204E+00     0.69884636E-01     0.46376345E+00     0.17423463E+00     143     0.50346751E-01
 0.22299997E+02     0.12239659E+01     0.17888041E+00     0.20000000E+01    -0.16487995E+00     0.68905354E-01     0.46453950E+00     0.17505348E+00     143     0.50346751E-01
