  
       RFOIL         Version 3.00
  
 Calculated polar for: OSO_2025_WT2_T24                
  
 1  Reynolds number fixed
  
 xtrf =      1.00000000 (suction)     1.00000000 (pressure)
 Rot. Parameters:  f0 =      1.00000000 c/r =      0.00000000
 Mach =      0.00000000     Re =      5.00000000 e 6     Ncrit =      9.00000000
  
             alpha                CL                CD            Re(CL)                CM             S_xtr             P_xtr               CDp            I_stag            X_stag
  ------- -------- --------- --------- -------- ------- ------- -------- 
-0.22700001E+02    -0.10707632E+01     0.14104213E+00     0.50000000E+01    -0.13268791E-02     0.99898618E+00     0.40532798E-01     0.13883230E+00      88     0.64354502E-01
-0.22600002E+02    -0.10677111E+01     0.14014864E+00     0.50000000E+01    -0.21786601E-02     0.99896550E+00     0.40391408E-01     0.13792717E+00      88     0.64354502E-01
-0.22500000E+02    -0.10637702E+01     0.13929652E+00     0.50000000E+01    -0.29724455E-02     0.99893719E+00     0.40686466E-01     0.13706858E+00      88     0.64354502E-01
-0.22400002E+02    -0.10602728E+01     0.13835956E+00     0.50000000E+01    -0.37727770E-02     0.99891621E+00     0.40840928E-01     0.13612308E+00      88     0.64354502E-01
-0.22100000E+02    -0.10497503E+01     0.13534243E+00     0.50000000E+01    -0.65820552E-02     0.99882835E+00     0.41116670E-01     0.13306893E+00      88     0.64354502E-01
-0.22000000E+02    -0.10464927E+01     0.13452184E+00     0.50000000E+01    -0.71992790E-02     0.99881518E+00     0.41190039E-01     0.13224150E+00      88     0.64354502E-01
-0.21900002E+02    -0.10427151E+01     0.13359123E+00     0.50000000E+01    -0.81060044E-02     0.99877876E+00     0.41170754E-01     0.13130200E+00      88     0.64354502E-01
-0.21800001E+02    -0.10370333E+01     0.13304970E+00     0.50000000E+01    -0.86154668E-02     0.99875486E+00     0.41299425E-01     0.13075063E+00      89     0.58118239E-01
-0.21700001E+02    -0.10325212E+01     0.13222791E+00     0.50000000E+01    -0.94125113E-02     0.99872386E+00     0.41458614E-01     0.12992127E+00      89     0.58118239E-01
-0.21500002E+02    -0.10306529E+01     0.12939574E+00     0.50000000E+01    -0.11793419E-01     0.99865741E+00     0.41986678E-01     0.12706257E+00      89     0.58118239E-01
-0.21400000E+02    -0.10277141E+01     0.12840669E+00     0.50000000E+01    -0.12673041E-01     0.99862778E+00     0.42229973E-01     0.12606667E+00      89     0.58118239E-01
-0.21300001E+02    -0.10238106E+01     0.12754247E+00     0.50000000E+01    -0.13475299E-01     0.99859560E+00     0.42452786E-01     0.12520118E+00      89     0.58118239E-01
-0.21200001E+02    -0.10208209E+01     0.12659298E+00     0.50000000E+01    -0.14289164E-01     0.99856335E+00     0.42537950E-01     0.12424289E+00      89     0.58118239E-01
-0.21100002E+02    -0.10182847E+01     0.12556528E+00     0.50000000E+01    -0.15066213E-01     0.99854225E+00     0.42877246E-01     0.12321353E+00      89     0.58118239E-01
-0.21000000E+02    -0.10155951E+01     0.12424438E+00     0.50000000E+01    -0.16304813E-01     0.99849343E+00     0.43040298E-01     0.12187780E+00      89     0.58118239E-01
-0.20900000E+02    -0.10120157E+01     0.12337002E+00     0.50000000E+01    -0.17015159E-01     0.99846375E+00     0.43114003E-01     0.12099785E+00      89     0.58118239E-01
-0.20800001E+02    -0.10084746E+01     0.12255332E+00     0.50000000E+01    -0.17660800E-01     0.99843931E+00     0.43245852E-01     0.12017582E+00      89     0.58118239E-01
-0.20700003E+02    -0.10039721E+01     0.12173460E+00     0.50000000E+01    -0.18431751E-01     0.99840099E+00     0.43390010E-01     0.11935443E+00      89     0.58118239E-01
-0.20600000E+02    -0.99926275E+00     0.12086929E+00     0.50000000E+01    -0.19342950E-01     0.99835014E+00     0.43565068E-01     0.11848408E+00      89     0.58118239E-01
-0.20500000E+02    -0.99569291E+00     0.12006036E+00     0.50000000E+01    -0.19866653E-01     0.99833274E+00     0.43751657E-01     0.11766937E+00      90     0.52246086E-01
-0.20400002E+02    -0.99227405E+00     0.11905950E+00     0.50000000E+01    -0.20655125E-01     0.99830133E+00     0.43973830E-01     0.11666272E+00      90     0.52246086E-01
-0.20300001E+02    -0.98982322E+00     0.11792114E+00     0.50000000E+01    -0.21600895E-01     0.99826336E+00     0.44081267E-01     0.11551134E+00      90     0.52246086E-01
-0.20200001E+02    -0.98618126E+00     0.11709738E+00     0.50000000E+01    -0.22220567E-01     0.99823916E+00     0.44347312E-01     0.11468315E+00      90     0.52246086E-01
-0.20100000E+02    -0.98122519E+00     0.11631433E+00     0.50000000E+01    -0.22916974E-01     0.99819922E+00     0.44508703E-01     0.11389509E+00      90     0.52246086E-01
-0.20000002E+02    -0.97661877E+00     0.11560829E+00     0.50000000E+01    -0.23490513E-01     0.99817288E+00     0.44584680E-01     0.11318342E+00      90     0.52246086E-01
-0.19900000E+02    -0.97195321E+00     0.11489543E+00     0.50000000E+01    -0.24048353E-01     0.99813837E+00     0.44707954E-01     0.11246458E+00      90     0.52246086E-01
-0.19800001E+02    -0.96774882E+00     0.11421291E+00     0.50000000E+01    -0.24480622E-01     0.99812132E+00     0.44867113E-01     0.11177621E+00      90     0.52246086E-01
-0.19700001E+02    -0.96263194E+00     0.11335540E+00     0.50000000E+01    -0.25321992E-01     0.99807167E+00     0.45024574E-01     0.11091041E+00      90     0.52246086E-01
-0.19600000E+02    -0.95806652E+00     0.11259230E+00     0.50000000E+01    -0.25890814E-01     0.99804389E+00     0.45150001E-01     0.11014012E+00      90     0.52246086E-01
-0.19500000E+02    -0.95452881E+00     0.11145913E+00     0.50000000E+01    -0.26847756E-01     0.99799746E+00     0.45213055E-01     0.10899452E+00      90     0.52246086E-01
-0.19400002E+02    -0.95036751E+00     0.11058141E+00     0.50000000E+01    -0.27523709E-01     0.99796474E+00     0.45313586E-01     0.10810742E+00      90     0.52246086E-01
-0.19300001E+02    -0.94513488E+00     0.10990452E+00     0.50000000E+01    -0.28084982E-01     0.99792767E+00     0.45390632E-01     0.10742223E+00      91     0.46763554E-01
-0.19200001E+02    -0.94058734E+00     0.10919049E+00     0.50000000E+01    -0.28625177E-01     0.99789870E+00     0.45586318E-01     0.10670161E+00      91     0.46763554E-01
-0.19100000E+02    -0.93543452E+00     0.10839414E+00     0.50000000E+01    -0.29357485E-01     0.99785095E+00     0.45858685E-01     0.10590069E+00      91     0.46763554E-01
-0.19000002E+02    -0.93248779E+00     0.10763194E+00     0.50000000E+01    -0.29754950E-01     0.99783701E+00     0.46057530E-01     0.10513546E+00      91     0.46763554E-01
-0.18900002E+02    -0.92845005E+00     0.10674049E+00     0.50000000E+01    -0.30482817E-01     0.99779481E+00     0.46335913E-01     0.10424063E+00      91     0.46763554E-01
-0.18800001E+02    -0.92461705E+00     0.10575472E+00     0.50000000E+01    -0.31323541E-01     0.99774724E+00     0.46546400E-01     0.10324940E+00      91     0.46763554E-01
-0.18700001E+02    -0.92260230E+00     0.10460211E+00     0.50000000E+01    -0.32094128E-01     0.99771726E+00     0.46892576E-01     0.10208990E+00      91     0.46763554E-01
-0.18600000E+02    -0.91865599E+00     0.10382880E+00     0.50000000E+01    -0.32488894E-01     0.99770015E+00     0.47041524E-01     0.10131296E+00      91     0.46763554E-01
-0.18500002E+02    -0.91355556E+00     0.10306077E+00     0.50000000E+01    -0.33274375E-01     0.99764532E+00     0.47302954E-01     0.10054386E+00      91     0.46763554E-01
-0.18400000E+02    -0.90886217E+00     0.10234436E+00     0.50000000E+01    -0.33790421E-01     0.99761218E+00     0.47473080E-01     0.99825479E-01      91     0.46763554E-01
-0.18300001E+02    -0.90443301E+00     0.10162114E+00     0.50000000E+01    -0.34281522E-01     0.99758267E+00     0.47626227E-01     0.99100091E-01      91     0.46763554E-01
-0.18200001E+02    -0.89994758E+00     0.10087634E+00     0.50000000E+01    -0.34816213E-01     0.99754763E+00     0.47994532E-01     0.98356113E-01      91     0.46763554E-01
-0.18100002E+02    -0.89546210E+00     0.10012959E+00     0.50000000E+01    -0.35326477E-01     0.99751759E+00     0.48136182E-01     0.97604856E-01      92     0.41686684E-01
-0.18000000E+02    -0.89141101E+00     0.99291585E-01     0.50000000E+01    -0.35895407E-01     0.99748570E+00     0.48269507E-01     0.96760198E-01      92     0.41686684E-01
-0.17900000E+02    -0.88793284E+00     0.98222710E-01     0.50000000E+01    -0.36700066E-01     0.99744409E+00     0.48441172E-01     0.95681682E-01      92     0.41686684E-01
-0.17800001E+02    -0.88361645E+00     0.97402148E-01     0.50000000E+01    -0.37248686E-01     0.99740946E+00     0.48564378E-01     0.94855189E-01      92     0.41686684E-01
-0.17700001E+02    -0.87771034E+00     0.96662544E-01     0.50000000E+01    -0.37961647E-01     0.99735439E+00     0.48738170E-01     0.94111726E-01      92     0.41686684E-01
-0.17600000E+02    -0.87210590E+00     0.95964380E-01     0.50000000E+01    -0.38588155E-01     0.99730664E+00     0.48930377E-01     0.93409948E-01      92     0.41686684E-01
-0.17500000E+02    -0.86680961E+00     0.95294982E-01     0.50000000E+01    -0.39062753E-01     0.99727178E+00     0.49122646E-01     0.92736930E-01      92     0.41686684E-01
-0.17400002E+02    -0.86149496E+00     0.94626680E-01     0.50000000E+01    -0.39538063E-01     0.99723804E+00     0.49372829E-01     0.92065051E-01      92     0.41686684E-01
-0.17200001E+02    -0.85075963E+00     0.93253821E-01     0.50000000E+01    -0.40515438E-01     0.99716586E+00     0.49681872E-01     0.90681307E-01      92     0.41686684E-01
-0.17100000E+02    -0.84502685E+00     0.92454791E-01     0.50000000E+01    -0.41180488E-01     0.99711674E+00     0.49811438E-01     0.89873902E-01      93     0.37020490E-01
-0.16900000E+02    -0.83655238E+00     0.90704873E-01     0.50000000E+01    -0.42412672E-01     0.99703956E+00     0.50077677E-01     0.88103771E-01      93     0.37020490E-01
-0.16700001E+02    -0.82632917E+00     0.89169957E-01     0.50000000E+01    -0.43701977E-01     0.99693906E+00     0.50809629E-01     0.86566597E-01      93     0.37020490E-01
-0.16600000E+02    -0.82096672E+00     0.88438548E-01     0.50000000E+01    -0.44278037E-01     0.99689221E+00     0.51035192E-01     0.85834004E-01      93     0.37020490E-01
-0.16500000E+02    -0.81609255E+00     0.87692440E-01     0.50000000E+01    -0.44798356E-01     0.99685252E+00     0.51292259E-01     0.85086986E-01      93     0.37020490E-01
-0.16400002E+02    -0.81117493E+00     0.86964935E-01     0.50000000E+01    -0.45317698E-01     0.99681300E+00     0.51632747E-01     0.84360071E-01      93     0.37020490E-01
-0.16300001E+02    -0.80646014E+00     0.86206891E-01     0.50000000E+01    -0.45863319E-01     0.99677163E+00     0.51909246E-01     0.83600737E-01      93     0.37020490E-01
-0.16200001E+02    -0.80141854E+00     0.85290015E-01     0.50000000E+01    -0.46648107E-01     0.99671161E+00     0.52091122E-01     0.82679570E-01      93     0.37020490E-01
-0.16100000E+02    -0.79658115E+00     0.84225819E-01     0.50000000E+01    -0.47670495E-01     0.99663317E+00     0.52343987E-01     0.81608109E-01      93     0.37020490E-01
-0.16000002E+02    -0.79130542E+00     0.83499059E-01     0.50000000E+01    -0.48225168E-01     0.99658740E+00     0.52582242E-01     0.80879480E-01      94     0.32759186E-01
-0.15900001E+02    -0.78570497E+00     0.82811639E-01     0.50000000E+01    -0.48763551E-01     0.99654061E+00     0.52780546E-01     0.80190897E-01      94     0.32759186E-01
-0.15800000E+02    -0.77921993E+00     0.82091033E-01     0.50000000E+01    -0.49502295E-01     0.99647063E+00     0.53073902E-01     0.79469308E-01      94     0.32759186E-01
-0.15700001E+02    -0.77328980E+00     0.81417859E-01     0.50000000E+01    -0.50061006E-01     0.99642015E+00     0.53262640E-01     0.78793854E-01      94     0.32759186E-01
-0.15600002E+02    -0.76584554E+00     0.80648638E-01     0.50000000E+01    -0.51033292E-01     0.99632210E+00     0.53546496E-01     0.78022443E-01      94     0.32759186E-01
-0.15500001E+02    -0.76134872E+00     0.79993956E-01     0.50000000E+01    -0.51247928E-01     0.99631226E+00     0.53881429E-01     0.77366576E-01      94     0.32759186E-01
-0.15400001E+02    -0.75546157E+00     0.79283908E-01     0.50000000E+01    -0.51874284E-01     0.99625534E+00     0.53946190E-01     0.76650813E-01      94     0.32759186E-01
-0.15200001E+02    -0.74227422E+00     0.77400625E-01     0.50000000E+01    -0.53989142E-01     0.99605167E+00     0.54489698E-01     0.74751638E-01      94     0.32759186E-01
-0.15100001E+02    -0.73569840E+00     0.76673888E-01     0.50000000E+01    -0.54684680E-01     0.99598151E+00     0.54675754E-01     0.74018106E-01      95     0.28887654E-01
-0.15000001E+02    -0.72845149E+00     0.76033846E-01     0.50000000E+01    -0.55363510E-01     0.99590778E+00     0.54821655E-01     0.73373072E-01      95     0.28887654E-01
-0.14900000E+02    -0.72154218E+00     0.75353242E-01     0.50000000E+01    -0.56067698E-01     0.99582970E+00     0.55020351E-01     0.72686642E-01      95     0.28887654E-01
-0.14800000E+02    -0.71552622E+00     0.74598782E-01     0.50000000E+01    -0.56799885E-01     0.99574751E+00     0.55462118E-01     0.71932763E-01      95     0.28887654E-01
-0.14700002E+02    -0.70813733E+00     0.73806822E-01     0.50000000E+01    -0.57820678E-01     0.99562055E+00     0.55892199E-01     0.71140498E-01      95     0.28887654E-01
-0.14600000E+02    -0.70164263E+00     0.73054254E-01     0.50000000E+01    -0.58650460E-01     0.99552047E+00     0.56286920E-01     0.70388384E-01      95     0.28887654E-01
-0.14500000E+02    -0.69513702E+00     0.72238773E-01     0.50000000E+01    -0.59509419E-01     0.99541414E+00     0.56627575E-01     0.69572240E-01      95     0.28887654E-01
-0.14400001E+02    -0.68907589E+00     0.71347952E-01     0.50000000E+01    -0.60442802E-01     0.99529994E+00     0.56962974E-01     0.68678774E-01      95     0.28887654E-01
-0.14300001E+02    -0.68365759E+00     0.70339836E-01     0.50000000E+01    -0.61483197E-01     0.99517840E+00     0.57217203E-01     0.67664243E-01      95     0.28887654E-01
-0.14200001E+02    -0.67784357E+00     0.69577202E-01     0.50000000E+01    -0.62032595E-01     0.99422717E+00     0.57554089E-01     0.66901945E-01      96     0.25384178E-01
-0.14100001E+02    -0.67395407E+00     0.69017872E-01     0.50000000E+01    -0.62013928E-01     0.99369526E+00     0.57824723E-01     0.66343196E-01      96     0.25384178E-01
-0.14000001E+02    -0.66791266E+00     0.68322502E-01     0.50000000E+01    -0.62485259E-01     0.99231619E+00     0.58066353E-01     0.65646932E-01      96     0.25384178E-01
-0.13900002E+02    -0.66142523E+00     0.67687094E-01     0.50000000E+01    -0.63074030E-01     0.99163502E+00     0.58360506E-01     0.65010682E-01      96     0.25384178E-01
-0.13800001E+02    -0.65446502E+00     0.66990636E-01     0.50000000E+01    -0.63808121E-01     0.99091172E+00     0.58719777E-01     0.64313397E-01      96     0.25384178E-01
-0.13700001E+02    -0.64738876E+00     0.66296525E-01     0.50000000E+01    -0.64570419E-01     0.99030179E+00     0.58992952E-01     0.63616678E-01      96     0.25384178E-01
-0.13600001E+02    -0.64679903E+00     0.65800011E-01     0.50000000E+01    -0.63740380E-01     0.98715109E+00     0.59213303E-01     0.63118428E-01      96     0.25384178E-01
-0.13500001E+02    -0.64914894E+00     0.65280803E-01     0.50000000E+01    -0.62430859E-01     0.98091257E+00     0.59379440E-01     0.62593944E-01      96     0.25384178E-01
-0.13400001E+02    -0.62042642E+00     0.64201646E-01     0.50000000E+01    -0.68201788E-01     0.73167044E+00     0.59881262E-01     0.60591102E-01      96     0.25384178E-01
-0.13300000E+02    -0.61579847E+00     0.63628443E-01     0.50000000E+01    -0.68409108E-01     0.70518708E+00     0.60085177E-01     0.59924036E-01      97     0.22222305E-01
-0.13200001E+02    -0.61015427E+00     0.63143857E-01     0.50000000E+01    -0.68574660E-01     0.68348372E+00     0.60265362E-01     0.59361372E-01      97     0.22222305E-01
-0.13100000E+02    -0.60512263E+00     0.62620215E-01     0.50000000E+01    -0.68771318E-01     0.66539067E+00     0.60774539E-01     0.58779940E-01      97     0.22222305E-01
-0.13000001E+02    -0.60047519E+00     0.62061541E-01     0.50000000E+01    -0.68980969E-01     0.65036571E+00     0.61256014E-01     0.58175329E-01      97     0.22222305E-01
-0.12900001E+02    -0.59572750E+00     0.61530940E-01     0.50000000E+01    -0.69170177E-01     0.62786341E+00     0.61674375E-01     0.57571076E-01      97     0.22222305E-01
-0.12800001E+02    -0.59098297E+00     0.60961932E-01     0.50000000E+01    -0.69403745E-01     0.61702472E+00     0.62100064E-01     0.56967355E-01      97     0.22222305E-01
-0.12700001E+02    -0.58642644E+00     0.60352564E-01     0.50000000E+01    -0.69659278E-01     0.60774541E+00     0.62508032E-01     0.56333449E-01      97     0.22222305E-01
-0.12600001E+02    -0.58255684E+00     0.59632536E-01     0.50000000E+01    -0.69959916E-01     0.59914619E+00     0.62852956E-01     0.55582132E-01      97     0.22222305E-01
-0.12500001E+02    -0.57936120E+00     0.58801591E-01     0.50000000E+01    -0.70321530E-01     0.59156787E+00     0.63136838E-01     0.54723155E-01      97     0.22222305E-01
-0.12400002E+02    -0.57444882E+00     0.58244523E-01     0.50000000E+01    -0.70550017E-01     0.58422089E+00     0.63533515E-01     0.54143358E-01      98     0.19374071E-01
-0.12300001E+02    -0.56927818E+00     0.57708617E-01     0.50000000E+01    -0.70763528E-01     0.57715976E+00     0.63873276E-01     0.53584851E-01      98     0.19374071E-01
-0.12200001E+02    -0.56402594E+00     0.57174250E-01     0.50000000E+01    -0.70977189E-01     0.57075208E+00     0.64226471E-01     0.53030640E-01      98     0.19374071E-01
-0.12100001E+02    -0.55875266E+00     0.56651495E-01     0.50000000E+01    -0.71185559E-01     0.56469327E+00     0.64561963E-01     0.52488212E-01      98     0.19374071E-01
-0.12000000E+02    -0.55350024E+00     0.56105092E-01     0.50000000E+01    -0.71401633E-01     0.55904442E+00     0.64941615E-01     0.51921368E-01      98     0.19374071E-01
-0.11900001E+02    -0.54831278E+00     0.55537608E-01     0.50000000E+01    -0.71636982E-01     0.55388314E+00     0.65250844E-01     0.51337510E-01      98     0.19374071E-01
-0.11800000E+02    -0.54357231E+00     0.54903310E-01     0.50000000E+01    -0.71897268E-01     0.54868156E+00     0.65532066E-01     0.50679039E-01      98     0.19374071E-01
-0.11700001E+02    -0.53988355E+00     0.54130904E-01     0.50000000E+01    -0.72235920E-01     0.54109573E+00     0.65821588E-01     0.49877483E-01      98     0.19374071E-01
-0.11600000E+02    -0.53462929E+00     0.53581379E-01     0.50000000E+01    -0.72473593E-01     0.53665185E+00     0.66106349E-01     0.49306273E-01      99     0.16811348E-01
-0.11500001E+02    -0.52861887E+00     0.53096559E-01     0.50000000E+01    -0.72665922E-01     0.53229374E+00     0.66327587E-01     0.48802454E-01      99     0.16811348E-01
-0.11400001E+02    -0.52353555E+00     0.52568451E-01     0.50000000E+01    -0.72872683E-01     0.52841264E+00     0.66815205E-01     0.48262414E-01      99     0.16811348E-01
-0.11300001E+02    -0.51892507E+00     0.51993120E-01     0.50000000E+01    -0.73081188E-01     0.52471185E+00     0.67678876E-01     0.47678992E-01      99     0.16811348E-01
-0.11200001E+02    -0.51369858E+00     0.51459935E-01     0.50000000E+01    -0.73284552E-01     0.52065617E+00     0.67946166E-01     0.47127716E-01      99     0.16811348E-01
-0.11100001E+02    -0.50933009E+00     0.50852977E-01     0.50000000E+01    -0.73520280E-01     0.51753217E+00     0.68698511E-01     0.46517428E-01      99     0.16811348E-01
-0.11000001E+02    -0.50548309E+00     0.50153486E-01     0.50000000E+01    -0.73800065E-01     0.51436251E+00     0.69195189E-01     0.45808777E-01      99     0.16811348E-01
-0.10900001E+02    -0.50251997E+00     0.49349185E-01     0.50000000E+01    -0.74142642E-01     0.51140875E+00     0.69568984E-01     0.44989184E-01      99     0.16811348E-01
-0.10800001E+02    -0.49751949E+00     0.48807040E-01     0.50000000E+01    -0.74342281E-01     0.50797820E+00     0.69998905E-01     0.44433519E-01      99     0.16811348E-01
-0.10700001E+02    -0.49236405E+00     0.48286408E-01     0.50000000E+01    -0.74538939E-01     0.50502580E+00     0.70485294E-01     0.43905944E-01     100     0.14507390E-01
-0.10600001E+02    -0.48701242E+00     0.47783725E-01     0.50000000E+01    -0.74724719E-01     0.50012475E+00     0.70909813E-01     0.43389488E-01     100     0.14507390E-01
-0.10500001E+02    -0.48164746E+00     0.47274597E-01     0.50000000E+01    -0.74914813E-01     0.49724430E+00     0.71334928E-01     0.42868655E-01     100     0.14507390E-01
-0.10400002E+02    -0.47637102E+00     0.46750493E-01     0.50000000E+01    -0.75112015E-01     0.49412495E+00     0.71713194E-01     0.42329580E-01     100     0.14507390E-01
-0.10300000E+02    -0.47149703E+00     0.46169940E-01     0.50000000E+01    -0.75341903E-01     0.49165109E+00     0.72153352E-01     0.41740086E-01     100     0.14507390E-01
-0.10200001E+02    -0.46788254E+00     0.45431435E-01     0.50000000E+01    -0.75652435E-01     0.48939043E+00     0.72519436E-01     0.40988471E-01     100     0.14507390E-01
-0.10100000E+02    -0.46300536E+00     0.44850323E-01     0.50000000E+01    -0.75885154E-01     0.48699594E+00     0.72809197E-01     0.40394824E-01     100     0.14507390E-01
-0.10000001E+02    -0.45756537E+00     0.44364072E-01     0.50000000E+01    -0.76062977E-01     0.48447415E+00     0.73383823E-01     0.39895304E-01     100     0.14507390E-01
-0.99000006E+01    -0.45258343E+00     0.43846887E-01     0.50000000E+01    -0.76243013E-01     0.48189357E+00     0.74080549E-01     0.39368089E-01     101     0.12437641E-01
-0.98000011E+01    -0.44760683E+00     0.43323100E-01     0.50000000E+01    -0.76428771E-01     0.47941214E+00     0.74679978E-01     0.38838163E-01     101     0.12437641E-01
-0.97000008E+01    -0.44306633E+00     0.42752963E-01     0.50000000E+01    -0.76631330E-01     0.47741330E+00     0.75380802E-01     0.38265802E-01     101     0.12437641E-01
-0.96000013E+01    -0.43905470E+00     0.42124990E-01     0.50000000E+01    -0.76872461E-01     0.47538134E+00     0.75933851E-01     0.37632268E-01     101     0.12437641E-01
-0.95000010E+01    -0.43681371E+00     0.41287608E-01     0.50000000E+01    -0.77212639E-01     0.47343263E+00     0.76458380E-01     0.36783449E-01     101     0.12437641E-01
-0.94000006E+01    -0.43201396E+00     0.40762421E-01     0.50000000E+01    -0.77397123E-01     0.47134000E+00     0.76983459E-01     0.36251158E-01     101     0.12437641E-01
-0.93000011E+01    -0.42728445E+00     0.40237937E-01     0.50000000E+01    -0.77575080E-01     0.46906009E+00     0.77862002E-01     0.35720002E-01     101     0.12437641E-01
-0.91999998E+01    -0.42211339E+00     0.39743137E-01     0.50000000E+01    -0.77746920E-01     0.46675438E+00     0.78410968E-01     0.35217538E-01     101     0.12437641E-01
-0.91000013E+01    -0.41678521E+00     0.39256029E-01     0.50000000E+01    -0.77921145E-01     0.46490613E+00     0.78671172E-01     0.34723356E-01     102     0.10580092E-01
-0.90000000E+01    -0.41232103E+00     0.38681291E-01     0.50000000E+01    -0.78134812E-01     0.46307456E+00     0.79496935E-01     0.34142844E-01     102     0.10580092E-01
-0.89000015E+01    -0.40947038E+00     0.37922073E-01     0.50000000E+01    -0.78441456E-01     0.46004316E+00     0.79987042E-01     0.33365361E-01     102     0.10580092E-01
-0.88000002E+01    -0.40465853E+00     0.37394885E-01     0.50000000E+01    -0.78633018E-01     0.45818004E+00     0.80491044E-01     0.32824080E-01     102     0.10580092E-01
-0.87000017E+01    -0.39994025E+00     0.36891449E-01     0.50000000E+01    -0.78799963E-01     0.45614645E+00     0.81354707E-01     0.32313026E-01     102     0.10580092E-01
-0.86000004E+01    -0.39536479E+00     0.36374886E-01     0.50000000E+01    -0.78967065E-01     0.45406502E+00     0.82176708E-01     0.31791136E-01     102     0.10580092E-01
-0.85000019E+01    -0.39117995E+00     0.35814077E-01     0.50000000E+01    -0.79155445E-01     0.45257097E+00     0.83003663E-01     0.31229669E-01     102     0.10580092E-01
-0.84000006E+01    -0.38821238E+00     0.35135128E-01     0.50000000E+01    -0.79406328E-01     0.45103678E+00     0.83678655E-01     0.30546131E-01     102     0.10580092E-01
-0.83000011E+01    -0.38645539E+00     0.34341343E-01     0.50000000E+01    -0.79709470E-01     0.44956437E+00     0.84330142E-01     0.29744059E-01     102     0.10580092E-01
-0.82000008E+01    -0.38206959E+00     0.33822548E-01     0.50000000E+01    -0.79874024E-01     0.44791773E+00     0.85089773E-01     0.29221600E-01     103     0.89153098E-02
-0.81000013E+01    -0.37746730E+00     0.33323910E-01     0.50000000E+01    -0.80031306E-01     0.44628984E+00     0.85725099E-01     0.28716763E-01     103     0.89153098E-02
-0.80000010E+01    -0.37319517E+00     0.32799926E-01     0.50000000E+01    -0.80200307E-01     0.44463906E+00     0.86453147E-01     0.28184690E-01     103     0.89153098E-02
-0.79000001E+01    -0.37021461E+00     0.32147508E-01     0.50000000E+01    -0.80432892E-01     0.44291019E+00     0.87170117E-01     0.27520131E-01     103     0.89153098E-02
-0.78000011E+01    -0.36817053E+00     0.31423561E-01     0.50000000E+01    -0.80698244E-01     0.44020668E+00     0.87703668E-01     0.26780751E-01     103     0.89153098E-02
-0.77000003E+01    -0.36346039E+00     0.30948920E-01     0.50000000E+01    -0.80842577E-01     0.43877575E+00     0.88421173E-01     0.26299246E-01     103     0.89153098E-02
-0.76000009E+01    -0.36083621E+00     0.30337032E-01     0.50000000E+01    -0.81019111E-01     0.43848807E+00     0.90231679E-01     0.25692567E-01     103     0.89153098E-02
-0.75000005E+01    -0.35874265E+00     0.29671529E-01     0.50000000E+01    -0.81224330E-01     0.43608710E+00     0.91136947E-01     0.25019769E-01     103     0.89153098E-02
-0.74000010E+01    -0.35956967E+00     0.28780609E-01     0.50000000E+01    -0.81524640E-01     0.43491524E+00     0.91957845E-01     0.24118440E-01     103     0.89153098E-02
-0.73000002E+01    -0.35702094E+00     0.28203281E-01     0.50000000E+01    -0.81660911E-01     0.43353724E+00     0.92919298E-01     0.23537172E-01     104     0.74266298E-02
-0.72000012E+01    -0.35477123E+00     0.27607353E-01     0.50000000E+01    -0.81798494E-01     0.43210143E+00     0.93721718E-01     0.22933949E-01     104     0.74266298E-02
-0.71000004E+01    -0.35752499E+00     0.26645258E-01     0.50000000E+01    -0.82050264E-01     0.43093953E+00     0.94299793E-01     0.21954315E-01     104     0.74266298E-02
-0.70000014E+01    -0.35603750E+00     0.26053878E-01     0.50000000E+01    -0.82100399E-01     0.42939410E+00     0.95155522E-01     0.21354422E-01     104     0.74266298E-02
-0.69000006E+01    -0.35568771E+00     0.25424013E-01     0.50000000E+01    -0.82063571E-01     0.42806542E+00     0.95961273E-01     0.20718371E-01     104     0.74266298E-02
-0.68000016E+01    -0.37070394E+00     0.24337899E-01     0.50000000E+01    -0.80957659E-01     0.42755625E+00     0.96024342E-01     0.19613521E-01     104     0.74266298E-02
-0.67000008E+01    -0.36825216E+00     0.23678916E-01     0.50000000E+01    -0.81660941E-01     0.42639029E+00     0.97048357E-01     0.18943127E-01     104     0.74266298E-02
-0.66000018E+01    -0.36760283E+00     0.22458453E-01     0.50000000E+01    -0.83834924E-01     0.42527267E+00     0.98287895E-01     0.17698625E-01     104     0.74266298E-02
-0.65000010E+01    -0.36083347E+00     0.21592714E-01     0.50000000E+01    -0.85950583E-01     0.42393780E+00     0.99980570E-01     0.16822163E-01     104     0.74266298E-02
-0.64000001E+01    -0.35203773E+00     0.20326843E-01     0.50000000E+01    -0.89582063E-01     0.42254487E+00     0.10162816E+00     0.15530663E-01     104     0.74266298E-02
-0.63000011E+01    -0.33980113E+00     0.19390607E-01     0.50000000E+01    -0.92711404E-01     0.42091966E+00     0.10363328E+00     0.14574653E-01     105     0.60997931E-02
-0.62000003E+01    -0.32544947E+00     0.18434944E-01     0.50000000E+01    -0.96191615E-01     0.41923767E+00     0.10574095E+00     0.13592485E-01     105     0.60997931E-02
-0.61000009E+01    -0.30775088E+00     0.17240549E-01     0.50000000E+01    -0.10094681E+00     0.41602603E+00     0.10911807E+00     0.12363520E-01     105     0.60997931E-02
-0.60000000E+01    -0.28826252E+00     0.16211525E-01     0.50000000E+01    -0.10547283E+00     0.41449267E+00     0.11285785E+00     0.11321093E-01     105     0.60997931E-02
-0.59000010E+01    -0.26706058E+00     0.15206004E-01     0.50000000E+01    -0.11018405E+00     0.41277695E+00     0.11714514E+00     0.10291880E-01     106     0.49227113E-02
-0.58000002E+01    -0.23702459E+00     0.13615744E-01     0.50000000E+01    -0.11814069E+00     0.41077000E+00     0.12447147E+00     0.86658932E-02     106     0.49227113E-02
-0.57000012E+01    -0.14106655E+00     0.73837042E-02     0.50000000E+01    -0.14891076E+00     0.40648472E+00     0.27946559E+00     0.27058497E-02     107     0.38855695E-02
-0.56000004E+01    -0.12610675E+00     0.71723643E-02     0.50000000E+01    -0.14993227E+00     0.40462083E+00     0.29627150E+00     0.25427956E-02     107     0.38855695E-02
-0.55000014E+01    -0.11192148E+00     0.70285229E-02     0.50000000E+01    -0.15067787E+00     0.40309331E+00     0.30870065E+00     0.24367999E-02     107     0.38855695E-02
-0.54000006E+01    -0.98539948E-01     0.69604274E-02     0.50000000E+01    -0.15113911E+00     0.40181160E+00     0.31455788E+00     0.23841541E-02     107     0.38855695E-02
-0.53000016E+01    -0.85458294E-01     0.69212597E-02     0.50000000E+01    -0.15149760E+00     0.40048760E+00     0.31897923E+00     0.23499355E-02     108     0.29804131E-02
-0.52000008E+01    -0.72398700E-01     0.68845116E-02     0.50000000E+01    -0.15185532E+00     0.39833573E+00     0.32271323E+00     0.23160325E-02     108     0.29804131E-02
-0.51000013E+01    -0.59452489E-01     0.68587032E-02     0.50000000E+01    -0.15217142E+00     0.39696047E+00     0.32564268E+00     0.22904999E-02     108     0.29804131E-02
-0.50000010E+01    -0.46456069E-01     0.68277293E-02     0.50000000E+01    -0.15250705E+00     0.39552724E+00     0.33062711E+00     0.22628885E-02     108     0.29804131E-02
-0.49000015E+01    -0.33581909E-01     0.68095308E-02     0.50000000E+01    -0.15279956E+00     0.39407840E+00     0.33264375E+00     0.22421791E-02     108     0.29804131E-02
-0.48000007E+01    -0.20820323E-01     0.68020499E-02     0.50000000E+01    -0.15305512E+00     0.39243016E+00     0.33445653E+00     0.22279196E-02     109     0.22007464E-02
-0.47000003E+01    -0.80747725E-02     0.67956280E-02     0.50000000E+01    -0.15329503E+00     0.39107487E+00     0.33617714E+00     0.22182274E-02     109     0.22007464E-02
-0.46000009E+01     0.46366625E-02     0.67922305E-02     0.50000000E+01    -0.15351802E+00     0.38990682E+00     0.33771482E+00     0.22100182E-02     109     0.22007464E-02
-0.45000000E+01     0.17538091E-01     0.67701330E-02     0.50000000E+01    -0.15380912E+00     0.38871017E+00     0.34007767E+00     0.21902984E-02     109     0.22007464E-02
-0.44000010E+01     0.30338256E-01     0.67585101E-02     0.50000000E+01    -0.15406504E+00     0.38749751E+00     0.34134373E+00     0.21768222E-02     110     0.15419117E-02
-0.43000002E+01     0.43078717E-01     0.67527234E-02     0.50000000E+01    -0.15430242E+00     0.38625020E+00     0.34254113E+00     0.21668035E-02     110     0.15419117E-02
-0.42000012E+01     0.55795956E-01     0.67485194E-02     0.50000000E+01    -0.15453517E+00     0.38502777E+00     0.34454867E+00     0.21590837E-02     110     0.15419117E-02
-0.41000004E+01     0.68365462E-01     0.67594973E-02     0.50000000E+01    -0.15472935E+00     0.38296407E+00     0.34556288E+00     0.21555396E-02     110     0.15419117E-02
-0.40000014E+01     0.80943428E-01     0.67691230E-02     0.50000000E+01    -0.15491845E+00     0.38157368E+00     0.34651530E+00     0.21532695E-02     111     0.10009136E-02
-0.39000006E+01     0.93534149E-01     0.67779291E-02     0.50000000E+01    -0.15511043E+00     0.38000035E+00     0.34744769E+00     0.21489668E-02     111     0.10009136E-02
-0.38000014E+01     0.10632394E+00     0.67667067E-02     0.50000000E+01    -0.15535609E+00     0.37892249E+00     0.34848028E+00     0.21390063E-02     111     0.10009136E-02
-0.37000005E+01     0.11908244E+00     0.67582838E-02     0.50000000E+01    -0.15559226E+00     0.37784219E+00     0.34941906E+00     0.21297080E-02     111     0.10009136E-02
-0.36000016E+01     0.13184924E+00     0.67486786E-02     0.50000000E+01    -0.15583356E+00     0.37674004E+00     0.35088724E+00     0.21214937E-02     111     0.10009136E-02
-0.35000007E+01     0.14452624E+00     0.67481603E-02     0.50000000E+01    -0.15604475E+00     0.37562031E+00     0.35168990E+00     0.21165977E-02     112     0.57556073E-03
-0.34000015E+01     0.15716887E+00     0.67506880E-02     0.50000000E+01    -0.15624733E+00     0.37448269E+00     0.35242537E+00     0.21130987E-02     112     0.57556073E-03
-0.33000009E+01     0.16978718E+00     0.67550447E-02     0.50000000E+01    -0.15644398E+00     0.37335581E+00     0.35385302E+00     0.21123532E-02     112     0.57556073E-03
-0.32000017E+01     0.18235615E+00     0.67645521E-02     0.50000000E+01    -0.15662564E+00     0.37217695E+00     0.35454306E+00     0.21121469E-02     112     0.57556073E-03
-0.31000009E+01     0.19486903E+00     0.67786747E-02     0.50000000E+01    -0.15679072E+00     0.37098292E+00     0.35545346E+00     0.21153591E-02     113     0.26492128E-03
-0.30000000E+01     0.20730759E+00     0.68005128E-02     0.50000000E+01    -0.15694144E+00     0.36877367E+00     0.35598916E+00     0.21198364E-02     113     0.26492128E-03
-0.29000010E+01     0.21993457E+00     0.68040029E-02     0.50000000E+01    -0.15713473E+00     0.36762610E+00     0.35666773E+00     0.21172594E-02     113     0.26492128E-03
-0.28000002E+01     0.23272634E+00     0.67914794E-02     0.50000000E+01    -0.15737808E+00     0.36666134E+00     0.35810742E+00     0.21086517E-02     113     0.26492128E-03
-0.27000012E+01     0.24545470E+00     0.67845541E-02     0.50000000E+01    -0.15760240E+00     0.36564234E+00     0.35939112E+00     0.21041362E-02     113     0.26492128E-03
-0.26000004E+01     0.25809443E+00     0.67860894E-02     0.50000000E+01    -0.15779917E+00     0.36462712E+00     0.35997257E+00     0.21023834E-02     114     0.74709220E-04
-0.25000012E+01     0.27070719E+00     0.67901337E-02     0.50000000E+01    -0.15798867E+00     0.36353654E+00     0.36054564E+00     0.21018269E-02     114     0.74709220E-04
-0.24000003E+01     0.28329825E+00     0.67962846E-02     0.50000000E+01    -0.15817189E+00     0.36250141E+00     0.36109555E+00     0.21023429E-02     114     0.74709220E-04
-0.23000014E+01     0.29586035E+00     0.68048812E-02     0.50000000E+01    -0.15834866E+00     0.36141351E+00     0.36164680E+00     0.21039145E-02     114     0.74709220E-04
-0.22000005E+01     0.30839950E+00     0.68153990E-02     0.50000000E+01    -0.15851997E+00     0.36033824E+00     0.36218610E+00     0.21063923E-02     115     0.21237647E-05
-0.21000013E+01     0.32090184E+00     0.68288604E-02     0.50000000E+01    -0.15868114E+00     0.35916248E+00     0.36325964E+00     0.21122950E-02     115     0.21237647E-05
-0.20000007E+01     0.33334592E+00     0.68467744E-02     0.50000000E+01    -0.15882616E+00     0.35791442E+00     0.36421174E+00     0.21206713E-02     115     0.21237647E-05
-0.19000015E+01     0.34581470E+00     0.68629063E-02     0.50000000E+01    -0.15897506E+00     0.35611677E+00     0.36463740E+00     0.21278658E-02     115     0.21237647E-05
-0.18000008E+01     0.35834652E+00     0.68718111E-02     0.50000000E+01    -0.15913297E+00     0.35522246E+00     0.36500275E+00     0.21317108E-02     115     0.21237647E-05
-0.17000016E+01     0.37083989E+00     0.68837288E-02     0.50000000E+01    -0.15928157E+00     0.35428172E+00     0.36534065E+00     0.21371795E-02     116     0.28969960E-04
-0.16000009E+01     0.38351893E+00     0.68802922E-02     0.50000000E+01    -0.15948920E+00     0.35328954E+00     0.36668155E+00     0.21330598E-02     116     0.28969960E-04
-0.15000000E+01     0.39617395E+00     0.68785660E-02     0.50000000E+01    -0.15969151E+00     0.35230607E+00     0.36787879E+00     0.21328572E-02     116     0.28969960E-04
-0.14000009E+01     0.40874040E+00     0.68847113E-02     0.50000000E+01    -0.15986718E+00     0.35135201E+00     0.36842093E+00     0.21353881E-02     116     0.28969960E-04
-0.13000002E+01     0.42128056E+00     0.68933107E-02     0.50000000E+01    -0.16003555E+00     0.35036269E+00     0.36888930E+00     0.21390966E-02     117     0.14431638E-03
-0.12000011E+01     0.43380541E+00     0.69023408E-02     0.50000000E+01    -0.16020343E+00     0.34933382E+00     0.36988005E+00     0.21454436E-02     117     0.14431638E-03
-0.11000003E+01     0.44628918E+00     0.69149532E-02     0.50000000E+01    -0.16035986E+00     0.34828100E+00     0.37081093E+00     0.21534883E-02     117     0.14431638E-03
-0.10000012E+01     0.45872661E+00     0.69309939E-02     0.50000000E+01    -0.16050348E+00     0.34714383E+00     0.37193203E+00     0.21644863E-02     117     0.14431638E-03
-0.90000039E+00     0.47111535E+00     0.69513530E-02     0.50000000E+01    -0.16063154E+00     0.34586468E+00     0.37272605E+00     0.21766098E-02     117     0.14431638E-03
-0.80000126E+00     0.48360282E+00     0.69621429E-02     0.50000000E+01    -0.16077870E+00     0.34445733E+00     0.37306321E+00     0.21842397E-02     118     0.34258093E-03
-0.70000046E+00     0.49609450E+00     0.69720689E-02     0.50000000E+01    -0.16092554E+00     0.34359875E+00     0.37341955E+00     0.21904660E-02     118     0.34258093E-03
-0.60000139E+00     0.50856030E+00     0.69840699E-02     0.50000000E+01    -0.16106550E+00     0.34270042E+00     0.37377757E+00     0.21977732E-02     118     0.34258093E-03
-0.50000060E+00     0.52100378E+00     0.69978004E-02     0.50000000E+01    -0.16120036E+00     0.34178966E+00     0.37409720E+00     0.22059241E-02     118     0.34258093E-03
-0.40000150E+00     0.53341854E+00     0.70138667E-02     0.50000000E+01    -0.16132884E+00     0.34084329E+00     0.37437552E+00     0.22152746E-02     118     0.34258093E-03
-0.30000070E+00     0.54580450E+00     0.70319599E-02     0.50000000E+01    -0.16145104E+00     0.33992925E+00     0.37462142E+00     0.22259108E-02     119     0.63133589E-03
-0.20000160E+00     0.55820394E+00     0.70492649E-02     0.50000000E+01    -0.16157843E+00     0.33896858E+00     0.37495932E+00     0.22336040E-02     119     0.63133589E-03
-0.10000080E+00     0.57070875E+00     0.70585744E-02     0.50000000E+01    -0.16174059E+00     0.33799851E+00     0.37562647E+00     0.22387905E-02     119     0.63133589E-03
 0.00000000E+00     0.58318424E+00     0.70703109E-02     0.50000000E+01    -0.16189370E+00     0.33698240E+00     0.37624934E+00     0.22458262E-02     119     0.63133589E-03
 0.99999093E-01     0.59563518E+00     0.70835743E-02     0.50000000E+01    -0.16204073E+00     0.33590224E+00     0.37683481E+00     0.22542775E-02     119     0.63133589E-03
 0.19999990E+00     0.60805202E+00     0.70995600E-02     0.50000000E+01    -0.16217922E+00     0.33465925E+00     0.37736276E+00     0.22646850E-02     120     0.10182067E-02
 0.29999900E+00     0.62054849E+00     0.71062986E-02     0.50000000E+01    -0.16232918E+00     0.33384135E+00     0.37786454E+00     0.22741361E-02     120     0.10182067E-02
 0.39999980E+00     0.63303196E+00     0.71136686E-02     0.50000000E+01    -0.16247484E+00     0.33258355E+00     0.37832451E+00     0.22811443E-02     120     0.10182067E-02
 0.49999887E+00     0.64548749E+00     0.71233269E-02     0.50000000E+01    -0.16261485E+00     0.33173528E+00     0.37879726E+00     0.22903159E-02     120     0.10182067E-02
 0.59999967E+00     0.65791762E+00     0.71350071E-02     0.50000000E+01    -0.16274856E+00     0.33087748E+00     0.37921458E+00     0.23005884E-02     121     0.15063530E-02
 0.69999880E+00     0.67032772E+00     0.71484395E-02     0.50000000E+01    -0.16287670E+00     0.33000475E+00     0.37965196E+00     0.23116870E-02     121     0.15063530E-02
 0.79999959E+00     0.68270665E+00     0.71640071E-02     0.50000000E+01    -0.16299941E+00     0.32911357E+00     0.38007343E+00     0.23237853E-02     121     0.15063530E-02
 0.89999866E+00     0.69505984E+00     0.71814200E-02     0.50000000E+01    -0.16311695E+00     0.32823744E+00     0.38049155E+00     0.23368816E-02     121     0.15063530E-02
 0.99999946E+00     0.70738685E+00     0.72010495E-02     0.50000000E+01    -0.16322811E+00     0.32732394E+00     0.38091692E+00     0.23511141E-02     121     0.15063530E-02
 0.10999986E+01     0.71969128E+00     0.72224336E-02     0.50000000E+01    -0.16333410E+00     0.32637292E+00     0.38134447E+00     0.23663193E-02     121     0.15063530E-02
 0.11999993E+01     0.73197287E+00     0.72452435E-02     0.50000000E+01    -0.16343452E+00     0.32535297E+00     0.38175985E+00     0.23825387E-02     122     0.20985133E-02
 0.12999984E+01     0.74414295E+00     0.72775567E-02     0.50000000E+01    -0.16351458E+00     0.32354352E+00     0.38235825E+00     0.24030618E-02     122     0.20985133E-02
 0.13999993E+01     0.75652730E+00     0.72888876E-02     0.50000000E+01    -0.16362880E+00     0.32287121E+00     0.38273785E+00     0.24173507E-02     122     0.20985133E-02
 0.14999983E+01     0.76887482E+00     0.73030354E-02     0.50000000E+01    -0.16373616E+00     0.32211730E+00     0.38311723E+00     0.24304637E-02     122     0.20985133E-02
 0.15999992E+01     0.78119308E+00     0.73195323E-02     0.50000000E+01    -0.16383700E+00     0.32130757E+00     0.38346705E+00     0.24449783E-02     123     0.27974360E-02
 0.16999999E+01     0.79348278E+00     0.73378757E-02     0.50000000E+01    -0.16393220E+00     0.32050300E+00     0.38378671E+00     0.24603037E-02     123     0.27974360E-02
 0.17999990E+01     0.80574203E+00     0.73584937E-02     0.50000000E+01    -0.16402002E+00     0.31966475E+00     0.38406959E+00     0.24768137E-02     123     0.27974360E-02
 0.18999999E+01     0.81796628E+00     0.73815673E-02     0.50000000E+01    -0.16410026E+00     0.31881633E+00     0.38431880E+00     0.24946933E-02     123     0.27974360E-02
 0.19999989E+01     0.83030939E+00     0.73961602E-02     0.50000000E+01    -0.16421819E+00     0.31797573E+00     0.38501650E+00     0.25064046E-02     123     0.27974360E-02
 0.20999997E+01     0.84262097E+00     0.74130800E-02     0.50000000E+01    -0.16432850E+00     0.31711146E+00     0.38569632E+00     0.25216779E-02     123     0.27974360E-02
 0.21999989E+01     0.85489666E+00     0.74325143E-02     0.50000000E+01    -0.16443101E+00     0.31621784E+00     0.38631970E+00     0.25388268E-02     124     0.36052344E-02
 0.22999997E+01     0.86713809E+00     0.74543669E-02     0.50000000E+01    -0.16452511E+00     0.31528014E+00     0.38689744E+00     0.25573727E-02     124     0.36052344E-02
 0.23999987E+01     0.87927192E+00     0.74852421E-02     0.50000000E+01    -0.16460128E+00     0.31361943E+00     0.38743153E+00     0.25798487E-02     124     0.36052344E-02
 0.24999995E+01     0.89152569E+00     0.75042862E-02     0.50000000E+01    -0.16469388E+00     0.31267956E+00     0.38792583E+00     0.26007197E-02     124     0.36052344E-02
 0.25999987E+01     0.90385306E+00     0.75152987E-02     0.50000000E+01    -0.16479774E+00     0.31200236E+00     0.38840181E+00     0.26154798E-02     124     0.36052344E-02
 0.26999993E+01     0.91614175E+00     0.75293328E-02     0.50000000E+01    -0.16489492E+00     0.31123677E+00     0.38888043E+00     0.26321351E-02     125     0.45235301E-02
 0.27999985E+01     0.92839563E+00     0.75459322E-02     0.50000000E+01    -0.16498405E+00     0.31047577E+00     0.38933799E+00     0.26498865E-02     125     0.45235301E-02
 0.28999994E+01     0.94062519E+00     0.75644185E-02     0.50000000E+01    -0.16506732E+00     0.30966029E+00     0.38980377E+00     0.26686578E-02     125     0.45235301E-02
 0.29999983E+01     0.95282179E+00     0.75847963E-02     0.50000000E+01    -0.16514565E+00     0.30886737E+00     0.39025444E+00     0.26884410E-02     125     0.45235301E-02
 0.30999992E+01     0.96493441E+00     0.76121613E-02     0.50000000E+01    -0.16520874E+00     0.30757153E+00     0.39069489E+00     0.27106777E-02     125     0.45235301E-02
 0.31999984E+01     0.97705084E+00     0.76384097E-02     0.50000000E+01    -0.16527002E+00     0.30671334E+00     0.39140397E+00     0.27346658E-02     126     0.55540195E-02
 0.32999990E+01     0.98913670E+00     0.76668230E-02     0.50000000E+01    -0.16532525E+00     0.30586547E+00     0.39183208E+00     0.27585719E-02     126     0.55540195E-02
 0.33999999E+01     0.10011950E+01     0.76970365E-02     0.50000000E+01    -0.16537502E+00     0.30496922E+00     0.39224499E+00     0.27835672E-02     126     0.55540195E-02
 0.34999990E+01     0.10132353E+01     0.77282842E-02     0.50000000E+01    -0.16541936E+00     0.30398101E+00     0.39263961E+00     0.28090919E-02     126     0.55540195E-02
 0.35999999E+01     0.10252382E+01     0.77622002E-02     0.50000000E+01    -0.16545643E+00     0.30290315E+00     0.39303073E+00     0.28366782E-02     126     0.55540195E-02
 0.36999989E+01     0.10373465E+01     0.77849859E-02     0.50000000E+01    -0.16551147E+00     0.30211261E+00     0.39338887E+00     0.28618546E-02     127     0.66984380E-02
 0.37999997E+01     0.10494893E+01     0.78039616E-02     0.50000000E+01    -0.16556953E+00     0.30143285E+00     0.39371121E+00     0.28821123E-02     127     0.66984380E-02
 0.38999987E+01     0.10615778E+01     0.78267436E-02     0.50000000E+01    -0.16561696E+00     0.30068162E+00     0.39399219E+00     0.29044570E-02     127     0.66984380E-02
 0.39999995E+01     0.10736997E+01     0.78478400E-02     0.50000000E+01    -0.16568208E+00     0.29946056E+00     0.39460063E+00     0.29238840E-02     127     0.66984380E-02
 0.40999985E+01     0.10858467E+01     0.78670420E-02     0.50000000E+01    -0.16575254E+00     0.29867458E+00     0.39534497E+00     0.29457165E-02     127     0.66984380E-02
 0.41999993E+01     0.10979508E+01     0.78892894E-02     0.50000000E+01    -0.16581325E+00     0.29786524E+00     0.39600804E+00     0.29698173E-02     128     0.79589644E-02
 0.42999988E+01     0.11100091E+01     0.79140598E-02     0.50000000E+01    -0.16586582E+00     0.29705808E+00     0.39662594E+00     0.29951353E-02     128     0.79589644E-02
 0.43999991E+01     0.11220312E+01     0.79413485E-02     0.50000000E+01    -0.16591068E+00     0.29624477E+00     0.39721984E+00     0.30221147E-02     128     0.79589644E-02
 0.44999986E+01     0.11340058E+01     0.79718903E-02     0.50000000E+01    -0.16594547E+00     0.29537988E+00     0.39773890E+00     0.30508530E-02     128     0.79589644E-02
 0.45999994E+01     0.11458633E+01     0.80117071E-02     0.50000000E+01    -0.16596052E+00     0.29391953E+00     0.39824226E+00     0.30837106E-02     128     0.79589644E-02
 0.47000003E+01     0.11577703E+01     0.80466075E-02     0.50000000E+01    -0.16598150E+00     0.29285908E+00     0.39873481E+00     0.31158435E-02     129     0.93380893E-02
 0.47999973E+01     0.11697600E+01     0.80730105E-02     0.50000000E+01    -0.16601646E+00     0.29198292E+00     0.39922750E+00     0.31462866E-02     129     0.93380893E-02
 0.48999982E+01     0.11818361E+01     0.80909235E-02     0.50000000E+01    -0.16606414E+00     0.29133987E+00     0.39972606E+00     0.31695478E-02     129     0.93380893E-02
 0.49999990E+01     0.11938376E+01     0.81144022E-02     0.50000000E+01    -0.16609842E+00     0.29014888E+00     0.40020785E+00     0.31946450E-02     129     0.93380893E-02
 0.50999999E+01     0.12058084E+01     0.81397407E-02     0.50000000E+01    -0.16612758E+00     0.28938174E+00     0.40069520E+00     0.32219510E-02     129     0.93380893E-02
 0.52000008E+01     0.12175496E+01     0.81830369E-02     0.50000000E+01    -0.16611733E+00     0.28716382E+00     0.40145573E+00     0.32572336E-02     130     0.10838998E-01
 0.52999978E+01     0.12287546E+01     0.82706483E-02     0.50000000E+01    -0.16601805E+00     0.28289613E+00     0.40189439E+00     0.33116648E-02     130     0.10838998E-01
 0.53999987E+01     0.12406081E+01     0.83032064E-02     0.50000000E+01    -0.16602272E+00     0.28191245E+00     0.40233555E+00     0.33453880E-02     130     0.10838998E-01
 0.54999995E+01     0.12524546E+01     0.83342772E-02     0.50000000E+01    -0.16602737E+00     0.27978802E+00     0.40275836E+00     0.33737319E-02     130     0.10838998E-01
 0.56000004E+01     0.12640743E+01     0.83834287E-02     0.50000000E+01    -0.16599359E+00     0.27726096E+00     0.40314806E+00     0.34117736E-02     130     0.10838998E-01
 0.56999979E+01     0.12756425E+01     0.84359823E-02     0.50000000E+01    -0.16594920E+00     0.27546152E+00     0.40352038E+00     0.34530261E-02     130     0.10838998E-01
 0.57999988E+01     0.12869179E+01     0.85118301E-02     0.50000000E+01    -0.16585436E+00     0.27246645E+00     0.40383494E+00     0.35066782E-02     131     0.12465740E-01
 0.58999996E+01     0.12986597E+01     0.85481778E-02     0.50000000E+01    -0.16584241E+00     0.26997170E+00     0.40433329E+00     0.35394905E-02     131     0.12465740E-01
 0.60000000E+01     0.13103843E+01     0.85874405E-02     0.50000000E+01    -0.16583228E+00     0.26802233E+00     0.40509942E+00     0.35760016E-02     131     0.12465740E-01
 0.60999975E+01     0.13217336E+01     0.86552817E-02     0.50000000E+01    -0.16576077E+00     0.26506659E+00     0.40583715E+00     0.36279750E-02     131     0.12465740E-01
 0.61999984E+01     0.13331071E+01     0.87203365E-02     0.50000000E+01    -0.16568968E+00     0.26244918E+00     0.40649220E+00     0.36807563E-02     131     0.12465740E-01
 0.62999992E+01     0.13448918E+01     0.87504871E-02     0.50000000E+01    -0.16568635E+00     0.26118585E+00     0.40711343E+00     0.37147831E-02     132     0.14223367E-01
 0.64000001E+01     0.13566108E+01     0.87853028E-02     0.50000000E+01    -0.16566928E+00     0.25985217E+00     0.40770367E+00     0.37512057E-02     132     0.14223367E-01
 0.65000010E+01     0.13682553E+01     0.88247703E-02     0.50000000E+01    -0.16563952E+00     0.25848421E+00     0.40825415E+00     0.37905215E-02     132     0.14223367E-01
 0.65999980E+01     0.13795354E+01     0.88919932E-02     0.50000000E+01    -0.16554952E+00     0.25591373E+00     0.40877122E+00     0.38453075E-02     132     0.14223367E-01
 0.66999989E+01     0.13909273E+01     0.89492695E-02     0.50000000E+01    -0.16547589E+00     0.25429833E+00     0.40929377E+00     0.38949251E-02     132     0.14223367E-01
 0.67999997E+01     0.14023870E+01     0.90001263E-02     0.50000000E+01    -0.16541205E+00     0.25267866E+00     0.40981108E+00     0.39425977E-02     133     0.16118005E-01
 0.69000006E+01     0.14137918E+01     0.90534724E-02     0.50000000E+01    -0.16533977E+00     0.24982727E+00     0.41031620E+00     0.39897305E-02     133     0.16118005E-01
 0.69999981E+01     0.14252303E+01     0.91033680E-02     0.50000000E+01    -0.16527142E+00     0.24819639E+00     0.41084284E+00     0.40361919E-02     133     0.16118005E-01
 0.70999990E+01     0.14365366E+01     0.91622341E-02     0.50000000E+01    -0.16518067E+00     0.24649304E+00     0.41136992E+00     0.40880982E-02     133     0.16118005E-01
 0.71999998E+01     0.14476885E+01     0.92313653E-02     0.50000000E+01    -0.16506146E+00     0.24463300E+00     0.41213867E+00     0.41467715E-02     133     0.16118005E-01
 0.73000002E+01     0.14589920E+01     0.92878016E-02     0.50000000E+01    -0.16496705E+00     0.24268472E+00     0.41261023E+00     0.41974382E-02     133     0.16118005E-01
 0.73999977E+01     0.14703487E+01     0.93386183E-02     0.50000000E+01    -0.16488074E+00     0.24080399E+00     0.41305283E+00     0.42454335E-02     134     0.18157382E-01
 0.74999986E+01     0.14815667E+01     0.93984464E-02     0.50000000E+01    -0.16477135E+00     0.23882408E+00     0.41346344E+00     0.42985985E-02     134     0.18157382E-01
 0.75999994E+01     0.14920485E+01     0.95120016E-02     0.50000000E+01    -0.16453831E+00     0.23493499E+00     0.41382962E+00     0.43841745E-02     134     0.18157382E-01
 0.77000003E+01     0.15031946E+01     0.95742941E-02     0.50000000E+01    -0.16441323E+00     0.23265198E+00     0.41413167E+00     0.44388073E-02     134     0.18157382E-01
 0.77999973E+01     0.15143611E+01     0.96354224E-02     0.50000000E+01    -0.16430278E+00     0.23023839E+00     0.41494375E+00     0.44943844E-02     134     0.18157382E-01
 0.78999982E+01     0.15253166E+01     0.97107477E-02     0.50000000E+01    -0.16415606E+00     0.22784083E+00     0.41574094E+00     0.45611765E-02     134     0.18157382E-01
 0.79999990E+01     0.15360258E+01     0.98026637E-02     0.50000000E+01    -0.16396561E+00     0.22508107E+00     0.41645262E+00     0.46383133E-02     135     0.20350950E-01
 0.81000004E+01     0.15470574E+01     0.98691015E-02     0.50000000E+01    -0.16382842E+00     0.22230017E+00     0.41712826E+00     0.47003045E-02     135     0.20350950E-01
 0.82000008E+01     0.15578262E+01     0.99529605E-02     0.50000000E+01    -0.16364665E+00     0.21939509E+00     0.41775411E+00     0.47742859E-02     135     0.20350950E-01
 0.82999983E+01     0.15677199E+01     0.10097167E-01     0.50000000E+01    -0.16331933E+00     0.21366961E+00     0.41831779E+00     0.48854765E-02     135     0.20350950E-01
 0.83999987E+01     0.15782397E+01     0.10194636E-01     0.50000000E+01    -0.16309394E+00     0.21026048E+00     0.41888809E+00     0.49697352E-02     135     0.20350950E-01
 0.85000000E+01     0.15883650E+01     0.10317842E-01     0.50000000E+01    -0.16280194E+00     0.20638026E+00     0.41943020E+00     0.50698784E-02     136     0.22710007E-01
 0.86000004E+01     0.15986873E+01     0.10424425E-01     0.50000000E+01    -0.16254319E+00     0.20224868E+00     0.41996634E+00     0.51612072E-02     136     0.22710007E-01
 0.86999979E+01     0.16084613E+01     0.10567174E-01     0.50000000E+01    -0.16219100E+00     0.19789901E+00     0.42051470E+00     0.52754786E-02     136     0.22710007E-01
 0.87999983E+01     0.16184752E+01     0.10690611E-01     0.50000000E+01    -0.16187796E+00     0.19320898E+00     0.42107949E+00     0.53798151E-02     136     0.22710007E-01
 0.88999996E+01     0.16279242E+01     0.10849972E-01     0.50000000E+01    -0.16146934E+00     0.18817337E+00     0.42160919E+00     0.55070496E-02     136     0.22710007E-01
 0.90000000E+01     0.16373651E+01     0.11006086E-01     0.50000000E+01    -0.16105899E+00     0.18289874E+00     0.42242080E+00     0.56368844E-02     136     0.22710007E-01
 0.90999975E+01     0.16465324E+01     0.11177151E-01     0.50000000E+01    -0.16060236E+00     0.17703624E+00     0.42289022E+00     0.57745702E-02     137     0.25248373E-01
 0.91999989E+01     0.16537805E+01     0.11470434E-01     0.50000000E+01    -0.15982382E+00     0.16655359E+00     0.42334342E+00     0.60011102E-02     137     0.25248373E-01
 0.92999992E+01     0.16622074E+01     0.11680515E-01     0.50000000E+01    -0.15924184E+00     0.15980215E+00     0.42375311E+00     0.61694966E-02     137     0.25248373E-01
 0.94000006E+01     0.16702660E+01     0.11909062E-01     0.50000000E+01    -0.15859555E+00     0.15282969E+00     0.42413822E+00     0.63529396E-02     137     0.25248373E-01
 0.94999971E+01     0.16780852E+01     0.12146882E-01     0.50000000E+01    -0.15790907E+00     0.14586790E+00     0.42447329E+00     0.65450254E-02     137     0.25248373E-01
 0.95999985E+01     0.16857148E+01     0.12391601E-01     0.50000000E+01    -0.15719570E+00     0.13878213E+00     0.42515972E+00     0.67447731E-02     137     0.25248373E-01
 0.96999989E+01     0.16933119E+01     0.12632537E-01     0.50000000E+01    -0.15647824E+00     0.13187623E+00     0.42587838E+00     0.69489232E-02     137     0.25248373E-01
 0.98000002E+01     0.17010834E+01     0.12855310E-01     0.50000000E+01    -0.15578857E+00     0.12547944E+00     0.42662475E+00     0.71377633E-02     138     0.27982686E-01
 0.99000006E+01     0.17084129E+01     0.13096267E-01     0.50000000E+01    -0.15502387E+00     0.11902894E+00     0.42733234E+00     0.73415786E-02     138     0.27982686E-01
 0.99999981E+01     0.17139343E+01     0.13428668E-01     0.50000000E+01    -0.15395048E+00     0.10998955E+00     0.42792314E+00     0.76179393E-02     138     0.27982686E-01
 0.10099998E+02     0.17210819E+01     0.13654698E-01     0.50000000E+01    -0.15314668E+00     0.10476390E+00     0.42849126E+00     0.78132525E-02     138     0.27982686E-01
 0.10200000E+02     0.17279336E+01     0.13886356E-01     0.50000000E+01    -0.15229052E+00     0.10007583E+00     0.42904237E+00     0.80175754E-02     138     0.27982686E-01
 0.10300000E+02     0.17354549E+01     0.14074301E-01     0.50000000E+01    -0.15154678E+00     0.95920332E-01     0.42962873E+00     0.81860907E-02     138     0.27982686E-01
 0.10399998E+02     0.17420055E+01     0.14303639E-01     0.50000000E+01    -0.15063758E+00     0.91738150E-01     0.43016118E+00     0.83888704E-02     138     0.27982686E-01
 0.10499999E+02     0.17494608E+01     0.14481102E-01     0.50000000E+01    -0.14988042E+00     0.88416412E-01     0.43068853E+00     0.85535850E-02     139     0.30932982E-01
 0.10599999E+02     0.17558229E+01     0.14701441E-01     0.50000000E+01    -0.14893375E+00     0.84997453E-01     0.43123859E+00     0.87527595E-02     139     0.30932982E-01
 0.10700000E+02     0.17630678E+01     0.14871132E-01     0.50000000E+01    -0.14813708E+00     0.82155019E-01     0.43178716E+00     0.89114700E-02     139     0.30932982E-01
 0.10799997E+02     0.17694896E+01     0.15071183E-01     0.50000000E+01    -0.14719933E+00     0.79450727E-01     0.43231010E+00     0.90968236E-02     139     0.30932982E-01
 0.10899999E+02     0.17759523E+01     0.15263956E-01     0.50000000E+01    -0.14626794E+00     0.76760888E-01     0.43279886E+00     0.92761777E-02     139     0.30932982E-01
 0.10999999E+02     0.17827885E+01     0.15435858E-01     0.50000000E+01    -0.14540365E+00     0.74559271E-01     0.43333283E+00     0.94403485E-02     139     0.30932982E-01
 0.11100000E+02     0.17880181E+01     0.15640559E-01     0.50000000E+01    -0.14424373E+00     0.72353594E-01     0.43406743E+00     0.96329264E-02     139     0.30932982E-01
 0.11200001E+02     0.17907739E+01     0.15814641E-01     0.50000000E+01    -0.14257331E+00     0.70538990E-01     0.43448037E+00     0.98030511E-02     139     0.30932982E-01
 0.11299998E+02     0.17956804E+01     0.15988214E-01     0.50000000E+01    -0.14133194E+00     0.68870880E-01     0.43484771E+00     0.99746203E-02     140     0.34123309E-01
 0.11399999E+02     0.17995107E+01     0.16246630E-01     0.50000000E+01    -0.13994595E+00     0.66205159E-01     0.43516490E+00     0.10217872E-01     140     0.34123309E-01
 0.11500000E+02     0.18058907E+01     0.16416138E-01     0.50000000E+01    -0.13901222E+00     0.65501079E-01     0.43578309E+00     0.10388086E-01     140     0.34123309E-01
 0.11600000E+02     0.18108159E+01     0.16654305E-01     0.50000000E+01    -0.13785167E+00     0.62937260E-01     0.43659303E+00     0.10619586E-01     140     0.34123309E-01
 0.11699998E+02     0.18168069E+01     0.16850416E-01     0.50000000E+01    -0.13688040E+00     0.61619818E-01     0.43736795E+00     0.10816623E-01     140     0.34123309E-01
 0.11799999E+02     0.18220918E+01     0.17073281E-01     0.50000000E+01    -0.13579507E+00     0.60288075E-01     0.43806002E+00     0.11037974E-01     140     0.34123309E-01
 0.11900000E+02     0.18270158E+01     0.17314918E-01     0.50000000E+01    -0.13466384E+00     0.58833573E-01     0.43867323E+00     0.11276001E-01     140     0.34123309E-01
 0.12000000E+02     0.18326663E+01     0.17527411E-01     0.50000000E+01    -0.13366306E+00     0.57532195E-01     0.43925729E+00     0.11491001E-01     140     0.34123309E-01
 0.12099998E+02     0.18383944E+01     0.17733520E-01     0.50000000E+01    -0.13267790E+00     0.56531422E-01     0.43987364E+00     0.11702018E-01     141     0.37582316E-01
 0.12199999E+02     0.18437535E+01     0.17957225E-01     0.50000000E+01    -0.13164660E+00     0.55476885E-01     0.44046816E+00     0.11928532E-01     141     0.37582316E-01
 0.12299999E+02     0.18486490E+01     0.18203782E-01     0.50000000E+01    -0.13055357E+00     0.54455403E-01     0.44097847E+00     0.12175515E-01     141     0.37582316E-01
 0.12400001E+02     0.18530649E+01     0.18467100E-01     0.50000000E+01    -0.12939499E+00     0.53448852E-01     0.44154453E+00     0.12439527E-01     141     0.37582316E-01
 0.12499997E+02     0.18574988E+01     0.18734435E-01     0.50000000E+01    -0.12825175E+00     0.52244939E-01     0.44206259E+00     0.12709338E-01     141     0.37582316E-01
 0.12599998E+02     0.18627900E+01     0.18966526E-01     0.50000000E+01    -0.12725402E+00     0.51481899E-01     0.44264418E+00     0.12947602E-01     141     0.37582316E-01
 0.12699999E+02     0.18675393E+01     0.19219808E-01     0.50000000E+01    -0.12618318E+00     0.50668586E-01     0.44315338E+00     0.13206558E-01     141     0.37582316E-01
 0.12800000E+02     0.18721855E+01     0.19484069E-01     0.50000000E+01    -0.12511359E+00     0.49930606E-01     0.44369677E+00     0.13476226E-01     141     0.37582316E-01
 0.12900001E+02     0.18748302E+01     0.19835042E-01     0.50000000E+01    -0.12376880E+00     0.48643529E-01     0.44420055E+00     0.13826111E-01     141     0.37582316E-01
 0.12999998E+02     0.18794776E+01     0.20103069E-01     0.50000000E+01    -0.12272801E+00     0.48350636E-01     0.44465950E+00     0.14103293E-01     142     0.41344337E-01
 0.13099999E+02     0.18815458E+01     0.20489436E-01     0.50000000E+01    -0.12134103E+00     0.46909288E-01     0.44541517E+00     0.14488554E-01     142     0.41344337E-01
 0.13200000E+02     0.18853959E+01     0.20797612E-01     0.50000000E+01    -0.12022644E+00     0.46258762E-01     0.44580504E+00     0.14806597E-01     142     0.41344337E-01
 0.13300000E+02     0.18891873E+01     0.21117963E-01     0.50000000E+01    -0.11912651E+00     0.45664303E-01     0.44614697E+00     0.15134705E-01     142     0.41344337E-01
 0.13399998E+02     0.18924611E+01     0.21464918E-01     0.50000000E+01    -0.11797728E+00     0.45107536E-01     0.44670120E+00     0.15490672E-01     142     0.41344337E-01
 0.13499999E+02     0.18954802E+01     0.21830302E-01     0.50000000E+01    -0.11682945E+00     0.44548355E-01     0.44752824E+00     0.15867965E-01     142     0.41344337E-01
 0.13599999E+02     0.18978151E+01     0.22236038E-01     0.50000000E+01    -0.11561888E+00     0.44004086E-01     0.44829020E+00     0.16285919E-01     142     0.41344337E-01
 0.13700001E+02     0.18994561E+01     0.22684459E-01     0.50000000E+01    -0.11435895E+00     0.43433361E-01     0.44895658E+00     0.16746148E-01     142     0.41344337E-01
 0.13799997E+02     0.19007835E+01     0.23163360E-01     0.50000000E+01    -0.11310014E+00     0.42850114E-01     0.44951156E+00     0.17237429E-01     142     0.41344337E-01
 0.13899999E+02     0.19019674E+01     0.23659416E-01     0.50000000E+01    -0.11186941E+00     0.42363320E-01     0.45009950E+00     0.17748486E-01     142     0.41344337E-01
 0.13999999E+02     0.19025404E+01     0.24203377E-01     0.50000000E+01    -0.11062360E+00     0.41750886E-01     0.45065087E+00     0.18309457E-01     143     0.45449886E-01
 0.14100000E+02     0.19037780E+01     0.24726594E-01     0.50000000E+01    -0.10950100E+00     0.41360579E-01     0.45121560E+00     0.18854465E-01     143     0.45449886E-01
 0.14199998E+02     0.19043261E+01     0.25309036E-01     0.50000000E+01    -0.10836693E+00     0.40969521E-01     0.45166758E+00     0.19456929E-01     143     0.45449886E-01
 0.14299998E+02     0.19042429E+01     0.25951944E-01     0.50000000E+01    -0.10723831E+00     0.40649403E-01     0.45217192E+00     0.20122081E-01     143     0.45449886E-01
 0.14400000E+02     0.19032394E+01     0.26675113E-01     0.50000000E+01    -0.10611042E+00     0.40280621E-01     0.45264915E+00     0.20869132E-01     143     0.45449886E-01
 0.14500000E+02     0.19011549E+01     0.27504100E-01     0.50000000E+01    -0.10499525E+00     0.39947830E-01     0.45309836E+00     0.21724725E-01     143     0.45449886E-01
 0.14600000E+02     0.18981477E+01     0.28444692E-01     0.50000000E+01    -0.10393156E+00     0.39635282E-01     0.45353919E+00     0.22694591E-01     143     0.45449886E-01
 0.14699998E+02     0.18940607E+01     0.29512357E-01     0.50000000E+01    -0.10294443E+00     0.39375432E-01     0.45390373E+00     0.23795631E-01     143     0.45449886E-01
 0.14799999E+02     0.18882135E+01     0.30781107E-01     0.50000000E+01    -0.10203789E+00     0.39121293E-01     0.45430118E+00     0.25102934E-01     143     0.45449886E-01
 0.14900000E+02     0.18803761E+01     0.32306310E-01     0.50000000E+01    -0.10126291E+00     0.38901564E-01     0.45461088E+00     0.26672777E-01     143     0.45449886E-01
 0.15000001E+02     0.18682032E+01     0.34321059E-01     0.50000000E+01    -0.10064270E+00     0.38459335E-01     0.45481694E+00     0.28741527E-01     143     0.45449886E-01
 0.15099998E+02     0.18588922E+01     0.36214482E-01     0.50000000E+01    -0.10034575E+00     0.38637411E-01     0.45511743E+00     0.30693682E-01     143     0.45449886E-01
 0.15199999E+02     0.18444457E+01     0.38741585E-01     0.50000000E+01    -0.10030198E+00     0.38608424E-01     0.45526505E+00     0.33290736E-01     143     0.45449886E-01
 0.15299999E+02     0.18249550E+01     0.41991048E-01     0.50000000E+01    -0.10066445E+00     0.38627762E-01     0.45531151E+00     0.36627073E-01     143     0.45449886E-01
 0.15400001E+02     0.18024342E+01     0.45757398E-01     0.50000000E+01    -0.10139945E+00     0.38781993E-01     0.45524237E+00     0.40490329E-01     143     0.45449886E-01
 0.15499998E+02     0.17741647E+01     0.50360121E-01     0.50000000E+01    -0.10257757E+00     0.39037939E-01     0.45508492E+00     0.45207396E-01     143     0.45449886E-01
 0.15599998E+02     0.17390960E+01     0.55879451E-01     0.50000000E+01    -0.10414386E+00     0.39459240E-01     0.45476335E+00     0.50858382E-01     143     0.45449886E-01
 0.15699999E+02     0.17025962E+01     0.61467905E-01     0.50000000E+01    -0.10567799E+00     0.39894082E-01     0.45438093E+00     0.56572430E-01     142     0.41344337E-01
 0.15999998E+02     0.15794926E+01     0.79122968E-01     0.50000000E+01    -0.11096591E+00     0.41631009E-01     0.45270714E+00     0.74600033E-01     142     0.41344337E-01
 0.16099998E+02     0.15541685E+01     0.83190218E-01     0.50000000E+01    -0.11242738E+00     0.41683502E-01     0.45246580E+00     0.78743942E-01     142     0.41344337E-01
 0.16200001E+02     0.15340233E+01     0.86795218E-01     0.50000000E+01    -0.11391521E+00     0.41797359E-01     0.45231700E+00     0.82413554E-01     142     0.41344337E-01
 0.16300001E+02     0.15173298E+01     0.90102524E-01     0.50000000E+01    -0.11540478E+00     0.41904327E-01     0.45244887E+00     0.85780993E-01     142     0.41344337E-01
 0.16399998E+02     0.15065327E+01     0.92709675E-01     0.50000000E+01    -0.11657446E+00     0.41705102E-01     0.45268512E+00     0.88430785E-01     142     0.41344337E-01
 0.16499998E+02     0.14963398E+01     0.95254332E-01     0.50000000E+01    -0.11783378E+00     0.41575331E-01     0.45269242E+00     0.91019616E-01     142     0.41344337E-01
 0.16600000E+02     0.14862980E+01     0.97943567E-01     0.50000000E+01    -0.11920232E+00     0.41517593E-01     0.45290306E+00     0.93753308E-01     142     0.41344337E-01
 0.16700001E+02     0.14808037E+01     0.99930234E-01     0.50000000E+01    -0.12018037E+00     0.41070353E-01     0.45322838E+00     0.95768012E-01     142     0.41344337E-01
 0.16900000E+02     0.14688355E+01     0.10427199E+00     0.50000000E+01    -0.12254526E+00     0.40674429E-01     0.45384187E+00     0.10017599E+00     142     0.41344337E-01
 0.17000000E+02     0.14665318E+01     0.10584866E+00     0.50000000E+01    -0.12334112E+00     0.40429723E-01     0.45430696E+00     0.10177318E+00     142     0.41344337E-01
 0.17100000E+02     0.14596028E+01     0.10830517E+00     0.50000000E+01    -0.12483075E+00     0.40396929E-01     0.45417055E+00     0.10426810E+00     142     0.41344337E-01
 0.17199997E+02     0.14570744E+01     0.10995533E+00     0.50000000E+01    -0.12573093E+00     0.39895251E-01     0.45449266E+00     0.10593636E+00     142     0.41344337E-01
 0.17299999E+02     0.14519590E+01     0.11210498E+00     0.50000000E+01    -0.12706271E+00     0.39576400E-01     0.45497784E+00     0.10811468E+00     142     0.41344337E-01
 0.17400000E+02     0.14487561E+01     0.11395318E+00     0.50000000E+01    -0.12816273E+00     0.39215632E-01     0.45547223E+00     0.10998604E+00     142     0.41344337E-01
 0.17500000E+02     0.14485055E+01     0.11530820E+00     0.50000000E+01    -0.12893739E+00     0.39119471E-01     0.45566744E+00     0.11135774E+00     142     0.41344337E-01
 0.17599997E+02     0.14450917E+01     0.11724245E+00     0.50000000E+01    -0.13018245E+00     0.39060026E-01     0.45606360E+00     0.11331948E+00     142     0.41344337E-01
 0.17699999E+02     0.14395213E+01     0.11950193E+00     0.50000000E+01    -0.13165277E+00     0.37895512E-01     0.45623729E+00     0.11559226E+00     142     0.41344337E-01
 0.17799999E+02     0.14392313E+01     0.12078670E+00     0.50000000E+01    -0.13241912E+00     0.37656736E-01     0.45656574E+00     0.11689001E+00     142     0.41344337E-01
 0.17900000E+02     0.14371368E+01     0.12261196E+00     0.50000000E+01    -0.13367274E+00     0.37713364E-01     0.45667523E+00     0.11874240E+00     142     0.41344337E-01
 0.18000000E+02     0.14351034E+01     0.12433501E+00     0.50000000E+01    -0.13483024E+00     0.37168555E-01     0.45697355E+00     0.12048349E+00     142     0.41344337E-01
 0.18099998E+02     0.14357077E+01     0.12558469E+00     0.50000000E+01    -0.13560514E+00     0.36753967E-01     0.45739836E+00     0.12174859E+00     142     0.41344337E-01
 0.18199999E+02     0.14366771E+01     0.12677115E+00     0.50000000E+01    -0.13636070E+00     0.36545433E-01     0.45790488E+00     0.12294574E+00     142     0.41344337E-01
