  
       RFOIL         Version 3.00
  
 Calculated polar for: OSO_2025_WT2_T36                
  
 1  Reynolds number fixed
  
 xtrf =      1.00000000 (suction)     1.00000000 (pressure)
 Rot. Parameters:  f0 =      1.00000000 c/r =      0.00000000
 Mach =      0.00000000     Re =     15.00000000 e 6     Ncrit =      9.00000000
  
             alpha                CL                CD            Re(CL)                CM             S_xtr             P_xtr               CDp            I_stag            X_stag
  ------- -------- --------- --------- -------- ------- ------- -------- 
-0.20900000E+02    -0.87776101E+00     0.14289726E+00     0.15000000E+02     0.70226775E-02     0.49045980E+00     0.11549303E+00     0.13981850E+00      81     0.41551385E-01
-0.20600000E+02    -0.86602396E+00     0.14068575E+00     0.15000000E+02     0.49611856E-02     0.48539650E+00     0.11887474E+00     0.13760343E+00      81     0.41551385E-01
-0.20100000E+02    -0.85200828E+00     0.13593780E+00     0.15000000E+02     0.11767050E-02     0.48109269E+00     0.12343763E+00     0.13283864E+00      82     0.38310602E-01
-0.20000002E+02    -0.84906948E+00     0.13505226E+00     0.15000000E+02     0.43010735E-03     0.47982448E+00     0.12526885E+00     0.13195914E+00      82     0.38310602E-01
-0.19900000E+02    -0.84467423E+00     0.13433902E+00     0.15000000E+02    -0.21853007E-03     0.47754976E+00     0.12640500E+00     0.13123956E+00      82     0.38310602E-01
-0.19700001E+02    -0.84346104E+00     0.13161005E+00     0.15000000E+02    -0.20573924E-02     0.47708446E+00     0.12836637E+00     0.12849505E+00      82     0.38310602E-01
-0.19600000E+02    -0.83909011E+00     0.13090107E+00     0.15000000E+02    -0.26267325E-02     0.47536573E+00     0.12924129E+00     0.12778184E+00      82     0.38310602E-01
-0.19500000E+02    -0.83534300E+00     0.13014844E+00     0.15000000E+02    -0.32756343E-02     0.47638282E+00     0.13043448E+00     0.12703988E+00      82     0.38310602E-01
-0.19400002E+02    -0.83185619E+00     0.12943918E+00     0.15000000E+02    -0.38900431E-02     0.47313580E+00     0.13159330E+00     0.12632298E+00      83     0.35290882E-01
-0.19300001E+02    -0.82648778E+00     0.12882581E+00     0.15000000E+02    -0.44872481E-02     0.47236812E+00     0.13225405E+00     0.12570632E+00      83     0.35290882E-01
-0.19200001E+02    -0.82344604E+00     0.12791185E+00     0.15000000E+02    -0.51539447E-02     0.47119138E+00     0.13435689E+00     0.12479547E+00      83     0.35290882E-01
-0.19000002E+02    -0.82387000E+00     0.12501505E+00     0.15000000E+02    -0.69610011E-02     0.47135666E+00     0.13672051E+00     0.12189106E+00      83     0.35290882E-01
-0.18900002E+02    -0.81874967E+00     0.12446786E+00     0.15000000E+02    -0.74533913E-02     0.46678200E+00     0.13723584E+00     0.12133384E+00      83     0.35290882E-01
-0.18800001E+02    -0.81579632E+00     0.12357522E+00     0.15000000E+02    -0.81130331E-02     0.46673435E+00     0.13895310E+00     0.12044905E+00      83     0.35290882E-01
-0.18700001E+02    -0.81093389E+00     0.12297543E+00     0.15000000E+02    -0.86405734E-02     0.46660724E+00     0.14005078E+00     0.11985071E+00      83     0.35290882E-01
-0.18600000E+02    -0.80530137E+00     0.12234098E+00     0.15000000E+02    -0.92570214E-02     0.46511391E+00     0.14062454E+00     0.11921073E+00      84     0.32470226E-01
-0.18500002E+02    -0.80152577E+00     0.12153722E+00     0.15000000E+02    -0.98406421E-02     0.46389654E+00     0.14194970E+00     0.11840705E+00      84     0.32470226E-01
-0.18100002E+02    -0.79610503E+00     0.11699205E+00     0.15000000E+02    -0.12670262E-01     0.46057189E+00     0.14854160E+00     0.11385951E+00      84     0.32470226E-01
-0.18000000E+02    -0.79327810E+00     0.11625072E+00     0.15000000E+02    -0.13223769E-01     0.46105173E+00     0.15041341E+00     0.11312997E+00      84     0.32470226E-01
-0.17900000E+02    -0.78417003E+00     0.11588074E+00     0.15000000E+02    -0.13704522E-01     0.45995715E+00     0.14922741E+00     0.11274159E+00      85     0.29829627E-01
-0.17700001E+02    -0.73836654E+00     0.11971176E+00     0.15000000E+02    -0.18799294E-01     0.45532283E+00     0.15241808E+00     0.11663920E+00      85     0.29829627E-01
-0.17400002E+02    -0.77528524E+00     0.11057772E+00     0.15000000E+02    -0.16954089E-01     0.45449251E+00     0.15718308E+00     0.10743376E+00      85     0.29829627E-01
-0.17300001E+02    -0.77603930E+00     0.10933053E+00     0.15000000E+02    -0.17638255E-01     0.45269364E+00     0.15988722E+00     0.10619628E+00      85     0.29829627E-01
-0.17100000E+02    -0.77794164E+00     0.10634197E+00     0.15000000E+02    -0.19149570E-01     0.45203012E+00     0.16397993E+00     0.10320491E+00      85     0.29829627E-01
-0.17000002E+02    -0.76901227E+00     0.10606021E+00     0.15000000E+02    -0.19578189E-01     0.45014262E+00     0.16264690E+00     0.10290435E+00      86     0.27352797E-01
-0.16900000E+02    -0.76630473E+00     0.10522836E+00     0.15000000E+02    -0.20073360E-01     0.45017046E+00     0.16486908E+00     0.10208376E+00      86     0.27352797E-01
-0.16800001E+02    -0.76388544E+00     0.10433025E+00     0.15000000E+02    -0.20611240E-01     0.45001665E+00     0.16664717E+00     0.10119481E+00      86     0.27352797E-01
-0.16700001E+02    -0.75753534E+00     0.10378239E+00     0.15000000E+02    -0.21085007E-01     0.44892067E+00     0.16654925E+00     0.10063867E+00      86     0.27352797E-01
-0.16500000E+02    -0.72319752E+00     0.10562746E+00     0.15000000E+02    -0.24575301E-01     0.44686061E+00     0.16984054E+00     0.10253157E+00      86     0.27352797E-01
-0.16400002E+02    -0.73081732E+00     0.10338990E+00     0.15000000E+02    -0.25321456E-01     0.44649306E+00     0.17198022E+00     0.10028252E+00      86     0.27352797E-01
-0.16300001E+02    -0.73109972E+00     0.10256613E+00     0.15000000E+02    -0.25743362E-01     0.44590810E+00     0.17451791E+00     0.99469364E-01      87     0.25025984E-01
-0.16200001E+02    -0.72730339E+00     0.10203364E+00     0.15000000E+02    -0.26136311E-01     0.44512558E+00     0.17585465E+00     0.98935984E-01      87     0.25025984E-01
-0.16100000E+02    -0.72285438E+00     0.10147345E+00     0.15000000E+02    -0.26529649E-01     0.44327852E+00     0.17696446E+00     0.98367751E-01      87     0.25025984E-01
-0.16000002E+02    -0.71944344E+00     0.10086118E+00     0.15000000E+02    -0.26935011E-01     0.44355673E+00     0.17839225E+00     0.97758614E-01      87     0.25025984E-01
-0.15900001E+02    -0.72911388E+00     0.98807223E-01     0.15000000E+02    -0.27690971E-01     0.44318140E+00     0.18064982E+00     0.95694639E-01      87     0.25025984E-01
-0.15800000E+02    -0.72610009E+00     0.98205909E-01     0.15000000E+02    -0.28084768E-01     0.44243678E+00     0.18199155E+00     0.95094569E-01      87     0.25025984E-01
-0.15700001E+02    -0.72215980E+00     0.97618513E-01     0.15000000E+02    -0.28461907E-01     0.44166401E+00     0.18328682E+00     0.94506793E-01      87     0.25025984E-01
-0.15600002E+02    -0.71767330E+00     0.97083926E-01     0.15000000E+02    -0.28839914E-01     0.43964121E+00     0.18454264E+00     0.93967617E-01      87     0.25025984E-01
-0.15500001E+02    -0.71352226E+00     0.96520282E-01     0.15000000E+02    -0.29228672E-01     0.43873641E+00     0.18581654E+00     0.93403511E-01      88     0.22837475E-01
-0.15400001E+02    -0.72717458E+00     0.94263367E-01     0.15000000E+02    -0.29999265E-01     0.43858761E+00     0.18940420E+00     0.91145821E-01      88     0.22837475E-01
-0.15300001E+02    -0.72090602E+00     0.93823262E-01     0.15000000E+02    -0.30355996E-01     0.43777689E+00     0.18951455E+00     0.90700269E-01      88     0.22837475E-01
-0.15200001E+02    -0.71669954E+00     0.93286768E-01     0.15000000E+02    -0.30729016E-01     0.43721929E+00     0.19073233E+00     0.90164550E-01      88     0.22837475E-01
-0.15100001E+02    -0.71408987E+00     0.92609428E-01     0.15000000E+02    -0.31101033E-01     0.43662626E+00     0.19321106E+00     0.89493848E-01      88     0.22837475E-01
-0.15000001E+02    -0.71151727E+00     0.91957413E-01     0.15000000E+02    -0.31493381E-01     0.43605405E+00     0.19477305E+00     0.88843800E-01      88     0.22837475E-01
-0.14900000E+02    -0.72208267E+00     0.89922860E-01     0.15000000E+02    -0.32210328E-01     0.43578082E+00     0.19697872E+00     0.86799994E-01      88     0.22837475E-01
-0.14800000E+02    -0.71788704E+00     0.89370638E-01     0.15000000E+02    -0.32568514E-01     0.43512657E+00     0.19817446E+00     0.86247563E-01      88     0.22837475E-01
-0.14700002E+02    -0.71323395E+00     0.88868015E-01     0.15000000E+02    -0.32923877E-01     0.43448293E+00     0.19945548E+00     0.85744172E-01      88     0.22837475E-01
-0.14600000E+02    -0.71160400E+00     0.88180616E-01     0.15000000E+02    -0.33290211E-01     0.43391863E+00     0.20216767E+00     0.85065484E-01      89     0.20777214E-01
-0.14500000E+02    -0.72307134E+00     0.86091474E-01     0.15000000E+02    -0.33995744E-01     0.43365547E+00     0.20441367E+00     0.82966454E-01      89     0.20777214E-01
-0.14400001E+02    -0.71906304E+00     0.85538276E-01     0.15000000E+02    -0.34353856E-01     0.43301296E+00     0.20558785E+00     0.82412332E-01      89     0.20777214E-01
-0.14300001E+02    -0.71423995E+00     0.85046038E-01     0.15000000E+02    -0.34701724E-01     0.43230355E+00     0.20675918E+00     0.81917897E-01      89     0.20777214E-01
-0.14200001E+02    -0.70891130E+00     0.84601462E-01     0.15000000E+02    -0.35048008E-01     0.43156949E+00     0.20785442E+00     0.81469886E-01      89     0.20777214E-01
-0.14100001E+02    -0.70490801E+00     0.84094435E-01     0.15000000E+02    -0.35400558E-01     0.43086970E+00     0.20932193E+00     0.80964357E-01      89     0.20777214E-01
-0.14000001E+02    -0.70418209E+00     0.83287627E-01     0.15000000E+02    -0.35804577E-01     0.43029797E+00     0.21083052E+00     0.80157228E-01      89     0.20777214E-01
-0.13900002E+02    -0.71302009E+00     0.81535056E-01     0.15000000E+02    -0.36421012E-01     0.42984423E+00     0.21285141E+00     0.78393757E-01      89     0.20777214E-01
-0.13800001E+02    -0.70821351E+00     0.81094541E-01     0.15000000E+02    -0.36763083E-01     0.42920661E+00     0.21402861E+00     0.77951834E-01      89     0.20777214E-01
-0.13700001E+02    -0.70488751E+00     0.80540098E-01     0.15000000E+02    -0.37097871E-01     0.42842782E+00     0.21628696E+00     0.77401191E-01      90     0.18836718E-01
-0.13600001E+02    -0.70167315E+00     0.80000363E-01     0.15000000E+02    -0.37449725E-01     0.42679894E+00     0.21773702E+00     0.76860517E-01      90     0.18836718E-01
-0.13500001E+02    -0.71342617E+00     0.78181595E-01     0.15000000E+02    -0.38098663E-01     0.42648575E+00     0.21995597E+00     0.75031742E-01      90     0.18836718E-01
-0.13400001E+02    -0.70892608E+00     0.77733941E-01     0.15000000E+02    -0.38422935E-01     0.42670533E+00     0.22108497E+00     0.74585631E-01      90     0.18836718E-01
-0.13300000E+02    -0.70353907E+00     0.77339306E-01     0.15000000E+02    -0.38752221E-01     0.42490008E+00     0.22209568E+00     0.74186407E-01      90     0.18836718E-01
-0.13100000E+02    -0.69393367E+00     0.76539651E-01     0.15000000E+02    -0.39404195E-01     0.42383289E+00     0.22455774E+00     0.73388547E-01      90     0.18836718E-01
-0.13000001E+02    -0.70598364E+00     0.74963070E-01     0.15000000E+02    -0.40020350E-01     0.42363530E+00     0.22673550E+00     0.71802557E-01      90     0.18836718E-01
-0.12900001E+02    -0.70401973E+00     0.74504249E-01     0.15000000E+02    -0.40344253E-01     0.42313904E+00     0.22891913E+00     0.71350165E-01      90     0.18836718E-01
-0.12800001E+02    -0.69665253E+00     0.74260585E-01     0.15000000E+02    -0.40666133E-01     0.42243239E+00     0.22890624E+00     0.71099892E-01      91     0.17008992E-01
-0.12700001E+02    -0.69264108E+00     0.73910370E-01     0.15000000E+02    -0.40981457E-01     0.42179382E+00     0.23095673E+00     0.70752434E-01      91     0.17008992E-01
-0.12600001E+02    -0.68924969E+00     0.73546201E-01     0.15000000E+02    -0.41308451E-01     0.42132103E+00     0.23229277E+00     0.70388511E-01      91     0.17008992E-01
-0.12500001E+02    -0.70349842E+00     0.72253913E-01     0.15000000E+02    -0.41897327E-01     0.42113018E+00     0.23539482E+00     0.69093443E-01      91     0.17008992E-01
-0.12400002E+02    -0.69599372E+00     0.72081238E-01     0.15000000E+02    -0.42202815E-01     0.42053214E+00     0.23535661E+00     0.68913952E-01      91     0.17008992E-01
-0.12300001E+02    -0.69274223E+00     0.71789362E-01     0.15000000E+02    -0.42510509E-01     0.41993341E+00     0.23735668E+00     0.68625204E-01      91     0.17008992E-01
-0.12200001E+02    -0.68709666E+00     0.71533568E-01     0.15000000E+02    -0.42827111E-01     0.41924310E+00     0.23829190E+00     0.68365119E-01      91     0.17008992E-01
-0.12100001E+02    -0.69780934E+00     0.70577145E-01     0.15000000E+02    -0.43390147E-01     0.41892079E+00     0.24046509E+00     0.67395769E-01      91     0.17008992E-01
-0.12000000E+02    -0.69380170E+00     0.70282795E-01     0.15000000E+02    -0.43690052E-01     0.41845807E+00     0.24150078E+00     0.67102283E-01      92     0.15287923E-01
-0.11900001E+02    -0.68955058E+00     0.70026025E-01     0.15000000E+02    -0.43990102E-01     0.41771704E+00     0.24257596E+00     0.66845059E-01      92     0.15287923E-01
-0.11800000E+02    -0.68460178E+00     0.69832742E-01     0.15000000E+02    -0.44298250E-01     0.41716525E+00     0.24358326E+00     0.66650264E-01      92     0.15287923E-01
-0.11700001E+02    -0.68338311E+00     0.69379292E-01     0.15000000E+02    -0.44642970E-01     0.41660097E+00     0.24558741E+00     0.66195071E-01      92     0.15287923E-01
-0.11600000E+02    -0.68816054E+00     0.68576820E-01     0.15000000E+02    -0.45136243E-01     0.41620210E+00     0.24619004E+00     0.65372206E-01      92     0.15287923E-01
-0.11500001E+02    -0.68297011E+00     0.68303473E-01     0.15000000E+02    -0.45430753E-01     0.41527027E+00     0.24717350E+00     0.65096624E-01      92     0.15287923E-01
-0.11400001E+02    -0.68202800E+00     0.67921512E-01     0.15000000E+02    -0.45706671E-01     0.41452241E+00     0.24944428E+00     0.64723007E-01      92     0.15287923E-01
-0.11300001E+02    -0.68249851E+00     0.67320757E-01     0.15000000E+02    -0.46010669E-01     0.41415933E+00     0.25141034E+00     0.64126112E-01      92     0.15287923E-01
-0.11200001E+02    -0.69455618E+00     0.50728116E-01     0.15000000E+02    -0.46245586E-01     0.41390064E+00     0.25225952E+00     0.47503572E-01      92     0.15287923E-01
-0.11100001E+02    -0.68964481E+00     0.50313141E-01     0.15000000E+02    -0.46522323E-01     0.41326603E+00     0.25389448E+00     0.47088362E-01      93     0.13668647E-01
-0.11000001E+02    -0.68464887E+00     0.49923450E-01     0.15000000E+02    -0.46797577E-01     0.41169256E+00     0.25497413E+00     0.46695556E-01      93     0.13668647E-01
-0.10900001E+02    -0.68118840E+00     0.49435262E-01     0.15000000E+02    -0.47078334E-01     0.41126096E+00     0.25608706E+00     0.46208974E-01      93     0.13668647E-01
-0.10800001E+02    -0.69443935E+00     0.47821183E-01     0.15000000E+02    -0.47521893E-01     0.41108495E+00     0.25787222E+00     0.44582397E-01      93     0.13668647E-01
-0.10700001E+02    -0.68942267E+00     0.47400180E-01     0.15000000E+02    -0.47785021E-01     0.41063854E+00     0.25872201E+00     0.44160888E-01      93     0.13668647E-01
-0.10600001E+02    -0.68604100E+00     0.46893295E-01     0.15000000E+02    -0.48046231E-01     0.41014561E+00     0.26045105E+00     0.43655992E-01      93     0.13668647E-01
-0.10500001E+02    -0.68112862E+00     0.46433493E-01     0.15000000E+02    -0.48332572E-01     0.40961957E+00     0.26127291E+00     0.43191362E-01      93     0.13668647E-01
-0.10400002E+02    -0.68905181E+00     0.45069143E-01     0.15000000E+02    -0.48762944E-01     0.40929759E+00     0.26184908E+00     0.41803919E-01      93     0.13668647E-01
-0.10300000E+02    -0.68747228E+00     0.44438634E-01     0.15000000E+02    -0.48996437E-01     0.40877181E+00     0.26391691E+00     0.41178837E-01      93     0.13668647E-01
-0.10200001E+02    -0.68364549E+00     0.43936625E-01     0.15000000E+02    -0.49242660E-01     0.40827137E+00     0.26484311E+00     0.40676627E-01      94     0.12147127E-01
-0.10100000E+02    -0.70079541E+00     0.42047076E-01     0.15000000E+02    -0.49603306E-01     0.40809885E+00     0.26729748E+00     0.38774464E-01      93     0.13668647E-01
-0.10000001E+02    -0.69326967E+00     0.41758105E-01     0.15000000E+02    -0.49863618E-01     0.40751582E+00     0.26724431E+00     0.38478084E-01      94     0.12147127E-01
-0.99000006E+01    -0.68919706E+00     0.41237235E-01     0.15000000E+02    -0.50098773E-01     0.40698713E+00     0.26874632E+00     0.37956338E-01      94     0.12147127E-01
-0.98000011E+01    -0.68336225E+00     0.40823691E-01     0.15000000E+02    -0.50356902E-01     0.40641123E+00     0.26943162E+00     0.37536807E-01      94     0.12147127E-01
-0.97000008E+01    -0.69823909E+00     0.39075971E-01     0.15000000E+02    -0.50676104E-01     0.40613976E+00     0.27122384E+00     0.35770230E-01      94     0.12147127E-01
-0.96000013E+01    -0.69869816E+00     0.38346902E-01     0.15000000E+02    -0.50851226E-01     0.40566534E+00     0.27304351E+00     0.35045922E-01      94     0.12147127E-01
-0.95000010E+01    -0.71634954E+00     0.36465988E-01     0.15000000E+02    -0.51099315E-01     0.40543142E+00     0.27456465E+00     0.33144455E-01      94     0.12147127E-01
-0.94000006E+01    -0.71184379E+00     0.35991739E-01     0.15000000E+02    -0.51303059E-01     0.40488517E+00     0.27530065E+00     0.32665662E-01      94     0.12147127E-01
-0.93000011E+01    -0.70944160E+00     0.35393510E-01     0.15000000E+02    -0.51484089E-01     0.40428892E+00     0.27673870E+00     0.32063663E-01      94     0.12147127E-01
-0.91999998E+01    -0.72762895E+00     0.33508297E-01     0.15000000E+02    -0.51616732E-01     0.40408278E+00     0.27820906E+00     0.30153893E-01      94     0.12147127E-01
-0.91000013E+01    -0.72661877E+00     0.32847170E-01     0.15000000E+02    -0.51742680E-01     0.40354744E+00     0.27921227E+00     0.29489040E-01      94     0.12147127E-01
-0.89000015E+01    -0.85765266E+00     0.17393537E-01     0.15000000E+02    -0.60543939E-01     0.40452504E+00     0.28500900E+00     0.13843698E-01      93     0.13668647E-01
-0.88000002E+01    -0.83841765E+00     0.15852500E-01     0.15000000E+02    -0.64794287E-01     0.40365583E+00     0.28605106E+00     0.12270078E-01      94     0.12147127E-01
-0.87000017E+01    -0.81470847E+00     0.14163283E-01     0.15000000E+02    -0.70097439E-01     0.40268695E+00     0.28807989E+00     0.10552222E-01      94     0.12147127E-01
-0.86000004E+01    -0.78950703E+00     0.12744682E-01     0.15000000E+02    -0.75183183E-01     0.40167916E+00     0.28974378E+00     0.91045126E-02      94     0.12147127E-01
-0.85000019E+01    -0.76890302E+00     0.12016138E-01     0.15000000E+02    -0.78212127E-01     0.40074188E+00     0.29050520E+00     0.83535099E-02      95     0.10720035E-01
-0.84000006E+01    -0.74672592E+00     0.11229701E-01     0.15000000E+02    -0.81655927E-01     0.39976600E+00     0.29189327E+00     0.75409142E-02      95     0.10720035E-01
-0.83000011E+01    -0.72773010E+00     0.10774075E-01     0.15000000E+02    -0.83926238E-01     0.39917222E+00     0.29249927E+00     0.70664329E-02      95     0.10720035E-01
-0.82000008E+01    -0.70643294E+00     0.10174594E-01     0.15000000E+02    -0.86892173E-01     0.39857888E+00     0.29375920E+00     0.64387582E-02      95     0.10720035E-01
-0.81000013E+01    -0.68690640E+00     0.97501222E-02     0.15000000E+02    -0.89245461E-01     0.39740229E+00     0.29528561E+00     0.59958305E-02      96     0.93848221E-02
-0.80000010E+01    -0.67170101E+00     0.96354745E-02     0.15000000E+02    -0.90223156E-01     0.39678240E+00     0.29589036E+00     0.58761388E-02      96     0.93848221E-02
-0.79000001E+01    -0.65657020E+00     0.95281322E-02     0.15000000E+02    -0.91173977E-01     0.39615431E+00     0.29650292E+00     0.57642777E-02      96     0.93848221E-02
-0.78000011E+01    -0.64159489E+00     0.94327899E-02     0.15000000E+02    -0.92073455E-01     0.39551029E+00     0.29707640E+00     0.56643588E-02      96     0.93848221E-02
-0.77000003E+01    -0.62632692E+00     0.93208896E-02     0.15000000E+02    -0.93063287E-01     0.39484295E+00     0.29816753E+00     0.55498159E-02      97     0.81395451E-02
-0.76000009E+01    -0.61169702E+00     0.92506474E-02     0.15000000E+02    -0.93849622E-01     0.39421442E+00     0.29870045E+00     0.54740021E-02      97     0.81395451E-02
-0.75000005E+01    -0.59693402E+00     0.91746924E-02     0.15000000E+02    -0.94676211E-01     0.39354107E+00     0.29971796E+00     0.53936616E-02      97     0.81395451E-02
-0.74000010E+01    -0.58254200E+00     0.91226017E-02     0.15000000E+02    -0.95383830E-01     0.39289621E+00     0.30018109E+00     0.53351074E-02      97     0.81395451E-02
-0.73000002E+01    -0.56821370E+00     0.90758568E-02     0.15000000E+02    -0.96070625E-01     0.39219025E+00     0.30065963E+00     0.52815862E-02      98     0.69827633E-02
-0.72000012E+01    -0.55396795E+00     0.90350574E-02     0.15000000E+02    -0.96728712E-01     0.39150801E+00     0.30106851E+00     0.52341465E-02      98     0.69827633E-02
-0.71000004E+01    -0.53972447E+00     0.89947535E-02     0.15000000E+02    -0.97383983E-01     0.39078942E+00     0.30149931E+00     0.51865298E-02      98     0.69827633E-02
-0.70000014E+01    -0.52523160E+00     0.89402506E-02     0.15000000E+02    -0.98113157E-01     0.39006898E+00     0.30214459E+00     0.51279417E-02      98     0.69827633E-02
-0.69000006E+01    -0.51041824E+00     0.88673746E-02     0.15000000E+02    -0.98939329E-01     0.38928339E+00     0.30337629E+00     0.50541330E-02      99     0.59136827E-02
-0.68000016E+01    -0.49595904E+00     0.88171344E-02     0.15000000E+02    -0.99653780E-01     0.38852364E+00     0.30395186E+00     0.50005256E-02      99     0.59136827E-02
-0.67000008E+01    -0.48149306E+00     0.87669650E-02     0.15000000E+02    -0.10036852E+00     0.38779950E+00     0.30450842E+00     0.49473038E-02      99     0.59136827E-02
-0.66000018E+01    -0.46673402E+00     0.86996080E-02     0.15000000E+02    -0.10116617E+00     0.38743412E+00     0.30552235E+00     0.48835794E-02      99     0.59136827E-02
-0.65000010E+01    -0.45236987E+00     0.86567383E-02     0.15000000E+02    -0.10184497E+00     0.38651180E+00     0.30604005E+00     0.48377360E-02      99     0.59136827E-02
-0.64000001E+01    -0.43806565E+00     0.86181378E-02     0.15000000E+02    -0.10250390E+00     0.38597870E+00     0.30651847E+00     0.47961934E-02     100     0.49317535E-02
-0.63000011E+01    -0.42380553E+00     0.85823992E-02     0.15000000E+02    -0.10314787E+00     0.38546517E+00     0.30700633E+00     0.47573298E-02     100     0.49317535E-02
-0.62000003E+01    -0.40959483E+00     0.85506951E-02     0.15000000E+02    -0.10377564E+00     0.38492614E+00     0.30746949E+00     0.47219275E-02     100     0.49317535E-02
-0.61000009E+01    -0.39542356E+00     0.85217347E-02     0.15000000E+02    -0.10439114E+00     0.38436329E+00     0.30793324E+00     0.46888459E-02     100     0.49317535E-02
-0.60000000E+01    -0.38129276E+00     0.84958896E-02     0.15000000E+02    -0.10499459E+00     0.38378119E+00     0.30838653E+00     0.46583144E-02     101     0.40368550E-02
-0.59000010E+01    -0.36716935E+00     0.84705781E-02     0.15000000E+02    -0.10559513E+00     0.38320848E+00     0.30919853E+00     0.46288953E-02     101     0.40368550E-02
-0.58000002E+01    -0.35317102E+00     0.84527368E-02     0.15000000E+02    -0.10615774E+00     0.38264894E+00     0.30954507E+00     0.46038367E-02     101     0.40368550E-02
-0.57000012E+01    -0.33893913E+00     0.84226960E-02     0.15000000E+02    -0.10678776E+00     0.38207415E+00     0.31017017E+00     0.45700520E-02     101     0.40368550E-02
-0.56000004E+01    -0.32471782E+00     0.83938371E-02     0.15000000E+02    -0.10741483E+00     0.38146040E+00     0.31079185E+00     0.45371996E-02     102     0.32292409E-02
-0.55000014E+01    -0.31028873E+00     0.83539272E-02     0.15000000E+02    -0.10810170E+00     0.38086280E+00     0.31190190E+00     0.44965670E-02     102     0.32292409E-02
-0.54000006E+01    -0.29606616E+00     0.83259167E-02     0.15000000E+02    -0.10872604E+00     0.38023862E+00     0.31247300E+00     0.44656480E-02     102     0.32292409E-02
-0.53000016E+01    -0.28184980E+00     0.82985079E-02     0.15000000E+02    -0.10934608E+00     0.37959132E+00     0.31299296E+00     0.44354489E-02     102     0.32292409E-02
-0.52000008E+01    -0.26766309E+00     0.82732532E-02     0.15000000E+02    -0.10995544E+00     0.37891749E+00     0.31347367E+00     0.44072946E-02     102     0.32292409E-02
-0.51000013E+01    -0.25349739E+00     0.82495511E-02     0.15000000E+02    -0.11055800E+00     0.37822956E+00     0.31395823E+00     0.43806843E-02     103     0.25093697E-02
-0.50000010E+01    -0.23936388E+00     0.82277553E-02     0.15000000E+02    -0.11114860E+00     0.37759048E+00     0.31442893E+00     0.43559982E-02     103     0.25093697E-02
-0.49000015E+01    -0.22526360E+00     0.82084285E-02     0.15000000E+02    -0.11172976E+00     0.37690449E+00     0.31490806E+00     0.43333787E-02     103     0.25093697E-02
-0.48000007E+01    -0.21116470E+00     0.81888782E-02     0.15000000E+02    -0.11230469E+00     0.37644833E+00     0.31537172E+00     0.43138275E-02     103     0.25093697E-02
-0.47000003E+01    -0.19708376E+00     0.81702005E-02     0.15000000E+02    -0.11287256E+00     0.37610006E+00     0.31583875E+00     0.42938367E-02     104     0.18779053E-02
-0.46000009E+01    -0.18298551E+00     0.81514781E-02     0.15000000E+02    -0.11344851E+00     0.37526587E+00     0.31666690E+00     0.42731110E-02     104     0.18779053E-02
-0.45000000E+01    -0.16899881E+00     0.81388168E-02     0.15000000E+02    -0.11398912E+00     0.37480474E+00     0.31708580E+00     0.42574070E-02     104     0.18779053E-02
-0.44000010E+01    -0.15506108E+00     0.81290472E-02     0.15000000E+02    -0.11451624E+00     0.37429902E+00     0.31746262E+00     0.42439122E-02     104     0.18779053E-02
-0.43000002E+01    -0.14115112E+00     0.81207938E-02     0.15000000E+02    -0.11503447E+00     0.37379798E+00     0.31780332E+00     0.42300010E-02     105     0.13357622E-02
-0.42000012E+01    -0.12705612E+00     0.81039984E-02     0.15000000E+02    -0.11560541E+00     0.37330881E+00     0.31842822E+00     0.42114113E-02     105     0.13357622E-02
-0.41000004E+01    -0.11298037E+00     0.80883605E-02     0.15000000E+02    -0.11617111E+00     0.37279412E+00     0.31902900E+00     0.41935323E-02     105     0.13357622E-02
-0.40000014E+01    -0.98906785E-01     0.80733094E-02     0.15000000E+02    -0.11673509E+00     0.37231177E+00     0.31962824E+00     0.41764239E-02     105     0.13357622E-02
-0.39000006E+01    -0.84851481E-01     0.80597056E-02     0.15000000E+02    -0.11729360E+00     0.37179956E+00     0.32017031E+00     0.41602952E-02     105     0.13357622E-02
-0.38000014E+01    -0.70621967E-01     0.80378093E-02     0.15000000E+02    -0.11790284E+00     0.37124729E+00     0.32115659E+00     0.41384762E-02     106     0.88392844E-03
-0.37000005E+01    -0.56571994E-01     0.80253258E-02     0.15000000E+02    -0.11845936E+00     0.37070239E+00     0.32166862E+00     0.41234689E-02     106     0.88392844E-03
-0.36000016E+01    -0.42557597E-01     0.80147395E-02     0.15000000E+02    -0.11900472E+00     0.37015280E+00     0.32212871E+00     0.41098697E-02     106     0.88392844E-03
-0.35000007E+01    -0.28551081E-01     0.80046458E-02     0.15000000E+02    -0.11954723E+00     0.36959386E+00     0.32262313E+00     0.40970063E-02     106     0.88392844E-03
-0.34000015E+01    -0.14569179E-01     0.79962108E-02     0.15000000E+02    -0.12008060E+00     0.36900416E+00     0.32310340E+00     0.40855920E-02     107     0.52343018E-03
-0.33000009E+01    -0.61751145E-03     0.79892147E-02     0.15000000E+02    -0.12060415E+00     0.36841044E+00     0.32355121E+00     0.40755384E-02     107     0.52343018E-03
-0.32000017E+01     0.13317392E-01     0.79833483E-02     0.15000000E+02    -0.12112211E+00     0.36779782E+00     0.32401237E+00     0.40666224E-02     107     0.52343018E-03
-0.31000009E+01     0.27228380E-01     0.79786228E-02     0.15000000E+02    -0.12163292E+00     0.36717275E+00     0.32445720E+00     0.40586297E-02     107     0.52343018E-03
-0.30000000E+01     0.41120492E-01     0.79752067E-02     0.15000000E+02    -0.12213682E+00     0.36655352E+00     0.32490534E+00     0.40518935E-02     107     0.52343018E-03
-0.29000010E+01     0.55004686E-01     0.79721548E-02     0.15000000E+02    -0.12263907E+00     0.36592227E+00     0.32564929E+00     0.40480387E-02     108     0.25559045E-03
-0.28000002E+01     0.68865955E-01     0.79687079E-02     0.15000000E+02    -0.12312599E+00     0.36565340E+00     0.32597175E+00     0.40432187E-02     108     0.25559045E-03
-0.27000012E+01     0.82777023E-01     0.79637943E-02     0.15000000E+02    -0.12362939E+00     0.36497080E+00     0.32645255E+00     0.40351786E-02     108     0.25559045E-03
-0.26000004E+01     0.96760944E-01     0.79562161E-02     0.15000000E+02    -0.12415306E+00     0.36455640E+00     0.32703459E+00     0.40271510E-02     108     0.25559045E-03
-0.25000012E+01     0.11073231E+00     0.79493104E-02     0.15000000E+02    -0.12467267E+00     0.36411795E+00     0.32763124E+00     0.40196688E-02     109     0.82218816E-04
-0.24000003E+01     0.12469363E+00     0.79433890E-02     0.15000000E+02    -0.12519015E+00     0.36367467E+00     0.32821298E+00     0.40131188E-02     109     0.82218816E-04
-0.23000014E+01     0.13864915E+00     0.79380553E-02     0.15000000E+02    -0.12570533E+00     0.36321247E+00     0.32876536E+00     0.40070862E-02     109     0.82218816E-04
-0.22000005E+01     0.15260530E+00     0.79330187E-02     0.15000000E+02    -0.12622073E+00     0.36278063E+00     0.32929623E+00     0.40014670E-02     109     0.82218816E-04
-0.21000013E+01     0.16654454E+00     0.79290364E-02     0.15000000E+02    -0.12673153E+00     0.36232486E+00     0.32979012E+00     0.39965548E-02     109     0.82218816E-04
-0.20000007E+01     0.18058854E+00     0.79210736E-02     0.15000000E+02    -0.12727214E+00     0.36183745E+00     0.33070233E+00     0.39895670E-02     110     0.45936558E-05
-0.19000015E+01     0.19447418E+00     0.79201292E-02     0.15000000E+02    -0.12776799E+00     0.36138296E+00     0.33117393E+00     0.39868020E-02     110     0.45936558E-05
-0.18000008E+01     0.20833135E+00     0.79208501E-02     0.15000000E+02    -0.12825608E+00     0.36088780E+00     0.33165047E+00     0.39849798E-02     110     0.45936558E-05
-0.17000016E+01     0.22215964E+00     0.79231644E-02     0.15000000E+02    -0.12873513E+00     0.36041269E+00     0.33208019E+00     0.39844001E-02     110     0.45936558E-05
-0.16000009E+01     0.23597364E+00     0.79260347E-02     0.15000000E+02    -0.12921099E+00     0.35993508E+00     0.33254507E+00     0.39843782E-02     110     0.45936558E-05
-0.15000000E+01     0.24976753E+00     0.79301409E-02     0.15000000E+02    -0.12967965E+00     0.35940671E+00     0.33298889E+00     0.39851679E-02     111     0.22930024E-04
-0.14000009E+01     0.26354194E+00     0.79349531E-02     0.15000000E+02    -0.13014261E+00     0.35888880E+00     0.33341566E+00     0.39868485E-02     111     0.22930024E-04
-0.13000002E+01     0.27729908E+00     0.79405839E-02     0.15000000E+02    -0.13059978E+00     0.35835156E+00     0.33381721E+00     0.39892336E-02     111     0.22930024E-04
-0.12000011E+01     0.29103315E+00     0.79471003E-02     0.15000000E+02    -0.13104965E+00     0.35778490E+00     0.33418640E+00     0.39923643E-02     111     0.22930024E-04
-0.11000003E+01     0.30473268E+00     0.79552401E-02     0.15000000E+02    -0.13148974E+00     0.35721636E+00     0.33450970E+00     0.39967787E-02     112     0.13751644E-03
-0.10000012E+01     0.31852102E+00     0.79598669E-02     0.15000000E+02    -0.13195315E+00     0.35664156E+00     0.33503380E+00     0.39977422E-02     112     0.13751644E-03
-0.90000039E+00     0.33240691E+00     0.79622567E-02     0.15000000E+02    -0.13244911E+00     0.35559222E+00     0.33613694E+00     0.40009674E-02     112     0.13751644E-03
-0.80000126E+00     0.34629920E+00     0.79609016E-02     0.15000000E+02    -0.13293213E+00     0.35534221E+00     0.33674964E+00     0.40016477E-02     112     0.13751644E-03
-0.70000046E+00     0.36016589E+00     0.79611959E-02     0.15000000E+02    -0.13340907E+00     0.35504371E+00     0.33729044E+00     0.40033944E-02     112     0.13751644E-03
-0.60000139E+00     0.37403417E+00     0.79619028E-02     0.15000000E+02    -0.13388735E+00     0.35469174E+00     0.33784056E+00     0.40055714E-02     113     0.34877725E-03
-0.50000060E+00     0.38787830E+00     0.79642180E-02     0.15000000E+02    -0.13435891E+00     0.35432816E+00     0.33835468E+00     0.40088305E-02     113     0.34877725E-03
-0.40000150E+00     0.40170732E+00     0.79671927E-02     0.15000000E+02    -0.13482775E+00     0.35394445E+00     0.33884555E+00     0.40124194E-02     113     0.34877725E-03
-0.30000070E+00     0.41551280E+00     0.79714321E-02     0.15000000E+02    -0.13529010E+00     0.35354647E+00     0.33932516E+00     0.40169340E-02     113     0.34877725E-03
-0.20000160E+00     0.42929673E+00     0.79769753E-02     0.15000000E+02    -0.13574620E+00     0.35312033E+00     0.33981597E+00     0.40223347E-02     114     0.65841351E-03
-0.10000080E+00     0.44305149E+00     0.79837805E-02     0.15000000E+02    -0.13619466E+00     0.35270715E+00     0.34028053E+00     0.40285112E-02     114     0.65841351E-03
 0.00000000E+00     0.45678151E+00     0.79919118E-02     0.15000000E+02    -0.13663712E+00     0.35228121E+00     0.34074196E+00     0.40355730E-02     114     0.65841351E-03
 0.99999093E-01     0.47049114E+00     0.80009159E-02     0.15000000E+02    -0.13707352E+00     0.35188672E+00     0.34119701E+00     0.40432946E-02     114     0.65841351E-03
 0.19999990E+00     0.48417249E+00     0.80114380E-02     0.15000000E+02    -0.13750345E+00     0.35143885E+00     0.34164959E+00     0.40518641E-02     114     0.65841351E-03
 0.29999900E+00     0.49785593E+00     0.80218697E-02     0.15000000E+02    -0.13793419E+00     0.35100210E+00     0.34242678E+00     0.40609837E-02     115     0.10680658E-02
 0.39999980E+00     0.51147300E+00     0.80352006E-02     0.15000000E+02    -0.13834666E+00     0.35056311E+00     0.34281245E+00     0.40713511E-02     115     0.10680658E-02
 0.49999887E+00     0.52505285E+00     0.80498736E-02     0.15000000E+02    -0.13874973E+00     0.35011929E+00     0.34313071E+00     0.40824823E-02     115     0.10680658E-02
 0.59999967E+00     0.53871143E+00     0.80620609E-02     0.15000000E+02    -0.13917306E+00     0.34967592E+00     0.34366041E+00     0.40912153E-02     115     0.10680658E-02
 0.69999880E+00     0.55240196E+00     0.80734920E-02     0.15000000E+02    -0.13960493E+00     0.34920752E+00     0.34429693E+00     0.41015781E-02     115     0.10680658E-02
 0.79999959E+00     0.56608081E+00     0.80852667E-02     0.15000000E+02    -0.14003272E+00     0.34871608E+00     0.34487739E+00     0.41122516E-02     116     0.15789367E-02
 0.89999866E+00     0.57976669E+00     0.80967601E-02     0.15000000E+02    -0.14046201E+00     0.34822103E+00     0.34550914E+00     0.41231876E-02     116     0.15789367E-02
 0.99999946E+00     0.59344012E+00     0.81089865E-02     0.15000000E+02    -0.14088775E+00     0.34767401E+00     0.34606433E+00     0.41347304E-02     116     0.15789367E-02
 0.10999986E+01     0.60705906E+00     0.81246253E-02     0.15000000E+02    -0.14130473E+00     0.34668189E+00     0.34659114E+00     0.41474076E-02     116     0.15789367E-02
 0.11999993E+01     0.62072664E+00     0.81374375E-02     0.15000000E+02    -0.14172833E+00     0.34616897E+00     0.34711912E+00     0.41601737E-02     116     0.15789367E-02
 0.12999984E+01     0.63440943E+00     0.81483284E-02     0.15000000E+02    -0.14215313E+00     0.34526578E+00     0.34762475E+00     0.41736919E-02     117     0.21921741E-02
 0.13999993E+01     0.64808363E+00     0.81593217E-02     0.15000000E+02    -0.14257351E+00     0.34439552E+00     0.34811455E+00     0.41849683E-02     117     0.21921741E-02
 0.14999983E+01     0.66174376E+00     0.81712408E-02     0.15000000E+02    -0.14298940E+00     0.34403265E+00     0.34860966E+00     0.41978615E-02     117     0.21921741E-02
 0.15999992E+01     0.67536002E+00     0.81870761E-02     0.15000000E+02    -0.14340347E+00     0.34297603E+00     0.34950146E+00     0.42123999E-02     117     0.21921741E-02
 0.16999999E+01     0.68884075E+00     0.82088755E-02     0.15000000E+02    -0.14378625E+00     0.34185594E+00     0.34994832E+00     0.42293300E-02     118     0.29090899E-02
 0.17999990E+01     0.70225471E+00     0.82343929E-02     0.15000000E+02    -0.14415683E+00     0.34068105E+00     0.35040480E+00     0.42479481E-02     118     0.29090899E-02
 0.18999999E+01     0.71576631E+00     0.82534021E-02     0.15000000E+02    -0.14453974E+00     0.34020600E+00     0.35085791E+00     0.42647487E-02     118     0.29090899E-02
 0.19999989E+01     0.72910804E+00     0.82823504E-02     0.15000000E+02    -0.14489430E+00     0.33889782E+00     0.35126865E+00     0.42852205E-02     118     0.29090899E-02
 0.20999997E+01     0.74257416E+00     0.83027827E-02     0.15000000E+02    -0.14526494E+00     0.33834118E+00     0.35164592E+00     0.43029566E-02     118     0.29090899E-02
 0.21999989E+01     0.75601280E+00     0.83235763E-02     0.15000000E+02    -0.14562735E+00     0.33779117E+00     0.35197344E+00     0.43210755E-02     119     0.37310193E-02
 0.22999997E+01     0.76942664E+00     0.83497129E-02     0.15000000E+02    -0.14599600E+00     0.33633474E+00     0.35257307E+00     0.43403488E-02     119     0.37310193E-02
 0.23999987E+01     0.78298986E+00     0.83663231E-02     0.15000000E+02    -0.14638723E+00     0.33583435E+00     0.35317785E+00     0.43591149E-02     119     0.37310193E-02
 0.25999987E+01     0.81010938E+00     0.83995843E-02     0.15000000E+02    -0.14716640E+00     0.33436921E+00     0.35440686E+00     0.43937094E-02     119     0.37310193E-02
 0.26999993E+01     0.82374007E+00     0.84149009E-02     0.15000000E+02    -0.14757581E+00     0.33390480E+00     0.35546499E+00     0.44125728E-02     120     0.46595004E-02
 0.27999985E+01     0.83727020E+00     0.84336139E-02     0.15000000E+02    -0.14795907E+00     0.33341375E+00     0.35600373E+00     0.44322787E-02     120     0.46595004E-02
 0.28999994E+01     0.85055029E+00     0.84669162E-02     0.15000000E+02    -0.14830330E+00     0.33166063E+00     0.35650995E+00     0.44580363E-02     120     0.46595004E-02
 0.29999983E+01     0.86400062E+00     0.84896544E-02     0.15000000E+02    -0.14867027E+00     0.33113343E+00     0.35701099E+00     0.44799540E-02     120     0.46595004E-02
 0.30999992E+01     0.87742072E+00     0.85134730E-02     0.15000000E+02    -0.14903073E+00     0.33058652E+00     0.35750782E+00     0.45023770E-02     120     0.46595004E-02
 0.31999984E+01     0.89062196E+00     0.85500004E-02     0.15000000E+02    -0.14935619E+00     0.32908079E+00     0.35799599E+00     0.45305612E-02     121     0.56962054E-02
 0.32999990E+01     0.90400761E+00     0.85749691E-02     0.15000000E+02    -0.14970702E+00     0.32846349E+00     0.35847685E+00     0.45541162E-02     121     0.56962054E-02
 0.33999999E+01     0.91738081E+00     0.85999845E-02     0.15000000E+02    -0.15005410E+00     0.32781431E+00     0.35894999E+00     0.45777177E-02     121     0.56962054E-02
 0.34999990E+01     0.93063778E+00     0.86312974E-02     0.15000000E+02    -0.15038173E+00     0.32626987E+00     0.35942832E+00     0.46045678E-02     121     0.56962054E-02
 0.35999999E+01     0.94403863E+00     0.86533707E-02     0.15000000E+02    -0.15072891E+00     0.32575640E+00     0.35987073E+00     0.46269568E-02     121     0.56962054E-02
 0.36999989E+01     0.95740151E+00     0.86768651E-02     0.15000000E+02    -0.15106866E+00     0.32521755E+00     0.36028588E+00     0.46502762E-02     122     0.68430351E-02
 0.37999997E+01     0.97072285E+00     0.87022940E-02     0.15000000E+02    -0.15139882E+00     0.32462719E+00     0.36067411E+00     0.46746372E-02     122     0.68430351E-02
 0.38999987E+01     0.98400688E+00     0.87291319E-02     0.15000000E+02    -0.15172090E+00     0.32402954E+00     0.36101475E+00     0.46984917E-02     122     0.68430351E-02
 0.39999995E+01     0.99724197E+00     0.87646591E-02     0.15000000E+02    -0.15205202E+00     0.32250366E+00     0.36220309E+00     0.47301166E-02     122     0.68430351E-02
 0.40999985E+01     0.10105351E+01     0.87939054E-02     0.15000000E+02    -0.15238293E+00     0.32185090E+00     0.36285052E+00     0.47582113E-02     122     0.68430351E-02
 0.41999993E+01     0.10238029E+01     0.88245887E-02     0.15000000E+02    -0.15270923E+00     0.32117671E+00     0.36346757E+00     0.47874050E-02     123     0.81021339E-02
 0.42999988E+01     0.10370477E+01     0.88565666E-02     0.15000000E+02    -0.15303129E+00     0.32047886E+00     0.36405784E+00     0.48177228E-02     123     0.81021339E-02
 0.43999991E+01     0.10499237E+01     0.89096306E-02     0.15000000E+02    -0.15329629E+00     0.31786010E+00     0.36461127E+00     0.48582554E-02     123     0.81021339E-02
 0.44999986E+01     0.10632200E+01     0.89381598E-02     0.15000000E+02    -0.15362465E+00     0.31708238E+00     0.36516064E+00     0.48869136E-02     123     0.81021339E-02
 0.45999994E+01     0.10765272E+01     0.89654643E-02     0.15000000E+02    -0.15395334E+00     0.31636727E+00     0.36569768E+00     0.49153175E-02     123     0.81021339E-02
 0.47000003E+01     0.10897840E+01     0.89948494E-02     0.15000000E+02    -0.15427260E+00     0.31560501E+00     0.36620900E+00     0.49450733E-02     124     0.94758309E-02
 0.47999973E+01     0.11030039E+01     0.90261307E-02     0.15000000E+02    -0.15458395E+00     0.31483755E+00     0.36672392E+00     0.49760775E-02     124     0.94758309E-02
 0.48999982E+01     0.11159040E+01     0.90748621E-02     0.15000000E+02    -0.15484454E+00     0.31291983E+00     0.36722296E+00     0.50164657E-02     124     0.94758309E-02
 0.49999990E+01     0.11289680E+01     0.91134626E-02     0.15000000E+02    -0.15512820E+00     0.31204990E+00     0.36773214E+00     0.50516771E-02     124     0.94758309E-02
 0.50999999E+01     0.11419823E+01     0.91546662E-02     0.15000000E+02    -0.15540199E+00     0.31112111E+00     0.36822349E+00     0.50886800E-02     124     0.94758309E-02
 0.52000008E+01     0.11549689E+01     0.91964900E-02     0.15000000E+02    -0.15566958E+00     0.31008735E+00     0.36869574E+00     0.51262565E-02     125     0.10966896E-01
 0.52999978E+01     0.11677527E+01     0.92487661E-02     0.15000000E+02    -0.15590475E+00     0.30764726E+00     0.36915076E+00     0.51675029E-02     125     0.10966896E-01
 0.53999987E+01     0.11807846E+01     0.92860600E-02     0.15000000E+02    -0.15617540E+00     0.30659866E+00     0.36989585E+00     0.52028098E-02     125     0.10966896E-01
 0.54999995E+01     0.11937612E+01     0.93260398E-02     0.15000000E+02    -0.15643574E+00     0.30552238E+00     0.37028608E+00     0.52382834E-02     125     0.10966896E-01
 0.56000004E+01     0.12067376E+01     0.93686441E-02     0.15000000E+02    -0.15670212E+00     0.30437902E+00     0.37097812E+00     0.52781864E-02     125     0.10966896E-01
 0.56999979E+01     0.12196195E+01     0.94160028E-02     0.15000000E+02    -0.15695328E+00     0.30321553E+00     0.37163031E+00     0.53214617E-02     126     0.12578236E-01
 0.57999988E+01     0.12319880E+01     0.94918124E-02     0.15000000E+02    -0.15712327E+00     0.30032337E+00     0.37227041E+00     0.53814589E-02     126     0.12578236E-01
 0.58999996E+01     0.12449017E+01     0.95365839E-02     0.15000000E+02    -0.15737687E+00     0.29886639E+00     0.37290141E+00     0.54210457E-02     126     0.12578236E-01
 0.60000000E+01     0.12574853E+01     0.95993550E-02     0.15000000E+02    -0.15757903E+00     0.29608792E+00     0.37348309E+00     0.54744934E-02     126     0.12578236E-01
 0.60999975E+01     0.12701763E+01     0.96554887E-02     0.15000000E+02    -0.15779759E+00     0.29447567E+00     0.37408483E+00     0.55247494E-02     126     0.12578236E-01
 0.61999984E+01     0.12827318E+01     0.97195609E-02     0.15000000E+02    -0.15799372E+00     0.29278821E+00     0.37463033E+00     0.55810236E-02     127     0.14313264E-01
 0.62999992E+01     0.12947772E+01     0.98102270E-02     0.15000000E+02    -0.15810913E+00     0.28829747E+00     0.37514922E+00     0.56496421E-02     127     0.14313264E-01
 0.64000001E+01     0.13072400E+01     0.98771164E-02     0.15000000E+02    -0.15828760E+00     0.28614435E+00     0.37569943E+00     0.57084071E-02     127     0.14313264E-01
 0.65000010E+01     0.13194195E+01     0.99584302E-02     0.15000000E+02    -0.15841950E+00     0.28372386E+00     0.37622353E+00     0.57765413E-02     127     0.14313264E-01
 0.65999980E+01     0.13309231E+01     0.10076018E-01     0.15000000E+02    -0.15844518E+00     0.27802315E+00     0.37671718E+00     0.58647543E-02     127     0.14313264E-01
 0.66999989E+01     0.13427652E+01     0.10175028E-01     0.15000000E+02    -0.15852523E+00     0.27490184E+00     0.37764794E+00     0.59476825E-02     128     0.16175576E-01
 0.67999997E+01     0.13546476E+01     0.10269278E-01     0.15000000E+02    -0.15860520E+00     0.27096716E+00     0.37812239E+00     0.60208174E-02     128     0.16175576E-01
 0.69000006E+01     0.13660437E+01     0.10388622E-01     0.15000000E+02    -0.15860814E+00     0.26693547E+00     0.37858176E+00     0.61185015E-02     128     0.16175576E-01
 0.69999981E+01     0.13758941E+01     0.10590778E-01     0.15000000E+02    -0.15836933E+00     0.25820830E+00     0.37899306E+00     0.62699569E-02     128     0.16175576E-01
 0.70999990E+01     0.13865817E+01     0.10744850E-01     0.15000000E+02    -0.15825768E+00     0.25185996E+00     0.37934825E+00     0.63879611E-02     128     0.16175576E-01
 0.71999998E+01     0.13966272E+01     0.10933251E-01     0.15000000E+02    -0.15804684E+00     0.24438709E+00     0.37984475E+00     0.65317969E-02     128     0.16175576E-01
 0.73000002E+01     0.14028345E+01     0.11326987E-01     0.15000000E+02    -0.15724225E+00     0.22760515E+00     0.38042966E+00     0.68273540E-02     129     0.18169271E-01
 0.75999994E+01     0.14060253E+01     0.13236031E-01     0.15000000E+02    -0.15240246E+00     0.15290301E+00     0.38190922E+00     0.83036739E-02     129     0.18169271E-01
 0.77000003E+01     0.14140493E+01     0.13489960E-01     0.15000000E+02    -0.15186675E+00     0.14635389E+00     0.38248944E+00     0.85271336E-02     129     0.18169271E-01
 0.77999973E+01     0.14229372E+01     0.13697220E-01     0.15000000E+02    -0.15146369E+00     0.14105518E+00     0.38306388E+00     0.87049492E-02     129     0.18169271E-01
 0.78999982E+01     0.14312375E+01     0.13923616E-01     0.15000000E+02    -0.15096246E+00     0.13593633E+00     0.38362399E+00     0.89013893E-02     129     0.18169271E-01
 0.79999990E+01     0.14401734E+01     0.14114260E-01     0.15000000E+02    -0.15055707E+00     0.13228740E+00     0.38414729E+00     0.90770805E-02     130     0.20298893E-01
 0.81000004E+01     0.14483291E+01     0.14335404E-01     0.15000000E+02    -0.15002529E+00     0.12850770E+00     0.38466159E+00     0.92796059E-02     130     0.20298893E-01
 0.82000008E+01     0.14574511E+01     0.14511922E-01     0.15000000E+02    -0.14964722E+00     0.12534693E+00     0.38518113E+00     0.94388593E-02     130     0.20298893E-01
 0.82999983E+01     0.14660223E+01     0.14711316E-01     0.15000000E+02    -0.14918335E+00     0.12267490E+00     0.38612998E+00     0.96270237E-02     130     0.20298893E-01
 0.83999987E+01     0.14741642E+01     0.14924355E-01     0.15000000E+02    -0.14864439E+00     0.11996797E+00     0.38661796E+00     0.98263193E-02     130     0.20298893E-01
 0.85000000E+01     0.14829984E+01     0.15104956E-01     0.15000000E+02    -0.14821255E+00     0.11750351E+00     0.38711557E+00     0.99937227E-02     130     0.20298893E-01
 0.86000004E+01     0.14914262E+01     0.15296753E-01     0.15000000E+02    -0.14771265E+00     0.11556392E+00     0.38755536E+00     0.10177542E-01     130     0.20298893E-01
 0.86999979E+01     0.14991755E+01     0.15512697E-01     0.15000000E+02    -0.14710137E+00     0.11374921E+00     0.38803750E+00     0.10384439E-01     131     0.22569172E-01
 0.87999983E+01     0.15049865E+01     0.15805276E-01     0.15000000E+02    -0.14618009E+00     0.10974955E+00     0.38843518E+00     0.10659503E-01     131     0.22569172E-01
 0.88999996E+01     0.15143927E+01     0.15956914E-01     0.15000000E+02    -0.14583191E+00     0.10976206E+00     0.38878629E+00     0.10812644E-01     131     0.22569172E-01
 0.90000000E+01     0.15171854E+01     0.16263274E-01     0.15000000E+02    -0.14428928E+00     0.10861623E+00     0.38909468E+00     0.11115421E-01     131     0.22569172E-01
 0.90999975E+01     0.15185064E+01     0.16625283E-01     0.15000000E+02    -0.14249696E+00     0.10757568E+00     0.38961431E+00     0.11479545E-01     131     0.22569172E-01
 0.91999989E+01     0.15242662E+01     0.16913977E-01     0.15000000E+02    -0.14155741E+00     0.10639753E+00     0.39015704E+00     0.11766606E-01     131     0.22569172E-01
 0.92999992E+01     0.15277350E+01     0.17313896E-01     0.15000000E+02    -0.14029500E+00     0.10376738E+00     0.39077342E+00     0.12154892E-01     131     0.22569172E-01
 0.94000006E+01     0.15360347E+01     0.17533623E-01     0.15000000E+02    -0.13980284E+00     0.10380821E+00     0.39142591E+00     0.12379652E-01     132     0.24985466E-01
 0.94999971E+01     0.15409254E+01     0.17906984E-01     0.15000000E+02    -0.13880348E+00     0.10110196E+00     0.39201158E+00     0.12744669E-01     132     0.24985466E-01
 0.95999985E+01     0.15476695E+01     0.18213810E-01     0.15000000E+02    -0.13810234E+00     0.10011438E+00     0.39256102E+00     0.13051929E-01     132     0.24985466E-01
 0.96999989E+01     0.15538785E+01     0.18559169E-01     0.15000000E+02    -0.13733989E+00     0.99202797E-01     0.39364949E+00     0.13401042E-01     132     0.24985466E-01
 0.98000002E+01     0.15597831E+01     0.18923728E-01     0.15000000E+02    -0.13654590E+00     0.98250493E-01     0.39416105E+00     0.13766311E-01     132     0.24985466E-01
 0.99000006E+01     0.15652322E+01     0.19326421E-01     0.15000000E+02    -0.13570400E+00     0.97380050E-01     0.39461732E+00     0.14169826E-01     132     0.24985466E-01
 0.99999981E+01     0.15701632E+01     0.19772721E-01     0.15000000E+02    -0.13480806E+00     0.96463330E-01     0.39514491E+00     0.14617160E-01     132     0.24985466E-01
 0.10099998E+02     0.15755287E+01     0.20208485E-01     0.15000000E+02    -0.13399707E+00     0.95549226E-01     0.39562497E+00     0.15054759E-01     132     0.24985466E-01
 0.10200000E+02     0.15803692E+01     0.20690173E-01     0.15000000E+02    -0.13313529E+00     0.94507322E-01     0.39606601E+00     0.15540127E-01     133     0.27553435E-01
 0.10300000E+02     0.15858445E+01     0.21158742E-01     0.15000000E+02    -0.13238136E+00     0.93471147E-01     0.39658374E+00     0.16010491E-01     133     0.27553435E-01
 0.10399998E+02     0.15903329E+01     0.21695677E-01     0.15000000E+02    -0.13152285E+00     0.92827223E-01     0.39702734E+00     0.16553458E-01     133     0.27553435E-01
 0.10499999E+02     0.15955318E+01     0.22204971E-01     0.15000000E+02    -0.13078372E+00     0.92220590E-01     0.39746863E+00     0.17067675E-01     133     0.27553435E-01
 0.10599999E+02     0.15989856E+01     0.22846345E-01     0.15000000E+02    -0.12985976E+00     0.91606006E-01     0.39791229E+00     0.17716691E-01     133     0.27553435E-01
 0.10700000E+02     0.16030240E+01     0.23469482E-01     0.15000000E+02    -0.12904066E+00     0.90962075E-01     0.39829662E+00     0.18345434E-01     133     0.27553435E-01
 0.10799997E+02     0.16049947E+01     0.24260329E-01     0.15000000E+02    -0.12802953E+00     0.90318553E-01     0.39861980E+00     0.19144952E-01     133     0.27553435E-01
 0.10899999E+02     0.16077900E+01     0.25013629E-01     0.15000000E+02    -0.12715723E+00     0.89761309E-01     0.39892134E+00     0.19905558E-01     133     0.27553435E-01
 0.10999999E+02     0.16069157E+01     0.26059780E-01     0.15000000E+02    -0.12597348E+00     0.88431224E-01     0.39939946E+00     0.20958344E-01     134     0.30279335E-01
 0.11100000E+02     0.16095160E+01     0.26897280E-01     0.15000000E+02    -0.12520362E+00     0.88524759E-01     0.39989930E+00     0.21812446E-01     134     0.30279335E-01
 0.11200001E+02     0.16112579E+01     0.27775791E-01     0.15000000E+02    -0.12439828E+00     0.87817959E-01     0.40042377E+00     0.22702578E-01     134     0.30279335E-01
 0.11299998E+02     0.16091944E+01     0.28989851E-01     0.15000000E+02    -0.12334914E+00     0.86534195E-01     0.40100059E+00     0.23934284E-01     134     0.30279335E-01
 0.11399999E+02     0.16079202E+01     0.30171603E-01     0.15000000E+02    -0.12246496E+00     0.86008757E-01     0.40142697E+00     0.25135525E-01     134     0.30279335E-01
 0.11500000E+02     0.16069192E+01     0.31313114E-01     0.15000000E+02    -0.12169372E+00     0.85638516E-01     0.40254474E+00     0.26300516E-01     134     0.30279335E-01
 0.11600000E+02     0.16052397E+01     0.32484755E-01     0.15000000E+02    -0.12093829E+00     0.85264347E-01     0.40243596E+00     0.27492665E-01     134     0.30279335E-01
 0.11699998E+02     0.16006858E+01     0.33858955E-01     0.15000000E+02    -0.12014783E+00     0.84913224E-01     0.40280521E+00     0.28896097E-01     134     0.30279335E-01
 0.11799999E+02     0.15923576E+01     0.35566907E-01     0.15000000E+02    -0.11934689E+00     0.84643923E-01     0.40369406E+00     0.30644728E-01     134     0.30279335E-01
 0.11900000E+02     0.15791680E+01     0.37552815E-01     0.15000000E+02    -0.11858828E+00     0.84437847E-01     0.40389976E+00     0.32681033E-01     134     0.30279335E-01
 0.12000000E+02     0.15662879E+01     0.39453197E-01     0.15000000E+02    -0.11805731E+00     0.84332637E-01     0.40418637E+00     0.34632612E-01     134     0.30279335E-01
 0.12099998E+02     0.15289624E+01     0.43123826E-01     0.15000000E+02    -0.11764868E+00     0.84527425E-01     0.40403819E+00     0.38414799E-01     134     0.30279335E-01
 0.12199999E+02     0.14664556E+01     0.48256952E-01     0.15000000E+02    -0.11759907E+00     0.85232794E-01     0.40285093E+00     0.43712769E-01     134     0.30279335E-01
 0.12299999E+02     0.12921532E+01     0.57452388E-01     0.15000000E+02    -0.11672504E+00     0.89282811E-01     0.40008867E+00     0.53286236E-01     132     0.24985466E-01
 0.12400001E+02     0.12169635E+01     0.65322220E-01     0.15000000E+02    -0.11698771E+00     0.89706659E-01     0.39900783E+00     0.61308566E-01     132     0.24985466E-01
 0.12499997E+02     0.12134949E+01     0.66662103E-01     0.15000000E+02    -0.11706940E+00     0.89981392E-01     0.39921856E+00     0.62669255E-01     132     0.24985466E-01
 0.12599998E+02     0.11474061E+01     0.79636954E-01     0.15000000E+02    -0.11679228E+00     0.90547755E-01     0.39881352E+00     0.75794101E-01     132     0.24985466E-01
 0.12699999E+02     0.11438735E+01     0.80702461E-01     0.15000000E+02    -0.11690965E+00     0.90082221E-01     0.39900824E+00     0.76873817E-01     132     0.24985466E-01
 0.12800000E+02     0.11239387E+01     0.83406761E-01     0.15000000E+02    -0.11753179E+00     0.89896239E-01     0.39902326E+00     0.79629816E-01     132     0.24985466E-01
 0.12900001E+02     0.11216314E+01     0.84498033E-01     0.15000000E+02    -0.11769886E+00     0.89299947E-01     0.39934877E+00     0.80733098E-01     132     0.24985466E-01
 0.12999998E+02     0.11199331E+01     0.85518599E-01     0.15000000E+02    -0.11786381E+00     0.88763826E-01     0.39983696E+00     0.81765376E-01     132     0.24985466E-01
 0.13099999E+02     0.11039671E+01     0.88034250E-01     0.15000000E+02    -0.11854617E+00     0.88482022E-01     0.39989999E+00     0.84327593E-01     132     0.24985466E-01
 0.13200000E+02     0.11037048E+01     0.88964477E-01     0.15000000E+02    -0.11871894E+00     0.87825179E-01     0.40047592E+00     0.85268013E-01     132     0.24985466E-01
 0.13300000E+02     0.11037098E+01     0.89864649E-01     0.15000000E+02    -0.11889154E+00     0.87165229E-01     0.40080705E+00     0.86177699E-01     132     0.24985466E-01
 0.13399998E+02     0.10901849E+01     0.92297643E-01     0.15000000E+02    -0.11958286E+00     0.86617202E-01     0.40100875E+00     0.88652626E-01     132     0.24985466E-01
 0.13499999E+02     0.10900922E+01     0.93200080E-01     0.15000000E+02    -0.11977167E+00     0.85544221E-01     0.40146151E+00     0.89562967E-01     132     0.24985466E-01
 0.13599999E+02     0.10924503E+01     0.94086722E-01     0.15000000E+02    -0.11992637E+00     0.85582234E-01     0.40196022E+00     0.90461023E-01     132     0.24985466E-01
 0.13700001E+02     0.10805590E+01     0.97115643E-01     0.15000000E+02    -0.12059005E+00     0.84706105E-01     0.40209407E+00     0.93524545E-01     132     0.24985466E-01
 0.13799997E+02     0.10819352E+01     0.98292381E-01     0.15000000E+02    -0.12080388E+00     0.84749043E-01     0.40263644E+00     0.94715610E-01     132     0.24985466E-01
 0.13899999E+02     0.10834510E+01     0.99436142E-01     0.15000000E+02    -0.12098557E+00     0.84340595E-01     0.40297064E+00     0.95867887E-01     132     0.24985466E-01
 0.13999999E+02     0.10846758E+01     0.10064080E+00     0.15000000E+02    -0.12116987E+00     0.83772369E-01     0.40399638E+00     0.97082801E-01     132     0.24985466E-01
 0.14100000E+02     0.10742066E+01     0.10352793E+00     0.15000000E+02    -0.12178082E+00     0.83009794E-01     0.40363851E+00     0.99997833E-01     132     0.24985466E-01
 0.14199998E+02     0.10735427E+01     0.10500293E+00     0.15000000E+02    -0.12203607E+00     0.82487270E-01     0.40398639E+00     0.10148359E+00     132     0.24985466E-01
 0.14299998E+02     0.10749583E+01     0.10619850E+00     0.15000000E+02    -0.12223867E+00     0.82009673E-01     0.40500528E+00     0.10268869E+00     133     0.27553435E-01
 0.14400000E+02     0.10764188E+01     0.10732604E+00     0.15000000E+02    -0.12241220E+00     0.81417345E-01     0.40536037E+00     0.10382260E+00     133     0.27553435E-01
 0.14500000E+02     0.10778611E+01     0.10848857E+00     0.15000000E+02    -0.12256445E+00     0.80857217E-01     0.40516660E+00     0.10499003E+00     133     0.27553435E-01
 0.14699998E+02     0.10706837E+01     0.11245016E+00     0.15000000E+02    -0.12340378E+00     0.79905562E-01     0.40630141E+00     0.10899504E+00     133     0.27553435E-01
 0.14799999E+02     0.10729876E+01     0.11356147E+00     0.15000000E+02    -0.12356272E+00     0.79328723E-01     0.40676829E+00     0.11011359E+00     133     0.27553435E-01
 0.14900000E+02     0.10753877E+01     0.11459438E+00     0.15000000E+02    -0.12371079E+00     0.78889988E-01     0.40710855E+00     0.11115354E+00     133     0.27553435E-01
 0.15000001E+02     0.10776691E+01     0.11567737E+00     0.15000000E+02    -0.12386440E+00     0.78502394E-01     0.40755865E+00     0.11224359E+00     133     0.27553435E-01
 0.15299999E+02     0.11480274E+01     0.10981279E+00     0.15000000E+02    -0.13150778E+00     0.76386653E-01     0.40918449E+00     0.10627340E+00     134     0.30279335E-01
 0.15400001E+02     0.11516064E+01     0.11074823E+00     0.15000000E+02    -0.13197404E+00     0.75865641E-01     0.41112295E+00     0.10721447E+00     134     0.30279335E-01
 0.15499998E+02     0.11542478E+01     0.11162841E+00     0.15000000E+02    -0.13232079E+00     0.75459749E-01     0.41019478E+00     0.10809140E+00     134     0.30279335E-01
 0.15599998E+02     0.11495843E+01     0.11377230E+00     0.15000000E+02    -0.13348188E+00     0.74719004E-01     0.41148868E+00     0.11026173E+00     134     0.30279335E-01
 0.15699999E+02     0.11539675E+01     0.11460643E+00     0.15000000E+02    -0.13387457E+00     0.74557573E-01     0.41213715E+00     0.11110252E+00     134     0.30279335E-01
 0.15800000E+02     0.11585871E+01     0.11530296E+00     0.15000000E+02    -0.13422520E+00     0.74609995E-01     0.41330650E+00     0.11180695E+00     134     0.30279335E-01
 0.15899998E+02     0.11630650E+01     0.11605144E+00     0.15000000E+02    -0.13457800E+00     0.74254863E-01     0.41349223E+00     0.11256136E+00     135     0.33169542E-01
 0.15999998E+02     0.11673713E+01     0.11683233E+00     0.15000000E+02    -0.13501422E+00     0.73639713E-01     0.41309646E+00     0.11334324E+00     135     0.33169542E-01
 0.16099998E+02     0.11713631E+01     0.11764607E+00     0.15000000E+02    -0.13544576E+00     0.72896712E-01     0.41476387E+00     0.11416633E+00     135     0.33169542E-01
 0.16200001E+02     0.11684711E+01     0.11953449E+00     0.15000000E+02    -0.13646501E+00     0.72425634E-01     0.41455194E+00     0.11607361E+00     135     0.33169542E-01
 0.16300001E+02     0.11719476E+01     0.12044740E+00     0.15000000E+02    -0.13689949E+00     0.72320916E-01     0.41415301E+00     0.11699117E+00     135     0.33169542E-01
 0.16399998E+02     0.11773595E+01     0.12110229E+00     0.15000000E+02    -0.13731785E+00     0.72778620E-01     0.41579807E+00     0.11766051E+00     135     0.33169542E-01
 0.16499998E+02     0.11807902E+01     0.12198056E+00     0.15000000E+02    -0.13779485E+00     0.71665816E-01     0.41585246E+00     0.11853722E+00     135     0.33169542E-01
 0.16600000E+02     0.11840566E+01     0.12272413E+00     0.15000000E+02    -0.13809820E+00     0.71065404E-01     0.41536671E+00     0.11927745E+00     135     0.33169542E-01
 0.16700001E+02     0.11872891E+01     0.12362385E+00     0.15000000E+02    -0.13863686E+00     0.70209935E-01     0.41669470E+00     0.12017880E+00     135     0.33169542E-01
 0.16799997E+02     0.11928164E+01     0.12425947E+00     0.15000000E+02    -0.13905446E+00     0.70381664E-01     0.41763294E+00     0.12082307E+00     136     0.36230825E-01
 0.16900000E+02     0.11916659E+01     0.12597229E+00     0.15000000E+02    -0.14006074E+00     0.70568427E-01     0.41758177E+00     0.12256099E+00     136     0.36230825E-01
 0.17000000E+02     0.11934347E+01     0.12705503E+00     0.15000000E+02    -0.14068601E+00     0.69692090E-01     0.41852483E+00     0.12364382E+00     136     0.36230825E-01
 0.17100000E+02     0.11974819E+01     0.12783472E+00     0.15000000E+02    -0.14111279E+00     0.69109492E-01     0.41833067E+00     0.12442357E+00     136     0.36230825E-01
 0.17199997E+02     0.12024499E+01     0.12847976E+00     0.15000000E+02    -0.14148119E+00     0.69159329E-01     0.41942856E+00     0.12507576E+00     136     0.36230825E-01
 0.17299999E+02     0.12067841E+01     0.12921904E+00     0.15000000E+02    -0.14195561E+00     0.68592288E-01     0.42021799E+00     0.12581295E+00     136     0.36230825E-01
 0.17400000E+02     0.12112217E+01     0.12993316E+00     0.15000000E+02    -0.14236750E+00     0.68470053E-01     0.41966337E+00     0.12653033E+00     136     0.36230825E-01
 0.17500000E+02     0.12158341E+01     0.13061650E+00     0.15000000E+02    -0.14279120E+00     0.67974955E-01     0.42057914E+00     0.12721637E+00     136     0.36230825E-01
 0.17599997E+02     0.12158761E+01     0.13204597E+00     0.15000000E+02    -0.14367074E+00     0.67872562E-01     0.42101008E+00     0.12866490E+00     136     0.36230825E-01
 0.17699999E+02     0.12182555E+01     0.13315326E+00     0.15000000E+02    -0.14437099E+00     0.67471147E-01     0.42120641E+00     0.12978196E+00     136     0.36230825E-01
 0.17799999E+02     0.12221268E+01     0.13399181E+00     0.15000000E+02    -0.14483994E+00     0.66717423E-01     0.42074582E+00     0.13062096E+00     137     0.39470624E-01
 0.17900000E+02     0.12266574E+01     0.13463077E+00     0.15000000E+02    -0.14529608E+00     0.66428095E-01     0.42167041E+00     0.13126352E+00     137     0.39470624E-01
 0.18000000E+02     0.12312486E+01     0.13538724E+00     0.15000000E+02    -0.14579926E+00     0.65866686E-01     0.42314303E+00     0.13202517E+00     137     0.39470624E-01
 0.18099998E+02     0.12367462E+01     0.13593246E+00     0.15000000E+02    -0.14614812E+00     0.66076815E-01     0.42412290E+00     0.13257916E+00     137     0.39470624E-01
 0.18199999E+02     0.12412242E+01     0.13663751E+00     0.15000000E+02    -0.14667451E+00     0.65619193E-01     0.42385548E+00     0.13328379E+00     137     0.39470624E-01
 0.18299999E+02     0.12452669E+01     0.13735177E+00     0.15000000E+02    -0.14709687E+00     0.65251954E-01     0.42510453E+00     0.13400307E+00     137     0.39470624E-01
 0.18400000E+02     0.12437426E+01     0.13907367E+00     0.15000000E+02    -0.14825101E+00     0.64882152E-01     0.42310545E+00     0.13573435E+00     137     0.39470624E-01
 0.18499998E+02     0.12472516E+01     0.13995099E+00     0.15000000E+02    -0.14886913E+00     0.64753860E-01     0.42498404E+00     0.13662039E+00     137     0.39470624E-01
 0.18599998E+02     0.12534928E+01     0.14053041E+00     0.15000000E+02    -0.14923576E+00     0.65047264E-01     0.42605978E+00     0.13721608E+00     138     0.42896152E-01
 0.18699999E+02     0.12560139E+01     0.14132717E+00     0.15000000E+02    -0.14982085E+00     0.63819572E-01     0.42712674E+00     0.13800876E+00     138     0.42896152E-01
 0.18800001E+02     0.12609719E+01     0.14197280E+00     0.15000000E+02    -0.15025724E+00     0.63966200E-01     0.42724213E+00     0.13865839E+00     138     0.42896152E-01
 0.18899998E+02     0.12676848E+01     0.14245293E+00     0.15000000E+02    -0.15060428E+00     0.64391494E-01     0.42732468E+00     0.13914774E+00     138     0.42896152E-01
 0.18999998E+02     0.12711536E+01     0.14321798E+00     0.15000000E+02    -0.15116780E+00     0.63597992E-01     0.42853901E+00     0.13991271E+00     138     0.42896152E-01
 0.19099998E+02     0.12743387E+01     0.14393689E+00     0.15000000E+02    -0.15165822E+00     0.62683769E-01     0.42825690E+00     0.14062645E+00     138     0.42896152E-01
 0.19200001E+02     0.12752297E+01     0.14541914E+00     0.15000000E+02    -0.15280011E+00     0.62628463E-01     0.42987829E+00     0.14212987E+00     138     0.42896152E-01
 0.19300001E+02     0.12784413E+01     0.14630443E+00     0.15000000E+02    -0.15339226E+00     0.62500782E-01     0.42993730E+00     0.14302228E+00     138     0.42896152E-01
 0.19399998E+02     0.12829498E+01     0.14703436E+00     0.15000000E+02    -0.15393016E+00     0.62231489E-01     0.43068618E+00     0.14375740E+00     139     0.46514940E-01
 0.19499998E+02     0.12867087E+01     0.14771767E+00     0.15000000E+02    -0.15441881E+00     0.61339661E-01     0.43039003E+00     0.14444011E+00     139     0.46514940E-01
 0.19600000E+02     0.12928537E+01     0.14828528E+00     0.15000000E+02    -0.15490454E+00     0.61860561E-01     0.43191770E+00     0.14501612E+00     139     0.46514940E-01
 0.19700001E+02     0.12975295E+01     0.14891693E+00     0.15000000E+02    -0.15538709E+00     0.61469264E-01     0.43221527E+00     0.14565210E+00     139     0.46514940E-01
 0.19799997E+02     0.13025548E+01     0.14954844E+00     0.15000000E+02    -0.15582730E+00     0.61349906E-01     0.43310189E+00     0.14628802E+00     139     0.46514940E-01
 0.19900000E+02     0.13071508E+01     0.15011103E+00     0.15000000E+02    -0.15631421E+00     0.60964685E-01     0.43281877E+00     0.14685066E+00     139     0.46514940E-01
 0.20000000E+02     0.13120887E+01     0.15077643E+00     0.15000000E+02    -0.15676235E+00     0.60890809E-01     0.43391234E+00     0.14752230E+00     139     0.46514940E-01
 0.20100000E+02     0.13099450E+01     0.15246843E+00     0.15000000E+02    -0.15809759E+00     0.60212169E-01     0.43373492E+00     0.14922445E+00     139     0.46514940E-01
 0.20199997E+02     0.13159029E+01     0.15309830E+00     0.15000000E+02    -0.15851663E+00     0.60725722E-01     0.43491548E+00     0.14987147E+00     139     0.46514940E-01
 0.20299999E+02     0.13177134E+01     0.15400855E+00     0.15000000E+02    -0.15937136E+00     0.59522282E-01     0.43582150E+00     0.15077288E+00     139     0.46514940E-01
 0.20400000E+02     0.13244280E+01     0.15442723E+00     0.15000000E+02    -0.15967064E+00     0.60090367E-01     0.43601277E+00     0.15120894E+00     140     0.50334580E-01
 0.20500000E+02     0.13281385E+01     0.15511011E+00     0.15000000E+02    -0.16020858E+00     0.59542097E-01     0.43721884E+00     0.15189281E+00     140     0.50334580E-01
 0.20599998E+02     0.13327384E+01     0.15575381E+00     0.15000000E+02    -0.16081101E+00     0.59173014E-01     0.43725574E+00     0.15253413E+00     140     0.50334580E-01
 0.20699999E+02     0.13360831E+01     0.15647016E+00     0.15000000E+02    -0.16150796E+00     0.58346026E-01     0.43809563E+00     0.15324505E+00     140     0.50334580E-01
 0.20799999E+02     0.13419764E+01     0.15696299E+00     0.15000000E+02    -0.16183628E+00     0.58566384E-01     0.43839240E+00     0.15375097E+00     140     0.50334580E-01
 0.20900000E+02     0.13482273E+01     0.15749288E+00     0.15000000E+02    -0.16232419E+00     0.59054557E-01     0.43982440E+00     0.15429442E+00     140     0.50334580E-01
 0.21000000E+02     0.13459958E+01     0.15930764E+00     0.15000000E+02    -0.16383952E+00     0.58224387E-01     0.43912140E+00     0.15611738E+00     140     0.50334580E-01
 0.21099998E+02     0.13484149E+01     0.16006173E+00     0.15000000E+02    -0.16441339E+00     0.57383265E-01     0.44002551E+00     0.15687011E+00     141     0.54362021E-01
 0.21199999E+02     0.13537629E+01     0.16061768E+00     0.15000000E+02    -0.16491319E+00     0.56738798E-01     0.44027123E+00     0.15743034E+00     140     0.50334580E-01
 0.21299999E+02     0.13588147E+01     0.16121204E+00     0.15000000E+02    -0.16544175E+00     0.56990113E-01     0.44132277E+00     0.15803513E+00     140     0.50334580E-01
 0.21400000E+02     0.13638105E+01     0.16176628E+00     0.15000000E+02    -0.16598013E+00     0.56656845E-01     0.44180167E+00     0.15858968E+00     141     0.54362021E-01
