  
       RFOIL         Version 3.00
  
 Calculated polar for: OSO_2025_WT2_T30                
  
 1  Reynolds number fixed
  
 xtrf =      0.05000000 (suction)     0.05000000 (pressure)
 Rot. Parameters:  f0 =      1.00000000 c/r =      0.00000000
 Mach =      0.00000000     Re =      9.00000000 e 6     Ncrit =      3.00000000
  
             alpha                CL                CD            Re(CL)                CM             S_xtr             P_xtr               CDp            I_stag            X_stag
  ------- -------- --------- --------- -------- ------- ------- -------- 
-0.23800001E+02    -0.92526656E+00     0.16359067E+00     0.90000000E+01     0.79823378E-02     0.53980958E+00     0.40532269E-01     0.16000897E+00      87     0.64913616E-01
-0.23700001E+02    -0.92150992E+00     0.16284351E+00     0.90000000E+01     0.71558440E-02     0.52970523E+00     0.41177772E-01     0.15923701E+00      87     0.64913616E-01
-0.23600000E+02    -0.91574192E+00     0.16235688E+00     0.90000000E+01     0.64089685E-02     0.52667481E+00     0.40695466E-01     0.15873350E+00      88     0.58372140E-01
-0.23500000E+02    -0.91035491E+00     0.16179326E+00     0.90000000E+01     0.56792372E-02     0.52719587E+00     0.40259838E-01     0.15816078E+00      88     0.58372140E-01
-0.23400002E+02    -0.90763193E+00     0.16102649E+00     0.90000000E+01     0.48404261E-02     0.52437091E+00     0.41470114E-01     0.15739162E+00      88     0.58372140E-01
-0.23300001E+02    -0.90178698E+00     0.16041166E+00     0.90000000E+01     0.40237317E-02     0.52035755E+00     0.40702995E-01     0.15675148E+00      88     0.58372140E-01
-0.23100000E+02    -0.89854079E+00     0.15799409E+00     0.90000000E+01     0.17940473E-02     0.51020455E+00     0.42159632E-01     0.15429674E+00      88     0.58372140E-01
-0.23000002E+02    -0.89446127E+00     0.15737720E+00     0.90000000E+01     0.11942235E-02     0.51505417E+00     0.42278759E-01     0.15369083E+00      88     0.58372140E-01
-0.22900002E+02    -0.88968492E+00     0.15672088E+00     0.90000000E+01     0.38279290E-03     0.50698978E+00     0.42502932E-01     0.15300681E+00      88     0.58372140E-01
-0.22800001E+02    -0.88525367E+00     0.15607691E+00     0.90000000E+01    -0.36353851E-03     0.50537646E+00     0.42808723E-01     0.15235686E+00      88     0.58372140E-01
-0.22700001E+02    -0.88080084E+00     0.15540914E+00     0.90000000E+01    -0.11483746E-02     0.49723172E+00     0.43228596E-01     0.15166672E+00      88     0.58372140E-01
-0.22600002E+02    -0.87888479E+00     0.15459244E+00     0.90000000E+01    -0.19876116E-02     0.50203794E+00     0.44551019E-01     0.15087566E+00      88     0.58372140E-01
-0.22500000E+02    -0.87157857E+00     0.15414649E+00     0.90000000E+01    -0.26399982E-02     0.50045413E+00     0.43538537E-01     0.15040657E+00      88     0.58372140E-01
-0.22400002E+02    -0.87065405E+00     0.15299210E+00     0.90000000E+01    -0.36339341E-02     0.49788150E+00     0.45004703E-01     0.14925297E+00      88     0.58372140E-01
-0.22100000E+02    -0.85960877E+00     0.15043077E+00     0.90000000E+01    -0.62004491E-02     0.49522936E+00     0.45241613E-01     0.14665863E+00      89     0.52287284E-01
-0.22000000E+02    -0.85477865E+00     0.14983167E+00     0.90000000E+01    -0.69074398E-02     0.48766693E+00     0.45272283E-01     0.14603662E+00      89     0.52287284E-01
-0.21900002E+02    -0.85066307E+00     0.14915828E+00     0.90000000E+01    -0.75742900E-02     0.49773905E+00     0.45834418E-01     0.14538878E+00      89     0.52287284E-01
-0.21800001E+02    -0.84535301E+00     0.14854935E+00     0.90000000E+01    -0.82322275E-02     0.48455200E+00     0.45632880E-01     0.14473872E+00      89     0.52287284E-01
-0.21700001E+02    -0.84163004E+00     0.14786236E+00     0.90000000E+01    -0.89837313E-02     0.48402229E+00     0.46807446E-01     0.14405322E+00      89     0.52287284E-01
-0.21600000E+02    -0.83652264E+00     0.14723909E+00     0.90000000E+01    -0.96210418E-02     0.48264685E+00     0.46465363E-01     0.14341810E+00      89     0.52287284E-01
-0.21500002E+02    -0.83286971E+00     0.14652805E+00     0.90000000E+01    -0.10319465E-01     0.48681054E+00     0.47446869E-01     0.14272058E+00      89     0.52287284E-01
-0.21400000E+02    -0.83157527E+00     0.14505611E+00     0.90000000E+01    -0.11478139E-01     0.48073125E+00     0.47528513E-01     0.14121577E+00      89     0.52287284E-01
-0.21300001E+02    -0.82642192E+00     0.14443369E+00     0.90000000E+01    -0.12191777E-01     0.47802389E+00     0.47102362E-01     0.14057685E+00      89     0.52287284E-01
-0.21200001E+02    -0.82078242E+00     0.14336909E+00     0.90000000E+01    -0.13167073E-01     0.50000001E-01     0.47844712E-01     0.13884772E+00      90     0.46679072E-01
-0.21100002E+02    -0.81742656E+00     0.14308918E+00     0.90000000E+01    -0.13540747E-01     0.47694200E+00     0.47903728E-01     0.13922630E+00      89     0.52287284E-01
-0.21000000E+02    -0.81178576E+00     0.14212933E+00     0.90000000E+01    -0.14424917E-01     0.50000001E-01     0.48380833E-01     0.13759652E+00      90     0.46679072E-01
-0.20900000E+02    -0.80723858E+00     0.14148302E+00     0.90000000E+01    -0.15099492E-01     0.50000001E-01     0.48879374E-01     0.13694623E+00      90     0.46679072E-01
-0.20800001E+02    -0.80271840E+00     0.14084452E+00     0.90000000E+01    -0.15736880E-01     0.50000001E-01     0.49098492E-01     0.13630210E+00      90     0.46679072E-01
-0.20700003E+02    -0.79821658E+00     0.14018600E+00     0.90000000E+01    -0.16433256E-01     0.50000001E-01     0.49509056E-01     0.13563821E+00      90     0.46679072E-01
-0.20600000E+02    -0.79365176E+00     0.13945244E+00     0.90000000E+01    -0.17092915E-01     0.50000001E-01     0.49754649E-01     0.13489686E+00      90     0.46679072E-01
-0.20500000E+02    -0.79015297E+00     0.13857946E+00     0.90000000E+01    -0.17901301E-01     0.50000001E-01     0.50000001E-01     0.13401367E+00      90     0.46679072E-01
-0.20400002E+02    -0.78788573E+00     0.13739103E+00     0.90000000E+01    -0.18787879E-01     0.50000001E-01     0.50000001E-01     0.13280857E+00      90     0.46679072E-01
-0.20300001E+02    -0.78285605E+00     0.13677526E+00     0.90000000E+01    -0.19409694E-01     0.50000001E-01     0.50000001E-01     0.13218413E+00      90     0.46679072E-01
-0.20200001E+02    -0.77765322E+00     0.13623850E+00     0.90000000E+01    -0.20016544E-01     0.50000001E-01     0.50000001E-01     0.13163812E+00      90     0.46679072E-01
-0.20100000E+02    -0.77248055E+00     0.13558680E+00     0.90000000E+01    -0.20605572E-01     0.50000001E-01     0.50000001E-01     0.13097742E+00      91     0.41550286E-01
-0.20000002E+02    -0.76706433E+00     0.13500421E+00     0.90000000E+01    -0.21241302E-01     0.50000001E-01     0.50000001E-01     0.13038589E+00      91     0.41550286E-01
-0.19900000E+02    -0.76187390E+00     0.13445802E+00     0.90000000E+01    -0.21797793E-01     0.50000001E-01     0.50000001E-01     0.12983066E+00      91     0.41550286E-01
-0.19800001E+02    -0.75657231E+00     0.13388488E+00     0.90000000E+01    -0.22377575E-01     0.50000001E-01     0.50000001E-01     0.12924872E+00      91     0.41550286E-01
-0.19700001E+02    -0.75137973E+00     0.13327178E+00     0.90000000E+01    -0.22977591E-01     0.50000001E-01     0.50000001E-01     0.12862685E+00      91     0.41550286E-01
-0.19600000E+02    -0.74607503E+00     0.13262831E+00     0.90000000E+01    -0.23605911E-01     0.50000001E-01     0.50000001E-01     0.12797403E+00      91     0.41550286E-01
-0.19500000E+02    -0.74153954E+00     0.13187359E+00     0.90000000E+01    -0.24195956E-01     0.50000001E-01     0.50000001E-01     0.12720925E+00      91     0.41550286E-01
-0.19400002E+02    -0.73983669E+00     0.13056861E+00     0.90000000E+01    -0.25113793E-01     0.50000001E-01     0.50000001E-01     0.12588653E+00      91     0.41550286E-01
-0.19300001E+02    -0.73478740E+00     0.12995461E+00     0.90000000E+01    -0.25733918E-01     0.50000001E-01     0.50000001E-01     0.12526260E+00      91     0.41550286E-01
-0.19200001E+02    -0.72957855E+00     0.12930721E+00     0.90000000E+01    -0.26296875E-01     0.50000001E-01     0.50000001E-01     0.12460750E+00      91     0.41550286E-01
-0.19100000E+02    -0.72421271E+00     0.12874597E+00     0.90000000E+01    -0.26881933E-01     0.50000001E-01     0.50000001E-01     0.12403745E+00      91     0.41550286E-01
-0.19000002E+02    -0.71884638E+00     0.12814988E+00     0.90000000E+01    -0.27407270E-01     0.50000001E-01     0.50000001E-01     0.12343285E+00      91     0.41550286E-01
-0.18900002E+02    -0.71353567E+00     0.12753935E+00     0.90000000E+01    -0.27957428E-01     0.50000001E-01     0.50000001E-01     0.12281353E+00      92     0.36888096E-01
-0.18800001E+02    -0.70818937E+00     0.12695403E+00     0.90000000E+01    -0.28495634E-01     0.50000001E-01     0.50000001E-01     0.12221953E+00      92     0.36888096E-01
-0.18700001E+02    -0.70289749E+00     0.12639140E+00     0.90000000E+01    -0.29047905E-01     0.50000001E-01     0.50000001E-01     0.12164897E+00      92     0.36888096E-01
-0.18600000E+02    -0.69743782E+00     0.12577190E+00     0.90000000E+01    -0.29627511E-01     0.50000001E-01     0.50000001E-01     0.12102032E+00      92     0.36888096E-01
-0.18500002E+02    -0.69266355E+00     0.12511858E+00     0.90000000E+01    -0.30149391E-01     0.50000001E-01     0.50000001E-01     0.12035777E+00      92     0.36888096E-01
-0.18400000E+02    -0.68765360E+00     0.12433662E+00     0.90000000E+01    -0.30783664E-01     0.50000001E-01     0.50000001E-01     0.11956529E+00      92     0.36888096E-01
-0.18300001E+02    -0.68573523E+00     0.12307476E+00     0.90000000E+01    -0.31617451E-01     0.50000001E-01     0.50000001E-01     0.11828720E+00      92     0.36888096E-01
-0.18200001E+02    -0.68039191E+00     0.12246658E+00     0.90000000E+01    -0.32185052E-01     0.50000001E-01     0.50000001E-01     0.11767003E+00      92     0.36888096E-01
-0.18100002E+02    -0.67510664E+00     0.12186787E+00     0.90000000E+01    -0.32686010E-01     0.50000001E-01     0.50000001E-01     0.11706319E+00      92     0.36888096E-01
-0.18000000E+02    -0.66975898E+00     0.12130008E+00     0.90000000E+01    -0.33160690E-01     0.50000001E-01     0.50000001E-01     0.11648693E+00      93     0.32668442E-01
-0.17900000E+02    -0.66426921E+00     0.12071179E+00     0.90000000E+01    -0.33684697E-01     0.50000001E-01     0.50000001E-01     0.11589067E+00      93     0.32668442E-01
-0.17800001E+02    -0.65872192E+00     0.12012564E+00     0.90000000E+01    -0.34204245E-01     0.50000001E-01     0.50000001E-01     0.11529607E+00      93     0.32668442E-01
-0.17700001E+02    -0.65330690E+00     0.11954834E+00     0.90000000E+01    -0.34695931E-01     0.50000001E-01     0.50000001E-01     0.11471112E+00      93     0.32668442E-01
-0.17600000E+02    -0.64782655E+00     0.11893738E+00     0.90000000E+01    -0.35222933E-01     0.50000001E-01     0.50000001E-01     0.11409189E+00      93     0.32668442E-01
-0.17500000E+02    -0.64279127E+00     0.11831918E+00     0.90000000E+01    -0.35724342E-01     0.50000001E-01     0.50000001E-01     0.11346519E+00      93     0.32668442E-01
-0.17400002E+02    -0.63790673E+00     0.11763754E+00     0.90000000E+01    -0.36262382E-01     0.50000001E-01     0.50000001E-01     0.11277372E+00      93     0.32668442E-01
-0.17300001E+02    -0.63434201E+00     0.11656062E+00     0.90000000E+01    -0.36954027E-01     0.50000001E-01     0.50000001E-01     0.11168399E+00      93     0.32668442E-01
-0.17200001E+02    -0.63055748E+00     0.11573117E+00     0.90000000E+01    -0.37574764E-01     0.50000001E-01     0.50000001E-01     0.11084224E+00      93     0.32668442E-01
-0.17100000E+02    -0.62509483E+00     0.11508344E+00     0.90000000E+01    -0.38079355E-01     0.50000001E-01     0.50000001E-01     0.11018627E+00      93     0.32668442E-01
-0.17000002E+02    -0.61964947E+00     0.11449960E+00     0.90000000E+01    -0.38539741E-01     0.50000001E-01     0.50000001E-01     0.10959425E+00      94     0.28860003E-01
-0.16900000E+02    -0.61409122E+00     0.11392334E+00     0.90000000E+01    -0.39020997E-01     0.50000001E-01     0.50000001E-01     0.10901050E+00      94     0.28860003E-01
-0.16800001E+02    -0.60849541E+00     0.11332581E+00     0.90000000E+01    -0.39509837E-01     0.50000001E-01     0.50000001E-01     0.10840506E+00      94     0.28860003E-01
-0.16700001E+02    -0.60305893E+00     0.11274131E+00     0.90000000E+01    -0.39963108E-01     0.50000001E-01     0.50000001E-01     0.10781279E+00      94     0.28860003E-01
-0.16600000E+02    -0.59737772E+00     0.11215398E+00     0.90000000E+01    -0.40441465E-01     0.50000001E-01     0.50000001E-01     0.10721754E+00      94     0.28860003E-01
-0.16500000E+02    -0.59209299E+00     0.11153814E+00     0.90000000E+01    -0.40905632E-01     0.50000001E-01     0.50000001E-01     0.10659364E+00      94     0.28860003E-01
-0.16400002E+02    -0.58679509E+00     0.11089896E+00     0.90000000E+01    -0.41404877E-01     0.50000001E-01     0.50000001E-01     0.10594622E+00      94     0.28860003E-01
-0.16300001E+02    -0.58223844E+00     0.11015333E+00     0.90000000E+01    -0.41944649E-01     0.50000001E-01     0.50000001E-01     0.10519021E+00      94     0.28860003E-01
-0.16200001E+02    -0.57970607E+00     0.10898166E+00     0.90000000E+01    -0.42617906E-01     0.50000001E-01     0.50000001E-01     0.10400329E+00      95     0.25427796E-01
-0.16100000E+02    -0.57426435E+00     0.10835143E+00     0.90000000E+01    -0.43090157E-01     0.50000001E-01     0.50000001E-01     0.10336530E+00      95     0.25427796E-01
-0.16000002E+02    -0.56875610E+00     0.10777525E+00     0.90000000E+01    -0.43509565E-01     0.50000001E-01     0.50000001E-01     0.10278143E+00      95     0.25427796E-01
-0.15900001E+02    -0.56321764E+00     0.10717256E+00     0.90000000E+01    -0.43942757E-01     0.50000001E-01     0.50000001E-01     0.10217155E+00      95     0.25427796E-01
-0.15800000E+02    -0.55744416E+00     0.10659136E+00     0.90000000E+01    -0.44417381E-01     0.50000001E-01     0.50000001E-01     0.10158277E+00      95     0.25427796E-01
-0.15700001E+02    -0.55191600E+00     0.10602783E+00     0.90000000E+01    -0.44812679E-01     0.50000001E-01     0.50000001E-01     0.10101207E+00      95     0.25427796E-01
-0.15600002E+02    -0.54635775E+00     0.10544115E+00     0.90000000E+01    -0.45247365E-01     0.50000001E-01     0.50000001E-01     0.10041775E+00      95     0.25427796E-01
-0.15500001E+02    -0.54069185E+00     0.10484555E+00     0.90000000E+01    -0.45700349E-01     0.50000001E-01     0.50000001E-01     0.99814415E-01      95     0.25427796E-01
-0.15400001E+02    -0.53543949E+00     0.10420950E+00     0.90000000E+01    -0.46123881E-01     0.50000001E-01     0.50000001E-01     0.99170722E-01      95     0.25427796E-01
-0.15300001E+02    -0.53049010E+00     0.10350326E+00     0.90000000E+01    -0.46606448E-01     0.50000001E-01     0.50000001E-01     0.98454952E-01      96     0.22336682E-01
-0.15200001E+02    -0.52768451E+00     0.10240978E+00     0.90000000E+01    -0.47223639E-01     0.50000001E-01     0.50000001E-01     0.97347550E-01      96     0.22336682E-01
-0.15100001E+02    -0.52270675E+00     0.10169358E+00     0.90000000E+01    -0.47698852E-01     0.50000001E-01     0.50000001E-01     0.96622072E-01      96     0.22336682E-01
-0.15000001E+02    -0.51708561E+00     0.10107416E+00     0.90000000E+01    -0.48123043E-01     0.50000001E-01     0.50000001E-01     0.95995508E-01      96     0.22336682E-01
-0.14900000E+02    -0.51153380E+00     0.10048586E+00     0.90000000E+01    -0.48513286E-01     0.50000001E-01     0.50000001E-01     0.95400080E-01      96     0.22336682E-01
-0.14800000E+02    -0.50577354E+00     0.99909842E-01     0.90000000E+01    -0.48921138E-01     0.50000001E-01     0.50000001E-01     0.94817057E-01      96     0.22336682E-01
-0.14700002E+02    -0.50010312E+00     0.99330872E-01     0.90000000E+01    -0.49312335E-01     0.50000001E-01     0.50000001E-01     0.94230898E-01      96     0.22336682E-01
-0.14600000E+02    -0.49444538E+00     0.98758534E-01     0.90000000E+01    -0.49705479E-01     0.50000001E-01     0.50000001E-01     0.93651652E-01      96     0.22336682E-01
-0.14500000E+02    -0.48877472E+00     0.98172888E-01     0.90000000E+01    -0.50109696E-01     0.50000001E-01     0.50000001E-01     0.93058623E-01      97     0.19552818E-01
-0.14400001E+02    -0.48322439E+00     0.97569674E-01     0.90000000E+01    -0.50515473E-01     0.50000001E-01     0.50000001E-01     0.92447914E-01      97     0.19552818E-01
-0.14300001E+02    -0.47818285E+00     0.96924931E-01     0.90000000E+01    -0.50932053E-01     0.50000001E-01     0.50000001E-01     0.91794841E-01      97     0.19552818E-01
-0.14200001E+02    -0.47421303E+00     0.96024342E-01     0.90000000E+01    -0.51460084E-01     0.50000001E-01     0.50000001E-01     0.90882838E-01      97     0.19552818E-01
-0.14100001E+02    -0.47051796E+00     0.95104635E-01     0.90000000E+01    -0.51956993E-01     0.50000001E-01     0.50000001E-01     0.89951679E-01      97     0.19552818E-01
-0.14000001E+02    -0.46488419E+00     0.94510615E-01     0.90000000E+01    -0.52335553E-01     0.50000001E-01     0.50000001E-01     0.89350849E-01      97     0.19552818E-01
-0.13900002E+02    -0.45918098E+00     0.93935460E-01     0.90000000E+01    -0.52704863E-01     0.50000001E-01     0.50000001E-01     0.88768773E-01      97     0.19552818E-01
-0.13800001E+02    -0.45342484E+00     0.93364768E-01     0.90000000E+01    -0.53082053E-01     0.50000001E-01     0.50000001E-01     0.88191487E-01      97     0.19552818E-01
-0.13700001E+02    -0.44772881E+00     0.92805624E-01     0.90000000E+01    -0.53420242E-01     0.50000001E-01     0.50000001E-01     0.87625451E-01      98     0.17045036E-01
-0.13600001E+02    -0.44194284E+00     0.92232272E-01     0.90000000E+01    -0.53797368E-01     0.50000001E-01     0.50000001E-01     0.87045260E-01      98     0.17045036E-01
-0.13500001E+02    -0.43621996E+00     0.91652028E-01     0.90000000E+01    -0.54166924E-01     0.50000001E-01     0.50000001E-01     0.86458318E-01      98     0.17045036E-01
-0.13400001E+02    -0.43071911E+00     0.91048762E-01     0.90000000E+01    -0.54536875E-01     0.50000001E-01     0.50000001E-01     0.85847877E-01      98     0.17045036E-01
-0.13300000E+02    -0.42533082E+00     0.90407170E-01     0.90000000E+01    -0.54916412E-01     0.50000001E-01     0.50000001E-01     0.85198753E-01      98     0.17045036E-01
-0.13200001E+02    -0.42127106E+00     0.89523330E-01     0.90000000E+01    -0.55379685E-01     0.50000001E-01     0.50000001E-01     0.84304206E-01      98     0.17045036E-01
-0.13100000E+02    -0.41778275E+00     0.88569731E-01     0.90000000E+01    -0.55864029E-01     0.50000001E-01     0.50000001E-01     0.83338819E-01      98     0.17045036E-01
-0.13000001E+02    -0.41209614E+00     0.88023476E-01     0.90000000E+01    -0.56197122E-01     0.50000001E-01     0.50000001E-01     0.82785755E-01      99     0.14785348E-01
-0.12900001E+02    -0.40632510E+00     0.87453254E-01     0.90000000E+01    -0.56551635E-01     0.50000001E-01     0.50000001E-01     0.82208931E-01      99     0.14785348E-01
-0.12800001E+02    -0.40048757E+00     0.86894937E-01     0.90000000E+01    -0.56889612E-01     0.50000001E-01     0.50000001E-01     0.81644282E-01      99     0.14785348E-01
-0.12700001E+02    -0.39473253E+00     0.86336039E-01     0.90000000E+01    -0.57213511E-01     0.50000001E-01     0.50000001E-01     0.81079029E-01      99     0.14785348E-01
-0.12600001E+02    -0.38889062E+00     0.85771471E-01     0.90000000E+01    -0.57559732E-01     0.50000001E-01     0.50000001E-01     0.80508143E-01      99     0.14785348E-01
-0.12500001E+02    -0.38317195E+00     0.85198805E-01     0.90000000E+01    -0.57889476E-01     0.50000001E-01     0.50000001E-01     0.79929061E-01      99     0.14785348E-01
-0.12400002E+02    -0.37748894E+00     0.84607415E-01     0.90000000E+01    -0.58237534E-01     0.50000001E-01     0.50000001E-01     0.79330899E-01      99     0.14785348E-01
-0.12300001E+02    -0.37232953E+00     0.83949141E-01     0.90000000E+01    -0.58582373E-01     0.50000001E-01     0.50000001E-01     0.78665048E-01      99     0.14785348E-01
-0.12200001E+02    -0.36881256E+00     0.83011389E-01     0.90000000E+01    -0.59028078E-01     0.50000001E-01     0.50000001E-01     0.77715598E-01     100     0.12748995E-01
-0.12100001E+02    -0.36449251E+00     0.82195044E-01     0.90000000E+01    -0.59448384E-01     0.50000001E-01     0.50000001E-01     0.76889411E-01     100     0.12748995E-01
-0.12000000E+02    -0.35876215E+00     0.81647687E-01     0.90000000E+01    -0.59754003E-01     0.50000001E-01     0.50000001E-01     0.76335862E-01     100     0.12748995E-01
-0.11900001E+02    -0.35295847E+00     0.81082821E-01     0.90000000E+01    -0.60060803E-01     0.50000001E-01     0.50000001E-01     0.75764827E-01     100     0.12748995E-01
-0.11800000E+02    -0.34712526E+00     0.80531046E-01     0.90000000E+01    -0.60364496E-01     0.50000001E-01     0.50000001E-01     0.75207099E-01     100     0.12748995E-01
-0.11700001E+02    -0.34121302E+00     0.79991981E-01     0.90000000E+01    -0.60680684E-01     0.50000001E-01     0.50000001E-01     0.74661925E-01     100     0.12748995E-01
-0.11600000E+02    -0.33541203E+00     0.79441108E-01     0.90000000E+01    -0.60977396E-01     0.50000001E-01     0.50000001E-01     0.74104778E-01     101     0.10914493E-01
-0.11500001E+02    -0.32969946E+00     0.78867257E-01     0.90000000E+01    -0.61284095E-01     0.50000001E-01     0.50000001E-01     0.73524758E-01     101     0.10914493E-01
-0.11400001E+02    -0.32414240E+00     0.78250989E-01     0.90000000E+01    -0.61600357E-01     0.50000001E-01     0.50000001E-01     0.72901681E-01     101     0.10914493E-01
-0.11300001E+02    -0.31925520E+00     0.77545889E-01     0.90000000E+01    -0.61942469E-01     0.50000001E-01     0.50000001E-01     0.72188519E-01     101     0.10914493E-01
-0.11200001E+02    -0.31667063E+00     0.76482736E-01     0.90000000E+01    -0.62392324E-01     0.50000001E-01     0.50000001E-01     0.71112253E-01     101     0.10914493E-01
-0.11100001E+02    -0.31092560E+00     0.75915337E-01     0.90000000E+01    -0.62691309E-01     0.50000001E-01     0.50000001E-01     0.70538640E-01     101     0.10914493E-01
-0.11000001E+02    -0.30509666E+00     0.75363830E-01     0.90000000E+01    -0.62980406E-01     0.50000001E-01     0.50000001E-01     0.69981195E-01     101     0.10914493E-01
-0.10900001E+02    -0.29923013E+00     0.74822880E-01     0.90000000E+01    -0.63260198E-01     0.50000001E-01     0.50000001E-01     0.69434516E-01     101     0.10914493E-01
-0.10800001E+02    -0.29334563E+00     0.74281670E-01     0.90000000E+01    -0.63537516E-01     0.50000001E-01     0.50000001E-01     0.68887301E-01     102     0.92633720E-02
-0.10700001E+02    -0.28744581E+00     0.73741518E-01     0.90000000E+01    -0.63818440E-01     0.50000001E-01     0.50000001E-01     0.68341419E-01     102     0.92633720E-02
-0.10600001E+02    -0.28165099E+00     0.73200889E-01     0.90000000E+01    -0.64096205E-01     0.50000001E-01     0.50000001E-01     0.67794926E-01     102     0.92633720E-02
-0.10500001E+02    -0.27598310E+00     0.72624475E-01     0.90000000E+01    -0.64380378E-01     0.50000001E-01     0.50000001E-01     0.67212321E-01     102     0.92633720E-02
-0.10400002E+02    -0.27082011E+00     0.71980283E-01     0.90000000E+01    -0.64676873E-01     0.50000001E-01     0.50000001E-01     0.66560917E-01     102     0.92633720E-02
-0.10300000E+02    -0.26821768E+00     0.70946187E-01     0.90000000E+01    -0.65092228E-01     0.50000001E-01     0.50000001E-01     0.65513946E-01     102     0.92633720E-02
-0.10200001E+02    -0.26290786E+00     0.70300326E-01     0.90000000E+01    -0.65386608E-01     0.50000001E-01     0.50000001E-01     0.64860962E-01     103     0.77798865E-02
-0.10100000E+02    -0.25705919E+00     0.69778100E-01     0.90000000E+01    -0.65645091E-01     0.50000001E-01     0.50000001E-01     0.64333148E-01     103     0.77798865E-02
-0.10000001E+02    -0.25119287E+00     0.69248475E-01     0.90000000E+01    -0.65900266E-01     0.50000001E-01     0.50000001E-01     0.63797951E-01     103     0.77798865E-02
-0.99000006E+01    -0.24527358E+00     0.68716973E-01     0.90000000E+01    -0.66153288E-01     0.50000001E-01     0.50000001E-01     0.63260995E-01     103     0.77798865E-02
-0.98000011E+01    -0.23938404E+00     0.68189852E-01     0.90000000E+01    -0.66404238E-01     0.50000001E-01     0.50000001E-01     0.62728420E-01     103     0.77798865E-02
-0.97000008E+01    -0.23356371E+00     0.67646459E-01     0.90000000E+01    -0.66656485E-01     0.50000001E-01     0.50000001E-01     0.62179409E-01     103     0.77798865E-02
-0.96000013E+01    -0.22789577E+00     0.67079552E-01     0.90000000E+01    -0.66917993E-01     0.50000001E-01     0.50000001E-01     0.61606456E-01     103     0.77798865E-02
-0.95000010E+01    -0.22274151E+00     0.66438414E-01     0.90000000E+01    -0.67191720E-01     0.50000001E-01     0.50000001E-01     0.60958173E-01     104     0.64506866E-02
-0.94000006E+01    -0.22035705E+00     0.65406337E-01     0.90000000E+01    -0.67571931E-01     0.50000001E-01     0.50000001E-01     0.59912976E-01     104     0.64506866E-02
-0.93000011E+01    -0.21490675E+00     0.64810708E-01     0.90000000E+01    -0.67827106E-01     0.50000001E-01     0.50000001E-01     0.59311189E-01     104     0.64506866E-02
-0.91999998E+01    -0.20903298E+00     0.64299859E-01     0.90000000E+01    -0.68066709E-01     0.50000001E-01     0.50000001E-01     0.58794942E-01     104     0.64506866E-02
-0.91000013E+01    -0.20314771E+00     0.63788496E-01     0.90000000E+01    -0.68298027E-01     0.50000001E-01     0.50000001E-01     0.58278229E-01     104     0.64506866E-02
-0.90000000E+01    -0.19724944E+00     0.63265786E-01     0.90000000E+01    -0.68524092E-01     0.50000001E-01     0.50000001E-01     0.57750311E-01     104     0.64506866E-02
-0.89000015E+01    -0.19133924E+00     0.62730417E-01     0.90000000E+01    -0.68755277E-01     0.50000001E-01     0.50000001E-01     0.57209525E-01     105     0.52645961E-02
-0.88000002E+01    -0.18558785E+00     0.62194418E-01     0.90000000E+01    -0.68983264E-01     0.50000001E-01     0.50000001E-01     0.56667972E-01     105     0.52645961E-02
-0.87000017E+01    -0.18008243E+00     0.61629336E-01     0.90000000E+01    -0.69222249E-01     0.50000001E-01     0.50000001E-01     0.56096911E-01     105     0.52645961E-02
-0.86000004E+01    -0.17561276E+00     0.60903218E-01     0.90000000E+01    -0.69495067E-01     0.50000001E-01     0.50000001E-01     0.55362538E-01     105     0.52645961E-02
-0.85000019E+01    -0.17281069E+00     0.60172826E-01     0.90000000E+01    -0.69822542E-01     0.50000001E-01     0.50000001E-01     0.54620441E-01     105     0.52645961E-02
-0.84000006E+01    -0.16698323E+00     0.59827536E-01     0.90000000E+01    -0.70040144E-01     0.50000001E-01     0.50000001E-01     0.54269902E-01     105     0.52645961E-02
-0.83000011E+01    -0.16110358E+00     0.59492197E-01     0.90000000E+01    -0.70249498E-01     0.50000001E-01     0.50000001E-01     0.53929489E-01     105     0.52645961E-02
-0.82000008E+01    -0.15519193E+00     0.59150424E-01     0.90000000E+01    -0.70457570E-01     0.50000001E-01     0.50000001E-01     0.53582583E-01     106     0.42122267E-02
-0.81000013E+01    -0.14930016E+00     0.58801882E-01     0.90000000E+01    -0.70664234E-01     0.50000001E-01     0.50000001E-01     0.53229045E-01     106     0.42122267E-02
-0.80000010E+01    -0.14351678E+00     0.58435924E-01     0.90000000E+01    -0.70872545E-01     0.50000001E-01     0.50000001E-01     0.52857913E-01     106     0.42122267E-02
-0.79000001E+01    -0.13797908E+00     0.58052458E-01     0.90000000E+01    -0.71082450E-01     0.50000001E-01     0.50000001E-01     0.52468807E-01     106     0.42122267E-02
-0.78000011E+01    -0.13322440E+00     0.57573650E-01     0.90000000E+01    -0.71319327E-01     0.50000001E-01     0.50000001E-01     0.51982701E-01     106     0.42122267E-02
-0.77000003E+01    -0.13091296E+00     0.56855358E-01     0.90000000E+01    -0.71634375E-01     0.50000001E-01     0.50000001E-01     0.51252075E-01     106     0.42122267E-02
-0.76000009E+01    -0.12511444E+00     0.56473132E-01     0.90000000E+01    -0.71826212E-01     0.50000001E-01     0.50000001E-01     0.50864905E-01     106     0.42122267E-02
-0.75000005E+01    -0.11925445E+00     0.56072220E-01     0.90000000E+01    -0.72015531E-01     0.50000001E-01     0.50000001E-01     0.50459012E-01     107     0.32861971E-02
-0.74000010E+01    -0.11338073E+00     0.55703882E-01     0.90000000E+01    -0.72201014E-01     0.50000001E-01     0.50000001E-01     0.50086010E-01     107     0.32861971E-02
-0.73000002E+01    -0.10752556E+00     0.55310920E-01     0.90000000E+01    -0.72385155E-01     0.50000001E-01     0.50000001E-01     0.49688280E-01     107     0.32861971E-02
-0.72000012E+01    -0.10180065E+00     0.54898668E-01     0.90000000E+01    -0.72570503E-01     0.50000001E-01     0.50000001E-01     0.49271051E-01     107     0.32861971E-02
-0.71000004E+01    -0.96400447E-01     0.54459643E-01     0.90000000E+01    -0.72763279E-01     0.50000001E-01     0.50000001E-01     0.48826389E-01     107     0.32861971E-02
-0.70000014E+01    -0.92548385E-01     0.53855274E-01     0.90000000E+01    -0.72999217E-01     0.50000001E-01     0.50000001E-01     0.48213318E-01     107     0.32861971E-02
-0.69000006E+01    -0.89453690E-01     0.53177804E-01     0.90000000E+01    -0.73249958E-01     0.50000001E-01     0.50000001E-01     0.47525600E-01     108     0.24803814E-02
-0.68000016E+01    -0.83671786E-01     0.52766897E-01     0.90000000E+01    -0.73420465E-01     0.50000001E-01     0.50000001E-01     0.47110036E-01     108     0.24803814E-02
-0.67000008E+01    -0.77846572E-01     0.52361183E-01     0.90000000E+01    -0.73584668E-01     0.50000001E-01     0.50000001E-01     0.46699796E-01     108     0.24803814E-02
-0.66000018E+01    -0.72026297E-01     0.51953513E-01     0.90000000E+01    -0.73746838E-01     0.50000001E-01     0.50000001E-01     0.46287652E-01     108     0.24803814E-02
-0.65000010E+01    -0.66311814E-01     0.51534127E-01     0.90000000E+01    -0.73905475E-01     0.50000001E-01     0.50000001E-01     0.45863647E-01     108     0.24803814E-02
-0.64000001E+01    -0.60862370E-01     0.51091217E-01     0.90000000E+01    -0.74070245E-01     0.50000001E-01     0.50000001E-01     0.45415651E-01     108     0.24803814E-02
-0.63000011E+01    -0.56286138E-01     0.50542828E-01     0.90000000E+01    -0.74260451E-01     0.50000001E-01     0.50000001E-01     0.44860281E-01     109     0.17901587E-02
-0.62000003E+01    -0.54362815E-01     0.49751244E-01     0.90000000E+01    -0.74509755E-01     0.50000001E-01     0.50000001E-01     0.44056777E-01     109     0.17901587E-02
-0.61000009E+01    -0.48702493E-01     0.49322277E-01     0.90000000E+01    -0.74653968E-01     0.50000001E-01     0.50000001E-01     0.43623358E-01     109     0.17901587E-02
-0.60000000E+01    -0.42981762E-01     0.48899271E-01     0.90000000E+01    -0.74796297E-01     0.50000001E-01     0.50000001E-01     0.43196086E-01     109     0.17901587E-02
-0.59000010E+01    -0.37254848E-01     0.48481755E-01     0.90000000E+01    -0.74934237E-01     0.50000001E-01     0.50000001E-01     0.42774297E-01     109     0.17901587E-02
-0.58000002E+01    -0.31672366E-01     0.48065424E-01     0.90000000E+01    -0.75068802E-01     0.50000001E-01     0.50000001E-01     0.42353526E-01     109     0.17901587E-02
-0.57000012E+01    -0.26440335E-01     0.47589824E-01     0.90000000E+01    -0.75209118E-01     0.50000001E-01     0.50000001E-01     0.41872904E-01     109     0.17901587E-02
-0.56000004E+01    -0.22800906E-01     0.46964161E-01     0.90000000E+01    -0.75386077E-01     0.50000001E-01     0.50000001E-01     0.41239105E-01     110     0.12126006E-02
-0.55000014E+01    -0.20330537E-01     0.46233669E-01     0.90000000E+01    -0.75578161E-01     0.50000001E-01     0.50000001E-01     0.40498495E-01     110     0.12126006E-02
-0.54000006E+01    -0.14797179E-01     0.45805510E-01     0.90000000E+01    -0.75694531E-01     0.50000001E-01     0.50000001E-01     0.40066130E-01     110     0.12126006E-02
-0.53000016E+01    -0.92349118E-02     0.45384370E-01     0.90000000E+01    -0.75805366E-01     0.50000001E-01     0.50000001E-01     0.39640941E-01     110     0.12126006E-02
-0.52000008E+01    -0.37604393E-02     0.44968687E-01     0.90000000E+01    -0.75912647E-01     0.50000001E-01     0.50000001E-01     0.39221153E-01     110     0.12126006E-02
-0.51000013E+01     0.14633476E-02     0.44507574E-01     0.90000000E+01    -0.76023944E-01     0.50000001E-01     0.50000001E-01     0.38755469E-01     110     0.12126006E-02
-0.50000010E+01     0.56780265E-02     0.43968219E-01     0.90000000E+01    -0.76145448E-01     0.50000001E-01     0.50000001E-01     0.38209818E-01     110     0.12126006E-02
-0.49000015E+01     0.67081475E-02     0.43113641E-01     0.90000000E+01    -0.76320991E-01     0.50000001E-01     0.50000001E-01     0.37343182E-01     111     0.74606086E-03
-0.48000007E+01     0.11981666E-01     0.42690832E-01     0.90000000E+01    -0.76407008E-01     0.50000001E-01     0.50000001E-01     0.36916338E-01     111     0.74606086E-03
-0.47000003E+01     0.17296799E-01     0.42262319E-01     0.90000000E+01    -0.76486796E-01     0.50000001E-01     0.50000001E-01     0.36483876E-01     111     0.74606086E-03
-0.46000009E+01     0.22470729E-01     0.41821323E-01     0.90000000E+01    -0.76561809E-01     0.50000001E-01     0.50000001E-01     0.36038853E-01     111     0.74606086E-03
-0.45000000E+01     0.27274020E-01     0.41353490E-01     0.90000000E+01    -0.76638080E-01     0.50000001E-01     0.50000001E-01     0.35566416E-01     111     0.74606086E-03
-0.44000010E+01     0.29772008E-01     0.40669523E-01     0.90000000E+01    -0.76741323E-01     0.50000001E-01     0.50000001E-01     0.34873914E-01     111     0.74606086E-03
-0.43000002E+01     0.31576771E-01     0.39945785E-01     0.90000000E+01    -0.76833487E-01     0.50000001E-01     0.50000001E-01     0.34140777E-01     112     0.38927357E-03
-0.42000012E+01     0.36541685E-01     0.39508678E-01     0.90000000E+01    -0.76879293E-01     0.50000001E-01     0.50000001E-01     0.33699814E-01     112     0.38927357E-03
-0.41000004E+01     0.41394938E-01     0.39063420E-01     0.90000000E+01    -0.76916836E-01     0.50000001E-01     0.50000001E-01     0.33250671E-01     112     0.38927357E-03
-0.40000014E+01     0.45864549E-01     0.38595274E-01     0.90000000E+01    -0.76946743E-01     0.50000001E-01     0.50000001E-01     0.32778218E-01     112     0.38927357E-03
-0.39000006E+01     0.48519626E-01     0.37973192E-01     0.90000000E+01    -0.76985583E-01     0.50000001E-01     0.50000001E-01     0.32148916E-01     112     0.38927357E-03
-0.38000014E+01     0.48530977E-01     0.37149288E-01     0.90000000E+01    -0.77015758E-01     0.50000001E-01     0.50000001E-01     0.31314097E-01     112     0.38927357E-03
-0.37000005E+01     0.52883573E-01     0.36696684E-01     0.90000000E+01    -0.77006370E-01     0.50000001E-01     0.50000001E-01     0.30857660E-01     112     0.38927357E-03
-0.36000016E+01     0.57013299E-01     0.36226913E-01     0.90000000E+01    -0.76986127E-01     0.50000001E-01     0.50000001E-01     0.30383887E-01     113     0.14580940E-03
-0.35000007E+01     0.60269479E-01     0.35700597E-01     0.90000000E+01    -0.76951690E-01     0.50000001E-01     0.50000001E-01     0.29852539E-01     113     0.14580940E-03
-0.34000015E+01     0.57286877E-01     0.34703854E-01     0.90000000E+01    -0.76886557E-01     0.50000001E-01     0.50000001E-01     0.28842129E-01     113     0.14580940E-03
-0.33000009E+01     0.60675863E-01     0.34223173E-01     0.90000000E+01    -0.76799996E-01     0.50000001E-01     0.50000001E-01     0.28357500E-01     113     0.14580940E-03
-0.32000017E+01     0.63741654E-01     0.33727542E-01     0.90000000E+01    -0.76692946E-01     0.50000001E-01     0.50000001E-01     0.27857756E-01     113     0.14580940E-03
-0.31000009E+01     0.65128595E-01     0.33119999E-01     0.90000000E+01    -0.76547287E-01     0.50000001E-01     0.50000001E-01     0.27244316E-01     113     0.14580940E-03
-0.30000000E+01     0.59665073E-01     0.32073576E-01     0.90000000E+01    -0.76260589E-01     0.50000001E-01     0.50000001E-01     0.26184376E-01     113     0.14580940E-03
-0.29000010E+01     0.60983658E-01     0.31519756E-01     0.90000000E+01    -0.76015480E-01     0.50000001E-01     0.50000001E-01     0.25626179E-01     113     0.14580940E-03
-0.28000002E+01     0.59338111E-01     0.30801803E-01     0.90000000E+01    -0.75653970E-01     0.50000001E-01     0.50000001E-01     0.24901420E-01     113     0.14580940E-03
-0.27000012E+01     0.48051674E-01     0.29569030E-01     0.90000000E+01    -0.74874051E-01     0.50000001E-01     0.50000001E-01     0.23654239E-01     113     0.14580940E-03
-0.26000004E+01     0.38275808E-01     0.28564755E-01     0.90000000E+01    -0.73769659E-01     0.50000001E-01     0.50000001E-01     0.22641340E-01     113     0.14580940E-03
-0.25000012E+01    -0.11833308E-01     0.25614960E-01     0.90000000E+01    -0.71667388E-01     0.50000001E-01     0.50000001E-01     0.19643968E-01     113     0.14580940E-03
-0.24000003E+01    -0.91311624E-02     0.23963716E-01     0.90000000E+01    -0.74660033E-01     0.50000001E-01     0.50000001E-01     0.17955631E-01     113     0.14580940E-03
-0.23000014E+01     0.94088016E-03     0.23191756E-01     0.90000000E+01    -0.76558210E-01     0.50000001E-01     0.50000001E-01     0.17166620E-01     113     0.14580940E-03
-0.22000005E+01     0.13172693E-01     0.21886131E-01     0.90000000E+01    -0.80087036E-01     0.50000001E-01     0.50000001E-01     0.15826508E-01     113     0.14580940E-03
-0.21000013E+01     0.26702594E-01     0.21211090E-01     0.90000000E+01    -0.82258806E-01     0.50000001E-01     0.50000001E-01     0.15133876E-01     114     0.22011809E-04
-0.20000007E+01     0.42953085E-01     0.20134851E-01     0.90000000E+01    -0.85842162E-01     0.50000001E-01     0.50000001E-01     0.14025083E-01     114     0.22011809E-04
-0.19000015E+01     0.58331091E-01     0.19543666E-01     0.90000000E+01    -0.88098779E-01     0.50000001E-01     0.50000001E-01     0.13416024E-01     114     0.22011809E-04
-0.18000008E+01     0.76600447E-01     0.18631017E-01     0.90000000E+01    -0.91615602E-01     0.50000001E-01     0.50000001E-01     0.12471804E-01     114     0.22011809E-04
-0.17000016E+01     0.93068168E-01     0.18103894E-01     0.90000000E+01    -0.93898520E-01     0.50000001E-01     0.50000001E-01     0.11926192E-01     115     0.52234973E-05
-0.16000009E+01     0.11215878E+00     0.17337300E-01     0.90000000E+01    -0.97203411E-01     0.50000001E-01     0.50000001E-01     0.11129226E-01     115     0.52234973E-05
-0.15000000E+01     0.12950586E+00     0.16833851E-01     0.90000000E+01    -0.99574655E-01     0.50000001E-01     0.50000001E-01     0.10605076E-01     115     0.52234973E-05
-0.14000009E+01     0.14829682E+00     0.16228119E-01     0.90000000E+01    -0.10243775E+00     0.50000001E-01     0.50000001E-01     0.99717472E-02     115     0.52234973E-05
-0.13000002E+01     0.16698427E+00     0.15670527E-01     0.90000000E+01    -0.10515765E+00     0.50000001E-01     0.50000001E-01     0.93866829E-02     116     0.82350911E-04
-0.12000011E+01     0.18439151E+00     0.15252858E-01     0.90000000E+01    -0.10731906E+00     0.50000001E-01     0.50000001E-01     0.89469273E-02     116     0.82350911E-04
-0.11000003E+01     0.20216261E+00     0.14818003E-01     0.90000000E+01    -0.10957224E+00     0.50000001E-01     0.50000001E-01     0.84866770E-02     116     0.82350911E-04
-0.10000012E+01     0.21958993E+00     0.14421097E-01     0.90000000E+01    -0.11166573E+00     0.50000001E-01     0.50000001E-01     0.80641862E-02     116     0.82350911E-04
-0.90000039E+00     0.23657151E+00     0.14065940E-01     0.90000000E+01    -0.11356988E+00     0.50000001E-01     0.50000001E-01     0.76835868E-02     117     0.24611084E-03
-0.80000126E+00     0.25333521E+00     0.13729390E-01     0.90000000E+01    -0.11537974E+00     0.50000001E-01     0.50000001E-01     0.73200823E-02     117     0.24611084E-03
-0.70000046E+00     0.26990679E+00     0.13409163E-01     0.90000000E+01    -0.11710518E+00     0.50000001E-01     0.50000001E-01     0.69712568E-02     117     0.24611084E-03
-0.60000139E+00     0.28465834E+00     0.13243376E-01     0.90000000E+01    -0.11816768E+00     0.50000001E-01     0.50000001E-01     0.67890771E-02     117     0.24611084E-03
-0.50000060E+00     0.29824716E+00     0.13172803E-01     0.90000000E+01    -0.11881165E+00     0.50000001E-01     0.50000001E-01     0.67114625E-02     118     0.50025358E-03
-0.40000150E+00     0.31165442E+00     0.13116487E-01     0.90000000E+01    -0.11939234E+00     0.50000001E-01     0.50000001E-01     0.66492236E-02     118     0.50025358E-03
-0.30000070E+00     0.32497853E+00     0.13067027E-01     0.90000000E+01    -0.11994057E+00     0.50000001E-01     0.50000001E-01     0.65942770E-02     118     0.50025358E-03
-0.20000160E+00     0.33822614E+00     0.13023416E-01     0.90000000E+01    -0.12046219E+00     0.50000001E-01     0.50000001E-01     0.65455884E-02     118     0.50025358E-03
-0.10000080E+00     0.35141024E+00     0.12984419E-01     0.90000000E+01    -0.12096030E+00     0.50000001E-01     0.50000001E-01     0.65018623E-02     118     0.50025358E-03
 0.00000000E+00     0.36453667E+00     0.12950519E-01     0.90000000E+01    -0.12143895E+00     0.50000001E-01     0.50000001E-01     0.64635547E-02     119     0.85647090E-03
 0.99999093E-01     0.37761810E+00     0.12919543E-01     0.90000000E+01    -0.12189903E+00     0.50000001E-01     0.50000001E-01     0.64284215E-02     119     0.85647090E-03
 0.19999990E+00     0.39064971E+00     0.12891988E-01     0.90000000E+01    -0.12234340E+00     0.50000001E-01     0.50000001E-01     0.63969376E-02     119     0.85647090E-03
 0.29999900E+00     0.40364313E+00     0.12867539E-01     0.90000000E+01    -0.12277276E+00     0.50000001E-01     0.50000001E-01     0.63687498E-02     119     0.85647090E-03
 0.39999980E+00     0.41659468E+00     0.12845914E-01     0.90000000E+01    -0.12318884E+00     0.50000001E-01     0.50000001E-01     0.63435882E-02     119     0.85647090E-03
 0.49999887E+00     0.42951253E+00     0.12826161E-01     0.90000000E+01    -0.12359285E+00     0.50000001E-01     0.50000001E-01     0.63206325E-02     120     0.13216801E-02
 0.59999967E+00     0.44239357E+00     0.12810110E-01     0.90000000E+01    -0.12398504E+00     0.50000001E-01     0.50000001E-01     0.63013234E-02     120     0.13216801E-02
 0.69999880E+00     0.45524645E+00     0.12795628E-01     0.90000000E+01    -0.12436628E+00     0.50000001E-01     0.50000001E-01     0.62837973E-02     120     0.13216801E-02
 0.79999959E+00     0.46806619E+00     0.12783471E-01     0.90000000E+01    -0.12473717E+00     0.50000001E-01     0.50000001E-01     0.62687155E-02     120     0.13216801E-02
 0.89999866E+00     0.48085678E+00     0.12773159E-01     0.90000000E+01    -0.12509802E+00     0.50000001E-01     0.50000001E-01     0.62556448E-02     120     0.13216801E-02
 0.99999946E+00     0.49361804E+00     0.12764352E-01     0.90000000E+01    -0.12545000E+00     0.50000001E-01     0.50000001E-01     0.62443526E-02     121     0.19007844E-02
 0.10999986E+01     0.50635260E+00     0.12758488E-01     0.90000000E+01    -0.12579255E+00     0.50000001E-01     0.50000001E-01     0.62358873E-02     121     0.19007844E-02
 0.11999993E+01     0.51906264E+00     0.12753744E-01     0.90000000E+01    -0.12612632E+00     0.50000001E-01     0.50000001E-01     0.62287259E-02     121     0.19007844E-02
 0.12999984E+01     0.53174508E+00     0.12750701E-01     0.90000000E+01    -0.12645181E+00     0.50000001E-01     0.50000001E-01     0.62233522E-02     121     0.19007844E-02
 0.13999993E+01     0.54439920E+00     0.12749286E-01     0.90000000E+01    -0.12676980E+00     0.50000001E-01     0.50000001E-01     0.62197279E-02     121     0.19007844E-02
 0.14999983E+01     0.55702758E+00     0.12749017E-01     0.90000000E+01    -0.12707967E+00     0.50000001E-01     0.50000001E-01     0.62174923E-02     122     0.25991555E-02
 0.15999992E+01     0.56963307E+00     0.12751199E-01     0.90000000E+01    -0.12738173E+00     0.50000001E-01     0.50000001E-01     0.62176771E-02     122     0.25991555E-02
 0.16999999E+01     0.58221519E+00     0.12754465E-01     0.90000000E+01    -0.12767622E+00     0.50000001E-01     0.50000001E-01     0.62190248E-02     122     0.25991555E-02
 0.17999990E+01     0.59476846E+00     0.12759115E-01     0.90000000E+01    -0.12796378E+00     0.50000001E-01     0.50000001E-01     0.62218513E-02     122     0.25991555E-02
 0.18999999E+01     0.60730147E+00     0.12765129E-01     0.90000000E+01    -0.12824386E+00     0.50000001E-01     0.50000001E-01     0.62261187E-02     122     0.25991555E-02
 0.19999989E+01     0.61980915E+00     0.12772130E-01     0.90000000E+01    -0.12851728E+00     0.50000001E-01     0.50000001E-01     0.62316763E-02     123     0.34217748E-02
 0.20999997E+01     0.63229328E+00     0.12781475E-01     0.90000000E+01    -0.12878333E+00     0.50000001E-01     0.50000001E-01     0.62394496E-02     123     0.34217748E-02
 0.21999989E+01     0.64475387E+00     0.12791554E-01     0.90000000E+01    -0.12904316E+00     0.50000001E-01     0.50000001E-01     0.62480895E-02     123     0.34217748E-02
 0.22999997E+01     0.65718943E+00     0.12802914E-01     0.90000000E+01    -0.12929580E+00     0.50000001E-01     0.50000001E-01     0.62580593E-02     123     0.34217748E-02
 0.23999987E+01     0.66960162E+00     0.12815686E-01     0.90000000E+01    -0.12954177E+00     0.50000001E-01     0.50000001E-01     0.62695285E-02     123     0.34217748E-02
 0.24999995E+01     0.68198961E+00     0.12829127E-01     0.90000000E+01    -0.12978160E+00     0.50000001E-01     0.50000001E-01     0.62819691E-02     124     0.43732501E-02
 0.25999987E+01     0.69435471E+00     0.12844805E-01     0.90000000E+01    -0.13001432E+00     0.50000001E-01     0.50000001E-01     0.62965220E-02     124     0.43732501E-02
 0.26999993E+01     0.70669466E+00     0.12861338E-01     0.90000000E+01    -0.13024071E+00     0.50000001E-01     0.50000001E-01     0.63119773E-02     124     0.43732501E-02
 0.27999985E+01     0.71901232E+00     0.12878779E-01     0.90000000E+01    -0.13046096E+00     0.50000001E-01     0.50000001E-01     0.63284719E-02     124     0.43732501E-02
 0.28999994E+01     0.73130137E+00     0.12897641E-01     0.90000000E+01    -0.13067530E+00     0.50000001E-01     0.50000001E-01     0.63464278E-02     124     0.43732501E-02
 0.29999983E+01     0.74356937E+00     0.12916980E-01     0.90000000E+01    -0.13088234E+00     0.50000001E-01     0.50000001E-01     0.63651758E-02     125     0.54580495E-02
 0.30999992E+01     0.75580984E+00     0.12938789E-01     0.90000000E+01    -0.13108315E+00     0.50000001E-01     0.50000001E-01     0.63862200E-02     125     0.54580495E-02
 0.31999984E+01     0.76802909E+00     0.12960941E-01     0.90000000E+01    -0.13127784E+00     0.50000001E-01     0.50000001E-01     0.64077214E-02     125     0.54580495E-02
 0.32999990E+01     0.78022027E+00     0.12984655E-01     0.90000000E+01    -0.13146606E+00     0.50000001E-01     0.50000001E-01     0.64308462E-02     125     0.54580495E-02
 0.33999999E+01     0.79238862E+00     0.13009159E-01     0.90000000E+01    -0.13164805E+00     0.50000001E-01     0.50000001E-01     0.64548417E-02     125     0.54580495E-02
 0.34999990E+01     0.80453020E+00     0.13034750E-01     0.90000000E+01    -0.13182388E+00     0.50000001E-01     0.50000001E-01     0.64800335E-02     125     0.54580495E-02
 0.35999999E+01     0.81664455E+00     0.13061134E-01     0.90000000E+01    -0.13199294E+00     0.50000001E-01     0.50000001E-01     0.65062824E-02     126     0.66809705E-02
 0.36999989E+01     0.82873225E+00     0.13089692E-01     0.90000000E+01    -0.13215567E+00     0.50000001E-01     0.50000001E-01     0.65345415E-02     126     0.66809705E-02
 0.37999997E+01     0.84079450E+00     0.13118854E-01     0.90000000E+01    -0.13231169E+00     0.50000001E-01     0.50000001E-01     0.65634684E-02     126     0.66809705E-02
 0.38999987E+01     0.85282958E+00     0.13148956E-01     0.90000000E+01    -0.13246150E+00     0.50000001E-01     0.50000001E-01     0.65934481E-02     126     0.66809705E-02
 0.39999995E+01     0.86483788E+00     0.13180250E-01     0.90000000E+01    -0.13260540E+00     0.50000001E-01     0.50000001E-01     0.66246749E-02     126     0.66809705E-02
 0.40999985E+01     0.87681806E+00     0.13212279E-01     0.90000000E+01    -0.13274190E+00     0.50000001E-01     0.50000001E-01     0.66569811E-02     127     0.80471234E-02
 0.41999993E+01     0.88876849E+00     0.13245706E-01     0.90000000E+01    -0.13287257E+00     0.50000001E-01     0.50000001E-01     0.66904570E-02     127     0.80471234E-02
 0.42999988E+01     0.90068853E+00     0.13280961E-01     0.90000000E+01    -0.13299586E+00     0.50000001E-01     0.50000001E-01     0.67258594E-02     127     0.80471234E-02
 0.43999991E+01     0.91258574E+00     0.13316151E-01     0.90000000E+01    -0.13311335E+00     0.50000001E-01     0.50000001E-01     0.67613004E-02     127     0.80471234E-02
 0.44999986E+01     0.92444819E+00     0.13353512E-01     0.90000000E+01    -0.13322376E+00     0.50000001E-01     0.50000001E-01     0.67989635E-02     127     0.80471234E-02
 0.45999994E+01     0.93628359E+00     0.13391053E-01     0.90000000E+01    -0.13332692E+00     0.50000001E-01     0.50000001E-01     0.68368730E-02     127     0.80471234E-02
 0.47000003E+01     0.94808751E+00     0.13430129E-01     0.90000000E+01    -0.13342384E+00     0.50000001E-01     0.50000001E-01     0.68766866E-02     128     0.95619382E-02
 0.47999973E+01     0.95985764E+00     0.13470447E-01     0.90000000E+01    -0.13351329E+00     0.50000001E-01     0.50000001E-01     0.69174971E-02     128     0.95619382E-02
 0.48999982E+01     0.97159654E+00     0.13511852E-01     0.90000000E+01    -0.13359563E+00     0.50000001E-01     0.50000001E-01     0.69594905E-02     128     0.95619382E-02
 0.49999990E+01     0.98330432E+00     0.13554294E-01     0.90000000E+01    -0.13367113E+00     0.50000001E-01     0.50000001E-01     0.70025977E-02     128     0.95619382E-02
 0.50999999E+01     0.99497807E+00     0.13597861E-01     0.90000000E+01    -0.13373992E+00     0.50000001E-01     0.50000001E-01     0.70469333E-02     128     0.95619382E-02
 0.52000008E+01     0.10066185E+01     0.13642705E-01     0.90000000E+01    -0.13380069E+00     0.50000001E-01     0.50000001E-01     0.70925774E-02     128     0.95619382E-02
 0.52999978E+01     0.10182236E+01     0.13688692E-01     0.90000000E+01    -0.13385442E+00     0.50000001E-01     0.50000001E-01     0.71397480E-02     129     0.11231796E-01
 0.53999987E+01     0.10297946E+01     0.13735570E-01     0.90000000E+01    -0.13390015E+00     0.50000001E-01     0.50000001E-01     0.71876198E-02     129     0.11231796E-01
 0.54999995E+01     0.10413262E+01     0.13784030E-01     0.90000000E+01    -0.13393897E+00     0.50000001E-01     0.50000001E-01     0.72370935E-02     129     0.11231796E-01
 0.56000004E+01     0.10528209E+01     0.13833471E-01     0.90000000E+01    -0.13396953E+00     0.50000001E-01     0.50000001E-01     0.72876629E-02     129     0.11231796E-01
 0.56999979E+01     0.10642833E+01     0.13883914E-01     0.90000000E+01    -0.13399197E+00     0.50000001E-01     0.50000001E-01     0.73393174E-02     129     0.11231796E-01
 0.57999988E+01     0.10756991E+01     0.13935923E-01     0.90000000E+01    -0.13400584E+00     0.50000001E-01     0.50000001E-01     0.73928884E-02     130     0.13063635E-01
 0.58999996E+01     0.10870799E+01     0.13988918E-01     0.90000000E+01    -0.13401259E+00     0.50000001E-01     0.50000001E-01     0.74472637E-02     130     0.13063635E-01
 0.60000000E+01     0.10984129E+01     0.14043105E-01     0.90000000E+01    -0.13401069E+00     0.50000001E-01     0.50000001E-01     0.75028623E-02     130     0.13063635E-01
 0.60999975E+01     0.11097124E+01     0.14098560E-01     0.90000000E+01    -0.13400020E+00     0.50000001E-01     0.50000001E-01     0.75598406E-02     130     0.13063635E-01
 0.61999984E+01     0.11209619E+01     0.14155445E-01     0.90000000E+01    -0.13398059E+00     0.50000001E-01     0.50000001E-01     0.76182852E-02     130     0.13063635E-01
 0.62999992E+01     0.11321677E+01     0.14213571E-01     0.90000000E+01    -0.13395095E+00     0.50000001E-01     0.50000001E-01     0.76780734E-02     130     0.13063635E-01
 0.64000001E+01     0.11433330E+01     0.14272928E-01     0.90000000E+01    -0.13391365E+00     0.50000001E-01     0.50000001E-01     0.77395425E-02     131     0.15065445E-01
 0.65000010E+01     0.11544451E+01     0.14333696E-01     0.90000000E+01    -0.13386601E+00     0.50000001E-01     0.50000001E-01     0.78021241E-02     131     0.15065445E-01
 0.65999980E+01     0.11655054E+01     0.14395806E-01     0.90000000E+01    -0.13380930E+00     0.50000001E-01     0.50000001E-01     0.78661302E-02     131     0.15065445E-01
 0.66999989E+01     0.11765227E+01     0.14459287E-01     0.90000000E+01    -0.13374233E+00     0.50000001E-01     0.50000001E-01     0.79316106E-02     131     0.15065445E-01
 0.67999997E+01     0.11874825E+01     0.14524198E-01     0.90000000E+01    -0.13366498E+00     0.50000001E-01     0.50000001E-01     0.79986248E-02     131     0.15065445E-01
 0.69000006E+01     0.11983900E+01     0.14590631E-01     0.90000000E+01    -0.13357668E+00     0.50000001E-01     0.50000001E-01     0.80672000E-02     131     0.15065445E-01
 0.69999981E+01     0.12092391E+01     0.14658337E-01     0.90000000E+01    -0.13347778E+00     0.50000001E-01     0.50000001E-01     0.81375409E-02     132     0.17246265E-01
 0.70999990E+01     0.12200309E+01     0.14727631E-01     0.90000000E+01    -0.13336784E+00     0.50000001E-01     0.50000001E-01     0.82091596E-02     132     0.17246265E-01
 0.71999998E+01     0.12307665E+01     0.14798377E-01     0.90000000E+01    -0.13324670E+00     0.50000001E-01     0.50000001E-01     0.82823895E-02     132     0.17246265E-01
 0.73000002E+01     0.12414395E+01     0.14870694E-01     0.90000000E+01    -0.13311273E+00     0.50000001E-01     0.50000001E-01     0.83572716E-02     132     0.17246265E-01
 0.73999977E+01     0.12520392E+01     0.14944763E-01     0.90000000E+01    -0.13296621E+00     0.50000001E-01     0.50000001E-01     0.84339445E-02     132     0.17246265E-01
 0.74999986E+01     0.12625666E+01     0.15020587E-01     0.90000000E+01    -0.13280535E+00     0.50000001E-01     0.50000001E-01     0.85124969E-02     132     0.17246265E-01
 0.75999994E+01     0.12729818E+01     0.15098246E-01     0.90000000E+01    -0.13262196E+00     0.50000001E-01     0.50000001E-01     0.85930154E-02     132     0.17246265E-01
 0.77000003E+01     0.12832888E+01     0.15177703E-01     0.90000000E+01    -0.13241860E+00     0.50000001E-01     0.50000001E-01     0.86758239E-02     133     0.19616185E-01
 0.77999973E+01     0.12934872E+01     0.15258670E-01     0.90000000E+01    -0.13219389E+00     0.50000001E-01     0.50000001E-01     0.87598693E-02     133     0.19616185E-01
 0.78999982E+01     0.13035822E+01     0.15342130E-01     0.90000000E+01    -0.13194996E+00     0.50000001E-01     0.50000001E-01     0.88465717E-02     133     0.19616185E-01
 0.79999990E+01     0.13134018E+01     0.15434382E-01     0.90000000E+01    -0.13165547E+00     0.49745917E-01     0.50000001E-01     0.89406995E-02     133     0.19616185E-01
 0.81000004E+01     0.13226846E+01     0.15545118E-01     0.90000000E+01    -0.13126522E+00     0.48976369E-01     0.50000001E-01     0.90501197E-02     133     0.19616185E-01
 0.82000008E+01     0.13318210E+01     0.15658228E-01     0.90000000E+01    -0.13084674E+00     0.48295774E-01     0.50000001E-01     0.91621391E-02     133     0.19616185E-01
 0.82999983E+01     0.13407886E+01     0.15774578E-01     0.90000000E+01    -0.13039756E+00     0.47565199E-01     0.50000001E-01     0.92777740E-02     134     0.22186713E-01
 0.83999987E+01     0.13497547E+01     0.15888561E-01     0.90000000E+01    -0.12994790E+00     0.46844319E-01     0.50000001E-01     0.93920380E-02     134     0.22186713E-01
 0.85000000E+01     0.13576210E+01     0.16042301E-01     0.90000000E+01    -0.12930359E+00     0.44650227E-01     0.50000001E-01     0.95386319E-02     134     0.22186713E-01
 0.86000004E+01     0.13674749E+01     0.16121902E-01     0.90000000E+01    -0.12900925E+00     0.45677908E-01     0.50000001E-01     0.96273357E-02     134     0.22186713E-01
 0.86999979E+01     0.13746367E+01     0.16251905E-01     0.90000000E+01    -0.12820372E+00     0.45119468E-01     0.50000001E-01     0.97597251E-02     134     0.22186713E-01
 0.87999983E+01     0.13741428E+01     0.16480546E-01     0.90000000E+01    -0.12590307E+00     0.43298416E-01     0.50000001E-01     0.99864248E-02     134     0.22186713E-01
 0.88999996E+01     0.13777678E+01     0.16657850E-01     0.90000000E+01    -0.12441130E+00     0.42809367E-01     0.50000001E-01     0.10167696E-01     134     0.22186713E-01
 0.90000000E+01     0.13840227E+01     0.16827652E-01     0.90000000E+01    -0.12345158E+00     0.42335413E-01     0.50000001E-01     0.10340191E-01     134     0.22186713E-01
 0.90999975E+01     0.13916302E+01     0.16990626E-01     0.90000000E+01    -0.12276839E+00     0.41765660E-01     0.50000001E-01     0.10505626E-01     135     0.24970656E-01
 0.91999989E+01     0.13996792E+01     0.17149551E-01     0.90000000E+01    -0.12217516E+00     0.41229866E-01     0.50000001E-01     0.10666750E-01     135     0.24970656E-01
 0.92999992E+01     0.14077903E+01     0.17310832E-01     0.90000000E+01    -0.12159988E+00     0.40764447E-01     0.50000001E-01     0.10830512E-01     135     0.24970656E-01
 0.94000006E+01     0.14157308E+01     0.17479029E-01     0.90000000E+01    -0.12099779E+00     0.40368672E-01     0.50000001E-01     0.11001769E-01     135     0.24970656E-01
 0.94999971E+01     0.14234922E+01     0.17656500E-01     0.90000000E+01    -0.12036944E+00     0.39907340E-01     0.50000001E-01     0.11182031E-01     135     0.24970656E-01
 0.95999985E+01     0.14312159E+01     0.17839056E-01     0.90000000E+01    -0.11974192E+00     0.39452646E-01     0.50000001E-01     0.11367172E-01     135     0.24970656E-01
 0.96999989E+01     0.14370893E+01     0.18099168E-01     0.90000000E+01    -0.11881510E+00     0.37753578E-01     0.50000001E-01     0.11620800E-01     135     0.24970656E-01
 0.98000002E+01     0.14443361E+01     0.18301122E-01     0.90000000E+01    -0.11811640E+00     0.37291322E-01     0.50000001E-01     0.11825645E-01     135     0.24970656E-01
 0.99000006E+01     0.14516619E+01     0.18503614E-01     0.90000000E+01    -0.11743926E+00     0.36861170E-01     0.50000001E-01     0.12032375E-01     136     0.27982261E-01
 0.99999981E+01     0.14590541E+01     0.18708244E-01     0.90000000E+01    -0.11677902E+00     0.36458928E-01     0.50000001E-01     0.12240825E-01     136     0.27982261E-01
 0.10099998E+02     0.14662542E+01     0.18921651E-01     0.90000000E+01    -0.11609226E+00     0.36168262E-01     0.50000001E-01     0.12458894E-01     136     0.27982261E-01
 0.10200000E+02     0.14731083E+01     0.19148901E-01     0.90000000E+01    -0.11535390E+00     0.35816852E-01     0.50000001E-01     0.12690867E-01     136     0.27982261E-01
 0.10300000E+02     0.14798423E+01     0.19387562E-01     0.90000000E+01    -0.11460672E+00     0.35372335E-01     0.50000001E-01     0.12933696E-01     136     0.27982261E-01
 0.10399998E+02     0.14867140E+01     0.19624792E-01     0.90000000E+01    -0.11388953E+00     0.35141915E-01     0.50000001E-01     0.13176305E-01     136     0.27982261E-01
 0.10499999E+02     0.14929672E+01     0.19887986E-01     0.90000000E+01    -0.11307859E+00     0.34819271E-01     0.50000001E-01     0.13444735E-01     136     0.27982261E-01
 0.10599999E+02     0.14991946E+01     0.20159457E-01     0.90000000E+01    -0.11227816E+00     0.34502003E-01     0.50000001E-01     0.13721361E-01     136     0.27982261E-01
 0.10700000E+02     0.15052370E+01     0.20445336E-01     0.90000000E+01    -0.11145943E+00     0.34153309E-01     0.50000001E-01     0.14012478E-01     137     0.31237058E-01
 0.10799997E+02     0.15108523E+01     0.20751089E-01     0.90000000E+01    -0.11058228E+00     0.33864725E-01     0.50000001E-01     0.14324056E-01     137     0.31237058E-01
 0.10899999E+02     0.15165495E+01     0.21062339E-01     0.90000000E+01    -0.10973428E+00     0.33534862E-01     0.50000001E-01     0.14641086E-01     137     0.31237058E-01
 0.10999999E+02     0.15219568E+01     0.21395739E-01     0.90000000E+01    -0.10885650E+00     0.33197366E-01     0.50000001E-01     0.14980776E-01     137     0.31237058E-01
 0.11100000E+02     0.15259218E+01     0.21797217E-01     0.90000000E+01    -0.10778409E+00     0.31995822E-01     0.50000001E-01     0.15385753E-01     137     0.31237058E-01
 0.11200001E+02     0.15311401E+01     0.22150237E-01     0.90000000E+01    -0.10691132E+00     0.31711090E-01     0.50000001E-01     0.15746552E-01     137     0.31237058E-01
 0.11299998E+02     0.15358858E+01     0.22537317E-01     0.90000000E+01    -0.10598671E+00     0.31474367E-01     0.50000001E-01     0.16142363E-01     137     0.31237058E-01
 0.11399999E+02     0.15407469E+01     0.22922982E-01     0.90000000E+01    -0.10510214E+00     0.31264592E-01     0.50000001E-01     0.16536888E-01     137     0.31237058E-01
 0.11500000E+02     0.15448238E+01     0.23359256E-01     0.90000000E+01    -0.10412744E+00     0.31029306E-01     0.50000001E-01     0.16982779E-01     137     0.31237058E-01
 0.11600000E+02     0.15490474E+01     0.23802979E-01     0.90000000E+01    -0.10320122E+00     0.30837160E-01     0.50000001E-01     0.17437009E-01     138     0.34752071E-01
 0.11699998E+02     0.15522687E+01     0.24307422E-01     0.90000000E+01    -0.10217292E+00     0.30539025E-01     0.50000001E-01     0.17951835E-01     138     0.34752071E-01
 0.11799999E+02     0.15555118E+01     0.24829268E-01     0.90000000E+01    -0.10117868E+00     0.30363433E-01     0.50000001E-01     0.18485345E-01     138     0.34752071E-01
 0.11900000E+02     0.15584766E+01     0.25381727E-01     0.90000000E+01    -0.10018867E+00     0.30201863E-01     0.50000001E-01     0.19049995E-01     138     0.34752071E-01
 0.12000000E+02     0.15602942E+01     0.26016617E-01     0.90000000E+01    -0.99106468E-01     0.29913999E-01     0.50000001E-01     0.19698141E-01     138     0.34752071E-01
 0.12099998E+02     0.15619510E+01     0.26680278E-01     0.90000000E+01    -0.98058872E-01     0.29758610E-01     0.50000001E-01     0.20376768E-01     138     0.34752071E-01
 0.12199999E+02     0.15625350E+01     0.27443942E-01     0.90000000E+01    -0.96958920E-01     0.29411277E-01     0.50000001E-01     0.21156376E-01     138     0.34752071E-01
 0.12299999E+02     0.15631381E+01     0.28230570E-01     0.90000000E+01    -0.95935233E-01     0.29255357E-01     0.50000001E-01     0.21961344E-01     138     0.34752071E-01
 0.12400001E+02     0.15628600E+01     0.29097298E-01     0.90000000E+01    -0.94910130E-01     0.29106477E-01     0.50000001E-01     0.22848623E-01     138     0.34752071E-01
 0.12499997E+02     0.15616262E+01     0.30075714E-01     0.90000000E+01    -0.93902618E-01     0.28950511E-01     0.50000001E-01     0.23850366E-01     138     0.34752071E-01
 0.12599998E+02     0.15591580E+01     0.31162156E-01     0.90000000E+01    -0.92918225E-01     0.28684858E-01     0.50000001E-01     0.24963278E-01     138     0.34752071E-01
 0.12699999E+02     0.15557414E+01     0.32377046E-01     0.90000000E+01    -0.92011191E-01     0.28667932E-01     0.50000001E-01     0.26208671E-01     138     0.34752071E-01
 0.12800000E+02     0.15498137E+01     0.33807278E-01     0.90000000E+01    -0.91137297E-01     0.28498041E-01     0.50000001E-01     0.27675010E-01     138     0.34752071E-01
 0.12900001E+02     0.15419836E+01     0.35466474E-01     0.90000000E+01    -0.90401694E-01     0.28497962E-01     0.50000001E-01     0.29377569E-01     139     0.38545102E-01
 0.12999998E+02     0.15307375E+01     0.37434272E-01     0.90000000E+01    -0.89828789E-01     0.28425030E-01     0.50000001E-01     0.31397320E-01     139     0.38545102E-01
 0.13099999E+02     0.15163028E+01     0.39741803E-01     0.90000000E+01    -0.89518614E-01     0.28464321E-01     0.50000001E-01     0.33766720E-01     139     0.38545102E-01
 0.13200000E+02     0.14846268E+01     0.43664243E-01     0.90000000E+01    -0.89687146E-01     0.27847277E-01     0.50000001E-01     0.37790559E-01     138     0.34752071E-01
 0.13300000E+02     0.14626237E+01     0.46691686E-01     0.90000000E+01    -0.90112895E-01     0.28676543E-01     0.50000001E-01     0.40905714E-01     138     0.34752071E-01
 0.13599999E+02     0.12945971E+01     0.61073173E-01     0.90000000E+01    -0.92142783E-01     0.30048722E-01     0.50000001E-01     0.55721533E-01     137     0.31237058E-01
 0.13700001E+02     0.12443343E+01     0.66793911E-01     0.90000000E+01    -0.92594214E-01     0.30600369E-01     0.50000001E-01     0.61557956E-01     137     0.31237058E-01
 0.13799997E+02     0.12166520E+01     0.70499927E-01     0.90000000E+01    -0.93114771E-01     0.30668844E-01     0.50000001E-01     0.65330997E-01     137     0.31237058E-01
 0.13899999E+02     0.11955240E+01     0.73769115E-01     0.90000000E+01    -0.93819886E-01     0.30609263E-01     0.50000001E-01     0.68655506E-01     137     0.31237058E-01
 0.13999999E+02     0.11889640E+01     0.75495258E-01     0.90000000E+01    -0.94146207E-01     0.30500110E-01     0.50000001E-01     0.70406795E-01     137     0.31237058E-01
 0.14100000E+02     0.11745527E+01     0.78299001E-01     0.90000000E+01    -0.94999224E-01     0.30595884E-01     0.50000001E-01     0.73257126E-01     137     0.31237058E-01
 0.14199998E+02     0.11719857E+01     0.79695612E-01     0.90000000E+01    -0.95352478E-01     0.30573420E-01     0.50000001E-01     0.74673884E-01     137     0.31237058E-01
 0.14299998E+02     0.11596758E+01     0.82404688E-01     0.90000000E+01    -0.96315190E-01     0.30374359E-01     0.50000001E-01     0.77422865E-01     137     0.31237058E-01
 0.14400000E+02     0.11586035E+01     0.83691977E-01     0.90000000E+01    -0.96724771E-01     0.30319862E-01     0.50000001E-01     0.78727350E-01     137     0.31237058E-01
 0.14500000E+02     0.11499357E+01     0.86069480E-01     0.90000000E+01    -0.97643651E-01     0.30219501E-01     0.50000001E-01     0.81139758E-01     137     0.31237058E-01
 0.14600000E+02     0.11490084E+01     0.87414972E-01     0.90000000E+01    -0.98122098E-01     0.30194789E-01     0.50000001E-01     0.82502656E-01     137     0.31237058E-01
 0.14699998E+02     0.11479656E+01     0.88720210E-01     0.90000000E+01    -0.98564960E-01     0.29791966E-01     0.50000001E-01     0.83820544E-01     137     0.31237058E-01
 0.14799999E+02     0.11412058E+01     0.90950191E-01     0.90000000E+01    -0.99546261E-01     0.29743887E-01     0.50000001E-01     0.86082883E-01     137     0.31237058E-01
 0.14900000E+02     0.11418025E+01     0.92152581E-01     0.90000000E+01    -0.10001794E+00     0.29757345E-01     0.50000001E-01     0.87301165E-01     137     0.31237058E-01
 0.15000001E+02     0.11418982E+01     0.93353644E-01     0.90000000E+01    -0.10046728E+00     0.29307019E-01     0.50000001E-01     0.88512696E-01     137     0.31237058E-01
 0.15099998E+02     0.11373024E+01     0.95316075E-01     0.90000000E+01    -0.10139551E+00     0.29100114E-01     0.50000001E-01     0.90501606E-01     137     0.31237058E-01
 0.15199999E+02     0.11377909E+01     0.96587554E-01     0.90000000E+01    -0.10193907E+00     0.29211449E-01     0.50000001E-01     0.91790326E-01     137     0.31237058E-01
 0.15299999E+02     0.11390113E+01     0.97719833E-01     0.90000000E+01    -0.10243581E+00     0.28870037E-01     0.50000001E-01     0.92933901E-01     137     0.31237058E-01
 0.15400001E+02     0.11396459E+01     0.98865770E-01     0.90000000E+01    -0.10290683E+00     0.28107964E-01     0.50000001E-01     0.94088890E-01     138     0.34752071E-01
 0.15499998E+02     0.11376595E+01     0.10059581E+00     0.90000000E+01    -0.10379873E+00     0.28667118E-01     0.50000001E-01     0.95847793E-01     138     0.34752071E-01
 0.15599998E+02     0.11383691E+01     0.10185754E+00     0.90000000E+01    -0.10440839E+00     0.28399989E-01     0.50000001E-01     0.97124010E-01     138     0.34752071E-01
 0.15699999E+02     0.11405065E+01     0.10286061E+00     0.90000000E+01    -0.10484956E+00     0.28286522E-01     0.50000001E-01     0.98138072E-01     138     0.34752071E-01
 0.15800000E+02     0.11422660E+01     0.10389838E+00     0.90000000E+01    -0.10532142E+00     0.27832214E-01     0.50000001E-01     0.99184744E-01     138     0.34752071E-01
 0.15899998E+02     0.11391712E+01     0.10571819E+00     0.90000000E+01    -0.10630081E+00     0.27194984E-01     0.50000001E-01     0.10102265E+00     138     0.34752071E-01
 0.15999998E+02     0.11412494E+01     0.10685714E+00     0.90000000E+01    -0.10689155E+00     0.27518097E-01     0.50000001E-01     0.10218016E+00     138     0.34752071E-01
 0.16099998E+02     0.11414325E+01     0.10806000E+00     0.90000000E+01    -0.10745011E+00     0.26770748E-01     0.50000001E-01     0.10338874E+00     138     0.34752071E-01
 0.16200001E+02     0.11448783E+01     0.10892702E+00     0.90000000E+01    -0.10789271E+00     0.26884314E-01     0.50000001E-01     0.10426716E+00     138     0.34752071E-01
 0.16300001E+02     0.11492113E+01     0.10971089E+00     0.90000000E+01    -0.10829505E+00     0.27254933E-01     0.50000001E-01     0.10506531E+00     138     0.34752071E-01
 0.16399998E+02     0.11450893E+01     0.11172425E+00     0.90000000E+01    -0.10944849E+00     0.26385395E-01     0.50000001E-01     0.10709402E+00     138     0.34752071E-01
 0.16499998E+02     0.11469327E+01     0.11280698E+00     0.90000000E+01    -0.11004824E+00     0.26235975E-01     0.50000001E-01     0.10818914E+00     138     0.34752071E-01
 0.16600000E+02     0.11496115E+01     0.11374237E+00     0.90000000E+01    -0.11052878E+00     0.26091332E-01     0.50000001E-01     0.10913429E+00     138     0.34752071E-01
