  
       RFOIL         Version 3.00
  
 Calculated polar for: OSO_2025_WT2_T24                
  
 1  Reynolds number fixed
  
 xtrf =      1.00000000 (suction)     1.00000000 (pressure)
 Rot. Parameters:  f0 =      1.00000000 c/r =      0.00000000
 Mach =      0.00000000     Re =      2.00000000 e 6     Ncrit =      9.00000000
  
             alpha                CL                CD            Re(CL)                CM             S_xtr             P_xtr               CDp            I_stag            X_stag
  ------- -------- --------- --------- -------- ------- ------- -------- 
-0.19100000E+02    -0.92301869E+00     0.12131426E+00     0.20000000E+01    -0.78491364E-02     0.99982935E+00     0.51580075E-01     0.11841013E+00      91     0.46763554E-01
-0.19000002E+02    -0.91960037E+00     0.12048596E+00     0.20000000E+01    -0.83698444E-02     0.99981701E+00     0.51811889E-01     0.11757967E+00      91     0.46763554E-01
-0.18700001E+02    -0.90878004E+00     0.11757274E+00     0.20000000E+01    -0.10673051E-01     0.99973595E+00     0.52484512E-01     0.11464655E+00      91     0.46763554E-01
-0.18600000E+02    -0.90612817E+00     0.11667151E+00     0.20000000E+01    -0.11229091E-01     0.99972767E+00     0.52524894E-01     0.11373373E+00      91     0.46763554E-01
-0.18500002E+02    -0.90161198E+00     0.11582071E+00     0.20000000E+01    -0.11958543E-01     0.99969006E+00     0.52800275E-01     0.11287750E+00      91     0.46763554E-01
-0.18400000E+02    -0.89614320E+00     0.11504987E+00     0.20000000E+01    -0.12648337E-01     0.99965191E+00     0.53055696E-01     0.11210071E+00      92     0.41686684E-01
-0.18300001E+02    -0.89140016E+00     0.11426484E+00     0.20000000E+01    -0.13310462E-01     0.99961698E+00     0.53270496E-01     0.11130875E+00      92     0.41686684E-01
-0.18200001E+02    -0.88725102E+00     0.11342629E+00     0.20000000E+01    -0.13958548E-01     0.99958444E+00     0.53517364E-01     0.11046176E+00      92     0.41686684E-01
-0.18100002E+02    -0.88302821E+00     0.11265748E+00     0.20000000E+01    -0.14452600E-01     0.99956554E+00     0.53651325E-01     0.10968423E+00      92     0.41686684E-01
-0.18000000E+02    -0.87790215E+00     0.11177564E+00     0.20000000E+01    -0.15212175E-01     0.99951905E+00     0.53923905E-01     0.10879268E+00      92     0.41686684E-01
-0.17900000E+02    -0.87394756E+00     0.11093457E+00     0.20000000E+01    -0.15806712E-01     0.99949390E+00     0.54113664E-01     0.10794023E+00      92     0.41686684E-01
-0.17800001E+02    -0.86985284E+00     0.11008779E+00     0.20000000E+01    -0.16393641E-01     0.99946350E+00     0.54249138E-01     0.10708205E+00      92     0.41686684E-01
-0.17700001E+02    -0.86474723E+00     0.10937111E+00     0.20000000E+01    -0.16875487E-01     0.99943632E+00     0.54463327E-01     0.10635627E+00      92     0.41686684E-01
-0.17600000E+02    -0.85897154E+00     0.10866150E+00     0.20000000E+01    -0.17491367E-01     0.99938810E+00     0.54618433E-01     0.10563654E+00      92     0.41686684E-01
-0.17500000E+02    -0.85316229E+00     0.10797074E+00     0.20000000E+01    -0.18074578E-01     0.99934411E+00     0.54757655E-01     0.10493587E+00      92     0.41686684E-01
-0.17400002E+02    -0.84743607E+00     0.10725215E+00     0.20000000E+01    -0.18628370E-01     0.99930120E+00     0.54912072E-01     0.10420866E+00      92     0.41686684E-01
-0.17300001E+02    -0.84472632E+00     0.10631259E+00     0.20000000E+01    -0.19348536E-01     0.99925894E+00     0.55312660E-01     0.10326412E+00      93     0.37020490E-01
-0.17200001E+02    -0.84319407E+00     0.10534254E+00     0.20000000E+01    -0.19825274E-01     0.99924886E+00     0.55662364E-01     0.10229187E+00      93     0.37020490E-01
-0.17100000E+02    -0.84047097E+00     0.10416513E+00     0.20000000E+01    -0.20733535E-01     0.99919111E+00     0.56148436E-01     0.10111323E+00      93     0.37020490E-01
-0.17000002E+02    -0.83682722E+00     0.10328461E+00     0.20000000E+01    -0.21313891E-01     0.99915338E+00     0.56294221E-01     0.10022608E+00      93     0.37020490E-01
-0.16900000E+02    -0.83271807E+00     0.10243148E+00     0.20000000E+01    -0.21973636E-01     0.99910259E+00     0.56721903E-01     0.99376075E-01      93     0.37020490E-01
-0.16800001E+02    -0.82868224E+00     0.10163827E+00     0.20000000E+01    -0.22464514E-01     0.99906850E+00     0.56846436E-01     0.98577194E-01      93     0.37020490E-01
-0.16700001E+02    -0.82443267E+00     0.10084387E+00     0.20000000E+01    -0.22998005E-01     0.99902546E+00     0.57112869E-01     0.97781278E-01      93     0.37020490E-01
-0.16600000E+02    -0.82006317E+00     0.10007733E+00     0.20000000E+01    -0.23487372E-01     0.99898875E+00     0.57411823E-01     0.97013704E-01      93     0.37020490E-01
-0.16500000E+02    -0.81504917E+00     0.99161938E-01     0.20000000E+01    -0.24238961E-01     0.99891579E+00     0.57671729E-01     0.96094340E-01      93     0.37020490E-01
-0.16400002E+02    -0.81049418E+00     0.98309726E-01     0.20000000E+01    -0.24918923E-01     0.99885589E+00     0.57927281E-01     0.95235765E-01      93     0.37020490E-01
-0.16300001E+02    -0.80646223E+00     0.97447895E-01     0.20000000E+01    -0.25474004E-01     0.99881130E+00     0.58211185E-01     0.94367638E-01      93     0.37020490E-01
-0.16200001E+02    -0.80167615E+00     0.96684821E-01     0.20000000E+01    -0.25959805E-01     0.99876410E+00     0.58401767E-01     0.93598001E-01      94     0.32759186E-01
-0.16100000E+02    -0.79632229E+00     0.95954724E-01     0.20000000E+01    -0.26545856E-01     0.99870014E+00     0.58666479E-01     0.92862420E-01      94     0.32759186E-01
-0.16000002E+02    -0.79109979E+00     0.95259875E-01     0.20000000E+01    -0.27008960E-01     0.99865013E+00     0.58921523E-01     0.92161678E-01      94     0.32759186E-01
-0.15900001E+02    -0.78592670E+00     0.94574057E-01     0.20000000E+01    -0.27455227E-01     0.99860215E+00     0.59147745E-01     0.91469914E-01      94     0.32759186E-01
-0.15800000E+02    -0.78051984E+00     0.93870901E-01     0.20000000E+01    -0.27904518E-01     0.99855065E+00     0.59445500E-01     0.90760104E-01      94     0.32759186E-01
-0.15700001E+02    -0.77520376E+00     0.93192890E-01     0.20000000E+01    -0.28381689E-01     0.99849492E+00     0.59663028E-01     0.90074353E-01      94     0.32759186E-01
-0.15600002E+02    -0.76872289E+00     0.92389338E-01     0.20000000E+01    -0.29218119E-01     0.99838662E+00     0.59879187E-01     0.89261271E-01      94     0.32759186E-01
-0.15500001E+02    -0.76320946E+00     0.91673285E-01     0.20000000E+01    -0.29702350E-01     0.99832964E+00     0.60078721E-01     0.88535309E-01      94     0.32759186E-01
-0.15400001E+02    -0.75790977E+00     0.90912238E-01     0.20000000E+01    -0.30226178E-01     0.99826843E+00     0.60218215E-01     0.87764211E-01      94     0.32759186E-01
-0.15300001E+02    -0.75287730E+00     0.90065069E-01     0.20000000E+01    -0.30894324E-01     0.99818712E+00     0.60572654E-01     0.86910561E-01      94     0.32759186E-01
-0.15200001E+02    -0.74950826E+00     0.89209974E-01     0.20000000E+01    -0.31418499E-01     0.99813151E+00     0.60998660E-01     0.86053655E-01      95     0.28887654E-01
-0.15100001E+02    -0.74582291E+00     0.88346079E-01     0.20000000E+01    -0.31959184E-01     0.99806660E+00     0.61490141E-01     0.85192434E-01      95     0.28887654E-01
-0.15000001E+02    -0.74157012E+00     0.87546192E-01     0.20000000E+01    -0.32478459E-01     0.99800402E+00     0.61890699E-01     0.84393404E-01      95     0.28887654E-01
-0.14900000E+02    -0.73657668E+00     0.86723313E-01     0.20000000E+01    -0.33132810E-01     0.99791604E+00     0.62213995E-01     0.83570212E-01      95     0.28887654E-01
-0.14800000E+02    -0.73198378E+00     0.85921250E-01     0.20000000E+01    -0.33661321E-01     0.99784875E+00     0.62568396E-01     0.82767695E-01      95     0.28887654E-01
-0.14700002E+02    -0.72660255E+00     0.85009061E-01     0.20000000E+01    -0.34503970E-01     0.99773490E+00     0.62886275E-01     0.81852481E-01      95     0.28887654E-01
-0.14600000E+02    -0.72333026E+00     0.84166050E-01     0.20000000E+01    -0.34827735E-01     0.99770379E+00     0.63205376E-01     0.81006527E-01      95     0.28887654E-01
-0.14500000E+02    -0.71709585E+00     0.83375350E-01     0.20000000E+01    -0.35638738E-01     0.99758434E+00     0.63508064E-01     0.80212906E-01      95     0.28887654E-01
-0.14400001E+02    -0.71105850E+00     0.82626194E-01     0.20000000E+01    -0.36306221E-01     0.99748349E+00     0.63838400E-01     0.79461642E-01      95     0.28887654E-01
-0.14300001E+02    -0.70530063E+00     0.81918247E-01     0.20000000E+01    -0.36857184E-01     0.99739838E+00     0.64122587E-01     0.78750841E-01      95     0.28887654E-01
-0.14200001E+02    -0.69931984E+00     0.81217900E-01     0.20000000E+01    -0.37388168E-01     0.99731636E+00     0.64588107E-01     0.78048036E-01      96     0.25384178E-01
-0.14100001E+02    -0.69326419E+00     0.80552839E-01     0.20000000E+01    -0.37933644E-01     0.99723029E+00     0.64911321E-01     0.77378571E-01      96     0.25384178E-01
-0.14000001E+02    -0.68716967E+00     0.79866663E-01     0.20000000E+01    -0.38514256E-01     0.99714047E+00     0.65200679E-01     0.76686390E-01      96     0.25384178E-01
-0.13900002E+02    -0.68041205E+00     0.79094172E-01     0.20000000E+01    -0.39276082E-01     0.99702275E+00     0.65545835E-01     0.75906895E-01      96     0.25384178E-01
-0.13800001E+02    -0.67395878E+00     0.78380749E-01     0.20000000E+01    -0.39906565E-01     0.99692577E+00     0.65826707E-01     0.75184762E-01      96     0.25384178E-01
-0.13700001E+02    -0.66593558E+00     0.77592432E-01     0.20000000E+01    -0.40929422E-01     0.99676853E+00     0.66100292E-01     0.74385874E-01      96     0.25384178E-01
-0.13600001E+02    -0.65910214E+00     0.76867528E-01     0.20000000E+01    -0.41617725E-01     0.99666387E+00     0.66316381E-01     0.73651060E-01      96     0.25384178E-01
-0.13500001E+02    -0.65451211E+00     0.75947411E-01     0.20000000E+01    -0.42351708E-01     0.99655849E+00     0.66900864E-01     0.72731219E-01      96     0.25384178E-01
-0.13400001E+02    -0.64850605E+00     0.75070672E-01     0.20000000E+01    -0.43301314E-01     0.99641693E+00     0.67481920E-01     0.71856245E-01      96     0.25384178E-01
-0.13300000E+02    -0.64273113E+00     0.74246600E-01     0.20000000E+01    -0.44072099E-01     0.99630141E+00     0.67982905E-01     0.71033135E-01      97     0.22222305E-01
-0.13200001E+02    -0.63682503E+00     0.73426746E-01     0.20000000E+01    -0.44873290E-01     0.99618292E+00     0.68504021E-01     0.70216402E-01      97     0.22222305E-01
-0.13100000E+02    -0.63033700E+00     0.72617270E-01     0.20000000E+01    -0.45724452E-01     0.99605691E+00     0.68878189E-01     0.69406472E-01      97     0.22222305E-01
-0.12800001E+02    -0.61005777E+00     0.69983192E-01     0.20000000E+01    -0.48750106E-01     0.99563050E+00     0.70163146E-01     0.66764742E-01      97     0.22222305E-01
-0.12700001E+02    -0.60189861E+00     0.69204062E-01     0.20000000E+01    -0.49817082E-01     0.99547219E+00     0.70622236E-01     0.65983959E-01      97     0.22222305E-01
-0.12500001E+02    -0.58107221E+00     0.67539021E-01     0.20000000E+01    -0.52879836E-01     0.99502349E+00     0.71715623E-01     0.64310409E-01      98     0.19374071E-01
-0.12400002E+02    -0.57488692E+00     0.66828750E-01     0.20000000E+01    -0.53333655E-01     0.99420732E+00     0.71951404E-01     0.63595563E-01      98     0.19374071E-01
-0.12300001E+02    -0.56718177E+00     0.66182978E-01     0.20000000E+01    -0.53939689E-01     0.99334925E+00     0.72495356E-01     0.62944673E-01      98     0.19374071E-01
-0.12200001E+02    -0.55847222E+00     0.65498620E-01     0.20000000E+01    -0.54809920E-01     0.99253678E+00     0.72856613E-01     0.62252220E-01      98     0.19374071E-01
-0.12100001E+02    -0.54999781E+00     0.64578503E-01     0.20000000E+01    -0.56135740E-01     0.99155045E+00     0.73416173E-01     0.61326563E-01      98     0.19374071E-01
-0.12000000E+02    -0.54371041E+00     0.63946411E-01     0.20000000E+01    -0.57420939E-01     0.99077284E+00     0.74216388E-01     0.60694106E-01      98     0.19374071E-01
-0.11900001E+02    -0.53564972E+00     0.63300759E-01     0.20000000E+01    -0.58895472E-01     0.98992074E+00     0.74911833E-01     0.60049061E-01      98     0.19374071E-01
-0.11800000E+02    -0.53601408E+00     0.62953785E-01     0.20000000E+01    -0.57820216E-01     0.98693478E+00     0.75295642E-01     0.59707142E-01      98     0.19374071E-01
-0.11700001E+02    -0.53198588E+00     0.62516347E-01     0.20000000E+01    -0.57887252E-01     0.98437506E+00     0.75788766E-01     0.59272461E-01      99     0.16811348E-01
-0.11600000E+02    -0.53784722E+00     0.62337350E-01     0.20000000E+01    -0.55434264E-01     0.97863245E+00     0.76064952E-01     0.59099920E-01      99     0.16811348E-01
-0.11500001E+02    -0.47092631E+00     0.60136877E-01     0.20000000E+01    -0.70620880E-01     0.73539883E+00     0.77940486E-01     0.55972435E-01      99     0.16811348E-01
-0.11400001E+02    -0.46647817E+00     0.59733905E-01     0.20000000E+01    -0.70653535E-01     0.70491737E+00     0.78433700E-01     0.55451285E-01      99     0.16811348E-01
-0.11300001E+02    -0.46182659E+00     0.59308510E-01     0.20000000E+01    -0.70770219E-01     0.68190151E+00     0.78888014E-01     0.54933857E-01      99     0.16811348E-01
-0.11200001E+02    -0.45716763E+00     0.58855820E-01     0.20000000E+01    -0.70941053E-01     0.66333264E+00     0.79435252E-01     0.54406215E-01     100     0.14507390E-01
-0.11100001E+02    -0.45236644E+00     0.58394555E-01     0.20000000E+01    -0.71140140E-01     0.64779961E+00     0.79839781E-01     0.53878658E-01     100     0.14507390E-01
-0.11000001E+02    -0.44665623E+00     0.57998400E-01     0.20000000E+01    -0.71298286E-01     0.63402450E+00     0.80264471E-01     0.53422932E-01     100     0.14507390E-01
-0.10900001E+02    -0.44257927E+00     0.57501737E-01     0.20000000E+01    -0.71492873E-01     0.62273413E+00     0.81037588E-01     0.52885346E-01     100     0.14507390E-01
-0.10800001E+02    -0.43903270E+00     0.56969617E-01     0.20000000E+01    -0.71693905E-01     0.61282593E+00     0.82160845E-01     0.52324478E-01     100     0.14507390E-01
-0.10700001E+02    -0.43477449E+00     0.56488514E-01     0.20000000E+01    -0.71886368E-01     0.60347909E+00     0.82889058E-01     0.51810116E-01     100     0.14507390E-01
-0.10600001E+02    -0.43041560E+00     0.55984553E-01     0.20000000E+01    -0.72090268E-01     0.59539974E+00     0.83516426E-01     0.51282175E-01     100     0.14507390E-01
-0.10500001E+02    -0.42624277E+00     0.55451747E-01     0.20000000E+01    -0.72312787E-01     0.58774388E+00     0.84136792E-01     0.50718993E-01     100     0.14507390E-01
-0.10400002E+02    -0.42246518E+00     0.54868333E-01     0.20000000E+01    -0.72561212E-01     0.57780200E+00     0.84739484E-01     0.50097063E-01     100     0.14507390E-01
-0.10300000E+02    -0.41814414E+00     0.54325975E-01     0.20000000E+01    -0.72788447E-01     0.57168007E+00     0.85387200E-01     0.49530037E-01     101     0.12437641E-01
-0.10200001E+02    -0.41308340E+00     0.53864006E-01     0.20000000E+01    -0.72966591E-01     0.56574398E+00     0.86084582E-01     0.49046353E-01     101     0.12437641E-01
-0.10100000E+02    -0.40791613E+00     0.53404976E-01     0.20000000E+01    -0.73144384E-01     0.56011546E+00     0.86738206E-01     0.48562091E-01     101     0.12437641E-01
-0.10000001E+02    -0.40252438E+00     0.52955266E-01     0.20000000E+01    -0.73320881E-01     0.55492646E+00     0.87436005E-01     0.48093345E-01     101     0.12437641E-01
-0.99000006E+01    -0.39692247E+00     0.52514985E-01     0.20000000E+01    -0.73487580E-01     0.54979283E+00     0.88037990E-01     0.47625549E-01     101     0.12437641E-01
-0.98000011E+01    -0.39238575E+00     0.51996492E-01     0.20000000E+01    -0.73689856E-01     0.54527164E+00     0.88899210E-01     0.47087420E-01     101     0.12437641E-01
-0.97000008E+01    -0.38915175E+00     0.51373299E-01     0.20000000E+01    -0.73945947E-01     0.54124254E+00     0.89938559E-01     0.46453930E-01     101     0.12437641E-01
-0.96000013E+01    -0.38599068E+00     0.50712094E-01     0.20000000E+01    -0.74207149E-01     0.53725463E+00     0.90761878E-01     0.45776736E-01     101     0.12437641E-01
-0.95000010E+01    -0.38169673E+00     0.50198246E-01     0.20000000E+01    -0.74392013E-01     0.53323990E+00     0.91637023E-01     0.45249369E-01     102     0.10580092E-01
-0.94000006E+01    -0.37725574E+00     0.49676526E-01     0.20000000E+01    -0.74576944E-01     0.52961606E+00     0.92510439E-01     0.44721380E-01     102     0.10580092E-01
-0.93000011E+01    -0.37268105E+00     0.49158536E-01     0.20000000E+01    -0.74757501E-01     0.52599454E+00     0.93390517E-01     0.44192489E-01     102     0.10580092E-01
-0.91999998E+01    -0.36814195E+00     0.48648369E-01     0.20000000E+01    -0.74939765E-01     0.52236825E+00     0.94297662E-01     0.43664858E-01     102     0.10580092E-01
-0.91000013E+01    -0.36369759E+00     0.48097059E-01     0.20000000E+01    -0.75140543E-01     0.51908338E+00     0.95227644E-01     0.43100148E-01     102     0.10580092E-01
-0.90000000E+01    -0.35965601E+00     0.47504056E-01     0.20000000E+01    -0.75372942E-01     0.51447290E+00     0.96461967E-01     0.42489752E-01     102     0.10580092E-01
-0.89000015E+01    -0.35549623E+00     0.46936601E-01     0.20000000E+01    -0.75576343E-01     0.51145959E+00     0.97545944E-01     0.41904360E-01     102     0.10580092E-01
-0.88000002E+01    -0.35188040E+00     0.46368830E-01     0.20000000E+01    -0.75756595E-01     0.50850409E+00     0.98904319E-01     0.41328184E-01     102     0.10580092E-01
-0.87000017E+01    -0.34802103E+00     0.45805153E-01     0.20000000E+01    -0.75936720E-01     0.50566119E+00     0.10006057E+00     0.40761195E-01     103     0.89153098E-02
-0.86000004E+01    -0.34432182E+00     0.45226932E-01     0.20000000E+01    -0.76128013E-01     0.50301445E+00     0.10130250E+00     0.40181391E-01     103     0.89153098E-02
-0.85000019E+01    -0.34084034E+00     0.44606265E-01     0.20000000E+01    -0.76343089E-01     0.50045329E+00     0.10245362E+00     0.39553430E-01     103     0.89153098E-02
-0.84000006E+01    -0.33784503E+00     0.43926224E-01     0.20000000E+01    -0.76589547E-01     0.49793935E+00     0.10366648E+00     0.38860459E-01     103     0.89153098E-02
-0.83000011E+01    -0.33357453E+00     0.43389633E-01     0.20000000E+01    -0.76753274E-01     0.49533233E+00     0.10493669E+00     0.38309269E-01     103     0.89153098E-02
-0.82000008E+01    -0.32874772E+00     0.42895298E-01     0.20000000E+01    -0.76901548E-01     0.49274364E+00     0.10618631E+00     0.37805136E-01     103     0.89153098E-02
-0.81000013E+01    -0.32591489E+00     0.42262703E-01     0.20000000E+01    -0.77089667E-01     0.49053302E+00     0.10809952E+00     0.37173312E-01     103     0.89153098E-02
-0.80000010E+01    -0.32350442E+00     0.41575983E-01     0.20000000E+01    -0.77301629E-01     0.48837379E+00     0.10975478E+00     0.36487140E-01     103     0.89153098E-02
-0.79000001E+01    -0.32199171E+00     0.40794816E-01     0.20000000E+01    -0.77569433E-01     0.48625997E+00     0.11133325E+00     0.35699613E-01     103     0.89153098E-02
-0.78000011E+01    -0.31873390E+00     0.40194672E-01     0.20000000E+01    -0.77737436E-01     0.48409957E+00     0.11306497E+00     0.35092466E-01     104     0.74266298E-02
-0.77000003E+01    -0.31506416E+00     0.39635573E-01     0.20000000E+01    -0.77886060E-01     0.48186558E+00     0.11489090E+00     0.34523193E-01     104     0.74266298E-02
-0.76000009E+01    -0.31259900E+00     0.38980138E-01     0.20000000E+01    -0.78060433E-01     0.47976795E+00     0.11713999E+00     0.33862855E-01     104     0.74266298E-02
-0.75000005E+01    -0.31288272E+00     0.38079888E-01     0.20000000E+01    -0.78338213E-01     0.47802126E+00     0.11942194E+00     0.32966718E-01     104     0.74266298E-02
-0.74000010E+01    -0.31181037E+00     0.37323736E-01     0.20000000E+01    -0.78540727E-01     0.47520509E+00     0.12181898E+00     0.32209754E-01     104     0.74266298E-02
-0.73000002E+01    -0.30982062E+00     0.36653202E-01     0.20000000E+01    -0.78697704E-01     0.47334823E+00     0.12451285E+00     0.31539481E-01     104     0.74266298E-02
-0.72000012E+01    -0.30977929E+00     0.35842486E-01     0.20000000E+01    -0.78898601E-01     0.47164339E+00     0.12738341E+00     0.30725352E-01     104     0.74266298E-02
-0.70000014E+01    -0.31552753E+00     0.33815823E-01     0.20000000E+01    -0.79337239E-01     0.46849161E+00     0.13562445E+00     0.28707506E-01     104     0.74266298E-02
-0.69000006E+01    -0.32204854E+00     0.32556396E-01     0.20000000E+01    -0.79587467E-01     0.46709332E+00     0.13917373E+00     0.27447235E-01     104     0.74266298E-02
-0.68000016E+01    -0.32693052E+00     0.31492233E-01     0.20000000E+01    -0.79680607E-01     0.46579871E+00     0.14372896E+00     0.26395973E-01     104     0.74266298E-02
-0.67000008E+01    -0.33684450E+00     0.30105041E-01     0.20000000E+01    -0.79672396E-01     0.46475536E+00     0.14734358E+00     0.25006417E-01     104     0.74266298E-02
-0.66000018E+01    -0.35034001E+00     0.28920820E-01     0.20000000E+01    -0.78696974E-01     0.46384749E+00     0.14986201E+00     0.23824675E-01     104     0.74266298E-02
-0.65000010E+01    -0.36054742E+00     0.27173247E-01     0.20000000E+01    -0.80099165E-01     0.46282366E+00     0.15482959E+00     0.22069909E-01     104     0.74266298E-02
-0.64000001E+01    -0.24689540E+00     0.92778113E-02     0.20000000E+01    -0.14322433E+00     0.45648658E+00     0.32705224E+00     0.42302017E-02     105     0.60997931E-02
-0.63000011E+01    -0.23376273E+00     0.92319986E-02     0.20000000E+01    -0.14364678E+00     0.45415750E+00     0.33114243E+00     0.41769193E-02     105     0.60997931E-02
-0.62000003E+01    -0.22062775E+00     0.91855908E-02     0.20000000E+01    -0.14404280E+00     0.45219281E+00     0.33438891E+00     0.41325246E-02     105     0.60997931E-02
-0.61000009E+01    -0.20783478E+00     0.91687730E-02     0.20000000E+01    -0.14432636E+00     0.44939148E+00     0.33732876E+00     0.41026776E-02     106     0.49227113E-02
-0.60000000E+01    -0.19480890E+00     0.91333585E-02     0.20000000E+01    -0.14469197E+00     0.44738892E+00     0.33976603E+00     0.40609161E-02     106     0.49227113E-02
-0.59000010E+01    -0.18183994E+00     0.91029210E-02     0.20000000E+01    -0.14504297E+00     0.44543990E+00     0.34256577E+00     0.40268032E-02     106     0.49227113E-02
-0.58000002E+01    -0.16916449E+00     0.90969773E-02     0.20000000E+01    -0.14529666E+00     0.44350171E+00     0.34542444E+00     0.40052729E-02     106     0.49227113E-02
-0.57000012E+01    -0.15668055E+00     0.91078123E-02     0.20000000E+01    -0.14548598E+00     0.44139540E+00     0.34716022E+00     0.39882637E-02     107     0.38855695E-02
-0.56000004E+01    -0.14359842E+00     0.90703769E-02     0.20000000E+01    -0.14585175E+00     0.43962604E+00     0.34869620E+00     0.39551081E-02     107     0.38855695E-02
-0.55000014E+01    -0.13070269E+00     0.90478566E-02     0.20000000E+01    -0.14615990E+00     0.43784109E+00     0.35007659E+00     0.39304723E-02     107     0.38855695E-02
-0.54000006E+01    -0.11792073E+00     0.90350937E-02     0.20000000E+01    -0.14643107E+00     0.43606290E+00     0.35141110E+00     0.39103292E-02     107     0.38855695E-02
-0.53000016E+01    -0.10521805E+00     0.90291100E-02     0.20000000E+01    -0.14667757E+00     0.43429902E+00     0.35269102E+00     0.38923915E-02     107     0.38855695E-02
-0.52000008E+01    -0.92608601E-01     0.90309335E-02     0.20000000E+01    -0.14689568E+00     0.43256694E+00     0.35393882E+00     0.38766488E-02     108     0.29804131E-02
-0.51000013E+01    -0.80185123E-01     0.90460023E-02     0.20000000E+01    -0.14705858E+00     0.43082058E+00     0.35565445E+00     0.38669957E-02     108     0.29804131E-02
-0.50000010E+01    -0.67578934E-01     0.90498738E-02     0.20000000E+01    -0.14728412E+00     0.42889944E+00     0.35670725E+00     0.38478579E-02     108     0.29804131E-02
-0.49000015E+01    -0.54593273E-01     0.90221763E-02     0.20000000E+01    -0.14761521E+00     0.42666435E+00     0.35832572E+00     0.38290289E-02     108     0.29804131E-02
-0.48000007E+01    -0.41809458E-01     0.90106139E-02     0.20000000E+01    -0.14787970E+00     0.42504245E+00     0.35921621E+00     0.38132952E-02     109     0.22007464E-02
-0.47000003E+01    -0.29088726E-01     0.90043573E-02     0.20000000E+01    -0.14812469E+00     0.42342067E+00     0.36007941E+00     0.37997388E-02     109     0.22007464E-02
-0.46000009E+01    -0.16421581E-01     0.90029500E-02     0.20000000E+01    -0.14835344E+00     0.42183256E+00     0.36092696E+00     0.37878356E-02     109     0.22007464E-02
-0.45000000E+01    -0.38197646E-02     0.90064574E-02     0.20000000E+01    -0.14856593E+00     0.42025957E+00     0.36175248E+00     0.37769303E-02     109     0.22007464E-02
-0.44000010E+01     0.87335510E-02     0.90142824E-02     0.20000000E+01    -0.14876471E+00     0.41869262E+00     0.36256242E+00     0.37668534E-02     109     0.22007464E-02
-0.43000002E+01     0.21197725E-01     0.90292618E-02     0.20000000E+01    -0.14893928E+00     0.41700542E+00     0.36361751E+00     0.37598480E-02     110     0.15419117E-02
-0.42000012E+01     0.33644162E-01     0.90436367E-02     0.20000000E+01    -0.14909650E+00     0.41543490E+00     0.36478719E+00     0.37573106E-02     110     0.15419117E-02
-0.41000004E+01     0.46304200E-01     0.90413084E-02     0.20000000E+01    -0.14931399E+00     0.41398576E+00     0.36604217E+00     0.37462530E-02     110     0.15419117E-02
-0.40000014E+01     0.59125520E-01     0.90284348E-02     0.20000000E+01    -0.14958492E+00     0.41254446E+00     0.36679557E+00     0.37334086E-02     110     0.15419117E-02
-0.39000006E+01     0.71857654E-01     0.90233283E-02     0.20000000E+01    -0.14983159E+00     0.41048229E+00     0.36747673E+00     0.37219869E-02     111     0.10009136E-02
-0.38000014E+01     0.84535763E-01     0.90222862E-02     0.20000000E+01    -0.15006214E+00     0.40903223E+00     0.36809668E+00     0.37138099E-02     111     0.10009136E-02
-0.37000005E+01     0.97161360E-01     0.90256110E-02     0.20000000E+01    -0.15027934E+00     0.40759504E+00     0.36870727E+00     0.37071519E-02     111     0.10009136E-02
-0.36000016E+01     0.10973870E+00     0.90327989E-02     0.20000000E+01    -0.15048416E+00     0.40614259E+00     0.36930203E+00     0.37017297E-02     111     0.10009136E-02
-0.35000007E+01     0.12227082E+00     0.90443986E-02     0.20000000E+01    -0.15067713E+00     0.40460503E+00     0.36989206E+00     0.36979993E-02     111     0.10009136E-02
-0.34000015E+01     0.13478668E+00     0.90546757E-02     0.20000000E+01    -0.15085517E+00     0.40316436E+00     0.37090945E+00     0.37020338E-02     112     0.57556073E-03
-0.33000009E+01     0.14735061E+00     0.90602785E-02     0.20000000E+01    -0.15103640E+00     0.40186036E+00     0.37187681E+00     0.37020701E-02     112     0.57556073E-03
-0.32000017E+01     0.15994154E+00     0.90646856E-02     0.20000000E+01    -0.15122867E+00     0.40052447E+00     0.37240046E+00     0.36972929E-02     112     0.57556073E-03
-0.31000009E+01     0.17249756E+00     0.90722870E-02     0.20000000E+01    -0.15141203E+00     0.39919776E+00     0.37295979E+00     0.36937315E-02     112     0.57556073E-03
-0.30000000E+01     0.18502265E+00     0.90825697E-02     0.20000000E+01    -0.15158840E+00     0.39787683E+00     0.37349001E+00     0.36904626E-02     113     0.26492128E-03
-0.29000010E+01     0.19750947E+00     0.90959165E-02     0.20000000E+01    -0.15175465E+00     0.39657566E+00     0.37399805E+00     0.36875545E-02     113     0.26492128E-03
-0.28000002E+01     0.20994681E+00     0.91130054E-02     0.20000000E+01    -0.15190977E+00     0.39528325E+00     0.37446588E+00     0.36854218E-02     113     0.26492128E-03
-0.27000012E+01     0.22244665E+00     0.91269864E-02     0.20000000E+01    -0.15209828E+00     0.39337903E+00     0.37553883E+00     0.36830534E-02     113     0.26492128E-03
-0.26000004E+01     0.23506108E+00     0.91328193E-02     0.20000000E+01    -0.15232223E+00     0.39187792E+00     0.37657011E+00     0.36851256E-02     113     0.26492128E-03
-0.25000012E+01     0.24776097E+00     0.91294833E-02     0.20000000E+01    -0.15254259E+00     0.39068145E+00     0.37707287E+00     0.36861687E-02     114     0.74709220E-04
-0.24000003E+01     0.26042360E+00     0.91291433E-02     0.20000000E+01    -0.15275159E+00     0.38948321E+00     0.37755993E+00     0.36862548E-02     114     0.74709220E-04
-0.23000014E+01     0.27298164E+00     0.91363573E-02     0.20000000E+01    -0.15293583E+00     0.38823375E+00     0.37859541E+00     0.36959774E-02     114     0.74709220E-04
-0.22000005E+01     0.28553954E+00     0.91439839E-02     0.20000000E+01    -0.15311980E+00     0.38702202E+00     0.37903520E+00     0.36980594E-02     114     0.74709220E-04
-0.21000013E+01     0.29799867E+00     0.91588311E-02     0.20000000E+01    -0.15327597E+00     0.38580200E+00     0.37981457E+00     0.37063309E-02     115     0.21237647E-05
-0.20000007E+01     0.31048694E+00     0.91720922E-02     0.20000000E+01    -0.15344414E+00     0.38461739E+00     0.38024986E+00     0.37097652E-02     115     0.21237647E-05
-0.19000015E+01     0.32295135E+00     0.91875410E-02     0.20000000E+01    -0.15360543E+00     0.38341504E+00     0.38069993E+00     0.37134374E-02     115     0.21237647E-05
-0.18000008E+01     0.33522251E+00     0.92165191E-02     0.20000000E+01    -0.15371567E+00     0.38221055E+00     0.38185537E+00     0.37282044E-02     115     0.21237647E-05
-0.16000009E+01     0.35993084E+00     0.92633441E-02     0.20000000E+01    -0.15398236E+00     0.37913758E+00     0.38304535E+00     0.37450194E-02     116     0.28969960E-04
-0.15000000E+01     0.37233892E+00     0.92801834E-02     0.20000000E+01    -0.15411079E+00     0.37805423E+00     0.38371852E+00     0.37526879E-02     116     0.28969960E-04
-0.14000009E+01     0.38479832E+00     0.92940014E-02     0.20000000E+01    -0.15425922E+00     0.37694028E+00     0.38405457E+00     0.37570088E-02     116     0.28969960E-04
-0.13000002E+01     0.39723006E+00     0.93103787E-02     0.20000000E+01    -0.15440111E+00     0.37579700E+00     0.38437462E+00     0.37616333E-02     116     0.28969960E-04
-0.12000011E+01     0.40990227E+00     0.93086474E-02     0.20000000E+01    -0.15462248E+00     0.37464949E+00     0.38506663E+00     0.37634983E-02     117     0.14431638E-03
-0.11000003E+01     0.42249861E+00     0.93136495E-02     0.20000000E+01    -0.15482214E+00     0.37354198E+00     0.38565275E+00     0.37688380E-02     117     0.14431638E-03
-0.10000012E+01     0.43502343E+00     0.93241846E-02     0.20000000E+01    -0.15500319E+00     0.37243289E+00     0.38616312E+00     0.37765657E-02     117     0.14431638E-03
-0.90000039E+00     0.44749442E+00     0.93391566E-02     0.20000000E+01    -0.15516983E+00     0.37131527E+00     0.38662544E+00     0.37860814E-02     117     0.14431638E-03
-0.80000126E+00     0.45991656E+00     0.93581257E-02     0.20000000E+01    -0.15532528E+00     0.37018847E+00     0.38707325E+00     0.37976671E-02     117     0.14431638E-03
-0.70000046E+00     0.47227082E+00     0.93818931E-02     0.20000000E+01    -0.15546662E+00     0.36892271E+00     0.38747707E+00     0.38111857E-02     118     0.34258093E-03
-0.60000139E+00     0.48468271E+00     0.94004497E-02     0.20000000E+01    -0.15561385E+00     0.36773857E+00     0.38790369E+00     0.38278573E-02     118     0.34258093E-03
-0.50000060E+00     0.49724293E+00     0.94055254E-02     0.20000000E+01    -0.15578336E+00     0.36634874E+00     0.38831156E+00     0.38363268E-02     118     0.34258093E-03
-0.40000150E+00     0.50971097E+00     0.94180610E-02     0.20000000E+01    -0.15593472E+00     0.36527401E+00     0.38871720E+00     0.38483003E-02     118     0.34258093E-03
-0.30000070E+00     0.52213538E+00     0.94337761E-02     0.20000000E+01    -0.15607755E+00     0.36421391E+00     0.38911200E+00     0.38609589E-02     118     0.34258093E-03
-0.20000160E+00     0.53453046E+00     0.94521306E-02     0.20000000E+01    -0.15621282E+00     0.36315468E+00     0.38953331E+00     0.38751438E-02     119     0.63133589E-03
-0.10000080E+00     0.54686356E+00     0.94743110E-02     0.20000000E+01    -0.15633462E+00     0.36212140E+00     0.39011160E+00     0.38918192E-02     119     0.63133589E-03
 0.00000000E+00     0.55919909E+00     0.94965911E-02     0.20000000E+01    -0.15645812E+00     0.36107427E+00     0.39052847E+00     0.39061815E-02     119     0.63133589E-03
 0.99999093E-01     0.57150030E+00     0.95219687E-02     0.20000000E+01    -0.15657498E+00     0.36005872E+00     0.39096665E+00     0.39222711E-02     119     0.63133589E-03
 0.19999990E+00     0.58376193E+00     0.95504923E-02     0.20000000E+01    -0.15668425E+00     0.35900772E+00     0.39139777E+00     0.39396370E-02     119     0.63133589E-03
 0.29999900E+00     0.59597272E+00     0.95826881E-02     0.20000000E+01    -0.15678388E+00     0.35787582E+00     0.39183819E+00     0.39588730E-02     120     0.10182067E-02
 0.39999980E+00     0.60812533E+00     0.96190060E-02     0.20000000E+01    -0.15687163E+00     0.35659832E+00     0.39226976E+00     0.39832261E-02     120     0.10182067E-02
 0.49999887E+00     0.62055010E+00     0.96317669E-02     0.20000000E+01    -0.15700229E+00     0.35572150E+00     0.39269602E+00     0.39970293E-02     120     0.10182067E-02
 0.59999967E+00     0.63293475E+00     0.96470742E-02     0.20000000E+01    -0.15712495E+00     0.35439053E+00     0.39309949E+00     0.40099602E-02     120     0.10182067E-02
 0.69999880E+00     0.64523464E+00     0.96695777E-02     0.20000000E+01    -0.15722899E+00     0.35340062E+00     0.39348915E+00     0.40271706E-02     121     0.15063530E-02
 0.79999959E+00     0.65748340E+00     0.96954471E-02     0.20000000E+01    -0.15732355E+00     0.35240236E+00     0.39383602E+00     0.40452178E-02     121     0.15063530E-02
 0.89999866E+00     0.66977042E+00     0.97190132E-02     0.20000000E+01    -0.15743400E+00     0.35141015E+00     0.39428744E+00     0.40629376E-02     121     0.15063530E-02
 0.99999946E+00     0.68220854E+00     0.97335894E-02     0.20000000E+01    -0.15759158E+00     0.35043794E+00     0.39498451E+00     0.40811235E-02     121     0.15063530E-02
 0.10999986E+01     0.69456524E+00     0.97540906E-02     0.20000000E+01    -0.15772825E+00     0.34946865E+00     0.39559025E+00     0.41023279E-02     121     0.15063530E-02
 0.11999993E+01     0.70685053E+00     0.97796265E-02     0.20000000E+01    -0.15784740E+00     0.34848934E+00     0.39612257E+00     0.41258303E-02     121     0.15063530E-02
 0.12999984E+01     0.71907139E+00     0.98094810E-02     0.20000000E+01    -0.15795316E+00     0.34748080E+00     0.39660463E+00     0.41515008E-02     122     0.20985133E-02
 0.13999993E+01     0.73121810E+00     0.98448945E-02     0.20000000E+01    -0.15804197E+00     0.34636673E+00     0.39706469E+00     0.41800714E-02     122     0.20985133E-02
 0.14999983E+01     0.74334824E+00     0.98802978E-02     0.20000000E+01    -0.15812564E+00     0.34523097E+00     0.39751884E+00     0.42132773E-02     122     0.20985133E-02
 0.15999992E+01     0.75573975E+00     0.98943636E-02     0.20000000E+01    -0.15824960E+00     0.34440923E+00     0.39796421E+00     0.42354329E-02     122     0.20985133E-02
 0.16999999E+01     0.76809299E+00     0.99104363E-02     0.20000000E+01    -0.15836692E+00     0.34314910E+00     0.39840418E+00     0.42569330E-02     123     0.27974360E-02
 0.17999990E+01     0.78034997E+00     0.99338768E-02     0.20000000E+01    -0.15846425E+00     0.34219936E+00     0.39883980E+00     0.42822780E-02     123     0.27974360E-02
 0.18999999E+01     0.79255915E+00     0.99604921E-02     0.20000000E+01    -0.15855229E+00     0.34125838E+00     0.39927870E+00     0.43084268E-02     123     0.27974360E-02
 0.19999989E+01     0.80470282E+00     0.99911541E-02     0.20000000E+01    -0.15862630E+00     0.34032980E+00     0.39991137E+00     0.43377937E-02     123     0.27974360E-02
 0.20999997E+01     0.81683958E+00     0.10022704E-01     0.20000000E+01    -0.15870036E+00     0.33941045E+00     0.40035430E+00     0.43658302E-02     123     0.27974360E-02
 0.21999989E+01     0.82894123E+00     0.10056237E-01     0.20000000E+01    -0.15876828E+00     0.33847654E+00     0.40082276E+00     0.43941010E-02     123     0.27974360E-02
 0.22999997E+01     0.84100252E+00     0.10093365E-01     0.20000000E+01    -0.15882772E+00     0.33756456E+00     0.40128246E+00     0.44249417E-02     124     0.36052344E-02
 0.23999987E+01     0.85300750E+00     0.10133646E-01     0.20000000E+01    -0.15887828E+00     0.33661485E+00     0.40175495E+00     0.44565406E-02     124     0.36052344E-02
 0.24999995E+01     0.86495143E+00     0.10178537E-01     0.20000000E+01    -0.15891518E+00     0.33558556E+00     0.40221205E+00     0.44905506E-02     124     0.36052344E-02
 0.25999987E+01     0.87679714E+00     0.10229807E-01     0.20000000E+01    -0.15893474E+00     0.33442420E+00     0.40265059E+00     0.45286161E-02     124     0.36052344E-02
 0.26999993E+01     0.88905722E+00     0.10248124E-01     0.20000000E+01    -0.15902202E+00     0.33328542E+00     0.40309072E+00     0.45543243E-02     124     0.36052344E-02
 0.27999985E+01     0.90119302E+00     0.10275252E-01     0.20000000E+01    -0.15908484E+00     0.33243710E+00     0.40349457E+00     0.45826165E-02     125     0.45235301E-02
 0.28999994E+01     0.91327125E+00     0.10306184E-01     0.20000000E+01    -0.15913452E+00     0.33155727E+00     0.40386063E+00     0.46117939E-02     125     0.45235301E-02
 0.29999983E+01     0.92544198E+00     0.10332998E-01     0.20000000E+01    -0.15921979E+00     0.33067045E+00     0.40446860E+00     0.46423636E-02     125     0.45235301E-02
 0.30999992E+01     0.93764746E+00     0.10358752E-01     0.20000000E+01    -0.15931842E+00     0.32977369E+00     0.40517882E+00     0.46755634E-02     125     0.45235301E-02
 0.31999984E+01     0.94977957E+00     0.10389041E-01     0.20000000E+01    -0.15939857E+00     0.32887554E+00     0.40579626E+00     0.47106901E-02     125     0.45235301E-02
 0.32999990E+01     0.96183693E+00     0.10423750E-01     0.20000000E+01    -0.15946262E+00     0.32799679E+00     0.40633997E+00     0.47482336E-02     126     0.55540195E-02
 0.33999999E+01     0.97383785E+00     0.10461747E-01     0.20000000E+01    -0.15951428E+00     0.32711568E+00     0.40687701E+00     0.47866940E-02     126     0.55540195E-02
 0.34999990E+01     0.98577589E+00     0.10504048E-01     0.20000000E+01    -0.15955204E+00     0.32624513E+00     0.40734935E+00     0.48272661E-02     126     0.55540195E-02
 0.35999999E+01     0.99763900E+00     0.10551413E-01     0.20000000E+01    -0.15957525E+00     0.32530412E+00     0.40782857E+00     0.48710080E-02     126     0.55540195E-02
 0.36999989E+01     0.10092964E+01     0.10612085E-01     0.20000000E+01    -0.15956539E+00     0.32377118E+00     0.40829858E+00     0.49190084E-02     126     0.55540195E-02
 0.37999997E+01     0.10213659E+01     0.10641607E-01     0.20000000E+01    -0.15961921E+00     0.32294646E+00     0.40877512E+00     0.49598846E-02     127     0.66984380E-02
 0.38999987E+01     0.10334626E+01     0.10668652E-01     0.20000000E+01    -0.15967585E+00     0.32214347E+00     0.40925092E+00     0.49957177E-02     127     0.66984380E-02
 0.39999995E+01     0.10454665E+01     0.10700592E-01     0.20000000E+01    -0.15971401E+00     0.32130387E+00     0.40991941E+00     0.50346386E-02     127     0.66984380E-02
 0.40999985E+01     0.10574423E+01     0.10735164E-01     0.20000000E+01    -0.15974759E+00     0.32047185E+00     0.41040322E+00     0.50734812E-02     127     0.66984380E-02
 0.41999993E+01     0.10693647E+01     0.10773394E-01     0.20000000E+01    -0.15977128E+00     0.31959960E+00     0.41089270E+00     0.51138233E-02     127     0.66984380E-02
 0.42999988E+01     0.10812358E+01     0.10813602E-01     0.20000000E+01    -0.15978722E+00     0.31872684E+00     0.41139105E+00     0.51549738E-02     128     0.79589644E-02
 0.43999991E+01     0.10930427E+01     0.10859067E-01     0.20000000E+01    -0.15979229E+00     0.31752783E+00     0.41189063E+00     0.51958920E-02     128     0.79589644E-02
 0.44999986E+01     0.11048064E+01     0.10906194E-01     0.20000000E+01    -0.15978715E+00     0.31665933E+00     0.41238520E+00     0.52390210E-02     128     0.79589644E-02
 0.45999994E+01     0.11165103E+01     0.10957503E-01     0.20000000E+01    -0.15977111E+00     0.31580803E+00     0.41287181E+00     0.52847438E-02     128     0.79589644E-02
 0.47000003E+01     0.11281354E+01     0.11013247E-01     0.20000000E+01    -0.15973996E+00     0.31491047E+00     0.41331804E+00     0.53325375E-02     128     0.79589644E-02
 0.47999973E+01     0.11396528E+01     0.11075340E-01     0.20000000E+01    -0.15968962E+00     0.31391671E+00     0.41374272E+00     0.53839851E-02     128     0.79589644E-02
 0.48999982E+01     0.11510849E+01     0.11141822E-01     0.20000000E+01    -0.15962104E+00     0.31285852E+00     0.41411328E+00     0.54432889E-02     129     0.93380893E-02
 0.49999990E+01     0.11632320E+01     0.11163651E-01     0.20000000E+01    -0.15969564E+00     0.31212762E+00     0.41489699E+00     0.54825516E-02     129     0.93380893E-02
 0.50999999E+01     0.11752758E+01     0.11191911E-01     0.20000000E+01    -0.15975145E+00     0.31133664E+00     0.41561842E+00     0.55265306E-02     129     0.93380893E-02
 0.52000008E+01     0.11872677E+01     0.11222398E-01     0.20000000E+01    -0.15979411E+00     0.31018117E+00     0.41626197E+00     0.55692154E-02     129     0.93380893E-02
 0.52999978E+01     0.11991043E+01     0.11262266E-01     0.20000000E+01    -0.15980642E+00     0.30931857E+00     0.41682723E+00     0.56182137E-02     129     0.93380893E-02
 0.53999987E+01     0.12108674E+01     0.11306182E-01     0.20000000E+01    -0.15980399E+00     0.30844802E+00     0.41738132E+00     0.56694667E-02     130     0.10838998E-01
 0.54999995E+01     0.12225726E+01     0.11353015E-01     0.20000000E+01    -0.15979095E+00     0.30759123E+00     0.41789153E+00     0.57210648E-02     130     0.10838998E-01
 0.56000004E+01     0.12342141E+01     0.11403703E-01     0.20000000E+01    -0.15976544E+00     0.30676109E+00     0.41839597E+00     0.57746978E-02     130     0.10838998E-01
 0.56999979E+01     0.12457895E+01     0.11457912E-01     0.20000000E+01    -0.15972820E+00     0.30592990E+00     0.41891140E+00     0.58299829E-02     130     0.10838998E-01
 0.57999988E+01     0.12572935E+01     0.11516511E-01     0.20000000E+01    -0.15967691E+00     0.30507338E+00     0.41943133E+00     0.58874851E-02     130     0.10838998E-01
 0.58999996E+01     0.12686059E+01     0.11587310E-01     0.20000000E+01    -0.15959415E+00     0.30377740E+00     0.41992885E+00     0.59498316E-02     131     0.12465740E-01
 0.60000000E+01     0.12798806E+01     0.11657660E-01     0.20000000E+01    -0.15950072E+00     0.30219612E+00     0.42065200E+00     0.60164030E-02     131     0.12465740E-01
 0.60999975E+01     0.12917988E+01     0.11685682E-01     0.20000000E+01    -0.15951708E+00     0.30091006E+00     0.42118284E+00     0.60568578E-02     131     0.12465740E-01
 0.61999984E+01     0.13035139E+01     0.11726500E-01     0.20000000E+01    -0.15950374E+00     0.29777196E+00     0.42171788E+00     0.60922951E-02     131     0.12465740E-01
 0.62999992E+01     0.13149533E+01     0.11784586E-01     0.20000000E+01    -0.15943894E+00     0.29644084E+00     0.42225328E+00     0.61467872E-02     131     0.12465740E-01
 0.64000001E+01     0.13262516E+01     0.11851993E-01     0.20000000E+01    -0.15934907E+00     0.29497415E+00     0.42277434E+00     0.62056747E-02     132     0.14223367E-01
 0.65000010E+01     0.13371615E+01     0.11944730E-01     0.20000000E+01    -0.15919726E+00     0.29266036E+00     0.42329052E+00     0.62734718E-02     132     0.14223367E-01
 0.65999980E+01     0.13486391E+01     0.11996876E-01     0.20000000E+01    -0.15913257E+00     0.29167289E+00     0.42377332E+00     0.63326834E-02     132     0.14223367E-01
 0.66999989E+01     0.13602707E+01     0.12037707E-01     0.20000000E+01    -0.15909487E+00     0.28899950E+00     0.42422220E+00     0.63736904E-02     132     0.14223367E-01
 0.67999997E+01     0.13716511E+01     0.12094691E-01     0.20000000E+01    -0.15901147E+00     0.28796709E+00     0.42466637E+00     0.64309086E-02     132     0.14223367E-01
 0.69000006E+01     0.13830328E+01     0.12157206E-01     0.20000000E+01    -0.15895543E+00     0.28584859E+00     0.42553386E+00     0.64924937E-02     132     0.14223367E-01
 0.69999981E+01     0.13943691E+01     0.12221082E-01     0.20000000E+01    -0.15888272E+00     0.28476331E+00     0.42628255E+00     0.65608695E-02     133     0.16118005E-01
 0.70999990E+01     0.14052895E+01     0.12311167E-01     0.20000000E+01    -0.15874586E+00     0.28110644E+00     0.42693728E+00     0.66355821E-02     133     0.16118005E-01
 0.71999998E+01     0.14167490E+01     0.12363046E-01     0.20000000E+01    -0.15868607E+00     0.27932683E+00     0.42753193E+00     0.66961250E-02     133     0.16118005E-01
 0.73000002E+01     0.14280885E+01     0.12421583E-01     0.20000000E+01    -0.15860395E+00     0.27810466E+00     0.42810291E+00     0.67618443E-02     133     0.16118005E-01
 0.73999977E+01     0.14393246E+01     0.12485652E-01     0.20000000E+01    -0.15850352E+00     0.27686000E+00     0.42865703E+00     0.68301652E-02     133     0.16118005E-01
 0.74999986E+01     0.14502733E+01     0.12567383E-01     0.20000000E+01    -0.15835845E+00     0.27482286E+00     0.42920750E+00     0.69047357E-02     134     0.18157382E-01
 0.75999994E+01     0.14612118E+01     0.12648533E-01     0.20000000E+01    -0.15820807E+00     0.27350104E+00     0.42976040E+00     0.69814073E-02     134     0.18157382E-01
 0.77000003E+01     0.14721345E+01     0.12729784E-01     0.20000000E+01    -0.15805304E+00     0.27211210E+00     0.43029806E+00     0.70624910E-02     134     0.18157382E-01
 0.77999973E+01     0.14833977E+01     0.12785519E-01     0.20000000E+01    -0.15794957E+00     0.27080011E+00     0.43108720E+00     0.71282205E-02     134     0.18157382E-01
 0.78999982E+01     0.14944909E+01     0.12852764E-01     0.20000000E+01    -0.15782127E+00     0.26854095E+00     0.43164244E+00     0.71962872E-02     134     0.18157382E-01
 0.79999990E+01     0.15054960E+01     0.12924615E-01     0.20000000E+01    -0.15767542E+00     0.26711747E+00     0.43220159E+00     0.72689932E-02     134     0.18157382E-01
 0.81000004E+01     0.15163573E+01     0.13004473E-01     0.20000000E+01    -0.15750574E+00     0.26566127E+00     0.43278083E+00     0.73466292E-02     135     0.20350950E-01
 0.82000008E+01     0.15270548E+01     0.13093464E-01     0.20000000E+01    -0.15730938E+00     0.26417866E+00     0.43333882E+00     0.74283862E-02     135     0.20350950E-01
 0.82999983E+01     0.15375670E+01     0.13192577E-01     0.20000000E+01    -0.15708242E+00     0.26259452E+00     0.43388352E+00     0.75194761E-02     135     0.20350950E-01
 0.83999987E+01     0.15486213E+01     0.13255885E-01     0.20000000E+01    -0.15693876E+00     0.26099935E+00     0.43441251E+00     0.75886161E-02     135     0.20350950E-01
 0.85000000E+01     0.15594910E+01     0.13329124E-01     0.20000000E+01    -0.15676402E+00     0.25936556E+00     0.43489295E+00     0.76629184E-02     135     0.20350950E-01
 0.86000004E+01     0.15699970E+01     0.13423435E-01     0.20000000E+01    -0.15653345E+00     0.25672758E+00     0.43533093E+00     0.77468720E-02     136     0.22710007E-01
 0.86999979E+01     0.15806457E+01     0.13515061E-01     0.20000000E+01    -0.15634486E+00     0.25500643E+00     0.43627891E+00     0.78395503E-02     136     0.22710007E-01
 0.87999983E+01     0.15909762E+01     0.13623631E-01     0.20000000E+01    -0.15609936E+00     0.25318080E+00     0.43708345E+00     0.79421299E-02     136     0.22710007E-01
 0.88999996E+01     0.16018596E+01     0.13695600E-01     0.20000000E+01    -0.15593721E+00     0.25126937E+00     0.43777508E+00     0.80277165E-02     136     0.22710007E-01
 0.90000000E+01     0.16125389E+01     0.13777552E-01     0.20000000E+01    -0.15574069E+00     0.24929580E+00     0.43839589E+00     0.81156725E-02     136     0.22710007E-01
 0.90999975E+01     0.16229826E+01     0.13872311E-01     0.20000000E+01    -0.15550478E+00     0.24728546E+00     0.43899378E+00     0.82110940E-02     136     0.22710007E-01
 0.91999989E+01     0.16331228E+01     0.13983951E-01     0.20000000E+01    -0.15521730E+00     0.24522012E+00     0.43958810E+00     0.83171977E-02     137     0.25248373E-01
 0.92999992E+01     0.16431748E+01     0.14098727E-01     0.20000000E+01    -0.15491606E+00     0.24300544E+00     0.44016442E+00     0.84274914E-02     137     0.25248373E-01
 0.94000006E+01     0.16533231E+01     0.14204977E-01     0.20000000E+01    -0.15462840E+00     0.23933752E+00     0.44074696E+00     0.85288379E-02     137     0.25248373E-01
 0.94999971E+01     0.16632721E+01     0.14321086E-01     0.20000000E+01    -0.15430650E+00     0.23691650E+00     0.44135234E+00     0.86382907E-02     137     0.25248373E-01
 0.95999985E+01     0.16727192E+01     0.14464187E-01     0.20000000E+01    -0.15390219E+00     0.23432812E+00     0.44194067E+00     0.87665524E-02     137     0.25248373E-01
 0.96999989E+01     0.16827722E+01     0.14567979E-01     0.20000000E+01    -0.15359071E+00     0.23149167E+00     0.44275656E+00     0.88703558E-02     137     0.25248373E-01
 0.98000002E+01     0.16924293E+01     0.14692755E-01     0.20000000E+01    -0.15321593E+00     0.22858307E+00     0.44335479E+00     0.89880675E-02     138     0.27982686E-01
 0.99000006E+01     0.17013844E+01     0.14853998E-01     0.20000000E+01    -0.15272728E+00     0.22555552E+00     0.44394505E+00     0.91280937E-02     138     0.27982686E-01
 0.99999981E+01     0.17108623E+01     0.14982563E-01     0.20000000E+01    -0.15231791E+00     0.22212064E+00     0.44453594E+00     0.92508961E-02     138     0.27982686E-01
 0.10099998E+02     0.17198596E+01     0.15134209E-01     0.20000000E+01    -0.15183043E+00     0.21863142E+00     0.44509327E+00     0.93870880E-02     138     0.27982686E-01
 0.10200000E+02     0.17283126E+01     0.15312276E-01     0.20000000E+01    -0.15125231E+00     0.21487106E+00     0.44560465E+00     0.95432233E-02     138     0.27982686E-01
 0.10300000E+02     0.17369355E+01     0.15475934E-01     0.20000000E+01    -0.15069965E+00     0.21070753E+00     0.44608489E+00     0.96893571E-02     138     0.27982686E-01
 0.10399998E+02     0.17439474E+01     0.15724519E-01     0.20000000E+01    -0.14989515E+00     0.20403062E+00     0.44677314E+00     0.98987464E-02     138     0.27982686E-01
 0.10499999E+02     0.17514744E+01     0.15944412E-01     0.20000000E+01    -0.14917852E+00     0.19917583E+00     0.44760168E+00     0.10097006E-01     139     0.30932982E-01
 0.10599999E+02     0.17589123E+01     0.16161999E-01     0.20000000E+01    -0.14844000E+00     0.19377017E+00     0.44836164E+00     0.10295995E-01     139     0.30932982E-01
 0.10700000E+02     0.17652682E+01     0.16426448E-01     0.20000000E+01    -0.14752193E+00     0.18808024E+00     0.44902417E+00     0.10530522E-01     139     0.30932982E-01
 0.10799997E+02     0.17712923E+01     0.16700661E-01     0.20000000E+01    -0.14654507E+00     0.18205032E+00     0.44962066E+00     0.10774300E-01     139     0.30932982E-01
 0.10899999E+02     0.17768377E+01     0.16992096E-01     0.20000000E+01    -0.14548683E+00     0.17556567E+00     0.45017442E+00     0.11034900E-01     139     0.30932982E-01
 0.10999999E+02     0.17814412E+01     0.17318945E-01     0.20000000E+01    -0.14427140E+00     0.16900957E+00     0.45073673E+00     0.11326396E-01     139     0.30932982E-01
 0.11100000E+02     0.17834526E+01     0.17688945E-01     0.20000000E+01    -0.14255136E+00     0.16269356E+00     0.45122683E+00     0.11662501E-01     139     0.30932982E-01
 0.11200001E+02     0.17846637E+01     0.18070353E-01     0.20000000E+01    -0.14068165E+00     0.15656663E+00     0.45174456E+00     0.12013558E-01     139     0.30932982E-01
 0.11299998E+02     0.17870568E+01     0.18465739E-01     0.20000000E+01    -0.13908632E+00     0.14975318E+00     0.45225033E+00     0.12376042E-01     140     0.34123309E-01
 0.11399999E+02     0.17892537E+01     0.18890904E-01     0.20000000E+01    -0.13749278E+00     0.14305480E+00     0.45275301E+00     0.12765037E-01     140     0.34123309E-01
 0.11500000E+02     0.17884984E+01     0.19465813E-01     0.20000000E+01    -0.13545878E+00     0.13349728E+00     0.45320019E+00     0.13280524E-01     140     0.34123309E-01
 0.11600000E+02     0.17903501E+01     0.19923389E-01     0.20000000E+01    -0.13385372E+00     0.12752751E+00     0.45398414E+00     0.13707211E-01     140     0.34123309E-01
 0.11699998E+02     0.17918721E+01     0.20402374E-01     0.20000000E+01    -0.13222440E+00     0.12187351E+00     0.45449632E+00     0.14155654E-01     140     0.34123309E-01
 0.11799999E+02     0.17936841E+01     0.20871231E-01     0.20000000E+01    -0.13065340E+00     0.11652970E+00     0.45500839E+00     0.14598532E-01     140     0.34123309E-01
 0.11900000E+02     0.17954396E+01     0.21354171E-01     0.20000000E+01    -0.12909888E+00     0.11157148E+00     0.45551220E+00     0.15059856E-01     140     0.34123309E-01
 0.12000000E+02     0.17962463E+01     0.21880375E-01     0.20000000E+01    -0.12742394E+00     0.10704281E+00     0.45597333E+00     0.15564160E-01     140     0.34123309E-01
 0.12099998E+02     0.17984300E+01     0.22353498E-01     0.20000000E+01    -0.12597741E+00     0.10287365E+00     0.45648205E+00     0.16022287E-01     140     0.34123309E-01
 0.12199999E+02     0.17991607E+01     0.22899762E-01     0.20000000E+01    -0.12434246E+00     0.99209085E-01     0.45692658E+00     0.16553255E-01     140     0.34123309E-01
 0.12299999E+02     0.18011972E+01     0.23393039E-01     0.20000000E+01    -0.12292359E+00     0.95699862E-01     0.45733410E+00     0.17036568E-01     140     0.34123309E-01
 0.12400001E+02     0.18015393E+01     0.23982724E-01     0.20000000E+01    -0.12129739E+00     0.92541821E-01     0.45778149E+00     0.17613353E-01     141     0.37582316E-01
 0.12499997E+02     0.18035033E+01     0.24505982E-01     0.20000000E+01    -0.11994120E+00     0.89659654E-01     0.45860562E+00     0.18143371E-01     141     0.37582316E-01
 0.12599998E+02     0.18048023E+01     0.25066823E-01     0.20000000E+01    -0.11852581E+00     0.87019958E-01     0.45932490E+00     0.18706532E-01     141     0.37582316E-01
 0.12699999E+02     0.18046386E+01     0.25728984E-01     0.20000000E+01    -0.11695455E+00     0.84501691E-01     0.45992410E+00     0.19372150E-01     141     0.37582316E-01
 0.12800000E+02     0.18062594E+01     0.26306260E-01     0.20000000E+01    -0.11565139E+00     0.82310751E-01     0.46050739E+00     0.19958040E-01     141     0.37582316E-01
 0.12900001E+02     0.18068944E+01     0.26942890E-01     0.20000000E+01    -0.11426835E+00     0.80218628E-01     0.46106389E+00     0.20603014E-01     141     0.37582316E-01
 0.12999998E+02     0.18059274E+01     0.27696865E-01     0.20000000E+01    -0.11274263E+00     0.78352973E-01     0.46153972E+00     0.21362875E-01     141     0.37582316E-01
 0.13099999E+02     0.18058567E+01     0.28417347E-01     0.20000000E+01    -0.11138070E+00     0.76561756E-01     0.46206045E+00     0.22100192E-01     141     0.37582316E-01
 0.13200000E+02     0.18059744E+01     0.29149894E-01     0.20000000E+01    -0.11010068E+00     0.74944295E-01     0.46254796E+00     0.22848647E-01     141     0.37582316E-01
 0.13300000E+02     0.18049339E+01     0.29979885E-01     0.20000000E+01    -0.10877085E+00     0.73465146E-01     0.46302310E+00     0.23695059E-01     141     0.37582316E-01
 0.13399998E+02     0.17997698E+01     0.31113813E-01     0.20000000E+01    -0.10714698E+00     0.71374677E-01     0.46341974E+00     0.24840407E-01     141     0.37582316E-01
 0.13499999E+02     0.17976185E+01     0.32088127E-01     0.20000000E+01    -0.10592467E+00     0.70143580E-01     0.46387756E+00     0.25842670E-01     141     0.37582316E-01
 0.13599999E+02     0.17952188E+01     0.33117075E-01     0.20000000E+01    -0.10479575E+00     0.69002807E-01     0.46434113E+00     0.26900845E-01     142     0.41344337E-01
 0.13700001E+02     0.17918594E+01     0.34262359E-01     0.20000000E+01    -0.10373204E+00     0.68051048E-01     0.46477374E+00     0.28077435E-01     142     0.41344337E-01
 0.13799997E+02     0.17869585E+01     0.35585299E-01     0.20000000E+01    -0.10273493E+00     0.67173496E-01     0.46516618E+00     0.29436318E-01     142     0.41344337E-01
 0.13899999E+02     0.17830100E+01     0.36877278E-01     0.20000000E+01    -0.10195494E+00     0.66932969E-01     0.46556729E+00     0.30770522E-01     142     0.41344337E-01
 0.13999999E+02     0.17717239E+01     0.38851239E-01     0.20000000E+01    -0.10114538E+00     0.65761939E-01     0.46585786E+00     0.32792643E-01     142     0.41344337E-01
 0.14100000E+02     0.17612449E+01     0.40847104E-01     0.20000000E+01    -0.10067696E+00     0.65250397E-01     0.46614838E+00     0.34846794E-01     142     0.41344337E-01
 0.14199998E+02     0.17485731E+01     0.43115400E-01     0.20000000E+01    -0.10050446E+00     0.64875916E-01     0.46632871E+00     0.37183370E-01     142     0.41344337E-01
 0.14299998E+02     0.17338973E+01     0.45627650E-01     0.20000000E+01    -0.10065626E+00     0.64642616E-01     0.46677956E+00     0.39773896E-01     142     0.41344337E-01
 0.14400000E+02     0.17165747E+01     0.48467319E-01     0.20000000E+01    -0.10118461E+00     0.64628623E-01     0.46689963E+00     0.42704854E-01     142     0.41344337E-01
 0.14500000E+02     0.17016799E+01     0.51078655E-01     0.20000000E+01    -0.10185847E+00     0.65108411E-01     0.46704194E+00     0.45407873E-01     142     0.41344337E-01
 0.14600000E+02     0.16748769E+01     0.54823514E-01     0.20000000E+01    -0.10315701E+00     0.65042160E-01     0.46660402E+00     0.49268801E-01     141     0.37582316E-01
 0.14699998E+02     0.16512288E+01     0.58086701E-01     0.20000000E+01    -0.10440060E+00     0.65441087E-01     0.46679035E+00     0.52643228E-01     141     0.37582316E-01
 0.14799999E+02     0.16321266E+01     0.60677953E-01     0.20000000E+01    -0.10546081E+00     0.66207595E-01     0.46656346E+00     0.55334784E-01     141     0.37582316E-01
 0.15000001E+02     0.15754957E+01     0.68164110E-01     0.20000000E+01    -0.10822988E+00     0.66880435E-01     0.46610501E+00     0.63041121E-01     141     0.37582316E-01
 0.15099998E+02     0.15554461E+01     0.71718410E-01     0.20000000E+01    -0.10921103E+00     0.67710750E-01     0.46608877E+00     0.66683352E-01     141     0.37582316E-01
 0.15199999E+02     0.15295939E+01     0.75890489E-01     0.20000000E+01    -0.11048057E+00     0.68208970E-01     0.46586531E+00     0.70949420E-01     141     0.37582316E-01
 0.15299999E+02     0.15063406E+01     0.79700425E-01     0.20000000E+01    -0.11171183E+00     0.68656839E-01     0.46572167E+00     0.74843928E-01     141     0.37582316E-01
 0.15400001E+02     0.14820454E+01     0.83661020E-01     0.20000000E+01    -0.11312332E+00     0.68299487E-01     0.46583891E+00     0.78881085E-01     141     0.37582316E-01
 0.15499998E+02     0.14699639E+01     0.86172611E-01     0.20000000E+01    -0.11402124E+00     0.68576753E-01     0.46571442E+00     0.81446052E-01     141     0.37582316E-01
 0.15599998E+02     0.14519031E+01     0.89539774E-01     0.20000000E+01    -0.11545051E+00     0.67912474E-01     0.46599132E+00     0.84871210E-01     141     0.37582316E-01
 0.15699999E+02     0.14401805E+01     0.92249334E-01     0.20000000E+01    -0.11667865E+00     0.67998342E-01     0.46586475E+00     0.87633893E-01     140     0.34123309E-01
 0.15800000E+02     0.14282814E+01     0.94975762E-01     0.20000000E+01    -0.11795820E+00     0.67060076E-01     0.46619159E+00     0.90398498E-01     140     0.34123309E-01
 0.15899998E+02     0.14204037E+01     0.97287312E-01     0.20000000E+01    -0.11907982E+00     0.67010418E-01     0.46644586E+00     0.92752308E-01     140     0.34123309E-01
 0.15999998E+02     0.14121840E+01     0.99661544E-01     0.20000000E+01    -0.12031561E+00     0.66504098E-01     0.46666163E+00     0.95161043E-01     140     0.34123309E-01
 0.16099998E+02     0.14013420E+01     0.10240403E+00     0.20000000E+01    -0.12179548E+00     0.65094873E-01     0.46648702E+00     0.97929895E-01     140     0.34123309E-01
 0.16200001E+02     0.13932176E+01     0.10487182E+00     0.20000000E+01    -0.12322050E+00     0.64332120E-01     0.46663168E+00     0.10043375E+00     140     0.34123309E-01
 0.16300001E+02     0.13899784E+01     0.10664542E+00     0.20000000E+01    -0.12416384E+00     0.64054608E-01     0.46733904E+00     0.10223410E+00     140     0.34123309E-01
 0.16399998E+02     0.13877472E+01     0.10826015E+00     0.20000000E+01    -0.12503791E+00     0.63362531E-01     0.46746102E+00     0.10387300E+00     141     0.37582316E-01
 0.16499998E+02     0.13815020E+01     0.11058241E+00     0.20000000E+01    -0.12647116E+00     0.62242575E-01     0.46766597E+00     0.10622407E+00     141     0.37582316E-01
 0.16600000E+02     0.13800261E+01     0.11210371E+00     0.20000000E+01    -0.12729858E+00     0.61869733E-01     0.46805689E+00     0.10776629E+00     141     0.37582316E-01
 0.16700001E+02     0.13752199E+01     0.11413568E+00     0.20000000E+01    -0.12853859E+00     0.60779460E-01     0.46861967E+00     0.10981650E+00     141     0.37582316E-01
 0.16799997E+02     0.13708965E+01     0.11616568E+00     0.20000000E+01    -0.12982020E+00     0.59904139E-01     0.46885854E+00     0.11186502E+00     141     0.37582316E-01
 0.16900000E+02     0.13689390E+01     0.11776535E+00     0.20000000E+01    -0.13082412E+00     0.59247594E-01     0.46913654E+00     0.11347762E+00     141     0.37582316E-01
 0.17000000E+02     0.13642926E+01     0.11986911E+00     0.20000000E+01    -0.13222192E+00     0.58370803E-01     0.46925154E+00     0.11560035E+00     141     0.37582316E-01
 0.17100000E+02     0.13634560E+01     0.12142081E+00     0.20000000E+01    -0.13321380E+00     0.58015779E-01     0.46946520E+00     0.11717806E+00     141     0.37582316E-01
 0.17199997E+02     0.13630221E+01     0.12284929E+00     0.20000000E+01    -0.13413563E+00     0.56814190E-01     0.47035143E+00     0.11862473E+00     141     0.37582316E-01
 0.17299999E+02     0.13623565E+01     0.12436548E+00     0.20000000E+01    -0.13516524E+00     0.56158144E-01     0.47118619E+00     0.12016462E+00     141     0.37582316E-01
 0.17400000E+02     0.13596119E+01     0.12623118E+00     0.20000000E+01    -0.13647781E+00     0.55136837E-01     0.47151259E+00     0.12205191E+00     141     0.37582316E-01
 0.17500000E+02     0.13600552E+01     0.12759107E+00     0.20000000E+01    -0.13738355E+00     0.54892465E-01     0.47209665E+00     0.12343333E+00     141     0.37582316E-01
 0.17599997E+02     0.13594006E+01     0.12903057E+00     0.20000000E+01    -0.13838375E+00     0.54053485E-01     0.47248176E+00     0.12488502E+00     141     0.37582316E-01
 0.17699999E+02     0.13568133E+01     0.13092877E+00     0.20000000E+01    -0.13981450E+00     0.53267494E-01     0.47289252E+00     0.12680151E+00     141     0.37582316E-01
 0.17799999E+02     0.13555971E+01     0.13247886E+00     0.20000000E+01    -0.14090472E+00     0.52514657E-01     0.47332689E+00     0.12836543E+00     141     0.37582316E-01
 0.17900000E+02     0.13562911E+01     0.13377547E+00     0.20000000E+01    -0.14186582E+00     0.52113529E-01     0.47385898E+00     0.12968233E+00     141     0.37582316E-01
 0.18000000E+02     0.13574915E+01     0.13497670E+00     0.20000000E+01    -0.14271989E+00     0.51299855E-01     0.47426346E+00     0.13090049E+00     141     0.37582316E-01
 0.18099998E+02     0.13565735E+01     0.13663208E+00     0.20000000E+01    -0.14397702E+00     0.50758023E-01     0.47485450E+00     0.13258018E+00     141     0.37582316E-01
 0.18199999E+02     0.13566607E+01     0.13808304E+00     0.20000000E+01    -0.14504276E+00     0.49917441E-01     0.47529951E+00     0.13404420E+00     141     0.37582316E-01
 0.18299999E+02     0.13570460E+01     0.13935703E+00     0.20000000E+01    -0.14601098E+00     0.49164787E-01     0.47573540E+00     0.13532844E+00     142     0.41344337E-01
 0.18400000E+02     0.13572679E+01     0.14068387E+00     0.20000000E+01    -0.14702035E+00     0.48438799E-01     0.47633678E+00     0.13666578E+00     142     0.41344337E-01
 0.18499998E+02     0.13579936E+01     0.14213048E+00     0.20000000E+01    -0.14820731E+00     0.48641656E-01     0.47645691E+00     0.13814029E+00     142     0.41344337E-01
 0.18599998E+02     0.13572384E+01     0.14360377E+00     0.20000000E+01    -0.14936677E+00     0.47818322E-01     0.47712657E+00     0.13962081E+00     142     0.41344337E-01
 0.18699999E+02     0.13570848E+01     0.14498699E+00     0.20000000E+01    -0.15048008E+00     0.47075771E-01     0.47744626E+00     0.14100946E+00     142     0.41344337E-01
 0.18800001E+02     0.13589449E+01     0.14614223E+00     0.20000000E+01    -0.15141390E+00     0.46695791E-01     0.47815365E+00     0.14218147E+00     142     0.41344337E-01
 0.18899998E+02     0.13592671E+01     0.14752677E+00     0.20000000E+01    -0.15252434E+00     0.46122856E-01     0.47833368E+00     0.14358543E+00     142     0.41344337E-01
 0.18999998E+02     0.13603386E+01     0.14881521E+00     0.20000000E+01    -0.15358083E+00     0.45357350E-01     0.47897688E+00     0.14488795E+00     142     0.41344337E-01
 0.19099998E+02     0.13620504E+01     0.14996789E+00     0.20000000E+01    -0.15454446E+00     0.45212284E-01     0.47948751E+00     0.14605771E+00     142     0.41344337E-01
 0.19200001E+02     0.13637171E+01     0.15106945E+00     0.20000000E+01    -0.15542158E+00     0.44781256E-01     0.48005670E+00     0.14716738E+00     142     0.41344337E-01
 0.19300001E+02     0.13644458E+01     0.15230091E+00     0.20000000E+01    -0.15649603E+00     0.43720033E-01     0.48066869E+00     0.14839786E+00     142     0.41344337E-01
 0.19399998E+02     0.13653113E+01     0.15371870E+00     0.20000000E+01    -0.15772609E+00     0.43689251E-01     0.48072428E+00     0.14984003E+00     142     0.41344337E-01
 0.19499998E+02     0.13651469E+01     0.15512842E+00     0.20000000E+01    -0.15892011E+00     0.43051917E-01     0.48146191E+00     0.15125464E+00     143     0.45449886E-01
 0.19600000E+02     0.13658017E+01     0.15638639E+00     0.20000000E+01    -0.16004533E+00     0.42435553E-01     0.48164916E+00     0.15251610E+00     142     0.41344337E-01
 0.19700001E+02     0.13676543E+01     0.15752758E+00     0.20000000E+01    -0.16111313E+00     0.42081330E-01     0.48283407E+00     0.15367544E+00     143     0.45449886E-01
 0.19799997E+02     0.13688060E+01     0.15883289E+00     0.20000000E+01    -0.16224459E+00     0.41406170E-01     0.48369497E+00     0.15500182E+00     143     0.45449886E-01
 0.19900000E+02     0.13697453E+01     0.16016124E+00     0.20000000E+01    -0.16345046E+00     0.41142453E-01     0.48393124E+00     0.15635152E+00     143     0.45449886E-01
 0.20000000E+02     0.13719220E+01     0.16122545E+00     0.20000000E+01    -0.16440856E+00     0.40543351E-01     0.48422852E+00     0.15743142E+00     143     0.45449886E-01
 0.20100000E+02     0.13740028E+01     0.16230816E+00     0.20000000E+01    -0.16541180E+00     0.40259417E-01     0.48490372E+00     0.15853047E+00     143     0.45449886E-01
 0.20199997E+02     0.13763723E+01     0.16336621E+00     0.20000000E+01    -0.16641888E+00     0.40154956E-01     0.48531023E+00     0.15960522E+00     143     0.45449886E-01
 0.20299999E+02     0.13782231E+01     0.16441332E+00     0.20000000E+01    -0.16737533E+00     0.39558895E-01     0.48684409E+00     0.16066802E+00     143     0.45449886E-01
 0.20400000E+02     0.13792213E+01     0.16584796E+00     0.20000000E+01    -0.16871743E+00     0.39618365E-01     0.48723903E+00     0.16212611E+00     143     0.45449886E-01
 0.20500000E+02     0.13796225E+01     0.16718960E+00     0.20000000E+01    -0.16999809E+00     0.38784765E-01     0.48756096E+00     0.16347432E+00     143     0.45449886E-01
 0.20599998E+02     0.13815984E+01     0.16830607E+00     0.20000000E+01    -0.17109358E+00     0.38683351E-01     0.48792678E+00     0.16460472E+00     143     0.45449886E-01
 0.20699999E+02     0.13832144E+01     0.16938536E+00     0.20000000E+01    -0.17217088E+00     0.38057975E-01     0.48837438E+00     0.16568696E+00     143     0.45449886E-01
 0.20799999E+02     0.13830179E+01     0.17081432E+00     0.20000000E+01    -0.17357998E+00     0.37275989E-01     0.48895863E+00     0.16711991E+00     143     0.45449886E-01
 0.20900000E+02     0.13843342E+01     0.17206681E+00     0.20000000E+01    -0.17482948E+00     0.36809560E-01     0.48976347E+00     0.16839242E+00     144     0.49946301E-01
 0.21000000E+02     0.13850658E+01     0.17342700E+00     0.20000000E+01    -0.17618047E+00     0.36935970E-01     0.49047861E+00     0.16977188E+00     144     0.49946301E-01
 0.21099998E+02     0.13892531E+01     0.17415585E+00     0.20000000E+01    -0.17685254E+00     0.36206122E-01     0.49109370E+00     0.17051236E+00     144     0.49946301E-01
 0.21199999E+02     0.13907804E+01     0.17520724E+00     0.20000000E+01    -0.17791860E+00     0.36450613E-01     0.49184462E+00     0.17157845E+00     144     0.49946301E-01
 0.21299999E+02     0.13937447E+01     0.17616035E+00     0.20000000E+01    -0.17886797E+00     0.35915818E-01     0.49185589E+00     0.17254326E+00     144     0.49946301E-01
 0.21400000E+02     0.13953807E+01     0.17733742E+00     0.20000000E+01    -0.18009835E+00     0.35778210E-01     0.49259517E+00     0.17373647E+00     144     0.49946301E-01
 0.21499998E+02     0.13960629E+01     0.17881629E+00     0.20000000E+01    -0.18161799E+00     0.35360612E-01     0.49265665E+00     0.17523201E+00     144     0.49946301E-01
 0.21699999E+02     0.14001341E+01     0.18087584E+00     0.20000000E+01    -0.18380614E+00     0.34657385E-01     0.49464318E+00     0.17730749E+00     144     0.49946301E-01
