  
       RFOIL         Version 3.00
  
 Calculated polar for: OSO_2025_WT2_T27                
  
 1  Reynolds number fixed
  
 xtrf =      1.00000000 (suction)     1.00000000 (pressure)
 Rot. Parameters:  f0 =      1.00000000 c/r =      0.00000000
 Mach =      0.00000000     Re =      3.00000000 e 6     Ncrit =      9.00000000
  
             alpha                CL                CD            Re(CL)                CM             S_xtr             P_xtr               CDp            I_stag            X_stag
  ------- -------- --------- --------- -------- ------- ------- -------- 
-0.23000002E+02    -0.96525568E+00     0.15792547E+00     0.30000000E+01     0.12866111E-01     0.99945468E+00     0.43041233E-01     0.15543304E+00      89     0.67752108E-01
-0.22900002E+02    -0.96251696E+00     0.15706062E+00     0.30000000E+01     0.12092487E-01     0.99944299E+00     0.43251473E-01     0.15456338E+00      89     0.67752108E-01
-0.22800001E+02    -0.95829785E+00     0.15619646E+00     0.30000000E+01     0.11105243E-01     0.99940956E+00     0.43452371E-01     0.15369247E+00      90     0.60823578E-01
-0.22700001E+02    -0.95426291E+00     0.15539534E+00     0.30000000E+01     0.10207602E-01     0.99938357E+00     0.43707911E-01     0.15288615E+00      90     0.60823578E-01
-0.22600002E+02    -0.95100594E+00     0.15428680E+00     0.30000000E+01     0.90049291E-02     0.99934453E+00     0.44101339E-01     0.15176907E+00      90     0.60823578E-01
-0.22500000E+02    -0.94779623E+00     0.15323788E+00     0.30000000E+01     0.80396179E-02     0.99931735E+00     0.44238228E-01     0.15070982E+00      90     0.60823578E-01
-0.22400002E+02    -0.94422334E+00     0.15256727E+00     0.30000000E+01     0.74966592E-02     0.99931407E+00     0.44471674E-01     0.15003248E+00      90     0.60823578E-01
-0.22300001E+02    -0.94020027E+00     0.15178536E+00     0.30000000E+01     0.66668154E-02     0.99928337E+00     0.44469267E-01     0.14924210E+00      90     0.60823578E-01
-0.22200001E+02    -0.93412375E+00     0.15101030E+00     0.30000000E+01     0.55964477E-02     0.99922878E+00     0.44803247E-01     0.14845879E+00      90     0.60823578E-01
-0.22100000E+02    -0.92909551E+00     0.15038954E+00     0.30000000E+01     0.49149413E-02     0.99920297E+00     0.45007639E-01     0.14783084E+00      90     0.60823578E-01
-0.22000000E+02    -0.92445701E+00     0.14965984E+00     0.30000000E+01     0.41490579E-02     0.99917495E+00     0.45221593E-01     0.14709465E+00      90     0.60823578E-01
-0.21900002E+02    -0.92062175E+00     0.14883237E+00     0.30000000E+01     0.33515124E-02     0.99914700E+00     0.45237616E-01     0.14625748E+00      90     0.60823578E-01
-0.21800001E+02    -0.91563541E+00     0.14800252E+00     0.30000000E+01     0.23575937E-02     0.99910343E+00     0.45538399E-01     0.14541602E+00      90     0.60823578E-01
-0.21600000E+02    -0.91253388E+00     0.14575878E+00     0.30000000E+01     0.53085003E-03     0.99906468E+00     0.46492714E-01     0.14316279E+00      91     0.54339148E-01
-0.21400000E+02    -0.90335798E+00     0.14408761E+00     0.30000000E+01    -0.14201223E-02     0.99896765E+00     0.47008406E-01     0.14148481E+00      91     0.54339148E-01
-0.21300001E+02    -0.90024430E+00     0.14325698E+00     0.30000000E+01    -0.21319296E-02     0.99894345E+00     0.47378246E-01     0.14065686E+00      91     0.54339148E-01
-0.21200001E+02    -0.89579856E+00     0.14247929E+00     0.30000000E+01    -0.29270886E-02     0.99890494E+00     0.47448169E-01     0.13987155E+00      91     0.54339148E-01
-0.21100002E+02    -0.89263123E+00     0.14155553E+00     0.30000000E+01    -0.37870454E-02     0.99887532E+00     0.47759946E-01     0.13894553E+00      91     0.54339148E-01
-0.21000000E+02    -0.88926083E+00     0.14055833E+00     0.30000000E+01    -0.46646525E-02     0.99884284E+00     0.48256978E-01     0.13794564E+00      91     0.54339148E-01
-0.20900000E+02    -0.88609076E+00     0.13960262E+00     0.30000000E+01    -0.54601482E-02     0.99881452E+00     0.48296504E-01     0.13697985E+00      91     0.54339148E-01
-0.20800001E+02    -0.88072771E+00     0.13880388E+00     0.30000000E+01    -0.64621600E-02     0.99874711E+00     0.48660140E-01     0.13617799E+00      91     0.54339148E-01
-0.20700003E+02    -0.87634498E+00     0.13807313E+00     0.30000000E+01    -0.71278792E-02     0.99871880E+00     0.48896987E-01     0.13544309E+00      91     0.54339148E-01
-0.20600000E+02    -0.87158352E+00     0.13734563E+00     0.30000000E+01    -0.78517497E-02     0.99868053E+00     0.49194422E-01     0.13471082E+00      91     0.54339148E-01
-0.20500000E+02    -0.86683935E+00     0.13663393E+00     0.30000000E+01    -0.85381996E-02     0.99864674E+00     0.49517393E-01     0.13399477E+00      91     0.54339148E-01
-0.20400002E+02    -0.86297208E+00     0.13596579E+00     0.30000000E+01    -0.89937635E-02     0.99863762E+00     0.49704868E-01     0.13331977E+00      91     0.54339148E-01
-0.20300001E+02    -0.85688752E+00     0.13515395E+00     0.30000000E+01    -0.10096729E-01     0.99855351E+00     0.49933270E-01     0.13249980E+00      92     0.48335075E-01
-0.20200001E+02    -0.85156751E+00     0.13446093E+00     0.30000000E+01    -0.10742759E-01     0.99851853E+00     0.50202195E-01     0.13179721E+00      92     0.48335075E-01
-0.20100000E+02    -0.84665006E+00     0.13362694E+00     0.30000000E+01    -0.11510726E-01     0.99847341E+00     0.50339274E-01     0.13095336E+00      92     0.48335075E-01
-0.20000002E+02    -0.84388191E+00     0.13253309E+00     0.30000000E+01    -0.12410488E-01     0.99843496E+00     0.50699409E-01     0.12984896E+00      92     0.48335075E-01
-0.19900000E+02    -0.84032869E+00     0.13167301E+00     0.30000000E+01    -0.13182461E-01     0.99839491E+00     0.51217560E-01     0.12898847E+00      92     0.48335075E-01
-0.19800001E+02    -0.83567643E+00     0.13082929E+00     0.30000000E+01    -0.14076918E-01     0.99833447E+00     0.51545836E-01     0.12814386E+00      92     0.48335075E-01
-0.19700001E+02    -0.83202851E+00     0.13000551E+00     0.30000000E+01    -0.14791253E-01     0.99829769E+00     0.52086104E-01     0.12732276E+00      92     0.48335075E-01
-0.19600000E+02    -0.82772714E+00     0.12924898E+00     0.30000000E+01    -0.15467614E-01     0.99826020E+00     0.52313998E-01     0.12656507E+00      92     0.48335075E-01
-0.19500000E+02    -0.82255006E+00     0.12838681E+00     0.30000000E+01    -0.16471684E-01     0.99818486E+00     0.52721284E-01     0.12570409E+00      92     0.48335075E-01
-0.19400002E+02    -0.81934971E+00     0.12757474E+00     0.30000000E+01    -0.16987933E-01     0.99816811E+00     0.53176306E-01     0.12489178E+00      92     0.48335075E-01
-0.19300001E+02    -0.81429005E+00     0.12660530E+00     0.30000000E+01    -0.18055448E-01     0.99808574E+00     0.53365041E-01     0.12391584E+00      92     0.48335075E-01
-0.19200001E+02    -0.81165242E+00     0.12567872E+00     0.30000000E+01    -0.18590763E-01     0.99807644E+00     0.53628784E-01     0.12297984E+00      93     0.42829528E-01
-0.19100000E+02    -0.80588830E+00     0.12483265E+00     0.30000000E+01    -0.19599074E-01     0.99799562E+00     0.53946316E-01     0.12213050E+00      93     0.42829528E-01
-0.19000002E+02    -0.80039006E+00     0.12404194E+00     0.30000000E+01    -0.20458188E-01     0.99792558E+00     0.54301944E-01     0.12133677E+00      93     0.42829528E-01
-0.18900002E+02    -0.79583257E+00     0.12338327E+00     0.30000000E+01    -0.20968216E-01     0.99789804E+00     0.54719243E-01     0.12067539E+00      93     0.42829528E-01
-0.18800001E+02    -0.78972870E+00     0.12262944E+00     0.30000000E+01    -0.21828696E-01     0.99782574E+00     0.55117775E-01     0.11991817E+00      93     0.42829528E-01
-0.18700001E+02    -0.78412181E+00     0.12192474E+00     0.30000000E+01    -0.22541398E-01     0.99777067E+00     0.55290829E-01     0.11920668E+00      93     0.42829528E-01
-0.18600000E+02    -0.77812779E+00     0.12125645E+00     0.30000000E+01    -0.23218852E-01     0.99771774E+00     0.55728856E-01     0.11853198E+00      93     0.42829528E-01
-0.18500002E+02    -0.77178538E+00     0.12037530E+00     0.30000000E+01    -0.24266077E-01     0.99762571E+00     0.56105185E-01     0.11764253E+00      93     0.42829528E-01
-0.18400000E+02    -0.76784247E+00     0.11964499E+00     0.30000000E+01    -0.24716463E-01     0.99760628E+00     0.56113139E-01     0.11690427E+00      93     0.42829528E-01
-0.18300001E+02    -0.76403296E+00     0.11840791E+00     0.30000000E+01    -0.25960125E-01     0.99751228E+00     0.56683909E-01     0.11566398E+00      93     0.42829528E-01
-0.18200001E+02    -0.76058334E+00     0.11749061E+00     0.30000000E+01    -0.26668318E-01     0.99746656E+00     0.57385061E-01     0.11474968E+00      93     0.42829528E-01
-0.18100002E+02    -0.75642461E+00     0.11677366E+00     0.30000000E+01    -0.27193243E-01     0.99743795E+00     0.57645049E-01     0.11403073E+00      93     0.42829528E-01
-0.18000000E+02    -0.74961329E+00     0.11581008E+00     0.30000000E+01    -0.28546784E-01     0.99730307E+00     0.58431342E-01     0.11307181E+00      94     0.37822437E-01
-0.17900000E+02    -0.74402535E+00     0.11503896E+00     0.30000000E+01    -0.29349800E-01     0.99723548E+00     0.58694355E-01     0.11229847E+00      94     0.37822437E-01
-0.17800001E+02    -0.74018019E+00     0.11435166E+00     0.30000000E+01    -0.29717449E-01     0.99722183E+00     0.59087645E-01     0.11161264E+00      94     0.37822437E-01
-0.17700001E+02    -0.73309332E+00     0.11342937E+00     0.30000000E+01    -0.30992161E-01     0.99709505E+00     0.59652392E-01     0.11068906E+00      94     0.37822437E-01
-0.17600000E+02    -0.72764874E+00     0.11260533E+00     0.30000000E+01    -0.31803679E-01     0.99702495E+00     0.59907425E-01     0.10986045E+00      94     0.37822437E-01
-0.17500000E+02    -0.72214627E+00     0.11172996E+00     0.30000000E+01    -0.32699563E-01     0.99694771E+00     0.60396440E-01     0.10898103E+00      94     0.37822437E-01
-0.17400002E+02    -0.71610254E+00     0.11065907E+00     0.30000000E+01    -0.33951990E-01     0.99683034E+00     0.60899317E-01     0.10790200E+00      94     0.37822437E-01
-0.17300001E+02    -0.70997965E+00     0.10981195E+00     0.30000000E+01    -0.34853891E-01     0.99674642E+00     0.61404891E-01     0.10704861E+00      94     0.37822437E-01
-0.17100000E+02    -0.69527853E+00     0.10811049E+00     0.30000000E+01    -0.37142850E-01     0.99650288E+00     0.62308256E-01     0.10533498E+00      94     0.37822437E-01
-0.17000002E+02    -0.69076622E+00     0.10740026E+00     0.30000000E+01    -0.37676562E-01     0.99646676E+00     0.62818520E-01     0.10462442E+00      95     0.33297669E-01
-0.16900000E+02    -0.68516147E+00     0.10651609E+00     0.30000000E+01    -0.38634799E-01     0.99637341E+00     0.63378677E-01     0.10374242E+00      95     0.33297669E-01
-0.16800001E+02    -0.67696655E+00     0.10543241E+00     0.30000000E+01    -0.40342737E-01     0.99616939E+00     0.64277887E-01     0.10266432E+00      95     0.33297669E-01
-0.16700001E+02    -0.67086726E+00     0.10462119E+00     0.30000000E+01    -0.41228913E-01     0.99608040E+00     0.64467318E-01     0.10184844E+00      95     0.33297669E-01
-0.16500000E+02    -0.62876737E+00     0.10512037E+00     0.30000000E+01    -0.47312826E-01     0.99541903E+00     0.66172868E-01     0.10239507E+00      95     0.33297669E-01
-0.16400002E+02    -0.62200224E+00     0.10396235E+00     0.30000000E+01    -0.48726700E-01     0.99523759E+00     0.66724844E-01     0.10122989E+00      95     0.33297669E-01
-0.16300001E+02    -0.61897975E+00     0.10284190E+00     0.30000000E+01    -0.49168009E-01     0.99443042E+00     0.67222446E-01     0.10010280E+00      95     0.33297669E-01
-0.16200001E+02    -0.61467421E+00     0.10201512E+00     0.30000000E+01    -0.49541377E-01     0.99348968E+00     0.67730799E-01     0.99270433E-01      96     0.29227415E-01
-0.16100000E+02    -0.60793072E+00     0.10106450E+00     0.30000000E+01    -0.50436243E-01     0.99226540E+00     0.68162121E-01     0.98313637E-01      96     0.29227415E-01
-0.16000002E+02    -0.60131651E+00     0.10019190E+00     0.30000000E+01    -0.51404931E-01     0.99135303E+00     0.68745047E-01     0.97433865E-01      96     0.29227415E-01
-0.15900001E+02    -0.59531707E+00     0.99124283E-01     0.30000000E+01    -0.52522302E-01     0.99042886E+00     0.69690168E-01     0.96368574E-01      96     0.29227415E-01
-0.15800000E+02    -0.59764689E+00     0.98757394E-01     0.30000000E+01    -0.51019307E-01     0.98700851E+00     0.70133224E-01     0.96006952E-01      96     0.29227415E-01
-0.15700001E+02    -0.60130721E+00     0.98404832E-01     0.30000000E+01    -0.49239863E-01     0.98237067E+00     0.70648432E-01     0.95660940E-01      96     0.29227415E-01
-0.15600002E+02    -0.56142253E+00     0.95643751E-01     0.30000000E+01    -0.59379667E-01     0.66858894E+00     0.72240055E-01     0.91688886E-01      96     0.29227415E-01
-0.15500001E+02    -0.55813760E+00     0.94802357E-01     0.30000000E+01    -0.59748739E-01     0.64871949E+00     0.72815381E-01     0.90770468E-01      96     0.29227415E-01
-0.15400001E+02    -0.55547655E+00     0.93819693E-01     0.30000000E+01    -0.60178023E-01     0.63431835E+00     0.73725633E-01     0.89733295E-01      96     0.29227415E-01
-0.15300001E+02    -0.55115139E+00     0.93106136E-01     0.30000000E+01    -0.60507994E-01     0.62180471E+00     0.74396469E-01     0.88970706E-01      97     0.25576653E-01
-0.15200001E+02    -0.54641467E+00     0.92442438E-01     0.30000000E+01    -0.60831133E-01     0.61143380E+00     0.74667305E-01     0.88266991E-01      97     0.25576653E-01
-0.15100001E+02    -0.54149967E+00     0.91790169E-01     0.30000000E+01    -0.61150573E-01     0.60282344E+00     0.75516611E-01     0.87577596E-01      97     0.25576653E-01
-0.15000001E+02    -0.53790575E+00     0.91028251E-01     0.30000000E+01    -0.61477646E-01     0.59509534E+00     0.76551773E-01     0.86788259E-01      97     0.25576653E-01
-0.14900000E+02    -0.53428298E+00     0.90258367E-01     0.30000000E+01    -0.61817463E-01     0.58886635E+00     0.77485606E-01     0.86003140E-01      97     0.25576653E-01
-0.14800000E+02    -0.53058684E+00     0.89473270E-01     0.30000000E+01    -0.62162429E-01     0.58270985E+00     0.78208707E-01     0.85195176E-01      97     0.25576653E-01
-0.14700002E+02    -0.52744293E+00     0.88611983E-01     0.30000000E+01    -0.62539682E-01     0.57775736E+00     0.79067066E-01     0.84318072E-01      97     0.25576653E-01
-0.14600000E+02    -0.52490950E+00     0.87610096E-01     0.30000000E+01    -0.62973268E-01     0.57305080E+00     0.79848394E-01     0.83297275E-01      97     0.25576653E-01
-0.14500000E+02    -0.52119321E+00     0.86788207E-01     0.30000000E+01    -0.63323691E-01     0.56817931E+00     0.80689527E-01     0.82452275E-01      97     0.25576653E-01
-0.14400001E+02    -0.51673317E+00     0.86091340E-01     0.30000000E+01    -0.63641489E-01     0.56387860E+00     0.81480823E-01     0.81741363E-01      97     0.25576653E-01
-0.14300001E+02    -0.51208907E+00     0.85426465E-01     0.30000000E+01    -0.63956544E-01     0.55980903E+00     0.82299918E-01     0.81060506E-01      98     0.22307370E-01
-0.14200001E+02    -0.50726163E+00     0.84774464E-01     0.30000000E+01    -0.64262882E-01     0.55575490E+00     0.83111525E-01     0.80384538E-01      98     0.22307370E-01
-0.14100001E+02    -0.50353473E+00     0.84015884E-01     0.30000000E+01    -0.64589508E-01     0.55216062E+00     0.84350109E-01     0.79617046E-01      98     0.22307370E-01
-0.14000001E+02    -0.50026822E+00     0.83231479E-01     0.30000000E+01    -0.64923555E-01     0.54899234E+00     0.85533850E-01     0.78829259E-01      98     0.22307370E-01
-0.13900002E+02    -0.49723098E+00     0.82364462E-01     0.30000000E+01    -0.65288417E-01     0.54597270E+00     0.86593494E-01     0.77954493E-01      98     0.22307370E-01
-0.13800001E+02    -0.49491051E+00     0.81366405E-01     0.30000000E+01    -0.65705828E-01     0.54092437E+00     0.87621816E-01     0.76930180E-01      98     0.22307370E-01
-0.13700001E+02    -0.49122930E+00     0.80574535E-01     0.30000000E+01    -0.66041745E-01     0.53815687E+00     0.88708967E-01     0.76130696E-01      98     0.22307370E-01
-0.13600001E+02    -0.48684841E+00     0.79873160E-01     0.30000000E+01    -0.66346951E-01     0.53538942E+00     0.89839481E-01     0.75421773E-01      98     0.22307370E-01
-0.13500001E+02    -0.48259842E+00     0.79182744E-01     0.30000000E+01    -0.66651344E-01     0.53282595E+00     0.91470607E-01     0.74721999E-01      98     0.22307370E-01
-0.13400001E+02    -0.47842434E+00     0.78476004E-01     0.30000000E+01    -0.66952020E-01     0.53012109E+00     0.92385367E-01     0.74004941E-01      98     0.22307370E-01
-0.13300000E+02    -0.47615433E+00     0.77593245E-01     0.30000000E+01    -0.67272477E-01     0.52756423E+00     0.94515644E-01     0.73122017E-01      99     0.19381767E-01
-0.13200001E+02    -0.47309217E+00     0.76764584E-01     0.30000000E+01    -0.67619711E-01     0.52528000E+00     0.95942490E-01     0.72290637E-01      99     0.19381767E-01
-0.13100000E+02    -0.47066891E+00     0.75787798E-01     0.30000000E+01    -0.68014100E-01     0.52323049E+00     0.97387247E-01     0.71307018E-01      99     0.19381767E-01
-0.13000001E+02    -0.46732384E+00     0.74952789E-01     0.30000000E+01    -0.68364374E-01     0.52109265E+00     0.98905526E-01     0.70464499E-01      99     0.19381767E-01
-0.12900001E+02    -0.46369451E+00     0.74219249E-01     0.30000000E+01    -0.68662211E-01     0.51896673E+00     0.10074385E+00     0.69726318E-01      99     0.19381767E-01
-0.12800001E+02    -0.46106416E+00     0.73392659E-01     0.30000000E+01    -0.68965957E-01     0.51683289E+00     0.10279579E+00     0.68902172E-01      99     0.19381767E-01
-0.12700001E+02    -0.45806655E+00     0.72610192E-01     0.30000000E+01    -0.69274142E-01     0.51463789E+00     0.10486056E+00     0.68116896E-01      99     0.19381767E-01
-0.12600001E+02    -0.45472297E+00     0.71811073E-01     0.30000000E+01    -0.69581486E-01     0.51260859E+00     0.10681829E+00     0.67315191E-01      99     0.19381767E-01
-0.12500001E+02    -0.45259815E+00     0.70853129E-01     0.30000000E+01    -0.69941655E-01     0.51089883E+00     0.10921454E+00     0.66354930E-01      99     0.19381767E-01
-0.12400002E+02    -0.45254117E+00     0.69682658E-01     0.30000000E+01    -0.70363417E-01     0.50936460E+00     0.11187758E+00     0.65191418E-01      99     0.19381767E-01
-0.12300001E+02    -0.44997635E+00     0.68858810E-01     0.30000000E+01    -0.70662975E-01     0.50754732E+00     0.11451238E+00     0.64371772E-01     100     0.16763927E-01
-0.12200001E+02    -0.44702554E+00     0.68069331E-01     0.30000000E+01    -0.70952006E-01     0.50585538E+00     0.11743636E+00     0.63584372E-01     100     0.16763927E-01
-0.12100001E+02    -0.44928280E+00     0.66804521E-01     0.30000000E+01    -0.71319073E-01     0.50327748E+00     0.12297435E+00     0.62337633E-01     100     0.16763927E-01
-0.12000000E+02    -0.44725472E+00     0.65827124E-01     0.30000000E+01    -0.71702600E-01     0.50154930E+00     0.12498701E+00     0.61350107E-01     100     0.16763927E-01
-0.11900001E+02    -0.44805831E+00     0.64613648E-01     0.30000000E+01    -0.72091490E-01     0.49987569E+00     0.12896894E+00     0.60145363E-01     100     0.16763927E-01
-0.11800000E+02    -0.44858441E+00     0.63549265E-01     0.30000000E+01    -0.72414942E-01     0.49860728E+00     0.13420387E+00     0.59102137E-01     100     0.16763927E-01
-0.11700001E+02    -0.45602608E+00     0.61753828E-01     0.30000000E+01    -0.72900787E-01     0.49768916E+00     0.14314267E+00     0.57346724E-01     100     0.16763927E-01
-0.11600000E+02    -0.46269289E+00     0.60025882E-01     0.30000000E+01    -0.73386148E-01     0.49678081E+00     0.15053746E+00     0.55648461E-01     100     0.16763927E-01
-0.11500001E+02    -0.46244380E+00     0.59014805E-01     0.30000000E+01    -0.73693573E-01     0.49533537E+00     0.15475799E+00     0.54648664E-01     100     0.16763927E-01
-0.11400001E+02    -0.47295153E+00     0.56864142E-01     0.30000000E+01    -0.74276529E-01     0.49467164E+00     0.16331224E+00     0.52527070E-01     100     0.16763927E-01
-0.10600001E+02    -0.65669453E+00     0.33675887E-01     0.30000000E+01    -0.78618445E-01     0.49345547E+00     0.24822247E+00     0.29607356E-01      99     0.19381767E-01
-0.10500001E+02    -0.67480260E+00     0.31545501E-01     0.30000000E+01    -0.78867398E-01     0.49291405E+00     0.25196585E+00     0.27472725E-01      99     0.19381767E-01
-0.10400002E+02    -0.69111323E+00     0.29731851E-01     0.30000000E+01    -0.78932218E-01     0.49223730E+00     0.25641042E+00     0.25657935E-01      99     0.19381767E-01
-0.10300000E+02    -0.71839267E+00     0.27318930E-01     0.30000000E+01    -0.78834377E-01     0.49201900E+00     0.25908738E+00     0.23230804E-01      99     0.19381767E-01
-0.10200001E+02    -0.74080741E+00     0.25388487E-01     0.30000000E+01    -0.78473069E-01     0.49151278E+00     0.25962761E+00     0.21273175E-01      99     0.19381767E-01
-0.10100000E+02    -0.76591361E+00     0.23677828E-01     0.30000000E+01    -0.77057049E-01     0.49115971E+00     0.25828594E+00     0.19524097E-01      99     0.19381767E-01
-0.10000001E+02    -0.79196900E+00     0.20396138E-01     0.30000000E+01    -0.80204360E-01     0.49082500E+00     0.25813782E+00     0.16164657E-01      99     0.19381767E-01
-0.99000006E+01    -0.74799967E+00     0.96379975E-02     0.30000000E+01    -0.11487861E+00     0.48731533E+00     0.29365817E+00     0.50888159E-02      99     0.19381767E-01
-0.98000011E+01    -0.73352075E+00     0.93726330E-02     0.30000000E+01    -0.11610013E+00     0.48551556E+00     0.30107343E+00     0.48377179E-02      99     0.19381767E-01
-0.97000008E+01    -0.71995574E+00     0.92388839E-02     0.30000000E+01    -0.11686303E+00     0.48376554E+00     0.30469042E+00     0.47032605E-02      99     0.19381767E-01
-0.96000013E+01    -0.70676488E+00     0.91590090E-02     0.30000000E+01    -0.11744366E+00     0.48205042E+00     0.30783883E+00     0.46144696E-02      99     0.19381767E-01
-0.95000010E+01    -0.69327086E+00     0.90349158E-02     0.30000000E+01    -0.11817037E+00     0.48031783E+00     0.31038094E+00     0.44889585E-02     100     0.16763927E-01
-0.94000006E+01    -0.68007904E+00     0.89533599E-02     0.30000000E+01    -0.11875559E+00     0.47857225E+00     0.31351447E+00     0.44014691E-02     100     0.16763927E-01
-0.93000011E+01    -0.66720939E+00     0.89198351E-02     0.30000000E+01    -0.11918660E+00     0.47685707E+00     0.31552362E+00     0.43515377E-02     100     0.16763927E-01
-0.91999998E+01    -0.65397358E+00     0.88334419E-02     0.30000000E+01    -0.11979175E+00     0.47497347E+00     0.31779462E+00     0.42569265E-02     100     0.16763927E-01
-0.91000013E+01    -0.64086622E+00     0.87700011E-02     0.30000000E+01    -0.12031380E+00     0.47326997E+00     0.31931734E+00     0.41888729E-02     100     0.16763927E-01
-0.90000000E+01    -0.62785250E+00     0.87218629E-02     0.30000000E+01    -0.12078348E+00     0.47106126E+00     0.32075626E+00     0.41326657E-02     100     0.16763927E-01
-0.89000015E+01    -0.61493719E+00     0.86862938E-02     0.30000000E+01    -0.12121098E+00     0.46956715E+00     0.32302120E+00     0.40884856E-02     101     0.14421528E-01
-0.88000002E+01    -0.60216242E+00     0.86725913E-02     0.30000000E+01    -0.12157043E+00     0.46806359E+00     0.32424065E+00     0.40590717E-02     101     0.14421528E-01
-0.87000017E+01    -0.58911675E+00     0.86207567E-02     0.30000000E+01    -0.12205722E+00     0.46655393E+00     0.32545158E+00     0.39957170E-02     101     0.14421528E-01
-0.86000004E+01    -0.57600605E+00     0.85586095E-02     0.30000000E+01    -0.12257657E+00     0.46501279E+00     0.32706806E+00     0.39292811E-02     101     0.14421528E-01
-0.85000019E+01    -0.56308484E+00     0.85244831E-02     0.30000000E+01    -0.12300932E+00     0.46344990E+00     0.32806581E+00     0.38826726E-02     101     0.14421528E-01
-0.84000006E+01    -0.55022460E+00     0.84989574E-02     0.30000000E+01    -0.12341552E+00     0.46171758E+00     0.32900780E+00     0.38417275E-02     102     0.12325595E-01
-0.83000011E+01    -0.53730941E+00     0.84703863E-02     0.30000000E+01    -0.12381936E+00     0.46038538E+00     0.32995269E+00     0.38067200E-02     102     0.12325595E-01
-0.82000008E+01    -0.52442503E+00     0.84465463E-02     0.30000000E+01    -0.12420765E+00     0.45908591E+00     0.33084708E+00     0.37735351E-02     102     0.12325595E-01
-0.81000013E+01    -0.51160240E+00     0.84310984E-02     0.30000000E+01    -0.12456933E+00     0.45775917E+00     0.33169147E+00     0.37459191E-02     102     0.12325595E-01
-0.80000010E+01    -0.49883267E+00     0.84219407E-02     0.30000000E+01    -0.12491202E+00     0.45644709E+00     0.33247143E+00     0.37224367E-02     102     0.12325595E-01
-0.79000001E+01    -0.48593646E+00     0.83942357E-02     0.30000000E+01    -0.12531456E+00     0.45510894E+00     0.33391714E+00     0.36825044E-02     103     0.10451236E-01
-0.78000011E+01    -0.47287303E+00     0.83455155E-02     0.30000000E+01    -0.12578832E+00     0.45378390E+00     0.33518991E+00     0.36306609E-02     103     0.10451236E-01
-0.77000003E+01    -0.46000674E+00     0.83216019E-02     0.30000000E+01    -0.12618999E+00     0.45178840E+00     0.33589554E+00     0.35920246E-02     103     0.10451236E-01
-0.76000009E+01    -0.44714469E+00     0.83001740E-02     0.30000000E+01    -0.12658039E+00     0.45031747E+00     0.33657560E+00     0.35578343E-02     103     0.10451236E-01
-0.75000005E+01    -0.43430731E+00     0.82823392E-02     0.30000000E+01    -0.12695858E+00     0.44879481E+00     0.33722776E+00     0.35292497E-02     103     0.10451236E-01
-0.74000010E+01    -0.42139187E+00     0.82578603E-02     0.30000000E+01    -0.12734278E+00     0.44768447E+00     0.33815750E+00     0.35001212E-02     104     0.87768603E-02
-0.73000002E+01    -0.40852061E+00     0.82395133E-02     0.30000000E+01    -0.12771064E+00     0.44654298E+00     0.33876407E+00     0.34734425E-02     104     0.87768603E-02
-0.72000012E+01    -0.39569026E+00     0.82258461E-02     0.30000000E+01    -0.12806460E+00     0.44534850E+00     0.33938631E+00     0.34494596E-02     104     0.87768603E-02
-0.71000004E+01    -0.38297400E+00     0.82243206E-02     0.30000000E+01    -0.12837671E+00     0.44417807E+00     0.34049523E+00     0.34365426E-02     104     0.87768603E-02
-0.70000014E+01    -0.37022120E+00     0.82198400E-02     0.30000000E+01    -0.12870274E+00     0.44298211E+00     0.34100151E+00     0.34175697E-02     104     0.87768603E-02
-0.69000006E+01    -0.35763723E+00     0.82333628E-02     0.30000000E+01    -0.12896611E+00     0.44181558E+00     0.34179267E+00     0.34121801E-02     105     0.72842813E-02
-0.68000016E+01    -0.34464520E+00     0.82001621E-02     0.30000000E+01    -0.12939252E+00     0.44063887E+00     0.34253833E+00     0.33687414E-02     105     0.72842813E-02
-0.67000008E+01    -0.33170182E+00     0.81730913E-02     0.30000000E+01    -0.12979917E+00     0.43941391E+00     0.34318545E+00     0.33325814E-02     105     0.72842813E-02
-0.66000018E+01    -0.31881353E+00     0.81518777E-02     0.30000000E+01    -0.13018765E+00     0.43805432E+00     0.34377620E+00     0.33007734E-02     105     0.72842813E-02
-0.65000010E+01    -0.30592856E+00     0.81298789E-02     0.30000000E+01    -0.13057673E+00     0.43665722E+00     0.34480348E+00     0.32751407E-02     105     0.72842813E-02
-0.64000001E+01    -0.29299477E+00     0.81070233E-02     0.30000000E+01    -0.13095219E+00     0.43571445E+00     0.34529001E+00     0.32486282E-02     106     0.59582922E-02
-0.63000011E+01    -0.28009957E+00     0.80883866E-02     0.30000000E+01    -0.13131680E+00     0.43468297E+00     0.34579188E+00     0.32248441E-02     106     0.59582922E-02
-0.62000003E+01    -0.26725179E+00     0.80736391E-02     0.30000000E+01    -0.13166888E+00     0.43363661E+00     0.34666082E+00     0.32062503E-02     106     0.59582922E-02
-0.61000009E+01    -0.25443512E+00     0.80634803E-02     0.30000000E+01    -0.13201024E+00     0.43206728E+00     0.34712905E+00     0.31855525E-02     106     0.59582922E-02
-0.60000000E+01    -0.24164066E+00     0.80559189E-02     0.30000000E+01    -0.13234285E+00     0.43099290E+00     0.34757808E+00     0.31670099E-02     107     0.47860891E-02
-0.59000010E+01    -0.22887248E+00     0.80512883E-02     0.30000000E+01    -0.13266630E+00     0.42994666E+00     0.34803337E+00     0.31506475E-02     107     0.47860891E-02
-0.58000002E+01    -0.21619646E+00     0.80554998E-02     0.30000000E+01    -0.13296077E+00     0.42887321E+00     0.34888771E+00     0.31422866E-02     107     0.47860891E-02
-0.57000012E+01    -0.20347832E+00     0.80561349E-02     0.30000000E+01    -0.13326995E+00     0.42779568E+00     0.34930515E+00     0.31280466E-02     107     0.47860891E-02
-0.56000004E+01    -0.19088355E+00     0.80693997E-02     0.30000000E+01    -0.13353594E+00     0.42662781E+00     0.35001308E+00     0.31241043E-02     107     0.47860891E-02
-0.55000014E+01    -0.17824282E+00     0.80778757E-02     0.30000000E+01    -0.13382117E+00     0.42537093E+00     0.35035375E+00     0.31141578E-02     108     0.37573036E-02
-0.54000006E+01    -0.16540495E+00     0.80648921E-02     0.30000000E+01    -0.13416712E+00     0.42431819E+00     0.35127512E+00     0.30955053E-02     108     0.37573036E-02
-0.53000016E+01    -0.15236655E+00     0.80314064E-02     0.30000000E+01    -0.13457529E+00     0.42343968E+00     0.35211658E+00     0.30651968E-02     108     0.37573036E-02
-0.52000008E+01    -0.13939266E+00     0.80044707E-02     0.30000000E+01    -0.13496277E+00     0.42250031E+00     0.35303822E+00     0.30409298E-02     108     0.37573036E-02
-0.51000013E+01    -0.12651414E+00     0.79886848E-02     0.30000000E+01    -0.13531503E+00     0.42156413E+00     0.35347995E+00     0.30209599E-02     108     0.37573036E-02
-0.50000010E+01    -0.11366612E+00     0.79748742E-02     0.30000000E+01    -0.13565999E+00     0.42060590E+00     0.35427204E+00     0.30056005E-02     109     0.28634572E-02
-0.49000015E+01    -0.10087107E+00     0.79669338E-02     0.30000000E+01    -0.13598637E+00     0.41964474E+00     0.35499802E+00     0.29937536E-02     109     0.28634572E-02
-0.48000007E+01    -0.88208042E-01     0.79715792E-02     0.30000000E+01    -0.13627473E+00     0.41823077E+00     0.35604537E+00     0.29910957E-02     109     0.28634572E-02
-0.47000003E+01    -0.75468674E-01     0.79704206E-02     0.30000000E+01    -0.13658275E+00     0.41725719E+00     0.35639590E+00     0.29788380E-02     109     0.28634572E-02
-0.46000009E+01    -0.62746033E-01     0.79708556E-02     0.30000000E+01    -0.13688649E+00     0.41627312E+00     0.35673985E+00     0.29669409E-02     110     0.20977957E-02
-0.45000000E+01    -0.50045416E-01     0.79734307E-02     0.30000000E+01    -0.13718419E+00     0.41527450E+00     0.35710704E+00     0.29567797E-02     110     0.20977957E-02
-0.44000010E+01    -0.37364591E-01     0.79779550E-02     0.30000000E+01    -0.13747700E+00     0.41412583E+00     0.35745251E+00     0.29472485E-02     110     0.20977957E-02
-0.43000002E+01    -0.24698639E-01     0.79839956E-02     0.30000000E+01    -0.13776387E+00     0.41295782E+00     0.35780665E+00     0.29422021E-02     110     0.20977957E-02
-0.42000012E+01    -0.11897746E-01     0.79774093E-02     0.30000000E+01    -0.13807170E+00     0.41221693E+00     0.35815281E+00     0.29308223E-02     111     0.14551239E-02
-0.41000004E+01     0.87460660E-03     0.79731075E-02     0.30000000E+01    -0.13837427E+00     0.41143313E+00     0.35847881E+00     0.29204185E-02     111     0.14551239E-02
-0.40000014E+01     0.13606655E-01     0.79731103E-02     0.30000000E+01    -0.13866453E+00     0.41056806E+00     0.35880819E+00     0.29124203E-02     111     0.14551239E-02
-0.39000006E+01     0.26309453E-01     0.79755522E-02     0.30000000E+01    -0.13894716E+00     0.40969518E+00     0.35910866E+00     0.29056189E-02     111     0.14551239E-02
-0.38000014E+01     0.38989361E-01     0.79800691E-02     0.30000000E+01    -0.13922341E+00     0.40882370E+00     0.35937321E+00     0.28998149E-02     111     0.14551239E-02
-0.37000005E+01     0.51659998E-01     0.79853311E-02     0.30000000E+01    -0.13949777E+00     0.40796328E+00     0.35964200E+00     0.28923368E-02     112     0.93188853E-03
-0.36000016E+01     0.64570151E-01     0.79658926E-02     0.30000000E+01    -0.13985915E+00     0.40709332E+00     0.36028513E+00     0.28709215E-02     112     0.93188853E-03
-0.35000007E+01     0.77424295E-01     0.79522459E-02     0.30000000E+01    -0.14020087E+00     0.40623280E+00     0.36084828E+00     0.28536948E-02     112     0.93188853E-03
-0.34000015E+01     0.90227887E-01     0.79433685E-02     0.30000000E+01    -0.14052798E+00     0.40535951E+00     0.36137089E+00     0.28398680E-02     112     0.93188853E-03
-0.33000009E+01     0.10294781E+00     0.79421224E-02     0.30000000E+01    -0.14083628E+00     0.40398636E+00     0.36183190E+00     0.28282455E-02     113     0.52511692E-03
-0.32000017E+01     0.11566681E+00     0.79408530E-02     0.30000000E+01    -0.14114030E+00     0.40296927E+00     0.36246890E+00     0.28212015E-02     113     0.52511692E-03
-0.31000009E+01     0.12833296E+00     0.79449629E-02     0.30000000E+01    -0.14142872E+00     0.40185839E+00     0.36285752E+00     0.28160028E-02     113     0.52511692E-03
-0.30000000E+01     0.14111541E+00     0.79385042E-02     0.30000000E+01    -0.14173359E+00     0.40108916E+00     0.36324880E+00     0.28106808E-02     113     0.52511692E-03
-0.29000010E+01     0.15391578E+00     0.79303663E-02     0.30000000E+01    -0.14203897E+00     0.40038085E+00     0.36363769E+00     0.28026239E-02     113     0.52511692E-03
-0.28000002E+01     0.16668527E+00     0.79250475E-02     0.30000000E+01    -0.14233640E+00     0.39963147E+00     0.36401114E+00     0.27958853E-02     114     0.23333222E-03
-0.27000012E+01     0.17942026E+00     0.79226671E-02     0.30000000E+01    -0.14262621E+00     0.39886880E+00     0.36438802E+00     0.27906424E-02     114     0.23333222E-03
-0.26000004E+01     0.19213074E+00     0.79225274E-02     0.30000000E+01    -0.14290911E+00     0.39804849E+00     0.36477888E+00     0.27864664E-02     114     0.23333222E-03
-0.25000012E+01     0.20481670E+00     0.79245521E-02     0.30000000E+01    -0.14318523E+00     0.39725697E+00     0.36514503E+00     0.27833115E-02     114     0.23333222E-03
-0.24000003E+01     0.21748300E+00     0.79283975E-02     0.30000000E+01    -0.14345510E+00     0.39647672E+00     0.36551550E+00     0.27811914E-02     115     0.60354974E-04
-0.23000014E+01     0.23012599E+00     0.79339724E-02     0.30000000E+01    -0.14372025E+00     0.39567330E+00     0.36588615E+00     0.27796640E-02     115     0.60354974E-04
-0.22000005E+01     0.24274640E+00     0.79413243E-02     0.30000000E+01    -0.14398006E+00     0.39489356E+00     0.36626405E+00     0.27791476E-02     115     0.60354974E-04
-0.21000013E+01     0.25534442E+00     0.79506338E-02     0.30000000E+01    -0.14423457E+00     0.39409810E+00     0.36664170E+00     0.27796058E-02     115     0.60354974E-04
-0.20000007E+01     0.26792267E+00     0.79617295E-02     0.30000000E+01    -0.14448310E+00     0.39326766E+00     0.36700213E+00     0.27809073E-02     116     0.43318187E-06
-0.19000015E+01     0.28046942E+00     0.79755206E-02     0.30000000E+01    -0.14472450E+00     0.39242449E+00     0.36737090E+00     0.27841530E-02     116     0.43318187E-06
-0.18000008E+01     0.29298127E+00     0.79917004E-02     0.30000000E+01    -0.14495839E+00     0.39144567E+00     0.36770788E+00     0.27883700E-02     116     0.43318187E-06
-0.17000016E+01     0.30547670E+00     0.80090584E-02     0.30000000E+01    -0.14518622E+00     0.39007276E+00     0.36804715E+00     0.27958704E-02     116     0.43318187E-06
-0.16000009E+01     0.31813502E+00     0.80120359E-02     0.30000000E+01    -0.14544038E+00     0.38946119E+00     0.36833900E+00     0.27963524E-02     116     0.43318187E-06
-0.15000000E+01     0.33074513E+00     0.80190822E-02     0.30000000E+01    -0.14568168E+00     0.38881323E+00     0.36861089E+00     0.27992204E-02     117     0.38301725E-04
-0.14000009E+01     0.34348521E+00     0.80132075E-02     0.30000000E+01    -0.14596993E+00     0.38810897E+00     0.36915889E+00     0.27924962E-02     117     0.38301725E-04
-0.13000002E+01     0.35626709E+00     0.80035441E-02     0.30000000E+01    -0.14627400E+00     0.38738203E+00     0.36976966E+00     0.27851788E-02     117     0.38301725E-04
-0.12000011E+01     0.36899644E+00     0.79983473E-02     0.30000000E+01    -0.14656311E+00     0.38664895E+00     0.37034407E+00     0.27813227E-02     117     0.38301725E-04
-0.11000003E+01     0.38168159E+00     0.79969084E-02     0.30000000E+01    -0.14683972E+00     0.38590792E+00     0.37085688E+00     0.27799504E-02     118     0.16620255E-03
-0.10000012E+01     0.39433908E+00     0.79970360E-02     0.30000000E+01    -0.14711039E+00     0.38518634E+00     0.37154701E+00     0.27813115E-02     118     0.16620255E-03
-0.90000039E+00     0.40694943E+00     0.80017773E-02     0.30000000E+01    -0.14736614E+00     0.38444719E+00     0.37198403E+00     0.27835914E-02     118     0.16620255E-03
-0.80000126E+00     0.41953388E+00     0.80086766E-02     0.30000000E+01    -0.14761525E+00     0.38371289E+00     0.37239107E+00     0.27870848E-02     118     0.16620255E-03
-0.70000046E+00     0.43208444E+00     0.80180364E-02     0.30000000E+01    -0.14785671E+00     0.38298330E+00     0.37281069E+00     0.27922448E-02     118     0.16620255E-03
-0.60000139E+00     0.44461066E+00     0.80296760E-02     0.30000000E+01    -0.14809111E+00     0.38224244E+00     0.37320322E+00     0.27987896E-02     119     0.38239817E-03
-0.50000060E+00     0.45710358E+00     0.80438051E-02     0.30000000E+01    -0.14831802E+00     0.38145441E+00     0.37361121E+00     0.28068679E-02     119     0.38239817E-03
-0.40000150E+00     0.46955833E+00     0.80606518E-02     0.30000000E+01    -0.14853652E+00     0.38054880E+00     0.37401232E+00     0.28162221E-02     119     0.38239817E-03
-0.30000070E+00     0.48196033E+00     0.80816271E-02     0.30000000E+01    -0.14874326E+00     0.37955686E+00     0.37441343E+00     0.28285198E-02     119     0.38239817E-03
-0.20000160E+00     0.49458361E+00     0.80833584E-02     0.30000000E+01    -0.14898783E+00     0.37865040E+00     0.37480077E+00     0.28343569E-02     120     0.69524674E-03
-0.10000080E+00     0.50717431E+00     0.80877123E-02     0.30000000E+01    -0.14922373E+00     0.37805858E+00     0.37521338E+00     0.28397101E-02     120     0.69524674E-03
 0.00000000E+00     0.51973951E+00     0.80940975E-02     0.30000000E+01    -0.14945322E+00     0.37744114E+00     0.37560871E+00     0.28460720E-02     120     0.69524674E-03
 0.99999093E-01     0.53227443E+00     0.81023434E-02     0.30000000E+01    -0.14967719E+00     0.37678748E+00     0.37600413E+00     0.28532017E-02     120     0.69524674E-03
 0.19999990E+00     0.54477721E+00     0.81131244E-02     0.30000000E+01    -0.14989343E+00     0.37610403E+00     0.37640080E+00     0.28615766E-02     120     0.69524674E-03
 0.29999900E+00     0.55724573E+00     0.81263082E-02     0.30000000E+01    -0.15010212E+00     0.37542874E+00     0.37678087E+00     0.28715008E-02     121     0.11120313E-02
 0.39999980E+00     0.56969345E+00     0.81409980E-02     0.30000000E+01    -0.15030506E+00     0.37474605E+00     0.37714660E+00     0.28818510E-02     121     0.11120313E-02
 0.49999887E+00     0.58210695E+00     0.81578363E-02     0.30000000E+01    -0.15050156E+00     0.37408021E+00     0.37747547E+00     0.28932551E-02     121     0.11120313E-02
 0.59999967E+00     0.59448463E+00     0.81775058E-02     0.30000000E+01    -0.15068722E+00     0.37339255E+00     0.37778071E+00     0.29062759E-02     121     0.11120313E-02
 0.69999880E+00     0.60689133E+00     0.81942696E-02     0.30000000E+01    -0.15088469E+00     0.37273630E+00     0.37816647E+00     0.29162406E-02     121     0.11120313E-02
 0.79999959E+00     0.61942881E+00     0.81993621E-02     0.30000000E+01    -0.15112679E+00     0.37204739E+00     0.37886012E+00     0.29220809E-02     122     0.16372061E-02
 0.89999866E+00     0.63191044E+00     0.82089799E-02     0.30000000E+01    -0.15135293E+00     0.37133154E+00     0.37947986E+00     0.29309811E-02     122     0.16372061E-02
 0.99999946E+00     0.64433092E+00     0.82232226E-02     0.30000000E+01    -0.15156466E+00     0.37057054E+00     0.38003835E+00     0.29431800E-02     122     0.16372061E-02
 0.10999986E+01     0.65670389E+00     0.82400227E-02     0.30000000E+01    -0.15176770E+00     0.36973953E+00     0.38078281E+00     0.29590125E-02     122     0.16372061E-02
 0.11999993E+01     0.66899973E+00     0.82631055E-02     0.30000000E+01    -0.15195008E+00     0.36883053E+00     0.38124213E+00     0.29775249E-02     122     0.16372061E-02
 0.12999984E+01     0.68148309E+00     0.82705440E-02     0.30000000E+01    -0.15216359E+00     0.36821803E+00     0.38170582E+00     0.29923017E-02     123     0.22752350E-02
 0.13999993E+01     0.69402248E+00     0.82735354E-02     0.30000000E+01    -0.15238440E+00     0.36769143E+00     0.38214427E+00     0.30015535E-02     123     0.22752350E-02
 0.14999983E+01     0.70655060E+00     0.82767960E-02     0.30000000E+01    -0.15260234E+00     0.36684960E+00     0.38257965E+00     0.30095638E-02     123     0.22752350E-02
 0.15999992E+01     0.71900189E+00     0.82860393E-02     0.30000000E+01    -0.15280396E+00     0.36627063E+00     0.38300586E+00     0.30220952E-02     123     0.22752350E-02
 0.16999999E+01     0.73141944E+00     0.82973549E-02     0.30000000E+01    -0.15299903E+00     0.36564696E+00     0.38345766E+00     0.30356613E-02     123     0.22752350E-02
 0.17999990E+01     0.74379569E+00     0.83114160E-02     0.30000000E+01    -0.15318443E+00     0.36501464E+00     0.38388485E+00     0.30508540E-02     124     0.30308000E-02
 0.18999999E+01     0.75613898E+00     0.83276033E-02     0.30000000E+01    -0.15336315E+00     0.36437234E+00     0.38431486E+00     0.30666864E-02     124     0.30308000E-02
 0.19999989E+01     0.76846308E+00     0.83450144E-02     0.30000000E+01    -0.15353726E+00     0.36375242E+00     0.38473096E+00     0.30831029E-02     124     0.30308000E-02
 0.20999997E+01     0.78075427E+00     0.83644679E-02     0.30000000E+01    -0.15370364E+00     0.36312371E+00     0.38515183E+00     0.31005456E-02     124     0.30308000E-02
 0.21999989E+01     0.79301763E+00     0.83858445E-02     0.30000000E+01    -0.15386388E+00     0.36250570E+00     0.38557780E+00     0.31191334E-02     124     0.30308000E-02
 0.22999997E+01     0.80524701E+00     0.84091276E-02     0.30000000E+01    -0.15401816E+00     0.36187026E+00     0.38599494E+00     0.31391005E-02     125     0.39082086E-02
 0.23999987E+01     0.81743836E+00     0.84348917E-02     0.30000000E+01    -0.15416314E+00     0.36124152E+00     0.38640648E+00     0.31601652E-02     125     0.39082086E-02
 0.24999995E+01     0.82959044E+00     0.84632356E-02     0.30000000E+01    -0.15429978E+00     0.36054698E+00     0.38676894E+00     0.31824969E-02     125     0.39082086E-02
 0.25999987E+01     0.84169137E+00     0.84947413E-02     0.30000000E+01    -0.15442528E+00     0.35981628E+00     0.38710618E+00     0.32070982E-02     125     0.39082086E-02
 0.26999993E+01     0.85372061E+00     0.85307257E-02     0.30000000E+01    -0.15453535E+00     0.35901290E+00     0.38740698E+00     0.32347809E-02     125     0.39082086E-02
 0.27999985E+01     0.86586076E+00     0.85566770E-02     0.30000000E+01    -0.15468697E+00     0.35815749E+00     0.38810208E+00     0.32581380E-02     126     0.49119266E-02
 0.28999994E+01     0.87830675E+00     0.85595204E-02     0.30000000E+01    -0.15489168E+00     0.35763162E+00     0.38879812E+00     0.32739597E-02     126     0.49119266E-02
 0.29999983E+01     0.89080989E+00     0.85584195E-02     0.30000000E+01    -0.15510148E+00     0.35690796E+00     0.38940495E+00     0.32835864E-02     126     0.49119266E-02
 0.30999992E+01     0.90318221E+00     0.85660033E-02     0.30000000E+01    -0.15528557E+00     0.35636109E+00     0.38995513E+00     0.32994393E-02     126     0.49119266E-02
 0.31999984E+01     0.91550684E+00     0.85760662E-02     0.30000000E+01    -0.15546055E+00     0.35580751E+00     0.39072937E+00     0.33187065E-02     126     0.49119266E-02
 0.32999990E+01     0.92778969E+00     0.85894074E-02     0.30000000E+01    -0.15562353E+00     0.35521987E+00     0.39120555E+00     0.33384236E-02     127     0.60465392E-02
 0.33999999E+01     0.94002122E+00     0.86059533E-02     0.30000000E+01    -0.15577582E+00     0.35464928E+00     0.39168832E+00     0.33596326E-02     127     0.60465392E-02
 0.34999990E+01     0.95221579E+00     0.86244978E-02     0.30000000E+01    -0.15592054E+00     0.35405245E+00     0.39214876E+00     0.33816895E-02     127     0.60465392E-02
 0.35999999E+01     0.96437609E+00     0.86451955E-02     0.30000000E+01    -0.15605776E+00     0.35346273E+00     0.39261895E+00     0.34050369E-02     127     0.60465392E-02
 0.36999989E+01     0.97650570E+00     0.86675640E-02     0.30000000E+01    -0.15618819E+00     0.35287368E+00     0.39308527E+00     0.34292024E-02     127     0.60465392E-02
 0.37999997E+01     0.98859662E+00     0.86920848E-02     0.30000000E+01    -0.15631071E+00     0.35227960E+00     0.39356360E+00     0.34549227E-02     128     0.73172259E-02
 0.38999987E+01     0.10006493E+01     0.87188818E-02     0.30000000E+01    -0.15642481E+00     0.35170287E+00     0.39401069E+00     0.34814700E-02     128     0.73172259E-02
 0.39999995E+01     0.10126618E+01     0.87480331E-02     0.30000000E+01    -0.15653077E+00     0.35109740E+00     0.39446181E+00     0.35092421E-02     128     0.73172259E-02
 0.40999985E+01     0.10246327E+01     0.87795006E-02     0.30000000E+01    -0.15662816E+00     0.35047564E+00     0.39491677E+00     0.35385238E-02     128     0.73172259E-02
 0.41999993E+01     0.10365547E+01     0.88136718E-02     0.30000000E+01    -0.15671568E+00     0.34983999E+00     0.39537978E+00     0.35699145E-02     128     0.73172259E-02
 0.42999988E+01     0.10484024E+01     0.88519305E-02     0.30000000E+01    -0.15678932E+00     0.34909046E+00     0.39580458E+00     0.36039939E-02     129     0.87298052E-02
 0.43999991E+01     0.10601712E+01     0.88943960E-02     0.30000000E+01    -0.15684670E+00     0.34830326E+00     0.39621776E+00     0.36410796E-02     129     0.87298052E-02
 0.44999986E+01     0.10719832E+01     0.89325318E-02     0.30000000E+01    -0.15691023E+00     0.34756204E+00     0.39659655E+00     0.36798790E-02     129     0.87298052E-02
 0.45999994E+01     0.10842279E+01     0.89418078E-02     0.30000000E+01    -0.15704891E+00     0.34691238E+00     0.39694473E+00     0.36963355E-02     129     0.87298052E-02
 0.47000003E+01     0.10964981E+01     0.89481054E-02     0.30000000E+01    -0.15720174E+00     0.34597492E+00     0.39753047E+00     0.37100147E-02     129     0.87298052E-02
 0.47999973E+01     0.11087334E+01     0.89561287E-02     0.30000000E+01    -0.15735625E+00     0.34493640E+00     0.39828992E+00     0.37272912E-02     129     0.87298052E-02
 0.48999982E+01     0.11208133E+01     0.89737354E-02     0.30000000E+01    -0.15748057E+00     0.34379762E+00     0.39894372E+00     0.37501804E-02     130     0.10290815E-01
 0.49999990E+01     0.11327466E+01     0.90009775E-02     0.30000000E+01    -0.15758045E+00     0.34210327E+00     0.39984018E+00     0.37763468E-02     130     0.10290815E-01
 0.50999999E+01     0.11445701E+01     0.90356395E-02     0.30000000E+01    -0.15765527E+00     0.34087405E+00     0.40037748E+00     0.38076993E-02     130     0.10290815E-01
 0.52000008E+01     0.11564083E+01     0.90679955E-02     0.30000000E+01    -0.15772875E+00     0.34018463E+00     0.40090418E+00     0.38414192E-02     130     0.10290815E-01
 0.52999978E+01     0.11681881E+01     0.91038328E-02     0.30000000E+01    -0.15779127E+00     0.33947355E+00     0.40140799E+00     0.38778381E-02     130     0.10290815E-01
 0.53999987E+01     0.11796863E+01     0.91579985E-02     0.30000000E+01    -0.15780421E+00     0.33796883E+00     0.40190378E+00     0.39230199E-02     131     0.12008118E-01
 0.54999995E+01     0.11917098E+01     0.91754179E-02     0.30000000E+01    -0.15790676E+00     0.33675647E+00     0.40239564E+00     0.39506331E-02     131     0.12008118E-01
 0.56000004E+01     0.12037042E+01     0.91937752E-02     0.30000000E+01    -0.15800200E+00     0.33612832E+00     0.40290481E+00     0.39778096E-02     131     0.12008118E-01
 0.56999979E+01     0.12156640E+01     0.92135407E-02     0.30000000E+01    -0.15809110E+00     0.33491525E+00     0.40340790E+00     0.40030573E-02     131     0.12008118E-01
 0.57999988E+01     0.12274935E+01     0.92412950E-02     0.30000000E+01    -0.15815459E+00     0.33419237E+00     0.40390649E+00     0.40350840E-02     131     0.12008118E-01
 0.58999996E+01     0.12392757E+01     0.92711486E-02     0.30000000E+01    -0.15820932E+00     0.33344463E+00     0.40439236E+00     0.40681069E-02     131     0.12008118E-01
 0.60000000E+01     0.12508953E+01     0.93120644E-02     0.30000000E+01    -0.15823665E+00     0.33176449E+00     0.40487069E+00     0.41032839E-02     132     0.13890646E-01
 0.60999975E+01     0.12625344E+01     0.93498323E-02     0.30000000E+01    -0.15826455E+00     0.33098981E+00     0.40536168E+00     0.41402085E-02     132     0.13890646E-01
 0.61999984E+01     0.12737696E+01     0.94153294E-02     0.30000000E+01    -0.15822478E+00     0.32887283E+00     0.40581524E+00     0.41875383E-02     132     0.13890646E-01
 0.62999992E+01     0.12851962E+01     0.94656544E-02     0.30000000E+01    -0.15821269E+00     0.32792670E+00     0.40623969E+00     0.42329356E-02     132     0.13890646E-01
 0.64000001E+01     0.12968770E+01     0.94976518E-02     0.30000000E+01    -0.15824232E+00     0.32710972E+00     0.40664020E+00     0.42713583E-02     132     0.13890646E-01
 0.65000010E+01     0.13086494E+01     0.95225098E-02     0.30000000E+01    -0.15828703E+00     0.32631320E+00     0.40699923E+00     0.43016169E-02     133     0.15949279E-01
 0.65999980E+01     0.13205116E+01     0.95411111E-02     0.30000000E+01    -0.15836498E+00     0.32549676E+00     0.40784824E+00     0.43320977E-02     133     0.15949279E-01
 0.66999989E+01     0.13322297E+01     0.95683839E-02     0.30000000E+01    -0.15841572E+00     0.32398659E+00     0.40861154E+00     0.43654619E-02     133     0.15949279E-01
 0.67999997E+01     0.13438776E+01     0.95990477E-02     0.30000000E+01    -0.15845090E+00     0.32308552E+00     0.40929070E+00     0.44029662E-02     133     0.15949279E-01
 0.69000006E+01     0.13554374E+01     0.96345199E-02     0.30000000E+01    -0.15846761E+00     0.32217413E+00     0.40990081E+00     0.44434443E-02     133     0.15949279E-01
 0.69999981E+01     0.13669133E+01     0.96738897E-02     0.30000000E+01    -0.15846968E+00     0.32122415E+00     0.41073984E+00     0.44875648E-02     133     0.15949279E-01
 0.70999990E+01     0.13780717E+01     0.97335288E-02     0.30000000E+01    -0.15841676E+00     0.31950453E+00     0.41128728E+00     0.45396890E-02     134     0.18196480E-01
 0.71999998E+01     0.13892993E+01     0.97869532E-02     0.30000000E+01    -0.15837121E+00     0.31841239E+00     0.41181153E+00     0.45910976E-02     134     0.18196480E-01
 0.73000002E+01     0.14007719E+01     0.98229032E-02     0.30000000E+01    -0.15836754E+00     0.31622490E+00     0.41236407E+00     0.46323705E-02     134     0.18196480E-01
 0.73999977E+01     0.14121870E+01     0.98604728E-02     0.30000000E+01    -0.15835305E+00     0.31434074E+00     0.41289464E+00     0.46724202E-02     134     0.18196480E-01
 0.74999986E+01     0.14235179E+01     0.99019129E-02     0.30000000E+01    -0.15832266E+00     0.31314135E+00     0.41342214E+00     0.47166641E-02     134     0.18196480E-01
 0.75999994E+01     0.14347398E+01     0.99486839E-02     0.30000000E+01    -0.15827042E+00     0.31198010E+00     0.41396353E+00     0.47639976E-02     134     0.18196480E-01
 0.77000003E+01     0.14458271E+01     0.10002659E-01     0.30000000E+01    -0.15819468E+00     0.31073529E+00     0.41447437E+00     0.48160222E-02     135     0.20647235E-01
 0.77999973E+01     0.14564632E+01     0.10083931E-01     0.30000000E+01    -0.15804031E+00     0.30859947E+00     0.41499713E+00     0.48820274E-02     135     0.20647235E-01
 0.78999982E+01     0.14676811E+01     0.10126231E-01     0.30000000E+01    -0.15798487E+00     0.30722636E+00     0.41550961E+00     0.49295998E-02     135     0.20647235E-01
 0.79999990E+01     0.14789110E+01     0.10166383E-01     0.30000000E+01    -0.15792800E+00     0.30574974E+00     0.41601029E+00     0.49733650E-02     135     0.20647235E-01
 0.81000004E+01     0.14899889E+01     0.10214441E-01     0.30000000E+01    -0.15784520E+00     0.30424279E+00     0.41645575E+00     0.50221165E-02     135     0.20647235E-01
 0.82000008E+01     0.15006056E+01     0.10288697E-01     0.30000000E+01    -0.15768220E+00     0.30165744E+00     0.41685587E+00     0.50841705E-02     135     0.20647235E-01
 0.82999983E+01     0.15109398E+01     0.10378183E-01     0.30000000E+01    -0.15747625E+00     0.29928702E+00     0.41742107E+00     0.51575303E-02     136     0.23319028E-01
 0.83999987E+01     0.15218096E+01     0.10433450E-01     0.30000000E+01    -0.15736946E+00     0.29634652E+00     0.41825861E+00     0.52149091E-02     136     0.23319028E-01
 0.85000000E+01     0.15326539E+01     0.10487763E-01     0.30000000E+01    -0.15725374E+00     0.29421753E+00     0.41902247E+00     0.52720373E-02     136     0.23319028E-01
 0.86000004E+01     0.15431948E+01     0.10557782E-01     0.30000000E+01    -0.15708512E+00     0.29202589E+00     0.41971779E+00     0.53390833E-02     136     0.23319028E-01
 0.86999979E+01     0.15532626E+01     0.10652804E-01     0.30000000E+01    -0.15683365E+00     0.28960943E+00     0.42063031E+00     0.54234443E-02     136     0.23319028E-01
 0.87999983E+01     0.15638589E+01     0.10714863E-01     0.30000000E+01    -0.15666881E+00     0.28686923E+00     0.42120898E+00     0.54872846E-02     136     0.23319028E-01
 0.88999996E+01     0.15736227E+01     0.10821360E-01     0.30000000E+01    -0.15636125E+00     0.28254879E+00     0.42176971E+00     0.55770688E-02     136     0.23319028E-01
 0.90000000E+01     0.15832497E+01     0.10932440E-01     0.30000000E+01    -0.15602838E+00     0.27922887E+00     0.42233092E+00     0.56728721E-02     137     0.26232461E-01
 0.90999975E+01     0.15931523E+01     0.11025034E-01     0.30000000E+01    -0.15574081E+00     0.27529699E+00     0.42290273E+00     0.57567549E-02     137     0.26232461E-01
 0.91999989E+01     0.16016169E+01     0.11191823E-01     0.30000000E+01    -0.15520519E+00     0.26940364E+00     0.42345673E+00     0.58887522E-02     137     0.26232461E-01
 0.92999992E+01     0.16090337E+01     0.11407337E-01     0.30000000E+01    -0.15449072E+00     0.26100355E+00     0.42397481E+00     0.60549299E-02     137     0.26232461E-01
 0.94000006E+01     0.16168402E+01     0.11596576E-01     0.30000000E+01    -0.15383860E+00     0.25399414E+00     0.42449740E+00     0.62083546E-02     137     0.26232461E-01
 0.94999971E+01     0.16236097E+01     0.11831194E-01     0.30000000E+01    -0.15300608E+00     0.24542601E+00     0.42498350E+00     0.63946187E-02     137     0.26232461E-01
 0.95999985E+01     0.16267961E+01     0.12226748E-01     0.30000000E+01    -0.15155444E+00     0.23069534E+00     0.42545432E+00     0.66980342E-02     137     0.26232461E-01
 0.96999989E+01     0.16291913E+01     0.12636993E-01     0.30000000E+01    -0.14996095E+00     0.21707630E+00     0.42588034E+00     0.70213047E-02     138     0.29411485E-01
 0.98000002E+01     0.16288669E+01     0.13125693E-01     0.30000000E+01    -0.14788018E+00     0.20109238E+00     0.42625889E+00     0.74143661E-02     138     0.29411485E-01
 0.10200000E+02     0.15942684E+01     0.16068041E-01     0.30000000E+01    -0.13387275E+00     0.12228109E+00     0.42719761E+00     0.98894257E-02     138     0.29411485E-01
 0.10300000E+02     0.15939251E+01     0.16536165E-01     0.30000000E+01    -0.13193205E+00     0.11345277E+00     0.42751345E+00     0.10311080E-01     138     0.29411485E-01
 0.10399998E+02     0.15943398E+01     0.16970960E-01     0.30000000E+01    -0.13015363E+00     0.10627021E+00     0.42822120E+00     0.10714911E-01     138     0.29411485E-01
 0.10499999E+02     0.15957948E+01     0.17370416E-01     0.30000000E+01    -0.12856756E+00     0.10011366E+00     0.42886722E+00     0.11091085E-01     138     0.29411485E-01
 0.10599999E+02     0.15978639E+01     0.17740456E-01     0.30000000E+01    -0.12709914E+00     0.95262833E-01     0.42949238E+00     0.11446616E-01     138     0.29411485E-01
 0.10700000E+02     0.15993534E+01     0.18141694E-01     0.30000000E+01    -0.12556788E+00     0.90885676E-01     0.43006033E+00     0.11830907E-01     138     0.29411485E-01
 0.10799997E+02     0.16002095E+01     0.18566545E-01     0.30000000E+01    -0.12396250E+00     0.85645527E-01     0.43056172E+00     0.12240969E-01     138     0.29411485E-01
 0.10899999E+02     0.16042836E+01     0.18870773E-01     0.30000000E+01    -0.12287015E+00     0.83959632E-01     0.43112019E+00     0.12546696E-01     138     0.29411485E-01
 0.10999999E+02     0.16051518E+01     0.19303832E-01     0.30000000E+01    -0.12132641E+00     0.79740636E-01     0.43192506E+00     0.12972463E-01     138     0.29411485E-01
 0.11100000E+02     0.16074010E+01     0.19691356E-01     0.30000000E+01    -0.12001456E+00     0.77198260E-01     0.43240428E+00     0.13358285E-01     139     0.32884005E-01
 0.11200001E+02     0.16089123E+01     0.20115187E-01     0.30000000E+01    -0.11862780E+00     0.74861638E-01     0.43287209E+00     0.13781972E-01     139     0.32884005E-01
 0.11299998E+02     0.16132370E+01     0.20418571E-01     0.30000000E+01    -0.11765747E+00     0.73940121E-01     0.43336019E+00     0.14096070E-01     139     0.32884005E-01
 0.11399999E+02     0.16143785E+01     0.20875085E-01     0.30000000E+01    -0.11628529E+00     0.71180820E-01     0.43381476E+00     0.14552485E-01     139     0.32884005E-01
 0.11500000E+02     0.16156945E+01     0.21330900E-01     0.30000000E+01    -0.11497648E+00     0.69604509E-01     0.43426704E+00     0.15013047E-01     139     0.32884005E-01
 0.11600000E+02     0.16161110E+01     0.21843433E-01     0.30000000E+01    -0.11359667E+00     0.67830861E-01     0.43474266E+00     0.15529256E-01     139     0.32884005E-01
 0.11699998E+02     0.16180261E+01     0.22300683E-01     0.30000000E+01    -0.11245314E+00     0.66397719E-01     0.43521315E+00     0.16000038E-01     139     0.32884005E-01
 0.11799999E+02     0.16193942E+01     0.22792485E-01     0.30000000E+01    -0.11128712E+00     0.65187417E-01     0.43565834E+00     0.16504180E-01     139     0.32884005E-01
 0.11900000E+02     0.16199245E+01     0.23347287E-01     0.30000000E+01    -0.11007668E+00     0.64140759E-01     0.43609703E+00     0.17072205E-01     139     0.32884005E-01
 0.12000000E+02     0.16191691E+01     0.23989704E-01     0.30000000E+01    -0.10879829E+00     0.62970616E-01     0.43646970E+00     0.17728325E-01     139     0.32884005E-01
 0.12099998E+02     0.16174835E+01     0.24715515E-01     0.30000000E+01    -0.10750994E+00     0.61950419E-01     0.43685108E+00     0.18469803E-01     139     0.32884005E-01
 0.12199999E+02     0.16150246E+01     0.25528152E-01     0.30000000E+01    -0.10625208E+00     0.60774658E-01     0.43720853E+00     0.19304559E-01     139     0.32884005E-01
 0.12299999E+02     0.16134347E+01     0.26322007E-01     0.30000000E+01    -0.10517913E+00     0.60036644E-01     0.43756789E+00     0.20124456E-01     140     0.36681708E-01
 0.12400001E+02     0.16106557E+01     0.27242370E-01     0.30000000E+01    -0.10413081E+00     0.59351817E-01     0.43785718E+00     0.21073274E-01     140     0.36681708E-01
 0.12499997E+02     0.16063374E+01     0.28325018E-01     0.30000000E+01    -0.10311987E+00     0.58621824E-01     0.43808264E+00     0.22188429E-01     140     0.36681708E-01
 0.12599998E+02     0.15986179E+01     0.29744809E-01     0.30000000E+01    -0.10212614E+00     0.57658210E-01     0.43858519E+00     0.23649562E-01     140     0.36681708E-01
 0.12699999E+02     0.15926200E+01     0.31140435E-01     0.30000000E+01    -0.10144386E+00     0.57703540E-01     0.43910101E+00     0.25096349E-01     140     0.36681708E-01
 0.12800000E+02     0.15823802E+01     0.33016279E-01     0.30000000E+01    -0.10086835E+00     0.57450205E-01     0.43946409E+00     0.27032377E-01     140     0.36681708E-01
 0.12900001E+02     0.15678551E+01     0.35474926E-01     0.30000000E+01    -0.10058554E+00     0.57260126E-01     0.43970874E+00     0.29566275E-01     140     0.36681708E-01
 0.12999998E+02     0.15506016E+01     0.38450606E-01     0.30000000E+01    -0.10071307E+00     0.57374962E-01     0.43981415E+00     0.32631449E-01     140     0.36681708E-01
 0.13099999E+02     0.15279343E+01     0.42264752E-01     0.30000000E+01    -0.10129236E+00     0.57643279E-01     0.43982422E+00     0.36553849E-01     140     0.36681708E-01
 0.13200000E+02     0.15003326E+01     0.46787083E-01     0.30000000E+01    -0.10216585E+00     0.58092576E-01     0.43968010E+00     0.41195851E-01     139     0.32884005E-01
 0.13300000E+02     0.14701586E+01     0.51593218E-01     0.30000000E+01    -0.10306376E+00     0.58874577E-01     0.43940851E+00     0.46124153E-01     139     0.32884005E-01
 0.13399998E+02     0.14372153E+01     0.56578133E-01     0.30000000E+01    -0.10383662E+00     0.59562065E-01     0.43906990E+00     0.51227096E-01     139     0.32884005E-01
 0.13499999E+02     0.14021208E+01     0.61605990E-01     0.30000000E+01    -0.10447126E+00     0.60588136E-01     0.43856657E+00     0.56370866E-01     139     0.32884005E-01
 0.13599999E+02     0.13732562E+01     0.65698259E-01     0.30000000E+01    -0.10482011E+00     0.61305273E-01     0.43822348E+00     0.60552966E-01     139     0.32884005E-01
 0.13700001E+02     0.13456883E+01     0.69584712E-01     0.30000000E+01    -0.10518061E+00     0.62194437E-01     0.43807575E+00     0.64534403E-01     139     0.32884005E-01
 0.13799997E+02     0.13221633E+01     0.73001623E-01     0.30000000E+01    -0.10555331E+00     0.62600322E-01     0.43801194E+00     0.68028226E-01     139     0.32884005E-01
 0.13899999E+02     0.13051245E+01     0.75749010E-01     0.30000000E+01    -0.10590761E+00     0.62749259E-01     0.43803966E+00     0.70832811E-01     139     0.32884005E-01
 0.13999999E+02     0.12875227E+01     0.78718051E-01     0.30000000E+01    -0.10650982E+00     0.62815987E-01     0.43808824E+00     0.73860727E-01     139     0.32884005E-01
 0.14100000E+02     0.12773621E+01     0.81005439E-01     0.30000000E+01    -0.10705995E+00     0.63147299E-01     0.43822753E+00     0.76195419E-01     139     0.32884005E-01
 0.14199998E+02     0.12653056E+01     0.83462305E-01     0.30000000E+01    -0.10767622E+00     0.62146917E-01     0.43840453E+00     0.78683205E-01     138     0.29411485E-01
 0.14299998E+02     0.12544250E+01     0.85990332E-01     0.30000000E+01    -0.10850579E+00     0.61755881E-01     0.43873349E+00     0.81253782E-01     138     0.29411485E-01
 0.14400000E+02     0.12483047E+01     0.87848946E-01     0.30000000E+01    -0.10905392E+00     0.60724698E-01     0.43902194E+00     0.83138838E-01     139     0.32884005E-01
 0.14500000E+02     0.12414461E+01     0.90001151E-01     0.30000000E+01    -0.10986122E+00     0.60348656E-01     0.43951362E+00     0.85328862E-01     139     0.32884005E-01
 0.14600000E+02     0.12382957E+01     0.91614127E-01     0.30000000E+01    -0.11040749E+00     0.59659246E-01     0.43990532E+00     0.86964875E-01     139     0.32884005E-01
 0.14699998E+02     0.12362345E+01     0.93082912E-01     0.30000000E+01    -0.11090039E+00     0.59105944E-01     0.44017521E+00     0.88453859E-01     139     0.32884005E-01
 0.14799999E+02     0.12307163E+01     0.95156342E-01     0.30000000E+01    -0.11178564E+00     0.58448348E-01     0.44053417E+00     0.90558484E-01     139     0.32884005E-01
 0.14900000E+02     0.12289788E+01     0.96616216E-01     0.30000000E+01    -0.11233544E+00     0.57727404E-01     0.44097513E+00     0.92036366E-01     139     0.32884005E-01
 0.15000001E+02     0.12269533E+01     0.98140948E-01     0.30000000E+01    -0.11294547E+00     0.56951921E-01     0.44162759E+00     0.93578950E-01     139     0.32884005E-01
 0.15099998E+02     0.12223310E+01     0.10012090E+00     0.30000000E+01    -0.11383580E+00     0.56335121E-01     0.44162101E+00     0.95581010E-01     139     0.32884005E-01
 0.15199999E+02     0.12203010E+01     0.10163912E+00     0.30000000E+01    -0.11447468E+00     0.55228770E-01     0.44211671E+00     0.97109929E-01     139     0.32884005E-01
 0.15299999E+02     0.12192996E+01     0.10305910E+00     0.30000000E+01    -0.11509559E+00     0.54375667E-01     0.44244966E+00     0.98541662E-01     139     0.32884005E-01
 0.15400001E+02     0.12175028E+01     0.10469346E+00     0.30000000E+01    -0.11586668E+00     0.53996075E-01     0.44278538E+00     0.10020585E+00     139     0.32884005E-01
 0.15499998E+02     0.12174950E+01     0.10600065E+00     0.30000000E+01    -0.11645611E+00     0.53187139E-01     0.44335124E+00     0.10152858E+00     139     0.32884005E-01
 0.15599998E+02     0.12187628E+01     0.10713355E+00     0.30000000E+01    -0.11696789E+00     0.52834164E-01     0.44402927E+00     0.10267804E+00     139     0.32884005E-01
 0.15699999E+02     0.12196987E+01     0.10829405E+00     0.30000000E+01    -0.11748232E+00     0.52253805E-01     0.44443044E+00     0.10385101E+00     139     0.32884005E-01
 0.15800000E+02     0.12166255E+01     0.11013122E+00     0.30000000E+01    -0.11846027E+00     0.51192369E-01     0.44478703E+00     0.10570538E+00     139     0.32884005E-01
 0.15899998E+02     0.12173768E+01     0.11136635E+00     0.30000000E+01    -0.11907457E+00     0.50730761E-01     0.44515496E+00     0.10695238E+00     139     0.32884005E-01
 0.15999998E+02     0.12182684E+01     0.11251421E+00     0.30000000E+01    -0.11961976E+00     0.50197054E-01     0.44525257E+00     0.10810839E+00     139     0.32884005E-01
 0.16099998E+02     0.12184286E+01     0.11378361E+00     0.30000000E+01    -0.12026675E+00     0.49391311E-01     0.44614083E+00     0.10938438E+00     139     0.32884005E-01
 0.16200001E+02     0.12181509E+01     0.11524313E+00     0.30000000E+01    -0.12107164E+00     0.49139768E-01     0.44616571E+00     0.11086451E+00     139     0.32884005E-01
 0.16300001E+02     0.12182102E+01     0.11657391E+00     0.30000000E+01    -0.12178905E+00     0.48215415E-01     0.44672486E+00     0.11220731E+00     140     0.36681708E-01
 0.16399998E+02     0.12203181E+01     0.11757322E+00     0.30000000E+01    -0.12228625E+00     0.47785729E-01     0.44720584E+00     0.11321779E+00     140     0.36681708E-01
 0.16499998E+02     0.12225416E+01     0.11858230E+00     0.30000000E+01    -0.12281600E+00     0.47181621E-01     0.44769087E+00     0.11423527E+00     140     0.36681708E-01
 0.16600000E+02     0.12236898E+01     0.11975027E+00     0.30000000E+01    -0.12345700E+00     0.46598602E-01     0.44778717E+00     0.11541461E+00     140     0.36681708E-01
 0.16700001E+02     0.12241653E+01     0.12114582E+00     0.30000000E+01    -0.12429599E+00     0.46203446E-01     0.44838187E+00     0.11682724E+00     140     0.36681708E-01
 0.16799997E+02     0.12252022E+01     0.12230671E+00     0.30000000E+01    -0.12493585E+00     0.45605883E-01     0.44873056E+00     0.11799418E+00     140     0.36681708E-01
 0.16900000E+02     0.12277912E+01     0.12322894E+00     0.30000000E+01    -0.12543835E+00     0.45483228E-01     0.44919345E+00     0.11892538E+00     140     0.36681708E-01
 0.17000000E+02     0.12291169E+01     0.12436055E+00     0.30000000E+01    -0.12611803E+00     0.44578779E-01     0.44990519E+00     0.12006099E+00     140     0.36681708E-01
 0.17100000E+02     0.12302028E+01     0.12558171E+00     0.30000000E+01    -0.12685627E+00     0.44073280E-01     0.45009437E+00     0.12129045E+00     140     0.36681708E-01
 0.17199997E+02     0.12305001E+01     0.12691922E+00     0.30000000E+01    -0.12774065E+00     0.43617152E-01     0.45111319E+00     0.12264697E+00     140     0.36681708E-01
 0.17299999E+02     0.12322544E+01     0.12800995E+00     0.30000000E+01    -0.12843592E+00     0.43119386E-01     0.45157266E+00     0.12374775E+00     140     0.36681708E-01
 0.17400000E+02     0.12347436E+01     0.12897715E+00     0.30000000E+01    -0.12899601E+00     0.42477429E-01     0.45194179E+00     0.12472907E+00     140     0.36681708E-01
 0.17500000E+02     0.12377260E+01     0.12988302E+00     0.30000000E+01    -0.12957580E+00     0.42052153E-01     0.45278198E+00     0.12564859E+00     140     0.36681708E-01
 0.17599997E+02     0.12406642E+01     0.13078189E+00     0.30000000E+01    -0.13012369E+00     0.41819755E-01     0.45317170E+00     0.12655997E+00     141     0.40840175E-01
 0.17699999E+02     0.12414269E+01     0.13206866E+00     0.30000000E+01    -0.13098657E+00     0.41107457E-01     0.45375469E+00     0.12786210E+00     141     0.40840175E-01
 0.17799999E+02     0.12431767E+01     0.13321339E+00     0.30000000E+01    -0.13177533E+00     0.40581979E-01     0.45411411E+00     0.12901811E+00     141     0.40840175E-01
 0.17900000E+02     0.12460289E+01     0.13414554E+00     0.30000000E+01    -0.13235529E+00     0.40558711E-01     0.45473555E+00     0.12996589E+00     141     0.40840175E-01
 0.18000000E+02     0.12484827E+01     0.13508782E+00     0.30000000E+01    -0.13300100E+00     0.40126186E-01     0.45543975E+00     0.13091421E+00     141     0.40840175E-01
 0.18099998E+02     0.12511265E+01     0.13601497E+00     0.30000000E+01    -0.13364625E+00     0.39638162E-01     0.45577061E+00     0.13184766E+00     141     0.40840175E-01
 0.18199999E+02     0.12538152E+01     0.13688743E+00     0.30000000E+01    -0.13423191E+00     0.39442934E-01     0.45670593E+00     0.13272971E+00     141     0.40840175E-01
 0.18299999E+02     0.12532684E+01     0.13838731E+00     0.30000000E+01    -0.13535750E+00     0.38447920E-01     0.45693895E+00     0.13423364E+00     141     0.40840175E-01
