1.000000e+00  1.310410e-02
9.921066e-01  1.507869e-02
9.842138e-01  1.704170e-02
9.763219e-01  1.899285e-02
9.684315e-01  2.093183e-02
9.605430e-01  2.285837e-02
9.526570e-01  2.477219e-02
9.447740e-01  2.667307e-02
9.368944e-01  2.856083e-02
9.290187e-01  3.043535e-02
9.211475e-01  3.229656e-02
9.132811e-01  3.414448e-02
9.054202e-01  3.597918e-02
8.975652e-01  3.780080e-02
8.897165e-01  3.960954e-02
8.818747e-01  4.140567e-02
8.740403e-01  4.318952e-02
8.662137e-01  4.496146e-02
8.583955e-01  4.672190e-02
8.505861e-01  4.847130e-02
8.427860e-01  5.021013e-02
8.349956e-01  5.193890e-02
8.272156e-01  5.365812e-02
8.194463e-01  5.536830e-02
8.116883e-01  5.706995e-02
8.039421e-01  5.876354e-02
7.962080e-01  6.044954e-02
7.884866e-01  6.212839e-02
7.807784e-01  6.380046e-02
7.730839e-01  6.546609e-02
7.654035e-01  6.712557e-02
7.577377e-01  6.877911e-02
7.500870e-01  7.042686e-02
7.424519e-01  7.206889e-02
7.348329e-01  7.370521e-02
7.272303e-01  7.533571e-02
7.196448e-01  7.696025e-02
7.120767e-01  7.857854e-02
7.045266e-01  8.019026e-02
6.969948e-01  8.179496e-02
6.894820e-01  8.339212e-02
6.819885e-01  8.498112e-02
6.745148e-01  8.656128e-02
6.670614e-01  8.813179e-02
6.596287e-01  8.969180e-02
6.522172e-01  9.124037e-02
6.448274e-01  9.277647e-02
6.374598e-01  9.429903e-02
6.301147e-01  9.580688e-02
6.227927e-01  9.729882e-02
6.154942e-01  9.877360e-02
6.082196e-01  1.002299e-01
6.009694e-01  1.016664e-01
5.937441e-01  1.030816e-01
5.865442e-01  1.044742e-01
5.793699e-01  1.058428e-01
5.722219e-01  1.071859e-01
5.651006e-01  1.085021e-01
5.580063e-01  1.097899e-01
5.509396e-01  1.110479e-01
5.439008e-01  1.122747e-01
5.368905e-01  1.134689e-01
5.299090e-01  1.146290e-01
5.229569e-01  1.157539e-01
5.160344e-01  1.168422e-01
5.091421e-01  1.178926e-01
5.022804e-01  1.189040e-01
4.954497e-01  1.198752e-01
4.886504e-01  1.208052e-01
4.818830e-01  1.216930e-01
4.751478e-01  1.225376e-01
4.684454e-01  1.233381e-01
4.617761e-01  1.240939e-01
4.551403e-01  1.248041e-01
4.485385e-01  1.254681e-01
4.419710e-01  1.260855e-01
4.354383e-01  1.266556e-01
4.289408e-01  1.271783e-01
4.224788e-01  1.276530e-01
4.160529e-01  1.280797e-01
4.096633e-01  1.284582e-01
4.033105e-01  1.287885e-01
3.969949e-01  1.290705e-01
3.907168e-01  1.293044e-01
3.844768e-01  1.294903e-01
3.782750e-01  1.296285e-01
3.721120e-01  1.297192e-01
3.659882e-01  1.297630e-01
3.599038e-01  1.297602e-01
3.538593e-01  1.297113e-01
3.478551e-01  1.296169e-01
3.418915e-01  1.294776e-01
3.359689e-01  1.292941e-01
3.300876e-01  1.290670e-01
3.242482e-01  1.287970e-01
3.184508e-01  1.284851e-01
3.126959e-01  1.281319e-01
3.069838e-01  1.277384e-01
3.013149e-01  1.273053e-01
2.956895e-01  1.268335e-01
2.901080e-01  1.263240e-01
2.845707e-01  1.257776e-01
2.790780e-01  1.251953e-01
2.736302e-01  1.245779e-01
2.682277e-01  1.239264e-01
2.628708e-01  1.232416e-01
2.575598e-01  1.225246e-01
2.522951e-01  1.217761e-01
2.470769e-01  1.209972e-01
2.419057e-01  1.201886e-01
2.367817e-01  1.193512e-01
2.317052e-01  1.184859e-01
2.266767e-01  1.175935e-01
2.216963e-01  1.166748e-01
2.167644e-01  1.157307e-01
2.118813e-01  1.147618e-01
2.070473e-01  1.137690e-01
2.022627e-01  1.127530e-01
1.975278e-01  1.117145e-01
1.928429e-01  1.106541e-01
1.882083e-01  1.095726e-01
1.836243e-01  1.084706e-01
1.790911e-01  1.073487e-01
1.746091e-01  1.062076e-01
1.701785e-01  1.050478e-01
1.657997e-01  1.038699e-01
1.614728e-01  1.026745e-01
1.571981e-01  1.014621e-01
1.529760e-01  1.002333e-01
1.488066e-01  9.898856e-02
1.446903e-01  9.772842e-02
1.406272e-01  9.645338e-02
1.366177e-01  9.516395e-02
1.326620e-01  9.386061e-02
1.287604e-01  9.254384e-02
1.249130e-01  9.121414e-02
1.211201e-01  8.987199e-02
1.173820e-01  8.851787e-02
1.136989e-01  8.715225e-02
1.100710e-01  8.577563e-02
1.064986e-01  8.438849e-02
1.029818e-01  8.299131e-02
9.952097e-02  8.158460e-02
9.611620e-02  8.016883e-02
9.276775e-02  7.874453e-02
8.947582e-02  7.731218e-02
8.624063e-02  7.587230e-02
8.306237e-02  7.442540e-02
7.994124e-02  7.297201e-02
7.687744e-02  7.151264e-02
7.387115e-02  7.004782e-02
7.092257e-02  6.857809e-02
6.803187e-02  6.710396e-02
6.519924e-02  6.562598e-02
6.242486e-02  6.414467e-02
5.970889e-02  6.266056e-02
5.705151e-02  6.117419e-02
5.445287e-02  5.968607e-02
5.191316e-02  5.819673e-02
4.943251e-02  5.670668e-02
4.701109e-02  5.521642e-02
4.464905e-02  5.372644e-02
4.234653e-02  5.223723e-02
4.010368e-02  5.074926e-02
3.792064e-02  4.926297e-02
3.579754e-02  4.777881e-02
3.373451e-02  4.629718e-02
3.173169e-02  4.481850e-02
2.978920e-02  4.334313e-02
2.790716e-02  4.187143e-02
2.608569e-02  4.040373e-02
2.432490e-02  3.894032e-02
2.262490e-02  3.748149e-02
2.098579e-02  3.602748e-02
1.940769e-02  3.457851e-02
1.789068e-02  3.313476e-02
1.643486e-02  3.169640e-02
1.504033e-02  3.026354e-02
1.370716e-02  2.883628e-02
1.243545e-02  2.741468e-02
1.122527e-02  2.599878e-02
1.007669e-02  2.458856e-02
8.989793e-03  2.318399e-02
7.964641e-03  2.178501e-02
7.001300e-03  2.039151e-02
6.099829e-03  1.900338e-02
5.260284e-03  1.762044e-02
4.482717e-03  1.624253e-02
3.767178e-03  1.486942e-02
3.113710e-03  1.350088e-02
2.522354e-03  1.213665e-02
1.993147e-03  1.077644e-02
1.526122e-03  9.419962e-03
1.121308e-03  8.066879e-03
7.787306e-04  6.716860e-03
4.984109e-04  5.369550e-03
2.803663e-04  4.024587e-03
1.246105e-04  2.681595e-03
3.115311e-05  1.340195e-03
0.000000e+00  0.000000e+00
3.115311e-05  -1.334606e-03
1.246105e-04  -2.669622e-03
2.803663e-04  -4.004647e-03
4.984109e-04  -5.339282e-03
7.787306e-04  -6.673136e-03
1.121308e-03  -8.005827e-03
1.526122e-03  -9.336986e-03
1.993147e-03  -1.066626e-02
2.522354e-03  -1.199330e-02
3.113710e-03  -1.331779e-02
3.767178e-03  -1.463942e-02
4.482717e-03  -1.595793e-02
5.260284e-03  -1.727305e-02
6.099829e-03  -1.858456e-02
7.001300e-03  -1.989224e-02
7.964641e-03  -2.119594e-02
8.989793e-03  -2.249551e-02
1.007669e-02  -2.379082e-02
1.122527e-02  -2.508182e-02
1.243545e-02  -2.636845e-02
1.370716e-02  -2.765069e-02
1.504033e-02  -2.892858e-02
1.643486e-02  -3.020217e-02
1.789068e-02  -3.147154e-02
1.940769e-02  -3.273684e-02
2.098579e-02  -3.399821e-02
2.262490e-02  -3.525586e-02
2.432490e-02  -3.651001e-02
2.608569e-02  -3.776091e-02
2.790716e-02  -3.900886e-02
2.978920e-02  -4.025418e-02
3.173169e-02  -4.149720e-02
3.373451e-02  -4.273829e-02
3.579754e-02  -4.397785e-02
3.792064e-02  -4.521627e-02
4.010368e-02  -4.645400e-02
4.234653e-02  -4.769146e-02
4.464905e-02  -4.892909e-02
4.701109e-02  -5.016736e-02
4.943251e-02  -5.140672e-02
5.191316e-02  -5.264761e-02
5.445287e-02  -5.389048e-02
5.705151e-02  -5.513576e-02
5.970889e-02  -5.638388e-02
6.242486e-02  -5.763521e-02
6.519924e-02  -5.889013e-02
6.803187e-02  -6.014897e-02
7.092257e-02  -6.141204e-02
7.387115e-02  -6.267958e-02
7.687744e-02  -6.395179e-02
7.994124e-02  -6.522884e-02
8.306237e-02  -6.651081e-02
8.624063e-02  -6.779773e-02
8.947582e-02  -6.908955e-02
9.276775e-02  -7.038615e-02
9.611620e-02  -7.168734e-02
9.952097e-02  -7.299283e-02
1.029818e-01  -7.430223e-02
1.064986e-01  -7.561507e-02
1.100710e-01  -7.693079e-02
1.136989e-01  -7.824870e-02
1.173820e-01  -7.956803e-02
1.211201e-01  -8.088787e-02
1.249130e-01  -8.220723e-02
1.287604e-01  -8.352499e-02
1.326620e-01  -8.483990e-02
1.366177e-01  -8.615062e-02
1.406272e-01  -8.745568e-02
1.446903e-01  -8.875348e-02
1.488066e-01  -9.004233e-02
1.529760e-01  -9.132040e-02
1.571981e-01  -9.258576e-02
1.614728e-01  -9.383638e-02
1.657997e-01  -9.507010e-02
1.701785e-01  -9.628467e-02
1.746091e-01  -9.747774e-02
1.790911e-01  -9.864689e-02
1.836243e-01  -9.978959e-02
1.882083e-01  -1.009032e-01
1.928429e-01  -1.019852e-01
1.975278e-01  -1.030327e-01
2.022627e-01  -1.040430e-01
2.070473e-01  -1.050133e-01
2.118813e-01  -1.059407e-01
2.167644e-01  -1.068224e-01
2.216963e-01  -1.076555e-01
2.266767e-01  -1.084372e-01
2.317052e-01  -1.091645e-01
2.367817e-01  -1.098349e-01
2.419057e-01  -1.104454e-01
2.470769e-01  -1.109934e-01
2.522951e-01  -1.114762e-01
2.575598e-01  -1.118915e-01
2.628708e-01  -1.122367e-01
2.682277e-01  -1.125095e-01
2.736302e-01  -1.127078e-01
2.790780e-01  -1.128297e-01
2.845707e-01  -1.128732e-01
2.901080e-01  -1.128367e-01
2.956895e-01  -1.127187e-01
3.013149e-01  -1.125180e-01
3.069838e-01  -1.122334e-01
3.126959e-01  -1.118643e-01
3.184508e-01  -1.114099e-01
3.242482e-01  -1.108700e-01
3.300876e-01  -1.102445e-01
3.359689e-01  -1.095335e-01
3.418915e-01  -1.087376e-01
3.478551e-01  -1.078573e-01
3.538593e-01  -1.068938e-01
3.599038e-01  -1.058483e-01
3.659882e-01  -1.047224e-01
3.721120e-01  -1.035180e-01
3.782750e-01  -1.022371e-01
3.844768e-01  -1.008822e-01
3.907168e-01  -9.945591e-02
3.969949e-01  -9.796123e-02
4.033105e-01  -9.640134e-02
4.096633e-01  -9.477966e-02
4.160529e-01  -9.309988e-02
4.224788e-01  -9.136588e-02
4.289408e-01  -8.958175e-02
4.354383e-01  -8.775178e-02
4.419710e-01  -8.588042e-02
4.485385e-01  -8.397226e-02
4.551403e-01  -8.203203e-02
4.617761e-01  -8.006457e-02
4.684454e-01  -7.807480e-02
4.751478e-01  -7.606770e-02
4.818830e-01  -7.404827e-02
4.886504e-01  -7.202155e-02
4.954497e-01  -6.999251e-02
5.022804e-01  -6.796614e-02
5.091421e-01  -6.594731e-02
5.160344e-01  -6.394080e-02
5.229569e-01  -6.195127e-02
5.299090e-01  -5.998323e-02
5.368905e-01  -5.804100e-02
5.439008e-01  -5.612871e-02
5.509396e-01  -5.425023e-02
5.580063e-01  -5.240921e-02
5.651006e-01  -5.060901e-02
5.722219e-01  -4.885269e-02
5.793699e-01  -4.714300e-02
5.865442e-01  -4.548235e-02
5.937441e-01  -4.387281e-02
6.009694e-01  -4.231610e-02
6.082196e-01  -4.081354e-02
6.154942e-01  -3.936612e-02
6.227927e-01  -3.797440e-02
6.301147e-01  -3.663860e-02
6.374598e-01  -3.535854e-02
6.448274e-01  -3.413366e-02
6.522172e-01  -3.296306e-02
6.596287e-01  -3.184548e-02
6.670614e-01  -3.077930e-02
6.745148e-01  -2.976261e-02
6.819885e-01  -2.879321e-02
6.894820e-01  -2.786862e-02
6.969948e-01  -2.698613e-02
7.045266e-01  -2.614284e-02
7.120767e-01  -2.533566e-02
7.196448e-01  -2.456141e-02
7.272303e-01  -2.381680e-02
7.348329e-01  -2.309854e-02
7.424519e-01  -2.240332e-02
7.500870e-01  -2.172793e-02
7.577377e-01  -2.106927e-02
7.654035e-01  -2.042440e-02
7.730839e-01  -1.979063e-02
7.807784e-01  -1.916555e-02
7.884866e-01  -1.854710e-02
7.962080e-01  -1.793361e-02
8.039421e-01  -1.732388e-02
8.116883e-01  -1.671720e-02
8.194463e-01  -1.611344e-02
8.272156e-01  -1.551306e-02
8.349956e-01  -1.491719e-02
8.427860e-01  -1.432765e-02
8.505861e-01  -1.374696e-02
8.583955e-01  -1.317843e-02
8.662137e-01  -1.262614e-02
8.740403e-01  -1.209494e-02
8.818747e-01  -1.159051e-02
8.897165e-01  -1.111927e-02
8.975652e-01  -1.068846e-02
9.054202e-01  -1.030604e-02
9.132811e-01  -9.980671e-03
9.211475e-01  -9.721678e-03
9.290187e-01  -9.538951e-03
9.368944e-01  -9.442879e-03
9.447740e-01  -9.444237e-03
9.526570e-01  -9.554072e-03
9.605430e-01  -9.783559e-03
9.684315e-01  -1.014384e-02
9.763219e-01  -1.064586e-02
9.842138e-01  -1.130014e-02
9.921066e-01  -1.211655e-02
1.000000e+00  -1.310410e-02